1  3  0  -87.1872
307  5  0  -87.1878
613  1  0  -87.1885
919  5  0  -87.1893
2  3  0  -86.2084
308  5  0  -86.2151
614  1  0  -86.2242
920  5  0  -86.2335
3  3  0  -82.6773
309  5  0  -82.6759
615  1  0  -82.674
921  5  0  -82.672
4  3  0  -79.5001
310  5  0  -79.4991
616  1  0  -79.4977
922  5  0  -79.4962
5  3  0  -76.6115
311  5  0  -76.6114
617  1  0  -76.6112
923  5  0  -76.611
6  3  0  -73.765
312  5  0  -73.7657
618  1  0  -73.7667
924  5  0  -73.7678
7  3  0  -70.7043
313  5  0  -70.7031
619  1  0  -70.7016
925  5  0  -70.6999
8  3  0  -67.984
314  5  0  -67.984
620  1  0  -67.984
926  5  0  -67.9841
9  3  0  -65.2585
315  5  0  -65.2584
621  1  0  -65.2582
927  5  0  -65.2579
10  3  0  -62.5818
316  5  0  -62.581
622  1  0  -62.5798
928  5  0  -62.5785
11  3  0  -60.2027
317  5  0  -60.2022
623  1  0  -60.2016
929  5  0  -60.201
12  3  0  -57.9926
318  5  0  -57.9928
624  1  0  -57.993
930  5  0  -57.9933
13  3  0  -55.7117
319  5  0  -55.7114
625  1  0  -55.7111
931  5  0  -55.7108
14  3  0  -53.5234
320  5  0  -53.523
626  1  0  -53.5224
932  5  0  -53.5218
15  3  0  -51.5127
321  5  0  -51.5126
627  1  0  -51.5124
933  5  0  -51.5123
16  3  0  -49.5549
322  5  0  -49.5547
628  1  0  -49.5544
934  5  0  -49.5541
17  3  0  -47.692
323  5  0  -47.6919
629  1  0  -47.6918
935  5  0  -47.6917
18  3  0  -45.8618
324  5  0  -45.8613
630  1  0  -45.8608
936  5  0  -45.8601
19  3  0  -44.2523
325  5  0  -44.2523
631  1  0  -44.2521
937  5  0  -44.252
20  3  0  -42.6937
326  5  0  -42.6938
632  1  0  -42.6939
938  5  0  -42.694
21  3  0  -41.0915
327  5  0  -41.0912
633  1  0  -41.0908
939  5  0  -41.0905
22  3  0  -39.6657
328  5  0  -39.6655
634  1  0  -39.6653
940  5  0  -39.665
23  3  0  -38.3532
329  5  0  -38.3532
635  1  0  -38.3532
941  5  0  -38.3532
24  3  0  -37.0384
330  5  0  -37.0384
636  1  0  -37.0384
942  5  0  -37.0384
25  3  0  -35.7348
331  5  0  -35.7347
637  1  0  -35.7346
943  5  0  -35.7344
26  3  0  -34.5072
332  5  0  -34.5072
638  1  0  -34.5071
944  5  0  -34.5071
27  3  0  -33.3078
333  5  0  -33.3077
639  1  0  -33.3076
945  5  0  -33.3075
28  3  0  -32.1753
334  5  0  -32.1751
640  1  0  -32.1749
946  5  0  -32.1747
29  3  0  -31.1847
335  5  0  -31.1849
641  1  0  -31.1851
947  5  0  -31.1854
30  3  0  -30.0393
336  5  0  -30.0392
642  1  0  -30.039
948  5  0  -30.0389
31  3  0  -28.9877
337  5  0  -28.9878
643  1  0  -28.9878
949  5  0  -28.9879
32  3  0  -27.8917
338  5  0  -27.8918
644  1  0  -27.8918
950  5  0  -27.8918
33  3  0  -26.7755
339  5  0  -26.7754
645  1  0  -26.7752
951  5  0  -26.7751
34  3  0  -25.7552
340  5  0  -25.7554
646  1  0  -25.7557
952  5  0  -25.7559
35  3  0  -24.5827
341  5  0  -24.5827
647  1  0  -24.5827
953  5  0  -24.5826
36  3  0  -23.434
342  5  0  -23.4341
648  1  0  -22.5154
954  5  0  -21.5847
37  3  0  -22.1595
343  5  0  -22.1794
649  6  0  -22.209
955  5  0  -22.265
38  3  0  -20.9943
344  5  0  -21.0142
650  6  0  -21.0393
956  5  0  -21.0761
39  3  0  -19.8992
345  5  0  -19.8993
651  6  0  -19.8994
957  5  0  -19.8996
40  3  0  -18.7287
346  5  0  -18.7287
652  6  0  -18.7287
958  5  0  -18.7288
41  3  0  -17.5515
347  5  0  -17.5518
653  6  0  -17.5522
959  5  0  -17.5526
42  3  0  -16.1894
348  5  0  -16.1893
654  6  0  -16.1892
960  5  0  -16.1892
43  3  0  -14.8633
349  5  0  -14.8633
655  6  0  -14.8632
961  5  0  -14.8631
44  3  0  -13.5868
350  5  0  -13.5871
656  6  0  -13.5876
962  5  0  -13.5881
45  3  0  -12.0857
351  5  0  -12.0859
657  6  0  -12.0861
963  5  0  -12.0863
46  3  0  -10.5058
352  5  0  -10.5056
658  6  0  -10.5052
964  5  0  -10.5049
47  3  0  -9.05868
353  5  0  -9.05895
659  6  0  -9.05932
965  5  0  -9.0597
48  3  0  -7.46034
354  5  0  -7.46041
660  6  0  -7.46052
966  5  0  -7.46063
49  3  0  -5.82048
355  5  0  -5.82026
661  6  0  -5.81994
967  5  0  -5.81961
50  3  0  -4.30733
356  5  0  -4.30779
662  6  0  -4.30845
968  5  0  -4.30913
51  3  0  -2.5444
357  5  0  -2.54407
663  6  0  -2.5436
969  5  0  -2.54312
52  3  0  -0.954593
358  5  0  -0.954774
664  6  0  -0.955033
970  5  0  -0.955297
53  3  0  0.732812
359  5  0  0.732776
665  6  0  0.732723
971  5  0  0.73267
54  3  0  2.43926
360  5  0  2.43905
666  6  0  2.43875
972  5  0  2.43845
55  3  0  4.24984
361  5  0  4.24995
667  6  0  4.25009
973  5  0  4.25024
56  3  0  6.01053
362  5  0  6.01072
668  6  0  6.01098
974  5  0  6.01125
57  3  0  7.67611
363  5  0  7.67595
669  6  0  7.67572
975  5  0  7.67548
58  3  0  9.42451
364  5  0  9.42466
670  6  0  9.42486
976  5  0  9.42507
59  3  0  11.1152
365  5  0  11.2008
671  6  0  11.2967
977  5  0  11.3608
60  3  0  12.7755
366  5  0  12.8932
672  6  0  13.1358
978  5  0  13.4683
61  3  0  14.6005
367  5  0  14.6007
673  1  0  13.705
979  5  0  12.792
62  3  0  16.3597
368  5  0  16.36
674  1  0  16.3604
980  5  0  16.3608
63  3  0  17.9576
369  5  0  17.9573
675  1  0  17.9568
981  5  0  17.9564
64  3  0  19.7187
370  5  0  19.7187
676  1  0  19.7187
982  5  0  19.7187
65  3  0  21.4729
371  5  0  21.4731
677  1  0  21.4735
983  5  0  21.4738
66  3  0  23.0888
372  5  0  23.0887
678  1  0  23.0885
984  5  0  23.0884
67  3  0  24.7637
373  5  0  24.7635
679  1  0  24.7633
985  5  0  24.7631
68  3  0  26.5087
374  5  0  26.5088
680  1  0  26.509
986  5  0  26.5092
69  3  0  28.1893
375  5  0  28.1893
681  1  0  28.1894
987  5  0  28.1895
70  3  0  29.84
376  5  0  29.8399
682  1  0  29.8397
988  5  0  29.8395
71  3  0  31.5563
377  5  0  31.5562
683  1  0  31.556
989  5  0  31.5558
72  3  0  33.3443
378  5  0  33.3441
684  1  0  33.3438
990  5  0  33.3435
73  3  0  35.2299
379  5  0  35.2299
685  1  0  35.2299
991  5  0  35.23
74  3  0  37.1012
380  5  0  37.1013
686  1  0  37.1015
992  5  0  37.1017
75  3  0  38.9019
381  5  0  38.902
687  1  0  38.902
993  5  0  38.902
76  3  0  40.6988
382  5  0  40.6983
688  1  0  40.6977
994  5  0  40.697
77  3  0  42.7131
383  5  0  42.713
689  1  0  42.7129
995  5  0  42.7128
78  3  0  44.7744
384  5  0  44.7748
690  1  0  44.7755
996  5  0  44.7761
79  3  0  46.6261
385  5  0  46.6258
691  1  0  46.6253
997  5  0  46.6249
80  3  0  48.6329
386  5  0  48.6329
692  1  0  48.6329
998  5  0  48.6328
81  3  0  50.6511
387  5  0  50.6512
693  1  0  50.6513
999  5  0  50.6514
82  3  0  52.6416
388  5  0  52.6413
694  1  0  52.6408
1000  5  0  52.6404
83  3  0  54.7722
389  5  0  54.7726
695  1  0  54.773
1001  5  0  54.7735
84  3  0  56.7465
390  5  0  56.7465
696  1  0  56.7466
1002  5  0  56.7467
85  3  0  58.6935
391  5  0  58.6931
697  1  0  58.6927
1003  5  0  58.6922
86  3  0  60.7987
392  5  0  60.7989
698  1  0  60.7992
1004  5  0  60.7995
87  3  0  62.8092
393  5  0  62.8088
699  1  0  62.8082
1005  5  0  62.8076
88  3  0  65.0068
394  5  0  65.007
700  1  0  65.0074
1006  5  0  65.0077
89  3  0  67.0999
395  5  0  67.0999
701  1  0  67.0998
1007  5  0  67.0997
90  3  0  69.2138
396  5  0  69.2135
702  1  0  69.2132
1008  5  0  69.2129
91  3  0  71.4288
397  5  0  71.4288
703  1  0  71.4289
1009  5  0  71.429
92  3  0  73.6241
398  5  0  73.6241
704  1  0  73.624
1010  5  0  73.624
93  3  0  75.8367
399  5  0  75.837
705  1  0  75.8373
1011  5  0  75.8377
94  3  0  77.9368
400  5  0  77.9361
706  1  0  77.935
1012  5  0  77.9339
95  3  0  80.3404
401  5  0  80.3409
707  1  0  80.3417
1013  5  0  80.3424
96  3  0  82.5384
402  5  0  82.5391
708  1  0  82.5399
1014  5  0  82.5408
97  3  0  84.466
403  5  0  84.463
709  1  0  84.4588
1015  5  0  84.4546
98  3  0  87.4759
404  5  0  87.481
710  1  0  87.4879
1016  5  0  87.4949
99  3  0  87.5872
405  5  0  87.5872
711  1  0  87.5872
1017  5  0  87.5872
100  3  0  92.4121
406  5  0  92.4121
712  1  0  92.4121
1018  5  0  92.4121
101  3  0  92.554
407  5  0  92.5496
713  1  0  92.5436
1019  5  0  92.5375
102  3  0  95.3727
408  5  0  95.3753
714  1  0  95.3789
1020  5  0  95.3827
103  3  0  97.1681
409  5  0  97.167
715  1  0  97.1654
1021  5  0  97.1638
104  3  0  99.4662
410  5  0  99.4662
716  1  0  99.4662
1022  5  0  99.4662
105  3  0  101.765
411  5  0  101.765
717  1  0  101.766
1023  5  0  101.767
106  3  0  103.847
412  5  0  103.846
718  1  0  103.846
1024  5  0  103.845
107  3  0  106.12
413  5  0  106.12
719  1  0  106.121
1025  5  0  106.121
108  3  0  108.27
414  5  0  108.27
720  1  0  108.27
1026  5  0  108.269
109  3  0  110.479
415  5  0  110.48
721  1  0  110.48
1027  5  0  110.481
110  3  0  112.543
416  5  0  112.543
722  1  0  112.543
1028  5  0  112.543
111  3  0  114.644
417  5  0  114.644
723  1  0  114.644
1029  5  0  114.643
112  3  0  116.774
418  5  0  116.774
724  1  0  116.774
1030  5  0  116.774
113  3  0  118.957
419  5  0  118.957
725  1  0  118.958
1031  5  0  118.958
114  3  0  121.035
420  5  0  121.035
726  1  0  121.035
1032  5  0  121.035
115  3  0  123.102
421  5  0  123.102
727  1  0  123.102
1033  5  0  123.103
116  3  0  125.148
422  5  0  125.148
728  1  0  125.148
1034  5  0  125.148
117  3  0  127.272
423  5  0  127.272
729  1  0  127.273
1035  5  0  127.273
118  3  0  129.328
424  5  0  129.327
730  1  0  129.327
1036  5  0  129.327
119  3  0  131.437
425  5  0  131.437
731  1  0  131.437
1037  5  0  131.437
120  3  0  133.551
426  5  0  133.552
732  1  0  133.552
1038  5  0  133.553
121  3  0  135.502
427  5  0  135.501
733  1  0  135.501
1039  5  0  135.5
122  3  0  137.613
428  5  0  137.613
734  1  0  137.613
1040  5  0  137.613
123  3  0  139.679
429  5  0  139.679
735  1  0  139.68
1041  5  0  139.681
124  3  0  141.533
430  5  0  141.533
736  1  0  141.533
1042  5  0  141.533
125  3  0  143.437
431  5  0  143.436
737  1  0  143.436
1043  5  0  143.436
126  3  0  145.458
432  5  0  145.459
738  1  0  145.459
1044  5  0  145.459
127  3  0  147.394
433  5  0  147.394
739  1  0  147.395
1045  5  0  147.395
128  3  0  149.173
434  5  0  149.173
740  1  0  149.173
1046  5  0  149.172
129  3  0  151.013
435  5  0  151.013
741  1  0  151.013
1047  5  0  151.013
130  3  0  152.808
436  5  0  152.808
742  1  0  152.808
1048  5  0  152.808
131  3  0  154.55
437  5  0  154.55
743  1  0  154.55
1049  5  0  154.55
132  3  0  156.224
438  5  0  156.224
744  1  0  156.224
1050  5  0  156.223
133  3  0  157.916
439  5  0  157.916
745  1  0  157.916
1051  5  0  157.916
134  3  0  159.601
440  5  0  159.601
746  1  0  159.601
1052  5  0  159.601
135  3  0  161.339
441  5  0  161.339
747  1  0  161.339
1053  5  0  161.339
136  3  0  163.067
442  5  0  163.067
748  1  0  163.068
1054  5  0  163.068
137  3  0  164.665
443  5  0  164.665
749  1  0  164.665
1055  5  0  164.665
138  3  0  166.34
444  5  0  166.34
750  1  0  166.34
1056  5  0  166.339
139  3  0  168.083
445  5  0  167.976
751  6  0  169.247
1057  5  0  171.255
140  3  0  169.655
446  5  0  169.576
752  6  0  169.487
1058  5  0  169.428
141  3  0  171.186
447  5  0  171.186
753  6  0  171.186
1059  5  0  171.186
142  3  0  172.678
448  5  0  172.678
754  6  0  172.678
1060  5  0  172.678
143  3  0  174.173
449  5  0  174.173
755  6  0  174.172
1061  5  0  174.172
144  3  0  175.723
450  5  0  175.723
756  6  0  175.723
1062  5  0  175.723
145  3  0  177.268
451  5  0  177.268
757  6  0  177.269
1063  5  0  177.269
146  3  0  178.65
452  5  0  178.65
758  6  0  178.649
1064  5  0  178.649
147  3  0  -179.74
453  5  0  -179.739
759  6  0  -179.739
1065  5  0  -179.738
148  3  0  -178.399
454  5  0  -178.399
760  6  0  -178.399
1066  5  0  -178.399
149  3  0  -176.958
455  5  0  -176.957
761  6  0  -176.957
1067  5  0  -176.957
150  3  0  -175.615
456  5  0  -175.615
762  6  0  -175.615
1068  5  0  -175.615
151  3  0  -174.282
457  5  0  -174.282
763  6  0  -174.282
1069  5  0  -174.282
152  3  0  -172.867
458  5  0  -172.867
764  6  0  -172.867
1070  5  0  -172.866
153  3  0  -171.628
459  5  0  -171.628
765  6  0  -171.628
1071  5  0  -171.629
154  3  0  -170.251
460  5  0  -170.251
766  6  0  -170.252
1072  5  0  -170.252
155  3  0  -168.788
461  5  0  -168.788
767  6  0  -168.787
1073  5  0  -168.787
156  3  0  -167.537
462  5  0  -167.537
768  6  0  -167.537
1074  5  0  -167.537
157  3  0  -166.302
463  5  0  -166.302
769  6  0  -166.303
1075  5  0  -166.303
158  3  0  -165.001
464  5  0  -165.001
770  6  0  -165.001
1076  5  0  -165.001
159  3  0  -163.802
465  5  0  -163.802
771  6  0  -163.802
1077  5  0  -163.802
160  3  0  -162.612
466  5  0  -162.613
772  6  0  -162.613
1078  5  0  -162.613
161  3  0  -161.313
467  5  0  -161.298
773  6  0  -161.279
1079  5  0  -161.246
162  3  0  -160.078
468  5  0  -160.064
774  6  0  -161.119
1080  5  0  -162.317
163  3  0  -158.677
469  5  0  -158.677
775  1  0  -158.677
1081  5  0  -158.677
164  3  0  -157.421
470  5  0  -157.421
776  1  0  -157.422
1082  5  0  -157.422
165  3  0  -156.04
471  5  0  -156.039
777  1  0  -156.039
1083  5  0  -156.039
166  3  0  -154.815
472  5  0  -154.815
778  1  0  -154.815
1084  5  0  -154.815
167  3  0  -153.531
473  5  0  -153.53
779  1  0  -153.53
1085  5  0  -153.53
168  3  0  -152.272
474  5  0  -152.272
780  1  0  -152.272
1086  5  0  -152.272
169  3  0  -151.04
475  5  0  -151.04
781  1  0  -151.041
1087  5  0  -151.041
170  3  0  -149.73
476  5  0  -149.73
782  1  0  -149.73
1088  5  0  -149.73
171  3  0  -148.387
477  5  0  -148.387
783  1  0  -148.387
1089  5  0  -148.387
172  3  0  -147.027
478  5  0  -147.027
784  1  0  -147.027
1090  5  0  -147.027
173  3  0  -145.67
479  5  0  -145.67
785  1  0  -145.67
1091  5  0  -145.67
174  3  0  -144.259
480  5  0  -144.259
786  1  0  -144.259
1092  5  0  -144.259
175  3  0  -142.707
481  5  0  -142.707
787  1  0  -142.707
1093  5  0  -142.706
176  3  0  -141.265
482  5  0  -141.265
788  1  0  -141.265
1094  5  0  -141.266
177  3  0  -139.775
483  5  0  -139.776
789  1  0  -139.776
1095  5  0  -139.776
178  3  0  -138.157
484  5  0  -138.158
790  1  0  -138.158
1096  5  0  -138.158
179  3  0  -136.43
485  5  0  -136.43
791  1  0  -136.43
1097  5  0  -136.43
180  3  0  -134.715
486  5  0  -134.715
792  1  0  -134.716
1098  5  0  -134.716
181  3  0  -132.856
487  5  0  -132.856
793  1  0  -132.856
1099  5  0  -132.856
182  3  0  -131.031
488  5  0  -131.031
794  1  0  -131.032
1100  5  0  -131.032
183  3  0  -129.149
489  5  0  -129.149
795  1  0  -129.149
1101  5  0  -129.15
184  3  0  -127.137
490  5  0  -127.137
796  1  0  -127.137
1102  5  0  -127.137
185  3  0  -125.159
491  5  0  -125.16
797  1  0  -125.161
1103  5  0  -125.161
186  3  0  -122.919
492  5  0  -122.918
798  1  0  -122.918
1104  5  0  -122.918
187  3  0  -120.725
493  5  0  -120.724
799  1  0  -120.724
1105  5  0  -120.724
188  3  0  -118.57
494  5  0  -118.57
800  1  0  -118.57
1106  5  0  -118.571
189  3  0  -116.32
495  5  0  -116.321
801  1  0  -116.322
1107  5  0  -116.323
190  3  0  -113.793
496  5  0  -113.793
802  1  0  -113.793
1108  5  0  -113.793
191  3  0  -111.214
497  5  0  -111.214
803  1  0  -111.214
1109  5  0  -111.213
192  3  0  -108.659
498  5  0  -108.659
804  1  0  -108.66
1110  5  0  -108.661
193  3  0  -105.91
499  5  0  -105.91
805  1  0  -105.91
1111  5  0  -105.91
194  3  0  -103.112
500  5  0  -103.112
806  1  0  -103.111
1112  5  0  -103.111
195  3  0  -100.447
501  5  0  -100.449
807  1  0  -100.451
1113  5  0  -100.453
196  3  0  -97.2831
502  5  0  -97.284
808  1  0  -97.2853
1114  5  0  -97.2865
197  3  0  -93.8757
503  5  0  -93.8705
809  1  0  -93.8633
1115  5  0  -93.8559
198  3  0  -92.3716
504  5  0  -92.3705
810  1  0  -92.369
1116  5  0  -92.3675
199  2  0  -90.0096
505  1  0  -90.0096
811  1  0  -90.0096
1117  2  0  -90.0096
200  2  0  -90.0096
506  1  0  -90.0096
812  1  0  -90.0096
1118  2  0  -90.0096
201  2  0  -90.0096
507  1  0  -90.0096
813  1  0  -90.0096
1119  2  0  -90.0096
202  2  0  -90.0096
508  1  0  -90.0096
814  1  0  -90.0096
1120  2  0  -90.0096
203  2  0  -90.0096
509  1  0  -90.0096
815  1  0  -90.0096
1121  2  0  -90.0096
204  2  0  -90.0096
510  1  0  -90.0096
816  1  0  -90.0096
1122  2  0  -90.0096
205  2  0  -90.0096
511  1  0  -90.0096
817  1  0  -90.0096
1123  2  0  -90.0096
206  2  0  -90.0096
512  1  0  -90.0096
818  1  0  -90.0096
1124  2  0  -90.0096
207  2  0  -90.0096
513  1  0  -90.0096
819  1  0  -90.0096
1125  2  0  -90.0096
208  2  0  -90.0096
514  1  0  -90.0096
820  1  0  -90.0096
1126  2  0  -90.0096
209  2  0  -90.0096
515  1  0  -90.0096
821  1  0  -90.0096
1127  2  0  -90.0096
210  2  0  -90.0096
516  1  0  -90.0096
822  1  0  -90.0096
1128  2  0  -90.0096
211  2  0  -90.0096
517  1  0  -90.0096
823  1  0  -90.0096
1129  2  0  -90.0096
212  2  0  -90.0096
518  1  0  -90.0096
824  1  0  -90.0096
1130  2  0  -90.0096
213  2  0  -90.0096
519  1  0  -90.0096
825  1  0  -90.0096
1131  2  0  -90.0096
214  2  0  -90.0096
520  1  0  -90.0096
826  1  0  -90.0096
1132  2  0  -90.0096
215  2  0  -90.0096
521  1  0  -90.0096
827  1  0  -90.0096
1133  2  0  -90.0096
216  2  0  -90.0096
522  1  0  -90.0096
828  1  0  -90.0096
1134  2  0  -90.0096
217  2  0  -90.0096
523  1  0  -90.0096
829  1  0  -90.0096
1135  2  0  -90.0096
218  2  0  -90.0096
524  1  0  -90.0096
830  1  0  -90.0096
1136  2  0  -90.0096
219  2  0  -90.0096
525  1  0  -90.0096
831  1  0  -90.0096
1137  2  0  -90.0096
220  2  0  -90.0096
526  1  0  -90.0096
832  1  0  -90.0096
1138  2  0  -90.0096
221  2  0  -90.0096
527  1  0  -90.0096
833  1  0  -90.0096
1139  2  0  -90.0096
222  2  0  -90.0096
528  1  0  -90.0096
834  1  0  -90.0096
1140  2  0  -90.0096
223  2  0  -90.0096
529  1  0  -90.0096
835  1  0  -90.0096
1141  2  0  -90.0096
224  2  0  -90.0096
530  1  0  -90.0096
836  1  0  -90.0096
1142  2  0  -90.0096
225  2  0  -90.0096
531  1  0  -90.0096
837  1  0  -90.0096
1143  2  0  -90.0096
226  2  0  -90.0096
532  1  0  -90.0096
838  1  0  -90.0096
1144  2  0  -90.0096
227  2  0  -90.0096
533  1  0  -90.0096
839  1  0  -90.0096
1145  2  0  -90.0096
228  2  0  -90.0096
534  1  0  -90.0096
840  1  0  -90.0096
1146  2  0  -90.0096
229  2  0  -90.0096
535  1  0  -90.0096
841  1  0  -90.0096
1147  2  0  -90.0096
230  2  0  -90.0096
536  1  0  -90.0096
842  1  0  -90.0096
1148  2  0  -90.0096
231  2  0  -90.0096
537  1  0  -90.0096
843  1  0  -90.0096
1149  2  0  -90.0096
232  2  0  -90.0096
538  1  0  -90.0096
844  1  0  -90.0096
1150  2  0  -90.0096
233  2  0  -90.0096
539  1  0  -90.0096
845  1  0  -90.0096
1151  2  0  -90.0096
234  2  0  -90.0096
540  1  0  -90.0096
846  1  0  -90.0096
1152  2  0  -90.0096
235  2  0  -90.0096
541  1  0  -90.0096
847  1  0  -90.0096
1153  2  0  -90.0096
236  2  0  -90.0096
542  1  0  -90.0096
848  1  0  -90.0096
1154  2  0  -90.0096
237  2  0  -90.0096
543  1  0  -90.0096
849  1  0  -90.0096
1155  2  0  -90.0096
238  2  0  -90.0096
544  1  0  -90.0096
850  1  0  -90.0096
1156  2  0  -90.0096
239  2  0  -90.0096
545  1  0  -90.0096
851  1  0  -90.0096
1157  2  0  -90.0096
240  2  0  -90.0096
546  1  0  -90.0096
852  1  0  -90.0096
1158  2  0  -90.0096
241  2  0  -90.0096
547  1  0  -90.0096
853  1  0  -90.0096
1159  2  0  -90.0096
242  2  0  -90.0096
548  1  0  -90.0096
854  1  0  -90.0096
1160  2  0  -90.0096
243  2  0  -90.0096
549  1  0  -90.0096
855  1  0  -90.0096
1161  2  0  -90.0096
244  2  0  -90.0096
550  1  0  -90.0096
856  1  0  -90.0096
1162  2  0  -90.0096
245  2  0  -90.0096
551  1  0  -90.0096
857  1  0  -90.0096
1163  2  0  -90.0096
246  2  0  -90.0096
552  1  0  -90.0096
858  1  0  -90.0096
1164  2  0  -90.0096
247  2  0  -90.0096
553  1  0  -90.0096
859  1  0  -90.0096
1165  2  0  -90.0096
248  2  0  -90.0096
554  1  0  -90.0096
860  1  0  -90.0096
1166  2  0  -90.0096
249  2  0  -90.0096
555  1  0  -90.0096
861  1  0  -90.0096
1167  2  0  -90.0096
250  2  0  -90.0096
556  1  0  -90.0096
862  1  0  -90.0096
1168  2  0  -90.0096
251  2  0  -90.0023
557  1  0  -90.0023
863  1  0  -90.0023
1169  2  0  89.9977
252  2  0  -90.0023
558  1  0  -90.0023
864  1  0  -90.0023
1170  2  0  -90.0023
253  2  0  -90.0023
559  1  0  -90.0023
865  1  0  -90.0023
1171  2  0  -90.0023
254  2  0  -90.0023
560  1  0  -90.0023
866  1  0  -90.0023
1172  2  0  -90.0023
255  2  0  -90.0023
561  1  0  -90.0023
867  1  0  -90.0023
1173  2  0  -90.0023
256  2  0  -90.0023
562  1  0  -90.0023
868  1  0  -90.0023
1174  2  0  -90.0023
257  2  0  -90.0023
563  1  0  -90.0023
869  1  0  -90.0023
1175  2  0  -90.0023
258  2  0  -90.0023
564  1  0  -90.0023
870  1  0  -90.0023
1176  2  0  -90.0023
259  2  0  -90.0023
565  1  0  -90.0023
871  1  0  -90.0023
1177  2  0  -90.0023
260  2  0  -90.0023
566  1  0  -90.0023
872  1  0  -90.0023
1178  2  0  -90.0023
261  2  0  -90.0023
567  1  0  -90.0023
873  1  0  -90.0023
1179  2  0  -90.0023
262  2  0  -90.0023
568  1  0  -90.0023
874  1  0  -90.0023
1180  2  0  -90.0023
263  2  0  -90.0023
569  1  0  -90.0023
875  1  0  -90.0023
1181  2  0  -90.0023
264  2  0  -90.0023
570  1  0  -90.0023
876  1  0  -90.0023
1182  2  0  -90.0023
265  2  0  -90.0023
571  1  0  -90.0023
877  1  0  -90.0023
1183  2  0  -90.0023
266  2  0  -90.0023
572  1  0  -90.0023
878  1  0  -90.0023
1184  2  0  -90.0023
267  2  0  -90.0023
573  1  0  -90.0023
879  1  0  -90.0023
1185  2  0  -90.0023
268  2  0  -90.0023
574  1  0  -90.0023
880  1  0  -90.0023
1186  2  0  -90.0023
269  2  0  -90.0023
575  1  0  -90.0023
881  1  0  -90.0023
1187  2  0  -90.0023
270  2  0  -90.0023
576  1  0  -90.0023
882  1  0  -90.0023
1188  2  0  -90.0023
271  2  0  -90.0023
577  1  0  -90.0023
883  1  0  -90.0023
1189  2  0  -90.0023
272  2  0  -90.0023
578  1  0  -90.0023
884  1  0  -90.0023
1190  2  0  -90.0023
273  2  0  -90.0023
579  1  0  -90.0023
885  1  0  -90.0023
1191  2  0  -90.0023
274  2  0  -90.0023
580  1  0  -90.0023
886  1  0  -90.0023
1192  2  0  -90.0023
275  2  0  -90.0023
581  1  0  -90.0023
887  1  0  -90.0023
1193  2  0  -90.0023
276  2  0  -90.0023
582  1  0  -90.0023
888  1  0  -90.0023
1194  2  0  -90.0023
277  2  0  -90.0023
583  1  0  -90.0023
889  1  0  -90.0023
1195  2  0  -90.0023
278  2  0  -90.0023
584  1  0  -90.0023
890  1  0  -90.0023
1196  2  0  -90.0023
279  2  0  -90.0023
585  1  0  -90.0023
891  1  0  -90.0023
1197  2  0  -90.0023
280  2  0  -90.0023
586  1  0  -90.0023
892  1  0  -90.0023
1198  2  0  -90.0023
281  2  0  -90.0023
587  1  0  -90.0023
893  1  0  -90.0023
1199  2  0  -90.0023
282  2  0  -90.0023
588  1  0  -90.0023
894  1  0  -90.0023
1200  2  0  -90.0023
283  2  0  -90.0023
589  1  0  -90.0023
895  1  0  -90.0023
1201  2  0  -90.0023
284  2  0  -90.0023
590  1  0  -90.0023
896  1  0  -90.0023
1202  2  0  -90.0023
285  2  0  -90.0023
591  1  0  -90.0023
897  1  0  -90.0023
1203  2  0  -90.0023
286  2  0  -90.0023
592  1  0  -90.0023
898  1  0  -90.0023
1204  2  0  -90.0023
287  2  0  -90.0023
593  1  0  -90.0023
899  1  0  -90.0023
1205  2  0  -90.0023
288  2  0  -90.0023
594  1  0  -90.0023
900  1  0  -90.0023
1206  2  0  -90.0023
289  2  0  -90.0023
595  1  0  -90.0023
901  1  0  -90.0023
1207  2  0  -90.0023
290  2  0  -90.0023
596  1  0  -90.0023
902  1  0  -90.0023
1208  2  0  -90.0023
291  2  0  -90.0023
597  1  0  -90.0023
903  1  0  -90.0023
1209  2  0  -90.0023
292  2  0  -90.0023
598  1  0  -90.0023
904  1  0  -90.0023
1210  2  0  -90.0023
293  2  0  -90.0023
599  1  0  -90.0023
905  1  0  -90.0023
1211  2  0  -90.0023
294  2  0  -90.0023
600  1  0  -90.0023
906  1  0  -90.0023
1212  2  0  -90.0023
295  2  0  -90.0023
601  1  0  -90.0023
907  1  0  -90.0023
1213  2  0  -90.0023
296  2  0  -90.0023
602  1  0  -90.0023
908  1  0  -90.0023
1214  2  0  -90.0023
297  2  0  -90.0023
603  1  0  -90.0023
909  1  0  -90.0023
1215  2  0  -90.0023
298  2  0  -90.0023
604  1  0  -90.0023
910  1  0  -90.0023
1216  2  0  -90.0023
299  2  0  -90.0023
605  1  0  -90.0023
911  1  0  -90.0023
1217  2  0  -90.0023
300  2  0  -90.0023
606  1  0  -90.0023
912  1  0  -90.0023
1218  2  0  -90.0023
301  2  0  -90.0023
607  1  0  -90.0023
913  1  0  -90.0023
1219  2  0  -90.0023
302  2  0  -90.0023
608  1  0  -90.0023
914  1  0  -90.0023
1220  2  0  -90.0023
303  2  0  -90.0023
609  1  0  -90.0023
915  1  0  -90.0023
1221  2  0  -90.0023
304  2  0  -90.0023
610  1  0  -90.0023
916  1  0  -90.0023
1222  2  0  -90.0023
305  2  0  -90.0023
611  1  0  -90.0023
917  1  0  -90.0023
1223  2  0  -90.0023
306  2  0  -90.0023
612  1  0  -90.0023
918  1  0  -90.0023
1224  2  0  89.9977
