1  -9.75800000e-01  -2.50892650e-03
2  -9.74457232e-01  -2.98385647e-02
3  -9.72648409e-01  -5.71308387e-02
4  -9.69161319e-01  -8.42665875e-02
5  -9.64175720e-01  -1.11166766e-01
6  -9.57840819e-01  -1.37781599e-01
7  -9.50191503e-01  -1.64050733e-01
8  -9.41150679e-01  -1.89873505e-01
9  -9.30895227e-01  -2.15236252e-01
10  -9.19444508e-01  -2.40084505e-01
11  -9.06845725e-01  -2.64371211e-01
12  -8.93250020e-01  -2.88113223e-01
13  -8.78748273e-01  -3.11314201e-01
14  -8.63334450e-01  -3.33919919e-01
15  -8.47068760e-01  -3.55920521e-01
16  -8.30041537e-01  -3.77336436e-01
17  -8.12292668e-01  -3.98158051e-01
18  -7.93875557e-01  -4.18392482e-01
19  -7.74821042e-01  -4.38029002e-01
20  -7.55222723e-01  -4.57122407e-01
21  -7.35112500e-01  -4.75675521e-01
22  -7.11100619e-01  -4.96616215e-01
23  -6.90273222e-01  -5.13886612e-01
24  -6.69055772e-01  -5.30675473e-01
25  -6.47458587e-01  -5.46973286e-01
26  -6.25496049e-01  -5.62775788e-01
27  -6.03199831e-01  -5.78104319e-01
28  -5.80587596e-01  -5.92962971e-01
29  -5.57686174e-01  -6.07372112e-01
30  -5.34538761e-01  -6.21382666e-01
31  -5.11116295e-01  -6.34928527e-01
32  -4.87448888e-01  -6.48041584e-01
33  -4.63535081e-01  -6.60700013e-01
34  -4.39379662e-01  -6.72890687e-01
35  -4.15010749e-01  -6.84648684e-01
36  -3.90406556e-01  -6.95905771e-01
37  -3.62000000e-01  -7.08221562e-01
38  -3.36256776e-01  -7.18710855e-01
39  -3.10306218e-01  -7.28675980e-01
40  -2.84168425e-01  -7.38138926e-01
41  -2.57842767e-01  -7.47065902e-01
42  -2.31339227e-01  -7.55450109e-01
43  -2.04643658e-01  -7.63200843e-01
44  -1.77775991e-01  -7.70332584e-01
45  -1.50756150e-01  -7.76863856e-01
46  -1.23574515e-01  -7.82684321e-01
47  -9.62426050e-02  -7.87753658e-01
48  -6.87914624e-02  -7.92130863e-01
49  -4.12291236e-02  -7.95740244e-01
50  -1.35744678e-02  -7.98559444e-01
51  1.41449133e-02  -8.00647243e-01
52  4.19154565e-02  -8.01881011e-01
53  6.97095481e-02  -8.02343519e-01
54  9.75048327e-02  -8.01987734e-01
55  1.25277332e-01  -8.00803511e-01
56  1.52998446e-01  -7.98742302e-01
57  1.80642950e-01  -7.95830949e-01
58  2.08191196e-01  -7.92116138e-01
59  2.35613173e-01  -7.87562841e-01
60  2.62889878e-01  -7.82210331e-01
61  2.90000000e-01  -7.76069995e-01
62  3.20894089e-01  -7.68020496e-01
63  3.47542970e-01  -7.60196095e-01
64  3.73962840e-01  -7.51631769e-01
65  4.00106207e-01  -7.42259790e-01
66  4.25951401e-01  -7.32091831e-01
67  4.51499956e-01  -7.21199092e-01
68  4.76719025e-01  -7.09564371e-01
69  5.01572207e-01  -6.97167129e-01
70  5.26051480e-01  -6.84046320e-01
71  5.50143300e-01  -6.70225522e-01
72  5.73810442e-01  -6.55689022e-01
73  5.97012774e-01  -6.40421677e-01
74  6.19699947e-01  -6.24398838e-01
75  6.41851795e-01  -6.07644246e-01
76  6.63465927e-01  -5.90202281e-01
77  6.84522185e-01  -5.72091586e-01
78  7.09012500e-01  -5.49482102e-01
79  7.28905907e-01  -5.29744778e-01
80  7.48151420e-01  -5.09374609e-01
81  7.66672405e-01  -4.88342320e-01
82  7.84440814e-01  -4.66671311e-01
83  8.01444692e-01  -4.44397667e-01
84  8.17608825e-01  -4.21507154e-01
85  8.32974939e-01  -3.98073096e-01
86  8.47535876e-01  -3.74130662e-01
87  8.61207802e-01  -3.49668933e-01
88  8.74013541e-01  -3.24741761e-01
89  8.85854041e-01  -2.99341885e-01
90  8.96758433e-01  -2.73527682e-01
91  9.06703195e-01  -2.47328918e-01
92  9.15627605e-01  -2.20766429e-01
93  9.23528430e-01  -1.93879921e-01
94  9.30385467e-01  -1.66708055e-01
95  9.36241997e-01  -1.39303793e-01
96  9.40944266e-01  -1.11677189e-01
97  9.44583418e-01  -8.38911101e-02
98  9.47285930e-01  -5.59975138e-02
99  9.48520163e-01  -2.80005931e-02
100  9.49700000e-01  0.00000000e+00
101  9.48512286e-01  2.81952694e-02
102  9.47254738e-01  5.63859093e-02
103  9.44612511e-01  8.44811819e-02
104  9.41091381e-01  1.12478879e-01
105  9.36450469e-01  1.40312663e-01
106  9.30696926e-01  1.67937857e-01
107  9.23943335e-01  1.95336917e-01
108  9.16108472e-01  2.22446058e-01
109  9.07262692e-01  2.49240339e-01
110  8.97390215e-01  2.75674489e-01
111  8.86572221e-01  3.01735904e-01
112  8.74805900e-01  3.27384062e-01
113  8.62094001e-01  3.52577466e-01
114  8.48431922e-01  3.77268240e-01
115  8.33884278e-01  4.01446428e-01
116  8.18473864e-01  4.25083868e-01
117  8.02229424e-01  4.48156002e-01
118  7.85141200e-01  4.70610006e-01
119  7.67257655e-01  4.92438037e-01
120  7.48582271e-01  5.13593680e-01
121  7.29139659e-01  5.34045343e-01
122  7.09012500e-01  5.53823040e-01
123  6.84558061e-01  5.76143217e-01
124  6.63529947e-01  5.93989989e-01
125  6.41934850e-01  6.11147364e-01
126  6.19781621e-01  6.27578453e-01
127  5.97062435e-01  6.43218294e-01
128  5.73827664e-01  6.58081707e-01
129  5.50142974e-01  6.72217115e-01
130  5.26016840e-01  6.85584415e-01
131  5.01484597e-01  6.98189252e-01
132  4.76580393e-01  7.10042498e-01
133  4.51340721e-01  7.21163311e-01
134  4.25784016e-01  7.31533980e-01
135  3.99933240e-01  7.41148620e-01
136  3.73803762e-01  7.49974613e-01
137  3.47419061e-01  7.58009054e-01
138  3.20820393e-01  7.65304619e-01
139  2.90000000e-01  7.72796804e-01
140  2.62953125e-01  7.78498390e-01
141  2.35759905e-01  7.83456245e-01
142  2.08444497e-01  7.87692928e-01
143  1.81027916e-01  7.91217538e-01
144  1.53528929e-01  7.94024729e-01
145  1.25963842e-01  7.96087284e-01
146  9.83530001e-02  7.97405725e-01
147  7.07184379e-02  7.98057195e-01
148  4.30762570e-02  7.97932246e-01
149  1.54446550e-02  7.97160162e-01
150  -1.21586366e-02  7.95693050e-01
151  -3.97201918e-02  7.93579283e-01
152  -6.72250174e-02  7.90825131e-01
153  -9.46535711e-02  7.87392406e-01
154  -1.22001367e-01  7.83366975e-01
155  -1.49244463e-01  7.78686117e-01
156  -1.76359203e-01  7.73310271e-01
157  -2.03350010e-01  7.67343631e-01
158  -2.30206186e-01  7.60797644e-01
159  -2.56906665e-01  7.53642617e-01
160  -2.83451367e-01  7.45929983e-01
161  -3.09830156e-01  7.37667872e-01
162  -3.36013271e-01  7.28805243e-01
163  -3.62000000e-01  7.19381841e-01
164  -3.90636377e-01  7.08200472e-01
165  -4.15470518e-01  6.97872059e-01
166  -4.40048666e-01  6.86948169e-01
167  -4.64387494e-01  6.75501056e-01
168  -4.88464045e-01  6.63511635e-01
169  -5.12271442e-01  6.50996390e-01
170  -5.35804233e-01  6.37972348e-01
171  -5.59033131e-01  6.24413947e-01
172  -5.81937827e-01  6.10314755e-01
173  -6.04501321e-01  5.95675962e-01
174  -6.26711790e-01  5.80507140e-01
175  -6.48541534e-01  5.64796218e-01
176  -6.69938049e-01  5.48500201e-01
177  -6.90917619e-01  5.31671148e-01
178  -7.11452411e-01  5.14302463e-01
179  -7.35112500e-01  4.93116110e-01
180  -7.55479963e-01  4.73740992e-01
181  -7.75258572e-01  4.53764733e-01
182  -7.94378998e-01  4.33157287e-01
183  -8.12832994e-01  4.11951792e-01
184  -8.30579372e-01  3.90152789e-01
185  -8.47550137e-01  3.67743684e-01
186  -8.63737650e-01  3.44761589e-01
187  -8.79014301e-01  3.21164257e-01
188  -8.93376098e-01  2.96999849e-01
189  -9.06818863e-01  2.72313132e-01
190  -9.19282557e-01  2.47117097e-01
191  -9.30623015e-01  2.21396191e-01
192  -9.40793906e-01  1.95192623e-01
193  -9.49787004e-01  1.68560336e-01
194  -9.57492655e-01  1.41526869e-01
195  -9.63869382e-01  1.14150856e-01
196  -9.68966247e-01  8.65076477e-02
197  -9.72529677e-01  5.86253643e-02
198  -9.74429231e-01  3.05880902e-02
199  -3.36017954e-01  7.00968395e-01
200  -3.36022637e-01  6.73131547e-01
201  -3.36027320e-01  6.45294699e-01
202  -3.36032002e-01  6.17457851e-01
203  -3.36036685e-01  5.89621003e-01
204  -3.36041368e-01  5.61784155e-01
205  -3.36046051e-01  5.33947307e-01
206  -3.36050733e-01  5.06110459e-01
207  -3.36055416e-01  4.78273611e-01
208  -3.36060099e-01  4.50436763e-01
209  -3.36064782e-01  4.22599915e-01
210  -3.36069465e-01  3.94763067e-01
211  -3.36074147e-01  3.66926219e-01
212  -3.36078830e-01  3.39089371e-01
213  -3.36083513e-01  3.11252523e-01
214  -3.36088196e-01  2.83415675e-01
215  -3.36092878e-01  2.55578827e-01
216  -3.36097561e-01  2.27741979e-01
217  -3.36102244e-01  1.99905131e-01
218  -3.36106927e-01  1.72068283e-01
219  -3.36111610e-01  1.44231434e-01
220  -3.36116292e-01  1.16394586e-01
221  -3.36120975e-01  8.85577384e-02
222  -3.36125658e-01  6.07208903e-02
223  -3.36130341e-01  3.28840423e-02
224  -3.36135023e-01  5.04719426e-03
225  -3.36139706e-01  -2.27896538e-02
226  -3.36144389e-01  -5.06265018e-02
227  -3.36149072e-01  -7.84633499e-02
228  -3.36153755e-01  -1.06300198e-01
229  -3.36158437e-01  -1.34137046e-01
230  -3.36163120e-01  -1.61973894e-01
231  -3.36167803e-01  -1.89810742e-01
232  -3.36172486e-01  -2.17647590e-01
233  -3.36177168e-01  -2.45484438e-01
234  -3.36181851e-01  -2.73321286e-01
235  -3.36186534e-01  -3.01158134e-01
236  -3.36191217e-01  -3.28994982e-01
237  -3.36195900e-01  -3.56831830e-01
238  -3.36200582e-01  -3.84668678e-01
239  -3.36205265e-01  -4.12505526e-01
240  -3.36209948e-01  -4.40342374e-01
241  -3.36214631e-01  -4.68179222e-01
242  -3.36219313e-01  -4.96016070e-01
243  -3.36223996e-01  -5.23852919e-01
244  -3.36228679e-01  -5.51689767e-01
245  -3.36233362e-01  -5.79526615e-01
246  -3.36238045e-01  -6.07363463e-01
247  -3.36242727e-01  -6.35200311e-01
248  -3.36247410e-01  -6.63037159e-01
249  -3.36252093e-01  -6.90874007e-01
250  2.62951996e-01  7.50628591e-01
251  2.62950866e-01  7.22758793e-01
252  2.62949737e-01  6.94888994e-01
253  2.62948608e-01  6.67019196e-01
254  2.62947478e-01  6.39149397e-01
255  2.62946349e-01  6.11279598e-01
256  2.62945219e-01  5.83409800e-01
257  2.62944090e-01  5.55540001e-01
258  2.62942960e-01  5.27670203e-01
259  2.62941831e-01  4.99800404e-01
260  2.62940702e-01  4.71930606e-01
261  2.62939572e-01  4.44060807e-01
262  2.62938443e-01  4.16191008e-01
263  2.62937313e-01  3.88321210e-01
264  2.62936184e-01  3.60451411e-01
265  2.62935055e-01  3.32581613e-01
266  2.62933925e-01  3.04711814e-01
267  2.62932796e-01  2.76842015e-01
268  2.62931666e-01  2.48972217e-01
269  2.62930537e-01  2.21102418e-01
270  2.62929408e-01  1.93232620e-01
271  2.62928278e-01  1.65362821e-01
272  2.62927149e-01  1.37493022e-01
273  2.62926019e-01  1.09623224e-01
274  2.62924890e-01  8.17534253e-02
275  2.62923761e-01  5.38836267e-02
276  2.62922631e-01  2.60138281e-02
277  2.62921502e-01  -1.85597045e-03
278  2.62920372e-01  -2.97257690e-02
279  2.62919243e-01  -5.75955676e-02
280  2.62918113e-01  -8.54653662e-02
281  2.62916984e-01  -1.13335165e-01
282  2.62915855e-01  -1.41204963e-01
283  2.62914725e-01  -1.69074762e-01
284  2.62913596e-01  -1.96944561e-01
285  2.62912466e-01  -2.24814359e-01
286  2.62911337e-01  -2.52684158e-01
287  2.62910208e-01  -2.80553956e-01
288  2.62909078e-01  -3.08423755e-01
289  2.62907949e-01  -3.36293553e-01
290  2.62906819e-01  -3.64163352e-01
291  2.62905690e-01  -3.92033151e-01
292  2.62904561e-01  -4.19902949e-01
293  2.62903431e-01  -4.47772748e-01
294  2.62902302e-01  -4.75642546e-01
295  2.62901172e-01  -5.03512345e-01
296  2.62900043e-01  -5.31382144e-01
297  2.62898914e-01  -5.59251942e-01
298  2.62897784e-01  -5.87121741e-01
299  2.62896655e-01  -6.14991539e-01
300  2.62895525e-01  -6.42861338e-01
301  2.62894396e-01  -6.70731137e-01
302  2.62893267e-01  -6.98600935e-01
303  2.62892137e-01  -7.26470734e-01
304  2.62891008e-01  -7.54340532e-01
10433  -9.42319988e-01  -2.38003140e-03
10434  -9.41066769e-01  -2.79119373e-02
10435  -9.39359607e-01  -5.38919252e-02
10436  -9.36119033e-01  -7.90856351e-02
10437  -9.31453838e-01  -1.04244820e-01
10438  -9.25506200e-01  -1.29231317e-01
10439  -9.18340409e-01  -1.53845699e-01
10440  -9.09854716e-01  -1.78075302e-01
10441  -9.00195078e-01  -2.01964637e-01
10442  -8.89403892e-01  -2.25380889e-01
10443  -8.77482865e-01  -2.48356924e-01
10444  -8.64551889e-01  -2.70936140e-01
10445  -8.50745199e-01  -2.93025877e-01
10446  -8.36065756e-01  -3.14553627e-01
10447  -8.20527847e-01  -3.35568252e-01
10448  -8.04221232e-01  -3.56077396e-01
10449  -7.87195414e-01  -3.76050072e-01
10450  -7.69503714e-01  -3.95487282e-01
10451  -7.51147601e-01  -4.14402679e-01
10452  -7.32211431e-01  -4.32850708e-01
10453  -7.12779359e-01  -4.50778419e-01
10454  -6.89433019e-01  -4.71137792e-01
10455  -6.69220488e-01  -4.87897820e-01
10456  -6.48604277e-01  -5.04210945e-01
10457  -6.27616977e-01  -5.20048475e-01
10458  -6.06253890e-01  -5.35419358e-01
10459  -5.84541249e-01  -5.50346577e-01
10460  -5.62497475e-01  -5.64831451e-01
10461  -5.40120487e-01  -5.78910180e-01
10462  -5.17506463e-01  -5.92598369e-01
10463  -4.94638855e-01  -6.05823048e-01
10464  -4.71519920e-01  -6.18632353e-01
10465  -4.48176191e-01  -6.30989082e-01
10466  -4.24577370e-01  -6.42898570e-01
10467  -4.00785273e-01  -6.54378719e-01
10468  -3.76796245e-01  -6.65354268e-01
10469  -3.48656339e-01  -6.76484614e-01
10470  -3.29251013e-01  -6.84457759e-01
10471  -2.98274800e-01  -6.96418699e-01
10472  -2.72779832e-01  -7.05649126e-01
10473  -2.47122217e-01  -7.14349591e-01
10474  -2.21346913e-01  -7.22504080e-01
10475  -1.95427031e-01  -7.30029455e-01
10476  -1.69314616e-01  -7.36960555e-01
10477  -1.43106619e-01  -7.43296433e-01
10478  -1.16830313e-01  -7.48923354e-01
10479  -9.03923360e-02  -7.53826360e-01
10480  -6.38452286e-02  -7.58060026e-01
10481  -3.72477687e-02  -7.61543227e-01
10482  -1.05355221e-02  -7.64265830e-01
10483  1.62020545e-02  -7.66280757e-01
10484  4.29659844e-02  -7.67469043e-01
10485  6.97756410e-02  -7.67915582e-01
10486  9.65510614e-02  -7.67572948e-01
10487  1.23267313e-01  -7.66434237e-01
10488  1.49918752e-01  -7.64452323e-01
10489  1.76539168e-01  -7.61648407e-01
10490  2.03070456e-01  -7.58071091e-01
10491  2.29478128e-01  -7.53685881e-01
10492  2.69891365e-01  -7.45542507e-01
10493  2.81856134e-01  -7.42619066e-01
10494  3.11965423e-01  -7.35788309e-01
10495  3.37674036e-01  -7.28239264e-01
10496  3.63161499e-01  -7.19977923e-01
10497  3.88339193e-01  -7.10952086e-01
10498  4.13269090e-01  -7.01143585e-01
10499  4.37934316e-01  -6.90627727e-01
10500  4.62247232e-01  -6.79411392e-01
10501  4.86205750e-01  -6.67460111e-01
10502  5.09828155e-01  -6.54798437e-01
10503  5.33067638e-01  -6.41466929e-01
10504  5.55863613e-01  -6.27465871e-01
10505  5.78170636e-01  -6.12788206e-01
10506  5.99962146e-01  -5.97397836e-01
10507  6.21259321e-01  -5.81289267e-01
10508  6.42056448e-01  -5.64506579e-01
10509  6.62270193e-01  -5.47121929e-01
10510  6.85886774e-01  -5.25319409e-01
10511  7.04968748e-01  -5.06385682e-01
10512  7.23441420e-01  -4.86834626e-01
10513  7.41186102e-01  -4.66683990e-01
10514  7.58212602e-01  -4.45917617e-01
10515  7.74487235e-01  -4.24600434e-01
10516  7.89959644e-01  -4.02688076e-01
10517  8.04698079e-01  -3.80211011e-01
10518  8.18645178e-01  -3.57279476e-01
10519  8.31730630e-01  -3.33866046e-01
10520  8.43976053e-01  -3.10031756e-01
10521  8.55286947e-01  -2.85766625e-01
10522  8.65713659e-01  -2.61083531e-01
10523  8.75210584e-01  -2.36066131e-01
10524  8.83724946e-01  -2.10723755e-01
10525  8.91263164e-01  -1.85071543e-01
10526  8.97811619e-01  -1.59119950e-01
10527  9.03395151e-01  -1.33001442e-01
10528  9.07870889e-01  -1.06698571e-01
10529  9.11352265e-01  -8.01062231e-02
10530  9.13922591e-01  -5.36475109e-02
10531  9.15105199e-01  -2.65600630e-02
10532  9.16224330e-01  1.93129437e-07
10533  9.15097692e-01  2.67461928e-02
10534  9.13888727e-01  5.40741503e-02
10535  9.11366600e-01  8.08281940e-02
10536  9.07997152e-01  1.07640809e-01
10537  9.03576885e-01  1.34151298e-01
10538  8.98082838e-01  1.60524616e-01
10539  8.91634467e-01  1.86689837e-01
10540  8.84157359e-01  2.12558628e-01
10541  8.75710758e-01  2.38144828e-01
10542  8.66273879e-01  2.63410373e-01
10543  8.55922018e-01  2.88349344e-01
10544  8.44670753e-01  3.12875175e-01
10545  8.32526186e-01  3.36944833e-01
10546  8.19465615e-01  3.60547356e-01
10547  8.05541670e-01  3.83688853e-01
10548  7.90786843e-01  4.06320506e-01
10549  7.75243382e-01  4.28397752e-01
10550  7.58893537e-01  4.49880918e-01
10551  7.41780498e-01  4.70768948e-01
10552  7.23920915e-01  4.91000485e-01
10553  7.05295102e-01  5.10591728e-01
10554  6.86013996e-01  5.29539224e-01
10555  6.62459736e-01  5.51037462e-01
10556  6.42303263e-01  5.68143078e-01
10557  6.21566887e-01  5.84618493e-01
10558  6.00333815e-01  6.00367835e-01
10559  5.78565683e-01  6.15352453e-01
10560  5.56243623e-01  6.29631111e-01
10561  5.33465879e-01  6.43225575e-01
10562  5.10267638e-01  6.56078525e-01
10563  4.86653421e-01  6.68211408e-01
10564  4.62649245e-01  6.79635952e-01
10565  4.38308461e-01  6.90360793e-01
10566  4.13665055e-01  7.00360823e-01
10567  3.88750717e-01  7.09627419e-01
10568  3.63579481e-01  7.18129692e-01
10569  3.38123205e-01  7.25880842e-01
10570  3.12445852e-01  7.32924039e-01
10571  2.82599482e-01  7.40179826e-01
10572  2.69951648e-01  7.42036486e-01
10573  2.30033467e-01  7.49507827e-01
10574  2.03610776e-01  7.53605946e-01
10575  1.77084474e-01  7.57016128e-01
10576  1.50496028e-01  7.59730579e-01
10577  1.23858158e-01  7.61723738e-01
10578  9.71261651e-02  7.62999591e-01
10579  7.03905179e-02  7.63630757e-01
10580  4.36349128e-02  7.63508779e-01
10581  1.68392051e-02  7.62760418e-01
10582  -9.92852995e-03  7.61337355e-01
10583  -3.66885466e-02  7.59285022e-01
10584  -6.33719220e-02  7.56613425e-01
10585  -9.00088305e-02  7.53279160e-01
10586  -1.16579226e-01  7.49368628e-01
10587  -1.42981253e-01  7.44832618e-01
10588  -1.69295393e-01  7.39614726e-01
10589  -1.95557469e-01  7.33809119e-01
10590  -2.21673506e-01  7.27443775e-01
10591  -2.47647519e-01  7.20483072e-01
10592  -2.73502748e-01  7.12970733e-01
10593  -2.99165217e-01  7.04933391e-01
10594  -3.29018996e-01  6.94775192e-01
10595  -3.50215773e-01  6.88080612e-01
10596  -3.78131404e-01  6.77180147e-01
10597  -4.02255787e-01  6.67147382e-01
10598  -4.26138558e-01  6.56531992e-01
10599  -4.49814819e-01  6.45396703e-01
10600  -4.73227293e-01  6.33737883e-01
10601  -4.96391365e-01  6.21560730e-01
10602  -5.19275342e-01  6.08896058e-01
10603  -5.41835623e-01  5.95728051e-01
10604  -5.64068459e-01  5.82042496e-01
10605  -5.85966770e-01  5.67835249e-01
10606  -6.07510239e-01  5.53122192e-01
10607  -6.28638578e-01  5.37916723e-01
10608  -6.49339976e-01  5.22149597e-01
10609  -6.69652255e-01  5.05856051e-01
10610  -6.89494912e-01  4.89073449e-01
10611  -7.12428108e-01  4.68538614e-01
10612  -7.32067657e-01  4.49855874e-01
10613  -7.51112834e-01  4.30621305e-01
10614  -7.69501856e-01  4.10801914e-01
10615  -7.87245678e-01  3.90412893e-01
10616  -8.04275030e-01  3.69495672e-01
10617  -8.20542676e-01  3.48014721e-01
10618  -8.36022339e-01  3.26040039e-01
10619  -8.50595428e-01  3.03528992e-01
10620  -8.64308587e-01  2.80455522e-01
10621  -8.77137085e-01  2.56897979e-01
10622  -8.88984147e-01  2.32952307e-01
10623  -8.99723674e-01  2.08595190e-01
10624  -9.09352218e-01  1.83788450e-01
10625  -9.17851329e-01  1.58623156e-01
10626  -9.25113590e-01  1.33146471e-01
10627  -9.31127742e-01  1.07322979e-01
10628  -9.35919785e-01  8.13534020e-02
10629  -9.39242136e-01  5.53735176e-02
10630  -9.41032927e-01  2.87655061e-02
10631  -3.29017954e-01  7.00967217e-01
10632  -3.29022637e-01  6.73130369e-01
10633  -3.29027320e-01  6.45293522e-01
10634  -3.29032002e-01  6.17456674e-01
10635  -3.29036685e-01  5.89619825e-01
10636  -3.29041368e-01  5.61782977e-01
10637  -3.29046051e-01  5.33946130e-01
10638  -3.29050733e-01  5.06109282e-01
10639  -3.29055416e-01  4.78272433e-01
10640  -3.29060099e-01  4.50435585e-01
10641  -3.29064782e-01  4.22598737e-01
10642  -3.29069465e-01  3.94761890e-01
10643  -3.29074147e-01  3.66925042e-01
10644  -3.29078830e-01  3.39088193e-01
10645  -3.29083513e-01  3.11251345e-01
10646  -3.29088196e-01  2.83414498e-01
10647  -3.29092878e-01  2.55577650e-01
10648  -3.29097561e-01  2.27740801e-01
10649  -3.29102244e-01  1.99903953e-01
10650  -3.29106927e-01  1.72067105e-01
10651  -3.29111610e-01  1.44230257e-01
10652  -3.29116292e-01  1.16393409e-01
10653  -3.29120975e-01  8.85565608e-02
10654  -3.29125658e-01  6.07197127e-02
10655  -3.29130341e-01  3.28828648e-02
10656  -3.29135023e-01  5.04601677e-03
10657  -3.29139706e-01  -2.27908314e-02
10658  -3.29144389e-01  -5.06276794e-02
10659  -3.29149072e-01  -7.84645275e-02
10660  -3.29153755e-01  -1.06301375e-01
10661  -3.29158437e-01  -1.34138223e-01
10662  -3.29163120e-01  -1.61975072e-01
10663  -3.29167803e-01  -1.89811920e-01
10664  -3.29172486e-01  -2.17648767e-01
10665  -3.29177168e-01  -2.45485615e-01
10666  -3.29181851e-01  -2.73322464e-01
10667  -3.29186534e-01  -3.01159312e-01
10668  -3.29191217e-01  -3.28996160e-01
10669  -3.29195900e-01  -3.56833007e-01
10670  -3.29200582e-01  -3.84669855e-01
10671  -3.29205265e-01  -4.12506704e-01
10672  -3.29209948e-01  -4.40343552e-01
10673  -3.29214631e-01  -4.68180399e-01
10674  -3.29219313e-01  -4.96017247e-01
10675  -3.29223996e-01  -5.23854097e-01
10676  -3.29228679e-01  -5.51690945e-01
10677  -3.29233362e-01  -5.79527793e-01
10678  -3.29238045e-01  -6.07364640e-01
10679  -3.29242727e-01  -6.35201488e-01
10680  -3.29247410e-01  -6.63038337e-01
10681  -3.29252093e-01  -6.90875185e-01
10682  2.69951996e-01  7.50628307e-01
10683  2.69950866e-01  7.22758509e-01
10684  2.69949737e-01  6.94888710e-01
10685  2.69948608e-01  6.67018912e-01
10686  2.69947478e-01  6.39149113e-01
10687  2.69946349e-01  6.11279314e-01
10688  2.69945219e-01  5.83409516e-01
10689  2.69944090e-01  5.55539717e-01
10690  2.69942960e-01  5.27669919e-01
10691  2.69941831e-01  4.99800120e-01
10692  2.69940702e-01  4.71930322e-01
10693  2.69939572e-01  4.44060523e-01
10694  2.69938443e-01  4.16190724e-01
10695  2.69937313e-01  3.88320926e-01
10696  2.69936184e-01  3.60451127e-01
10697  2.69935055e-01  3.32581329e-01
10698  2.69933925e-01  3.04711530e-01
10699  2.69932796e-01  2.76841731e-01
10700  2.69931666e-01  2.48971933e-01
10701  2.69930537e-01  2.21102134e-01
10702  2.69929408e-01  1.93232336e-01
10703  2.69928278e-01  1.65362537e-01
10704  2.69927149e-01  1.37492738e-01
10705  2.69926019e-01  1.09622940e-01
10706  2.69924890e-01  8.17531417e-02
10707  2.69923761e-01  5.38833430e-02
10708  2.69922631e-01  2.60135444e-02
10709  2.69921502e-01  -1.85625414e-03
10710  2.69920372e-01  -2.97260527e-02
10711  2.69919243e-01  -5.75958513e-02
10712  2.69918113e-01  -8.54656499e-02
10713  2.69916984e-01  -1.13335449e-01
10714  2.69915855e-01  -1.41205247e-01
10715  2.69914725e-01  -1.69075046e-01
10716  2.69913596e-01  -1.96944845e-01
10717  2.69912466e-01  -2.24814643e-01
10718  2.69911337e-01  -2.52684442e-01
10719  2.69910208e-01  -2.80554240e-01
10720  2.69909078e-01  -3.08424039e-01
10721  2.69907949e-01  -3.36293837e-01
10722  2.69906819e-01  -3.64163636e-01
10723  2.69905690e-01  -3.92033435e-01
10724  2.69904561e-01  -4.19903233e-01
10725  2.69903431e-01  -4.47773032e-01
10726  2.69902302e-01  -4.75642830e-01
10727  2.69901172e-01  -5.03512629e-01
10728  2.69900043e-01  -5.31382428e-01
10729  2.69898914e-01  -5.59252226e-01
10730  2.69897784e-01  -5.87122025e-01
10731  2.69896655e-01  -6.14991823e-01
10732  2.69895525e-01  -6.42861622e-01
10733  2.69894396e-01  -6.70731421e-01
10734  2.69893267e-01  -6.98601219e-01
10735  2.69892137e-01  -7.26471018e-01
10736  2.69891008e-01  -7.54340816e-01
2609  -9.75299492e-01  -2.50699959e-03
2610  -9.73958062e-01  -2.98097626e-02
2611  -9.72150759e-01  -5.70824187e-02
2612  -9.68667354e-01  -8.41891350e-02
2613  -9.63686545e-01  -1.11063287e-01
2614  -9.57357434e-01  -1.37653777e-01
2615  -9.49715346e-01  -1.63898173e-01
2616  -9.40682821e-01  -1.89697128e-01
2617  -9.30436276e-01  -2.15037848e-01
2618  -9.18995417e-01  -2.39864694e-01
2619  -9.06406766e-01  -2.64131806e-01
2620  -8.92820998e-01  -2.87856435e-01
2621  -8.78329642e-01  -3.11040800e-01
2622  -8.62926797e-01  -3.33630403e-01
2623  -8.46671987e-01  -3.55616265e-01
2624  -8.29655537e-01  -3.77018625e-01
2625  -8.11917477e-01  -3.97827548e-01
2626  -7.93511211e-01  -4.18050061e-01
2627  -7.74467137e-01  -4.37675801e-01
2628  -7.54878716e-01  -4.56759558e-01
2629  -7.34778631e-01  -4.75303322e-01
2630  -7.10776700e-01  -4.96235326e-01
2631  -6.89958495e-01  -5.13498093e-01
2632  -6.68750033e-01  -5.30279842e-01
2633  -6.47161965e-01  -5.46570774e-01
2634  -6.25208389e-01  -5.62366824e-01
2635  -6.02920895e-01  -5.77689355e-01
2636  -5.80317158e-01  -5.92542420e-01
2637  -5.57423576e-01  -6.06946621e-01
2638  -5.34284137e-01  -6.20952356e-01
2639  -5.10869966e-01  -6.34493415e-01
2640  -4.87210758e-01  -6.47601932e-01
2641  -4.63305474e-01  -6.60255850e-01
2642  -4.39158376e-01  -6.72442321e-01
2643  -4.14798086e-01  -6.84196164e-01
2644  -3.90203089e-01  -6.95449042e-01
2645  -3.61806209e-01  -7.07760644e-01
2646  -3.35256752e-01  -7.18568830e-01
2647  -3.10131485e-01  -7.28207505e-01
2648  -2.84003028e-01  -7.37667075e-01
2649  -2.57687072e-01  -7.46590761e-01
2650  -2.31194108e-01  -7.54971632e-01
2651  -2.04509804e-01  -7.62719093e-01
2652  -1.77653106e-01  -7.69847920e-01
2653  -1.50645055e-01  -7.76376354e-01
2654  -1.23476569e-01  -7.82194008e-01
2655  -9.61576412e-02  -7.87260930e-01
2656  -6.87196279e-02  -7.91636050e-01
2657  -4.11713021e-02  -7.95243599e-01
2658  -1.35303330e-02  -7.98061396e-01
2659  1.41747893e-02  -8.00148136e-01
2660  4.19307134e-02  -8.01381244e-01
2661  6.97105080e-02  -8.01843520e-01
2662  9.74909810e-02  -8.01487926e-01
2663  1.25248140e-01  -8.00304364e-01
2664  1.52953719e-01  -7.98244306e-01
2665  1.80583351e-01  -7.95334514e-01
2666  2.08116827e-01  -7.91621700e-01
2667  2.35524073e-01  -7.87070844e-01
2668  2.63889907e-01  -7.81487966e-01
2669  2.89881726e-01  -7.75584185e-01
2670  3.20760610e-01  -7.67538642e-01
2671  3.47395435e-01  -7.59718357e-01
2672  3.73801366e-01  -7.51158561e-01
2673  3.99930296e-01  -7.41791756e-01
2674  4.25761807e-01  -7.31629171e-01
2675  4.51297157e-01  -7.20742066e-01
2676  4.76502679e-01  -7.09113600e-01
2677  5.01342487e-01  -6.96723025e-01
2678  5.25808950e-01  -6.83609080e-01
2679  5.49888028e-01  -6.69795596e-01
2680  5.73542146e-01  -6.55267101e-01
2681  5.96731094e-01  -6.40008571e-01
2682  6.19404877e-01  -6.23995187e-01
2683  6.41543948e-01  -6.07250253e-01
2684  6.63145867e-01  -5.89818144e-01
2685  6.84189529e-01  -5.71718303e-01
2686  7.08666783e-01  -5.49120883e-01
2687  7.28548059e-01  -5.29395572e-01
2688  7.47782019e-01  -5.09037648e-01
2689  7.66291398e-01  -4.88018539e-01
2690  7.84048716e-01  -4.66361054e-01
2691  8.01041692e-01  -4.44101709e-01
2692  8.17195484e-01  -4.21225819e-01
2693  8.32552215e-01  -3.97806067e-01
2694  8.47103975e-01  -3.73878746e-01
2695  8.60767134e-01  -3.49432688e-01
2696  8.73564496e-01  -3.24521854e-01
2697  8.85397079e-01  -2.99138942e-01
2698  8.96294330e-01  -2.73341649e-01
2699  9.06232397e-01  -2.47160545e-01
2700  9.15150677e-01  -2.20616296e-01
2701  9.23046081e-01  -1.93748240e-01
2702  9.29898505e-01  -1.66594617e-01
2703  9.35750954e-01  -1.39209576e-01
2704  9.40449837e-01  -1.11602761e-01
2705  9.44086630e-01  -8.38345280e-02
2706  9.46787166e-01  -5.59623825e-02
2707  9.48020627e-01  -2.79790579e-02
2708  9.49199556e-01  2.88718288e-09
2709  9.48012756e-01  2.81736065e-02
2710  9.46755934e-01  5.63513497e-02
2711  9.44115502e-01  8.44265717e-02
2712  9.40596640e-01  1.12406552e-01
2713  9.35959026e-01  1.40220554e-01
2714  9.30209363e-01  1.67827033e-01
2715  9.23460335e-01  1.95207648e-01
2716  9.15630820e-01  2.22298246e-01
2717  9.06791007e-01  2.49074467e-01
2718  8.96925042e-01  2.75491147e-01
2719  8.86114017e-01  3.01535782e-01
2720  8.74355395e-01  3.27167162e-01
2721  8.61651978e-01  3.52343766e-01
2722  8.47998891e-01  3.77018272e-01
2723  8.33460571e-01  4.01180962e-01
2724  8.18059958e-01  4.24803366e-01
2725  8.01825997e-01  4.47860627e-01
2726  7.84748811e-01  4.70300117e-01
2727  7.66876785e-01  4.92114096e-01
2728  7.48213597e-01  5.13255924e-01
2729  7.28783195e-01  5.33694724e-01
2730  7.08668685e-01  5.53460010e-01
2731  6.84227703e-01  5.75767899e-01
2732  6.63212619e-01  5.93603591e-01
2733  6.41630360e-01  6.10750771e-01
2734  6.19490887e-01  6.27171669e-01
2735  5.96785918e-01  6.42801714e-01
2736  5.73564792e-01  6.57656386e-01
2737  5.49893660e-01  6.71783707e-01
2738  5.25781398e-01  6.85143318e-01
2739  5.01262879e-01  6.97741099e-01
2740  4.76372130e-01  7.09587936e-01
2741  4.51145896e-01  7.20702830e-01
2742  4.25602844e-01  7.31067958e-01
2743  3.99766067e-01  7.40677395e-01
2744  3.73650914e-01  7.49498548e-01
2745  3.47280093e-01  7.57528754e-01
2746  3.20695198e-01  7.64820546e-01
2747  2.89889366e-01  7.72309197e-01
2748  2.63953096e-01  7.77792308e-01
2749  2.35676740e-01  7.82963210e-01
2750  2.08374297e-01  7.87197881e-01
2751  1.80970645e-01  7.90720829e-01
2752  1.53484882e-01  7.93526673e-01
2753  1.25933261e-01  7.95588220e-01
2754  9.83351827e-02  7.96906043e-01
2755  7.07136755e-02  7.97557218e-01
2756  4.30843704e-02  7.97432312e-01
2757  1.54649081e-02  7.96660572e-01
2758  -1.21262486e-02  7.95194100e-01
2759  -3.96761630e-02  7.93081225e-01
2760  -6.71690587e-02  7.90328272e-01
2761  -9.45861152e-02  7.86896977e-01
2762  -1.21922621e-01  7.82873215e-01
2763  -1.49153502e-01  7.78194461e-01
2764  -1.76256615e-01  7.72820908e-01
2765  -2.03236838e-01  7.66856607e-01
2766  -2.30082265e-01  7.60313244e-01
2767  -2.56772194e-01  7.53161039e-01
2768  -2.83306883e-01  7.45451314e-01
2769  -3.09675268e-01  7.37192467e-01
2770  -3.35013301e-01  7.28625917e-01
2771  -3.61823832e-01  7.18913904e-01
2772  -3.90449434e-01  7.07736735e-01
2773  -4.15272965e-01  6.97412741e-01
2774  -4.39840717e-01  6.86493463e-01
2775  -4.64169640e-01  6.75051012e-01
2776  -4.88236264e-01  6.63066533e-01
2777  -5.12034043e-01  6.50556342e-01
2778  -5.35557135e-01  6.37537673e-01
2779  -5.58776037e-01  6.23985108e-01
2780  -5.81670689e-01  6.09892100e-01
2781  -6.04224239e-01  5.95259758e-01
2782  -6.26424737e-01  5.80097750e-01
2783  -6.48243995e-01  5.64394384e-01
2784  -6.69630119e-01  5.48106273e-01
2785  -6.90599713e-01  5.31285226e-01
2786  -7.11124158e-01  5.13925303e-01
2787  -7.34773380e-01  4.92748689e-01
2788  -7.55129961e-01  4.73383922e-01
2789  -7.74897606e-01  4.53418751e-01
2790  -7.94007098e-01  4.32823086e-01
2791  -8.12450477e-01  4.11629797e-01
2792  -8.30186136e-01  3.89843976e-01
2793  -8.47146390e-01  3.67448746e-01
2794  -8.63323321e-01  3.44481712e-01
2795  -8.78589454e-01  3.20900619e-01
2796  -8.92941554e-01  2.96752520e-01
2797  -9.06375136e-01  2.72082684e-01
2798  -9.18829612e-01  2.46905341e-01
2799  -9.30161086e-01  2.21204823e-01
2800  -9.40323869e-01  1.95022137e-01
2801  -9.49309583e-01  1.68411780e-01
2802  -9.57008605e-01  1.41401586e-01
2803  -9.63379912e-01  1.14048783e-01
2804  -9.68472220e-01  8.64305945e-02
2805  -9.72032046e-01  5.85767509e-02
2806  -9.73929974e-01  3.05608435e-02
2807  -3.35017954e-01  7.00968227e-01
2808  -3.35022637e-01  6.73131379e-01
2809  -3.35027320e-01  6.45294531e-01
2810  -3.35032002e-01  6.17457683e-01
2811  -3.35036685e-01  5.89620835e-01
2812  -3.35041368e-01  5.61783987e-01
2813  -3.35046051e-01  5.33947139e-01
2814  -3.35050733e-01  5.06110291e-01
2815  -3.35055416e-01  4.78273443e-01
2816  -3.35060099e-01  4.50436595e-01
2817  -3.35064782e-01  4.22599747e-01
2818  -3.35069465e-01  3.94762899e-01
2819  -3.35074147e-01  3.66926051e-01
2820  -3.35078830e-01  3.39089203e-01
2821  -3.35083513e-01  3.11252355e-01
2822  -3.35088196e-01  2.83415507e-01
2823  -3.35092878e-01  2.55578659e-01
2824  -3.35097561e-01  2.27741811e-01
2825  -3.35102244e-01  1.99904963e-01
2826  -3.35106927e-01  1.72068115e-01
2827  -3.35111610e-01  1.44231266e-01
2828  -3.35116292e-01  1.16394418e-01
2829  -3.35120975e-01  8.85575702e-02
2830  -3.35125658e-01  6.07207221e-02
2831  -3.35130341e-01  3.28838741e-02
2832  -3.35135023e-01  5.04702605e-03
2833  -3.35139706e-01  -2.27898220e-02
2834  -3.35144389e-01  -5.06266700e-02
2835  -3.35149072e-01  -7.84635181e-02
2836  -3.35153755e-01  -1.06300366e-01
2837  -3.35158437e-01  -1.34137214e-01
2838  -3.35163120e-01  -1.61974062e-01
2839  -3.35167803e-01  -1.89810910e-01
2840  -3.35172486e-01  -2.17647758e-01
2841  -3.35177168e-01  -2.45484606e-01
2842  -3.35181851e-01  -2.73321454e-01
2843  -3.35186534e-01  -3.01158302e-01
2844  -3.35191217e-01  -3.28995150e-01
2845  -3.35195900e-01  -3.56831998e-01
2846  -3.35200582e-01  -3.84668846e-01
2847  -3.35205265e-01  -4.12505694e-01
2848  -3.35209948e-01  -4.40342542e-01
2849  -3.35214631e-01  -4.68179390e-01
2850  -3.35219313e-01  -4.96016238e-01
2851  -3.35223996e-01  -5.23853087e-01
2852  -3.35228679e-01  -5.51689935e-01
2853  -3.35233362e-01  -5.79526783e-01
2854  -3.35238045e-01  -6.07363631e-01
2855  -3.35242727e-01  -6.35200479e-01
2856  -3.35247410e-01  -6.63037327e-01
2857  -3.35252093e-01  -6.90874175e-01
2858  2.63951996e-01  7.50628550e-01
2859  2.63950866e-01  7.22758752e-01
2860  2.63949737e-01  6.94888953e-01
2861  2.63948608e-01  6.67019155e-01
2862  2.63947478e-01  6.39149356e-01
2863  2.63946349e-01  6.11279557e-01
2864  2.63945219e-01  5.83409759e-01
2865  2.63944090e-01  5.55539960e-01
2866  2.63942960e-01  5.27670162e-01
2867  2.63941831e-01  4.99800363e-01
2868  2.63940702e-01  4.71930565e-01
2869  2.63939572e-01  4.44060766e-01
2870  2.63938443e-01  4.16190967e-01
2871  2.63937313e-01  3.88321169e-01
2872  2.63936184e-01  3.60451370e-01
2873  2.63935055e-01  3.32581572e-01
2874  2.63933925e-01  3.04711773e-01
2875  2.63932796e-01  2.76841974e-01
2876  2.63931666e-01  2.48972176e-01
2877  2.63930537e-01  2.21102377e-01
2878  2.63929408e-01  1.93232579e-01
2879  2.63928278e-01  1.65362780e-01
2880  2.63927149e-01  1.37492981e-01
2881  2.63926019e-01  1.09623183e-01
2882  2.63924890e-01  8.17533848e-02
2883  2.63923761e-01  5.38835862e-02
2884  2.63922631e-01  2.60137876e-02
2885  2.63921502e-01  -1.85601098e-03
2886  2.63920372e-01  -2.97258095e-02
2887  2.63919243e-01  -5.75956081e-02
2888  2.63918113e-01  -8.54654067e-02
2889  2.63916984e-01  -1.13335206e-01
2890  2.63915855e-01  -1.41205004e-01
2891  2.63914725e-01  -1.69074803e-01
2892  2.63913596e-01  -1.96944602e-01
2893  2.63912466e-01  -2.24814400e-01
2894  2.63911337e-01  -2.52684199e-01
2895  2.63910208e-01  -2.80553997e-01
2896  2.63909078e-01  -3.08423796e-01
2897  2.63907949e-01  -3.36293594e-01
2898  2.63906819e-01  -3.64163393e-01
2899  2.63905690e-01  -3.92033192e-01
2900  2.63904561e-01  -4.19902990e-01
2901  2.63903431e-01  -4.47772789e-01
2902  2.63902302e-01  -4.75642587e-01
2903  2.63901172e-01  -5.03512386e-01
2904  2.63900043e-01  -5.31382185e-01
2905  2.63898914e-01  -5.59251983e-01
2906  2.63897784e-01  -5.87121782e-01
2907  2.63896655e-01  -6.14991580e-01
2908  2.63895525e-01  -6.42861379e-01
2909  2.63894396e-01  -6.70731178e-01
2910  2.63893267e-01  -6.98600976e-01
2911  2.63892137e-01  -7.26470775e-01
2912  2.63891008e-01  -7.54340573e-01
5217  -9.61445417e-01  -2.45366262e-03
5218  -9.60141044e-01  -2.90125216e-02
5219  -9.58375808e-01  -5.57421519e-02
5220  -9.54994412e-01  -8.20452499e-02
5221  -9.50146186e-01  -1.08198976e-01
5222  -9.43977324e-01  -1.34115659e-01
5223  -9.36535320e-01  -1.59675316e-01
5224  -9.27732509e-01  -1.84815016e-01
5225  -9.17732513e-01  -2.09546036e-01
5226  -9.06564569e-01  -2.33780317e-01
5227  -8.94256375e-01  -2.57505072e-01
5228  -8.80945673e-01  -2.80748534e-01
5229  -8.66741932e-01  -3.03473067e-01
5230  -8.51642975e-01  -3.25616606e-01
5231  -8.35689322e-01  -3.47194469e-01
5232  -8.18971060e-01  -3.68221605e-01
5233  -8.01532200e-01  -3.88679237e-01
5234  -7.83426109e-01  -4.08571858e-01
5235  -7.64671035e-01  -4.27899197e-01
5236  -7.45356613e-01  -4.46715896e-01
5237  -7.25537147e-01  -4.65000868e-01
5238  -7.01810618e-01  -4.85692320e-01
5239  -6.81246845e-01  -5.02743896e-01
5240  -6.60287177e-01  -5.19328785e-01
5241  -6.38951481e-01  -5.35429251e-01
5242  -6.17245958e-01  -5.51046696e-01
5243  -5.95199948e-01  -5.66203164e-01
5244  -5.72831442e-01  -5.80901558e-01
5245  -5.50154871e-01  -5.95169035e-01
5246  -5.27236149e-01  -6.09041375e-01
5247  -5.04051579e-01  -6.22449529e-01
5248  -4.80619330e-01  -6.35432352e-01
5249  -4.56949944e-01  -6.47961427e-01
5250  -4.33033167e-01  -6.60031542e-01
5251  -4.08911565e-01  -6.71670412e-01
5252  -3.84571124e-01  -6.82806789e-01
5253  -3.56442079e-01  -6.95002443e-01
5254  -3.32754415e-01  -7.04674909e-01
5255  -3.05294875e-01  -7.15240131e-01
5256  -2.79424832e-01  -7.24606228e-01
5257  -2.53377428e-01  -7.33438857e-01
5258  -2.27177214e-01  -7.41727382e-01
5259  -2.00804735e-01  -7.49384249e-01
5260  -1.74251647e-01  -7.56432419e-01
5261  -1.47569956e-01  -7.62882305e-01
5262  -1.20765410e-01  -7.68622154e-01
5263  -9.38058426e-02  -7.73622211e-01
5264  -6.67312500e-02  -7.77939629e-01
5265  -3.95708039e-02  -7.81496453e-01
5266  -1.23086818e-02  -7.84275418e-01
5267  1.50017567e-02  -7.86332865e-01
5268  4.23530239e-02  -7.87547688e-01
5269  6.97370772e-02  -7.88003545e-01
5270  9.71075665e-02  -7.87653238e-01
5271  1.24440116e-01  -7.86487972e-01
5272  1.51715687e-01  -7.84459791e-01
5273  1.78933637e-01  -7.81593188e-01
5274  2.06058298e-01  -7.77935646e-01
5275  2.33057795e-01  -7.73452361e-01
5276  2.66390502e-01  -7.66813912e-01
5277  2.86607905e-01  -7.62136966e-01
5278  3.17065916e-01  -7.54200920e-01
5279  3.43311656e-01  -7.46494577e-01
5280  3.69331756e-01  -7.38060157e-01
5281  3.95061090e-01  -7.28836586e-01
5282  4.20513850e-01  -7.18822745e-01
5283  4.45683677e-01  -7.08091594e-01
5284  4.70514232e-01  -6.96636257e-01
5285  4.94983826e-01  -6.84430221e-01
5286  5.19095716e-01  -6.71506266e-01
5287  5.42822096e-01  -6.57895251e-01
5288  5.66115724e-01  -6.43588323e-01
5289  5.88934192e-01  -6.28573803e-01
5290  6.11237349e-01  -6.12822136e-01
5291  6.33022755e-01  -5.96344527e-01
5292  6.54286595e-01  -5.79185228e-01
5293  6.74981625e-01  -5.61385825e-01
5294  6.99097326e-01  -5.39122328e-01
5295  7.18642831e-01  -5.19729547e-01
5296  7.37556987e-01  -4.99710573e-01
5297  7.55745132e-01  -4.79056293e-01
5298  7.73195446e-01  -4.57773148e-01
5299  7.89886660e-01  -4.35909587e-01
5300  8.05754216e-01  -4.13438459e-01
5301  8.20851212e-01  -3.90414712e-01
5302  8.35148965e-01  -3.66905702e-01
5303  8.48569440e-01  -3.42893432e-01
5304  8.61134943e-01  -3.18434834e-01
5305  8.72748374e-01  -2.93521481e-01
5306  8.83447960e-01  -2.68192242e-01
5307  8.93200712e-01  -2.42499989e-01
5308  9.01949314e-01  -2.16460624e-01
5309  9.09694671e-01  -1.90103322e-01
5310  9.16419403e-01  -1.63454649e-01
5311  9.22158885e-01  -1.36601655e-01
5312  9.26764028e-01  -1.09542602e-01
5313  9.30335534e-01  -8.22683367e-02
5314  9.32981371e-01  -5.49899481e-02
5315  9.34193470e-01  -2.73829646e-02
5316  9.35347279e-01  8.28044051e-08
5317  9.34185751e-01  2.75739766e-02
5318  9.32949033e-01  5.53947407e-02
5319  9.30358299e-01  8.29149603e-02
5320  9.26902203e-01  1.10404552e-01
5321  9.22355893e-01  1.37670973e-01
5322  9.16713609e-01  1.64759424e-01
5323  9.10090881e-01  1.91629474e-01
5324  9.02409406e-01  2.18206814e-01
5325  8.93734774e-01  2.44483129e-01
5326  8.84049060e-01  2.70416239e-01
5327  8.73430921e-01  2.95996405e-01
5328  8.61885431e-01  3.21163365e-01
5329  8.49416776e-01  3.45874962e-01
5330  8.36012594e-01  3.70099147e-01
5331  8.21732361e-01  3.93832853e-01
5332  8.06603031e-01  4.17039061e-01
5333  7.90659136e-01  4.39684636e-01
5334  7.73887493e-01  4.61722392e-01
5335  7.56334303e-01  4.83147397e-01
5336  7.38008694e-01  5.03906829e-01
5337  7.18916286e-01  5.23989586e-01
5338  6.99151872e-01  5.43411334e-01
5339  6.75083386e-01  5.65379104e-01
5340  6.54428989e-01  5.82908105e-01
5341  6.33202069e-01  5.99773089e-01
5342  6.11443358e-01  6.15911878e-01
5343  5.89131938e-01  6.31270792e-01
5344  5.66288492e-01  6.45883491e-01
5345  5.42992656e-01  6.59786968e-01
5346  5.19264357e-01  6.72933740e-01
5347  4.95125718e-01  6.85336227e-01
5348  4.70607402e-01  6.97005666e-01
5349  4.45753129e-01  7.07956706e-01
5350  4.20588002e-01  7.18168463e-01
5351  3.95138724e-01  7.27633879e-01
5352  3.69420093e-01  7.36321077e-01
5353  3.43433455e-01  7.44234057e-01
5354  3.17229802e-01  7.51421419e-01
5355  2.86827022e-01  7.58812248e-01
5356  2.66452505e-01  7.63196388e-01
5357  2.33374721e-01  7.69316001e-01
5358  2.06431149e-01  7.73494969e-01
5359  1.79385388e-01  7.76971918e-01
5360  1.52265661e-01  7.79740481e-01
5361  1.25086779e-01  7.81774131e-01
5362  9.78419970e-02  7.83074833e-01
5363  7.05818522e-02  7.83717845e-01
5364  4.33089491e-02  7.83594134e-01
5365  1.60255150e-02  7.82831931e-01
5366  -1.12297494e-02  7.81383166e-01
5367  -3.84574466e-02  7.79294988e-01
5368  -6.56201206e-02  7.76575222e-01
5369  -9.27189371e-02  7.73183508e-01
5370  -1.19742929e-01  7.69205935e-01
5371  -1.46635702e-01  7.64585409e-01
5372  -1.73416975e-01  7.59275354e-01
5373  -2.00104249e-01  7.53375788e-01
5374  -2.26652142e-01  7.46905043e-01
5375  -2.53050032e-01  7.39830956e-01
5376  -2.79307554e-01  7.32201749e-01
5377  -3.05387980e-01  7.24033259e-01
5378  -3.32515621e-01  7.14835830e-01
5379  -3.56947503e-01  7.05961414e-01
5380  -3.85274859e-01  6.94900482e-01
5381  -4.09804691e-01  6.84698828e-01
5382  -4.34084696e-01  6.73907208e-01
5383  -4.58139447e-01  6.62593790e-01
5384  -4.81931275e-01  6.50746114e-01
5385  -5.05462846e-01  6.38375827e-01
5386  -5.28717457e-01  6.25505865e-01
5387  -5.51659685e-01  6.12114845e-01
5388  -5.74276321e-01  5.98193001e-01
5389  -5.96554617e-01  5.83739233e-01
5390  -6.18479109e-01  5.68765821e-01
5391  -6.40008125e-01  5.53271612e-01
5392  -6.61106608e-01  5.37202358e-01
5393  -6.81800077e-01  5.20602904e-01
5394  -7.02038115e-01  5.03485502e-01
5395  -7.25386548e-01  4.82578489e-01
5396  -7.45441918e-01  4.63500228e-01
5397  -7.64906067e-01  4.43841969e-01
5398  -7.83712903e-01  4.23572402e-01
5399  -8.01862411e-01  4.02716972e-01
5400  -8.19301364e-01  3.81296033e-01
5401  -8.35970666e-01  3.59284875e-01
5402  -8.51854688e-01  3.36734709e-01
5403  -8.66829686e-01  3.13603123e-01
5404  -8.80913379e-01  2.89906455e-01
5405  -8.94092776e-01  2.65703872e-01
5406  -9.06292089e-01  2.41043932e-01
5407  -9.17374897e-01  2.15907751e-01
5408  -9.27313256e-01  1.90303074e-01
5409  -9.36094557e-01  1.64299762e-01
5410  -9.43610104e-01  1.37933766e-01
5411  -9.49831377e-01  1.11223398e-01
5412  -9.54797549e-01  8.42977606e-02
5413  -9.58257616e-01  5.72311324e-02
5414  -9.60110538e-01  2.98066558e-02
5415  -3.32517954e-01  7.00967806e-01
5416  -3.32522637e-01  6.73130958e-01
5417  -3.32527320e-01  6.45294110e-01
5418  -3.32532002e-01  6.17457262e-01
5419  -3.32536685e-01  5.89620414e-01
5420  -3.32541368e-01  5.61783566e-01
5421  -3.32546051e-01  5.33946718e-01
5422  -3.32550733e-01  5.06109870e-01
5423  -3.32555416e-01  4.78273022e-01
5424  -3.32560099e-01  4.50436174e-01
5425  -3.32564782e-01  4.22599326e-01
5426  -3.32569465e-01  3.94762478e-01
5427  -3.32574147e-01  3.66925630e-01
5428  -3.32578830e-01  3.39088782e-01
5429  -3.32583513e-01  3.11251934e-01
5430  -3.32588196e-01  2.83415086e-01
5431  -3.32592878e-01  2.55578238e-01
5432  -3.32597561e-01  2.27741390e-01
5433  -3.32602244e-01  1.99904542e-01
5434  -3.32606927e-01  1.72067694e-01
5435  -3.32611610e-01  1.44230845e-01
5436  -3.32616292e-01  1.16393997e-01
5437  -3.32620975e-01  8.85571496e-02
5438  -3.32625658e-01  6.07203015e-02
5439  -3.32630341e-01  3.28834536e-02
5440  -3.32635023e-01  5.04660552e-03
5441  -3.32639706e-01  -2.27902426e-02
5442  -3.32644389e-01  -5.06270906e-02
5443  -3.32649072e-01  -7.84639387e-02
5444  -3.32653755e-01  -1.06300787e-01
5445  -3.32658437e-01  -1.34137635e-01
5446  -3.32663120e-01  -1.61974483e-01
5447  -3.32667803e-01  -1.89811331e-01
5448  -3.32672486e-01  -2.17648179e-01
5449  -3.32677168e-01  -2.45485027e-01
5450  -3.32681851e-01  -2.73321875e-01
5451  -3.32686534e-01  -3.01158723e-01
5452  -3.32691217e-01  -3.28995571e-01
5453  -3.32695900e-01  -3.56832419e-01
5454  -3.32700582e-01  -3.84669267e-01
5455  -3.32705265e-01  -4.12506115e-01
5456  -3.32709948e-01  -4.40342963e-01
5457  -3.32714631e-01  -4.68179811e-01
5458  -3.32719313e-01  -4.96016659e-01
5459  -3.32723996e-01  -5.23853508e-01
5460  -3.32728679e-01  -5.51690356e-01
5461  -3.32733362e-01  -5.79527204e-01
5462  -3.32738045e-01  -6.07364052e-01
5463  -3.32742727e-01  -6.35200900e-01
5464  -3.32747410e-01  -6.63037748e-01
5465  -3.32752093e-01  -6.90874596e-01
5466  2.66451996e-01  7.50628449e-01
5467  2.66450866e-01  7.22758651e-01
5468  2.66449737e-01  6.94888852e-01
5469  2.66448608e-01  6.67019054e-01
5470  2.66447478e-01  6.39149255e-01
5471  2.66446349e-01  6.11279456e-01
5472  2.66445219e-01  5.83409658e-01
5473  2.66444090e-01  5.55539859e-01
5474  2.66442960e-01  5.27670061e-01
5475  2.66441831e-01  4.99800262e-01
5476  2.66440702e-01  4.71930464e-01
5477  2.66439572e-01  4.44060665e-01
5478  2.66438443e-01  4.16190866e-01
5479  2.66437313e-01  3.88321068e-01
5480  2.66436184e-01  3.60451269e-01
5481  2.66435055e-01  3.32581471e-01
5482  2.66433925e-01  3.04711672e-01
5483  2.66432796e-01  2.76841873e-01
5484  2.66431666e-01  2.48972075e-01
5485  2.66430537e-01  2.21102276e-01
5486  2.66429408e-01  1.93232478e-01
5487  2.66428278e-01  1.65362679e-01
5488  2.66427149e-01  1.37492880e-01
5489  2.66426019e-01  1.09623082e-01
5490  2.66424890e-01  8.17532835e-02
5491  2.66423761e-01  5.38834849e-02
5492  2.66422631e-01  2.60136863e-02
5493  2.66421502e-01  -1.85611230e-03
5494  2.66420372e-01  -2.97259108e-02
5495  2.66419243e-01  -5.75957094e-02
5496  2.66418113e-01  -8.54655080e-02
5497  2.66416984e-01  -1.13335307e-01
5498  2.66415855e-01  -1.41205105e-01
5499  2.66414725e-01  -1.69074904e-01
5500  2.66413596e-01  -1.96944703e-01
5501  2.66412466e-01  -2.24814501e-01
5502  2.66411337e-01  -2.52684300e-01
5503  2.66410208e-01  -2.80554098e-01
5504  2.66409078e-01  -3.08423897e-01
5505  2.66407949e-01  -3.36293695e-01
5506  2.66406819e-01  -3.64163494e-01
5507  2.66405690e-01  -3.92033293e-01
5508  2.66404561e-01  -4.19903091e-01
5509  2.66403431e-01  -4.47772890e-01
5510  2.66402302e-01  -4.75642688e-01
5511  2.66401172e-01  -5.03512487e-01
5512  2.66400043e-01  -5.31382286e-01
5513  2.66398914e-01  -5.59252084e-01
5514  2.66397784e-01  -5.87121883e-01
5515  2.66396655e-01  -6.14991681e-01
5516  2.66395525e-01  -6.42861480e-01
5517  2.66394396e-01  -6.70731279e-01
5518  2.66393267e-01  -6.98601077e-01
5519  2.66392137e-01  -7.26470876e-01
5520  2.66391008e-01  -7.54340674e-01
7825  -9.56174062e-01  -2.43336836e-03
7826  -9.54883788e-01  -2.87091783e-02
7827  -9.53134558e-01  -5.52321920e-02
7828  -9.49791976e-01  -8.12295202e-02
7829  -9.44994197e-01  -1.07109131e-01
7830  -9.38886309e-01  -1.32769435e-01
7831  -9.31520435e-01  -1.58068556e-01
7832  -9.22805028e-01  -1.82957415e-01
7833  -9.12898841e-01  -2.07456449e-01
7834  -9.01834740e-01  -2.31465265e-01
7835  -8.89633256e-01  -2.54983658e-01
7836  -8.76427214e-01  -2.78044040e-01
7837  -8.62332909e-01  -3.00593610e-01
7838  -8.47349579e-01  -3.22567425e-01
7839  -8.31510513e-01  -3.43990048e-01
7840  -8.14905709e-01  -3.64874415e-01
7841  -7.97580691e-01  -3.85198384e-01
7842  -7.79588816e-01  -4.04965484e-01
7843  -7.60943703e-01  -4.24179284e-01
7844  -7.41733535e-01  -4.42894370e-01
7845  -7.22020843e-01  -4.61080873e-01
7846  -6.98399101e-01  -4.81680798e-01
7847  -6.77932138e-01  -4.98652017e-01
7848  -6.57067133e-01  -5.15162002e-01
7849  -6.35827462e-01  -5.31189998e-01
7850  -6.14216322e-01  -5.46739486e-01
7851  -5.92262195e-01  -5.61832768e-01
7852  -5.69983192e-01  -5.76472312e-01
7853  -5.47389192e-01  -5.90687766e-01
7854  -5.24554451e-01  -6.04509350e-01
7855  -5.01457242e-01  -6.17866935e-01
7856  -4.78111348e-01  -6.30801932e-01
7857  -4.54531721e-01  -6.43283505e-01
7858  -4.30702579e-01  -6.55309349e-01
7859  -4.06671794e-01  -6.66904472e-01
7860  -3.82428210e-01  -6.77996521e-01
7861  -3.54020469e-01  -6.89242815e-01
7862  -3.30253451e-01  -6.98945167e-01
7863  -3.03111411e-01  -7.09386074e-01
7864  -2.77358028e-01  -7.18709972e-01
7865  -2.51431861e-01  -7.27501495e-01
7866  -2.25363807e-01  -7.35748330e-01
7867  -1.99132100e-01  -7.43364299e-01
7868  -1.72716075e-01  -7.50376056e-01
7869  -1.46181718e-01  -7.56790483e-01
7870  -1.19541471e-01  -7.62495208e-01
7871  -9.27441346e-02  -7.67465079e-01
7872  -6.58336065e-02  -7.71756447e-01
7873  -3.88482669e-02  -7.75290372e-01
7874  -1.17571733e-02  -7.78051807e-01
7875  1.53750871e-02  -7.80096029e-01
7876  4.25436739e-02  -7.81302598e-01
7877  6.97490717e-02  -7.81755557e-01
7878  9.69344759e-02  -7.81407636e-01
7879  1.24075338e-01  -7.80250629e-01
7880  1.51156784e-01  -7.78236839e-01
7881  1.78188882e-01  -7.75389733e-01
7882  2.05128985e-01  -7.71757145e-01
7883  2.31944406e-01  -7.67304364e-01
7884  2.68890783e-01  -7.59899583e-01
7885  2.85129955e-01  -7.56066285e-01
7886  3.15660117e-01  -7.49126032e-01
7887  3.41757814e-01  -7.41463044e-01
7888  3.67631108e-01  -7.33076328e-01
7889  3.93208399e-01  -7.23907256e-01
7890  4.18517048e-01  -7.13950011e-01
7891  4.43547796e-01  -7.03278199e-01
7892  4.68235680e-01  -6.91888736e-01
7893  4.92564411e-01  -6.79752915e-01
7894  5.16541389e-01  -6.66901251e-01
7895  5.40133570e-01  -6.53367273e-01
7896  5.63290035e-01  -6.39144649e-01
7897  5.85967538e-01  -6.24222973e-01
7898  6.08129675e-01  -6.08570887e-01
7899  6.29780515e-01  -5.92194993e-01
7900  6.50915719e-01  -5.75139495e-01
7901  6.71478097e-01  -5.57454407e-01
7902  6.95456231e-01  -5.35317964e-01
7903  7.14873977e-01  -5.16051708e-01
7904  7.33666451e-01  -4.96161702e-01
7905  7.51732369e-01  -4.75646236e-01
7906  7.69065871e-01  -4.54505524e-01
7907  7.85642267e-01  -4.32792556e-01
7908  8.01400912e-01  -4.10475436e-01
7909  8.16399082e-01  -3.87602366e-01
7910  8.30600188e-01  -3.64252520e-01
7911  8.43928324e-01  -3.40405302e-01
7912  8.56405606e-01  -3.16118776e-01
7913  8.67935652e-01  -2.91384086e-01
7914  8.78560028e-01  -2.66232937e-01
7915  8.88242269e-01  -2.40726687e-01
7916  8.96926310e-01  -2.14879427e-01
7917  9.04614575e-01  -1.88716462e-01
7918  9.11290721e-01  -1.62259918e-01
7919  9.16987220e-01  -1.35609363e-01
7920  9.21556697e-01  -1.08758730e-01
7921  9.25103361e-01  -8.16724145e-02
7922  9.27728386e-01  -5.46199453e-02
7923  9.28932357e-01  -2.71561563e-02
7924  9.30076608e-01  1.13212215e-07
7925  9.28924696e-01  2.73458226e-02
7926  9.27695627e-01  5.50307593e-02
7927  9.25123803e-01  8.23398053e-02
7928  9.21691589e-01  1.09642809e-01
7929  9.17180019e-01  1.36700879e-01
7930  9.11578591e-01  1.63592225e-01
7931  9.05003920e-01  1.90268010e-01
7932  8.97378773e-01  2.16650060e-01
7933  8.88766991e-01  2.42736165e-01
7934  8.79149861e-01  2.68485281e-01
7935  8.68605114e-01  2.93888721e-01
7936  8.57140717e-01  3.18878972e-01
7937  8.44761388e-01  3.43413638e-01
7938  8.31451912e-01  3.67466480e-01
7939  8.17269879e-01  3.91036962e-01
7940  8.02243770e-01  4.14084810e-01
7941  7.86410243e-01  4.36573742e-01
7942  7.69754855e-01  4.58458643e-01
7943  7.52322980e-01  4.79735646e-01
7944  7.34125818e-01  5.00349580e-01
7945  7.15162012e-01  5.20296866e-01
7946  6.95530808e-01  5.39587900e-01
7947  6.71604053e-01  5.61426257e-01
7948  6.51086894e-01  5.78838565e-01
7949  6.29995178e-01  5.95596175e-01
7950  6.08381343e-01  6.11627625e-01
7951  5.86219664e-01  6.26883376e-01
7952  5.63519923e-01  6.41404006e-01
7953  5.40366883e-01  6.55222313e-01
7954  5.16784679e-01  6.68288102e-01
7955  4.92790582e-01  6.80616280e-01
7956  4.68413973e-01  6.92218222e-01
7957  4.43701228e-01  7.03106917e-01
7958  4.18679898e-01  7.13260318e-01
7959  3.93378060e-01  7.22670935e-01
7960  3.67810302e-01  7.31307163e-01
7961  3.41969843e-01  7.39175540e-01
7962  3.15911249e-01  7.46323167e-01
7963  2.85661826e-01  7.53676776e-01
7964  2.68952227e-01  7.56337624e-01
7965  2.32335486e-01  7.63155036e-01
7966  2.05553924e-01  7.67308857e-01
7967  1.78669731e-01  7.70765039e-01
7968  1.51715249e-01  7.73516772e-01
7969  1.24704639e-01  7.75537828e-01
7970  9.76193508e-02  7.76830801e-01
7971  7.05223412e-02  7.77470129e-01
7972  4.34103340e-02  7.77346957e-01
7973  1.62785982e-02  7.76589059e-01
7974  -1.08250292e-02  7.75148288e-01
7975  -3.79072630e-02  7.73071259e-01
7976  -6.49208601e-02  7.70366475e-01
7977  -9.18760087e-02  7.66992629e-01
7978  -1.18758918e-01  7.63035908e-01
7979  -1.45499053e-01  7.58441670e-01
7980  -1.72135033e-01  7.53160280e-01
7981  -1.98690058e-01  7.47289938e-01
7982  -2.25103630e-01  7.40851976e-01
7983  -2.51369681e-01  7.33813155e-01
7984  -2.77502077e-01  7.26220298e-01
7985  -3.03452505e-01  7.18092599e-01
7986  -3.30016587e-01  7.09091075e-01
7987  -3.55092102e-01  7.01033103e-01
7988  -3.83305978e-01  6.90016399e-01
7989  -4.07724061e-01  6.79861295e-01
7990  -4.31894580e-01  6.69118247e-01
7991  -4.55845011e-01  6.57853925e-01
7992  -4.79532281e-01  6.46058302e-01
7993  -5.02962563e-01  6.33741246e-01
7994  -5.26115019e-01  6.20927866e-01
7995  -5.48951975e-01  6.07598313e-01
7996  -5.71462828e-01  5.93741595e-01
7997  -5.93636392e-01  5.79355773e-01
7998  -6.15455867e-01  5.64454121e-01
7999  -6.36874448e-01  5.49039494e-01
8000  -6.57863487e-01  5.33053513e-01
8001  -6.78451892e-01  5.16538373e-01
8002  -6.98580955e-01  4.99513249e-01
8003  -7.21814940e-01  4.78708815e-01
8004  -7.41755701e-01  4.59739568e-01
8005  -7.61104373e-01  4.40198087e-01
8006  -7.79796051e-01  4.20052597e-01
8007  -7.97833744e-01  3.99325719e-01
8008  -8.15159802e-01  3.78043615e-01
8009  -8.31718400e-01  3.56178593e-01
8010  -8.47490972e-01  3.33787042e-01
8011  -8.62355196e-01  3.10826488e-01
8012  -8.76336763e-01  2.87301587e-01
8013  -8.89419445e-01  2.63276790e-01
8014  -9.01521670e-01  2.38813716e-01
8015  -9.12509863e-01  2.13892262e-01
8016  -9.22362831e-01  1.88507512e-01
8017  -9.31066354e-01  1.62735174e-01
8018  -9.38512091e-01  1.36614291e-01
8019  -9.44676277e-01  1.10148364e-01
8020  -9.49594455e-01  8.34862358e-02
8021  -9.53016565e-01  5.67191362e-02
8022  -9.54852363e-01  2.95196939e-02
8023  -3.30017954e-01  7.00967386e-01
8024  -3.30022637e-01  6.73130538e-01
8025  -3.30027320e-01  6.45293690e-01
8026  -3.30032002e-01  6.17456842e-01
8027  -3.30036685e-01  5.89619994e-01
8028  -3.30041368e-01  5.61783146e-01
8029  -3.30046051e-01  5.33946298e-01
8030  -3.30050733e-01  5.06109450e-01
8031  -3.30055416e-01  4.78272602e-01
8032  -3.30060099e-01  4.50435754e-01
8033  -3.30064782e-01  4.22598906e-01
8034  -3.30069465e-01  3.94762058e-01
8035  -3.30074147e-01  3.66925210e-01
8036  -3.30078830e-01  3.39088362e-01
8037  -3.30083513e-01  3.11251514e-01
8038  -3.30088196e-01  2.83414666e-01
8039  -3.30092878e-01  2.55577818e-01
8040  -3.30097561e-01  2.27740970e-01
8041  -3.30102244e-01  1.99904122e-01
8042  -3.30106927e-01  1.72067274e-01
8043  -3.30111610e-01  1.44230425e-01
8044  -3.30116292e-01  1.16393577e-01
8045  -3.30120975e-01  8.85567290e-02
8046  -3.30125658e-01  6.07198809e-02
8047  -3.30130341e-01  3.28830330e-02
8048  -3.30135023e-01  5.04618499e-03
8049  -3.30139706e-01  -2.27906632e-02
8050  -3.30144389e-01  -5.06275112e-02
8051  -3.30149072e-01  -7.84643593e-02
8052  -3.30153755e-01  -1.06301207e-01
8053  -3.30158437e-01  -1.34138055e-01
8054  -3.30163120e-01  -1.61974903e-01
8055  -3.30167803e-01  -1.89811751e-01
8056  -3.30172486e-01  -2.17648599e-01
8057  -3.30177168e-01  -2.45485447e-01
8058  -3.30181851e-01  -2.73322295e-01
8059  -3.30186534e-01  -3.01159143e-01
8060  -3.30191217e-01  -3.28995991e-01
8061  -3.30195900e-01  -3.56832839e-01
8062  -3.30200582e-01  -3.84669687e-01
8063  -3.30205265e-01  -4.12506535e-01
8064  -3.30209948e-01  -4.40343383e-01
8065  -3.30214631e-01  -4.68180231e-01
8066  -3.30219313e-01  -4.96017079e-01
8067  -3.30223996e-01  -5.23853928e-01
8068  -3.30228679e-01  -5.51690776e-01
8069  -3.30233362e-01  -5.79527624e-01
8070  -3.30238045e-01  -6.07364472e-01
8071  -3.30242727e-01  -6.35201320e-01
8072  -3.30247410e-01  -6.63038168e-01
8073  -3.30252093e-01  -6.90875016e-01
8074  2.68951996e-01  7.50628348e-01
8075  2.68950866e-01  7.22758550e-01
8076  2.68949737e-01  6.94888751e-01
8077  2.68948608e-01  6.67018953e-01
8078  2.68947478e-01  6.39149154e-01
8079  2.68946349e-01  6.11279355e-01
8080  2.68945219e-01  5.83409557e-01
8081  2.68944090e-01  5.55539758e-01
8082  2.68942960e-01  5.27669960e-01
8083  2.68941831e-01  4.99800161e-01
8084  2.68940702e-01  4.71930363e-01
8085  2.68939572e-01  4.44060564e-01
8086  2.68938443e-01  4.16190765e-01
8087  2.68937313e-01  3.88320967e-01
8088  2.68936184e-01  3.60451168e-01
8089  2.68935055e-01  3.32581370e-01
8090  2.68933925e-01  3.04711571e-01
8091  2.68932796e-01  2.76841772e-01
8092  2.68931666e-01  2.48971974e-01
8093  2.68930537e-01  2.21102175e-01
8094  2.68929408e-01  1.93232377e-01
8095  2.68928278e-01  1.65362578e-01
8096  2.68927149e-01  1.37492779e-01
8097  2.68926019e-01  1.09622981e-01
8098  2.68924890e-01  8.17531822e-02
8099  2.68923761e-01  5.38833835e-02
8100  2.68922631e-01  2.60135849e-02
8101  2.68921502e-01  -1.85621362e-03
8102  2.68920372e-01  -2.97260122e-02
8103  2.68919243e-01  -5.75958108e-02
8104  2.68918113e-01  -8.54656094e-02
8105  2.68916984e-01  -1.13335408e-01
8106  2.68915855e-01  -1.41205206e-01
8107  2.68914725e-01  -1.69075005e-01
8108  2.68913596e-01  -1.96944804e-01
8109  2.68912466e-01  -2.24814602e-01
8110  2.68911337e-01  -2.52684401e-01
8111  2.68910208e-01  -2.80554199e-01
8112  2.68909078e-01  -3.08423998e-01
8113  2.68907949e-01  -3.36293796e-01
8114  2.68906819e-01  -3.64163595e-01
8115  2.68905690e-01  -3.92033394e-01
8116  2.68904561e-01  -4.19903192e-01
8117  2.68903431e-01  -4.47772991e-01
8118  2.68902302e-01  -4.75642789e-01
8119  2.68901172e-01  -5.03512588e-01
8120  2.68900043e-01  -5.31382387e-01
8121  2.68898914e-01  -5.59252185e-01
8122  2.68897784e-01  -5.87121984e-01
8123  2.68896655e-01  -6.14991782e-01
8124  2.68895525e-01  -6.42861581e-01
8125  2.68894396e-01  -6.70731380e-01
8126  2.68893267e-01  -6.98601178e-01
8127  2.68892137e-01  -7.26470977e-01
8128  2.68891008e-01  -7.54340775e-01
