1  2486  2485  1  2  0  0  0  0
245  4970  4969  2485  2486  0  0  0  0
489  7454  7453  4969  4970  0  0  0  0
733  9938  9937  7453  7454  0  0  0  0
2  2487  2486  2  3  0  0  0  0
246  4971  4970  2486  2487  0  0  0  0
490  7455  7454  4970  4971  0  0  0  0
734  9939  9938  7454  7455  0  0  0  0
3  2488  2487  3  4  0  0  0  0
247  4972  4971  2487  2488  0  0  0  0
491  7456  7455  4971  4972  0  0  0  0
735  9940  9939  7455  7456  0  0  0  0
4  2489  2488  4  5  0  0  0  0
248  4973  4972  2488  2489  0  0  0  0
492  7457  7456  4972  4973  0  0  0  0
736  9941  9940  7456  7457  0  0  0  0
5  2490  2489  5  6  0  0  0  0
249  4974  4973  2489  2490  0  0  0  0
493  7458  7457  4973  4974  0  0  0  0
737  9942  9941  7457  7458  0  0  0  0
6  2491  2490  6  7  0  0  0  0
250  4975  4974  2490  2491  0  0  0  0
494  7459  7458  4974  4975  0  0  0  0
738  9943  9942  7458  7459  0  0  0  0
7  2492  2491  7  8  0  0  0  0
251  4976  4975  2491  2492  0  0  0  0
495  7460  7459  4975  4976  0  0  0  0
739  9944  9943  7459  7460  0  0  0  0
8  2493  2492  8  9  0  0  0  0
252  4977  4976  2492  2493  0  0  0  0
496  7461  7460  4976  4977  0  0  0  0
740  9945  9944  7460  7461  0  0  0  0
9  2494  2493  9  10  0  0  0  0
253  4978  4977  2493  2494  0  0  0  0
497  7462  7461  4977  4978  0  0  0  0
741  9946  9945  7461  7462  0  0  0  0
10  2495  2494  10  11  0  0  0  0
254  4979  4978  2494  2495  0  0  0  0
498  7463  7462  4978  4979  0  0  0  0
742  9947  9946  7462  7463  0  0  0  0
11  2496  2495  11  12  0  0  0  0
255  4980  4979  2495  2496  0  0  0  0
499  7464  7463  4979  4980  0  0  0  0
743  9948  9947  7463  7464  0  0  0  0
12  2497  2496  12  13  0  0  0  0
256  4981  4980  2496  2497  0  0  0  0
500  7465  7464  4980  4981  0  0  0  0
744  9949  9948  7464  7465  0  0  0  0
13  2498  2497  13  14  0  0  0  0
257  4982  4981  2497  2498  0  0  0  0
501  7466  7465  4981  4982  0  0  0  0
745  9950  9949  7465  7466  0  0  0  0
14  2499  2498  14  15  0  0  0  0
258  4983  4982  2498  2499  0  0  0  0
502  7467  7466  4982  4983  0  0  0  0
746  9951  9950  7466  7467  0  0  0  0
15  2500  2499  15  16  0  0  0  0
259  4984  4983  2499  2500  0  0  0  0
503  7468  7467  4983  4984  0  0  0  0
747  9952  9951  7467  7468  0  0  0  0
16  2501  2500  16  17  0  0  0  0
260  4985  4984  2500  2501  0  0  0  0
504  7469  7468  4984  4985  0  0  0  0
748  9953  9952  7468  7469  0  0  0  0
17  2502  2501  17  18  0  0  0  0
261  4986  4985  2501  2502  0  0  0  0
505  7470  7469  4985  4986  0  0  0  0
749  9954  9953  7469  7470  0  0  0  0
18  2503  2502  18  19  0  0  0  0
262  4987  4986  2502  2503  0  0  0  0
506  7471  7470  4986  4987  0  0  0  0
750  9955  9954  7470  7471  0  0  0  0
19  2504  2503  19  20  0  0  0  0
263  4988  4987  2503  2504  0  0  0  0
507  7472  7471  4987  4988  0  0  0  0
751  9956  9955  7471  7472  0  0  0  0
20  2505  2504  20  21  0  0  0  0
264  4989  4988  2504  2505  0  0  0  0
508  7473  7472  4988  4989  0  0  0  0
752  9957  9956  7472  7473  0  0  0  0
21  2506  2505  21  22  0  0  0  0
265  4990  4989  2505  2506  0  0  0  0
509  7474  7473  4989  4990  0  0  0  0
753  9958  9957  7473  7474  0  0  0  0
22  2507  2506  22  23  0  0  0  0
266  4991  4990  2506  2507  0  0  0  0
510  7475  7474  4990  4991  0  0  0  0
754  9959  9958  7474  7475  0  0  0  0
23  2508  2507  23  24  0  0  0  0
267  4992  4991  2507  2508  0  0  0  0
511  7476  7475  4991  4992  0  0  0  0
755  9960  9959  7475  7476  0  0  0  0
24  2509  2508  24  25  0  0  0  0
268  4993  4992  2508  2509  0  0  0  0
512  7477  7476  4992  4993  0  0  0  0
756  9961  9960  7476  7477  0  0  0  0
25  2510  2509  25  26  0  0  0  0
269  4994  4993  2509  2510  0  0  0  0
513  7478  7477  4993  4994  0  0  0  0
757  9962  9961  7477  7478  0  0  0  0
26  2511  2510  26  27  0  0  0  0
270  4995  4994  2510  2511  0  0  0  0
514  7479  7478  4994  4995  0  0  0  0
758  9963  9962  7478  7479  0  0  0  0
27  2512  2511  27  28  0  0  0  0
271  4996  4995  2511  2512  0  0  0  0
515  7480  7479  4995  4996  0  0  0  0
759  9964  9963  7479  7480  0  0  0  0
28  2513  2512  28  29  0  0  0  0
272  4997  4996  2512  2513  0  0  0  0
516  7481  7480  4996  4997  0  0  0  0
760  9965  9964  7480  7481  0  0  0  0
29  2514  2513  29  30  0  0  0  0
273  4998  4997  2513  2514  0  0  0  0
517  7482  7481  4997  4998  0  0  0  0
761  9966  9965  7481  7482  0  0  0  0
30  2515  2514  30  31  0  0  0  0
274  4999  4998  2514  2515  0  0  0  0
518  7483  7482  4998  4999  0  0  0  0
762  9967  9966  7482  7483  0  0  0  0
31  2516  2515  31  32  0  0  0  0
275  5000  4999  2515  2516  0  0  0  0
519  7484  7483  4999  5000  0  0  0  0
763  9968  9967  7483  7484  0  0  0  0
32  2517  2516  32  33  0  0  0  0
276  5001  5000  2516  2517  0  0  0  0
520  7485  7484  5000  5001  0  0  0  0
764  9969  9968  7484  7485  0  0  0  0
33  2518  2517  33  34  0  0  0  0
277  5002  5001  2517  2518  0  0  0  0
521  7486  7485  5001  5002  0  0  0  0
765  9970  9969  7485  7486  0  0  0  0
34  2519  2518  34  35  0  0  0  0
278  5003  5002  2518  2519  0  0  0  0
522  7487  7486  5002  5003  0  0  0  0
766  9971  9970  7486  7487  0  0  0  0
35  2520  2519  35  36  0  0  0  0
279  5004  5003  2519  2520  0  0  0  0
523  7488  7487  5003  5004  0  0  0  0
767  9972  9971  7487  7488  0  0  0  0
36  2521  2520  36  37  0  0  0  0
280  5005  5004  2520  2521  0  0  0  0
524  7489  7488  5004  5005  0  0  0  0
768  9973  9972  7488  7489  0  0  0  0
37  2522  2521  37  38  0  0  0  0
281  5006  5005  2521  2522  0  0  0  0
525  7490  7489  5005  5006  0  0  0  0
769  9974  9973  7489  7490  0  0  0  0
38  2523  2522  38  39  0  0  0  0
282  5007  5006  2522  2523  0  0  0  0
526  7491  7490  5006  5007  0  0  0  0
770  9975  9974  7490  7491  0  0  0  0
39  2524  2523  39  40  0  0  0  0
283  5008  5007  2523  2524  0  0  0  0
527  7492  7491  5007  5008  0  0  0  0
771  9976  9975  7491  7492  0  0  0  0
40  2525  2524  40  41  0  0  0  0
284  5009  5008  2524  2525  0  0  0  0
528  7493  7492  5008  5009  0  0  0  0
772  9977  9976  7492  7493  0  0  0  0
41  2526  2525  41  42  0  0  0  0
285  5010  5009  2525  2526  0  0  0  0
529  7494  7493  5009  5010  0  0  0  0
773  9978  9977  7493  7494  0  0  0  0
42  2527  2526  42  43  0  0  0  0
286  5011  5010  2526  2527  0  0  0  0
530  7495  7494  5010  5011  0  0  0  0
774  9979  9978  7494  7495  0  0  0  0
43  2528  2527  43  44  0  0  0  0
287  5012  5011  2527  2528  0  0  0  0
531  7496  7495  5011  5012  0  0  0  0
775  9980  9979  7495  7496  0  0  0  0
44  2529  2528  44  45  0  0  0  0
288  5013  5012  2528  2529  0  0  0  0
532  7497  7496  5012  5013  0  0  0  0
776  9981  9980  7496  7497  0  0  0  0
45  2530  2529  45  46  0  0  0  0
289  5014  5013  2529  2530  0  0  0  0
533  7498  7497  5013  5014  0  0  0  0
777  9982  9981  7497  7498  0  0  0  0
46  2531  2530  46  47  0  0  0  0
290  5015  5014  2530  2531  0  0  0  0
534  7499  7498  5014  5015  0  0  0  0
778  9983  9982  7498  7499  0  0  0  0
47  2532  2531  47  48  0  0  0  0
291  5016  5015  2531  2532  0  0  0  0
535  7500  7499  5015  5016  0  0  0  0
779  9984  9983  7499  7500  0  0  0  0
48  2533  2532  48  49  0  0  0  0
292  5017  5016  2532  2533  0  0  0  0
536  7501  7500  5016  5017  0  0  0  0
780  9985  9984  7500  7501  0  0  0  0
49  2534  2533  49  50  0  0  0  0
293  5018  5017  2533  2534  0  0  0  0
537  7502  7501  5017  5018  0  0  0  0
781  9986  9985  7501  7502  0  0  0  0
50  2535  2534  50  51  0  0  0  0
294  5019  5018  2534  2535  0  0  0  0
538  7503  7502  5018  5019  0  0  0  0
782  9987  9986  7502  7503  0  0  0  0
51  2536  2535  51  52  0  0  0  0
295  5020  5019  2535  2536  0  0  0  0
539  7504  7503  5019  5020  0  0  0  0
783  9988  9987  7503  7504  0  0  0  0
52  2537  2536  52  53  0  0  0  0
296  5021  5020  2536  2537  0  0  0  0
540  7505  7504  5020  5021  0  0  0  0
784  9989  9988  7504  7505  0  0  0  0
53  2538  2537  53  54  0  0  0  0
297  5022  5021  2537  2538  0  0  0  0
541  7506  7505  5021  5022  0  0  0  0
785  9990  9989  7505  7506  0  0  0  0
54  2539  2538  54  55  0  0  0  0
298  5023  5022  2538  2539  0  0  0  0
542  7507  7506  5022  5023  0  0  0  0
786  9991  9990  7506  7507  0  0  0  0
55  2540  2539  55  56  0  0  0  0
299  5024  5023  2539  2540  0  0  0  0
543  7508  7507  5023  5024  0  0  0  0
787  9992  9991  7507  7508  0  0  0  0
56  2541  2540  56  57  0  0  0  0
300  5025  5024  2540  2541  0  0  0  0
544  7509  7508  5024  5025  0  0  0  0
788  9993  9992  7508  7509  0  0  0  0
57  2542  2541  57  58  0  0  0  0
301  5026  5025  2541  2542  0  0  0  0
545  7510  7509  5025  5026  0  0  0  0
789  9994  9993  7509  7510  0  0  0  0
58  2543  2542  58  59  0  0  0  0
302  5027  5026  2542  2543  0  0  0  0
546  7511  7510  5026  5027  0  0  0  0
790  9995  9994  7510  7511  0  0  0  0
59  2544  2543  59  60  0  0  0  0
303  5028  5027  2543  2544  0  0  0  0
547  7512  7511  5027  5028  0  0  0  0
791  9996  9995  7511  7512  0  0  0  0
60  2545  2544  60  61  0  0  0  0
304  5029  5028  2544  2545  0  0  0  0
548  7513  7512  5028  5029  0  0  0  0
792  9997  9996  7512  7513  0  0  0  0
61  2546  2545  61  62  0  0  0  0
305  5030  5029  2545  2546  0  0  0  0
549  7514  7513  5029  5030  0  0  0  0
793  9998  9997  7513  7514  0  0  0  0
62  2547  2546  62  63  0  0  0  0
306  5031  5030  2546  2547  0  0  0  0
550  7515  7514  5030  5031  0  0  0  0
794  9999  9998  7514  7515  0  0  0  0
63  2548  2547  63  64  0  0  0  0
307  5032  5031  2547  2548  0  0  0  0
551  7516  7515  5031  5032  0  0  0  0
795  10000  9999  7515  7516  0  0  0  0
64  2549  2548  64  65  0  0  0  0
308  5033  5032  2548  2549  0  0  0  0
552  7517  7516  5032  5033  0  0  0  0
796  10001  10000  7516  7517  0  0  0  0
65  2550  2549  65  66  0  0  0  0
309  5034  5033  2549  2550  0  0  0  0
553  7518  7517  5033  5034  0  0  0  0
797  10002  10001  7517  7518  0  0  0  0
66  2551  2550  66  67  0  0  0  0
310  5035  5034  2550  2551  0  0  0  0
554  7519  7518  5034  5035  0  0  0  0
798  10003  10002  7518  7519  0  0  0  0
67  2552  2551  67  68  0  0  0  0
311  5036  5035  2551  2552  0  0  0  0
555  7520  7519  5035  5036  0  0  0  0
799  10004  10003  7519  7520  0  0  0  0
68  2553  2552  68  69  0  0  0  0
312  5037  5036  2552  2553  0  0  0  0
556  7521  7520  5036  5037  0  0  0  0
800  10005  10004  7520  7521  0  0  0  0
69  2554  2553  69  70  0  0  0  0
313  5038  5037  2553  2554  0  0  0  0
557  7522  7521  5037  5038  0  0  0  0
801  10006  10005  7521  7522  0  0  0  0
70  2555  2554  70  71  0  0  0  0
314  5039  5038  2554  2555  0  0  0  0
558  7523  7522  5038  5039  0  0  0  0
802  10007  10006  7522  7523  0  0  0  0
71  2556  2555  71  72  0  0  0  0
315  5040  5039  2555  2556  0  0  0  0
559  7524  7523  5039  5040  0  0  0  0
803  10008  10007  7523  7524  0  0  0  0
72  2557  2556  72  73  0  0  0  0
316  5041  5040  2556  2557  0  0  0  0
560  7525  7524  5040  5041  0  0  0  0
804  10009  10008  7524  7525  0  0  0  0
73  2558  2557  73  74  0  0  0  0
317  5042  5041  2557  2558  0  0  0  0
561  7526  7525  5041  5042  0  0  0  0
805  10010  10009  7525  7526  0  0  0  0
74  2559  2558  74  75  0  0  0  0
318  5043  5042  2558  2559  0  0  0  0
562  7527  7526  5042  5043  0  0  0  0
806  10011  10010  7526  7527  0  0  0  0
75  2560  2559  75  76  0  0  0  0
319  5044  5043  2559  2560  0  0  0  0
563  7528  7527  5043  5044  0  0  0  0
807  10012  10011  7527  7528  0  0  0  0
76  2561  2560  76  77  0  0  0  0
320  5045  5044  2560  2561  0  0  0  0
564  7529  7528  5044  5045  0  0  0  0
808  10013  10012  7528  7529  0  0  0  0
77  2562  2561  77  78  0  0  0  0
321  5046  5045  2561  2562  0  0  0  0
565  7530  7529  5045  5046  0  0  0  0
809  10014  10013  7529  7530  0  0  0  0
78  2563  2562  78  79  0  0  0  0
322  5047  5046  2562  2563  0  0  0  0
566  7531  7530  5046  5047  0  0  0  0
810  10015  10014  7530  7531  0  0  0  0
79  2564  2563  79  80  0  0  0  0
323  5048  5047  2563  2564  0  0  0  0
567  7532  7531  5047  5048  0  0  0  0
811  10016  10015  7531  7532  0  0  0  0
80  2565  2564  80  81  0  0  0  0
324  5049  5048  2564  2565  0  0  0  0
568  7533  7532  5048  5049  0  0  0  0
812  10017  10016  7532  7533  0  0  0  0
81  2566  2565  81  82  0  0  0  0
325  5050  5049  2565  2566  0  0  0  0
569  7534  7533  5049  5050  0  0  0  0
813  10018  10017  7533  7534  0  0  0  0
82  2567  2566  82  83  0  0  0  0
326  5051  5050  2566  2567  0  0  0  0
570  7535  7534  5050  5051  0  0  0  0
814  10019  10018  7534  7535  0  0  0  0
83  2568  2567  83  84  0  0  0  0
327  5052  5051  2567  2568  0  0  0  0
571  7536  7535  5051  5052  0  0  0  0
815  10020  10019  7535  7536  0  0  0  0
84  2569  2568  84  85  0  0  0  0
328  5053  5052  2568  2569  0  0  0  0
572  7537  7536  5052  5053  0  0  0  0
816  10021  10020  7536  7537  0  0  0  0
85  2570  2569  85  86  0  0  0  0
329  5054  5053  2569  2570  0  0  0  0
573  7538  7537  5053  5054  0  0  0  0
817  10022  10021  7537  7538  0  0  0  0
86  2571  2570  86  87  0  0  0  0
330  5055  5054  2570  2571  0  0  0  0
574  7539  7538  5054  5055  0  0  0  0
818  10023  10022  7538  7539  0  0  0  0
87  2572  2571  87  88  0  0  0  0
331  5056  5055  2571  2572  0  0  0  0
575  7540  7539  5055  5056  0  0  0  0
819  10024  10023  7539  7540  0  0  0  0
88  2573  2572  88  89  0  0  0  0
332  5057  5056  2572  2573  0  0  0  0
576  7541  7540  5056  5057  0  0  0  0
820  10025  10024  7540  7541  0  0  0  0
89  2574  2573  89  90  0  0  0  0
333  5058  5057  2573  2574  0  0  0  0
577  7542  7541  5057  5058  0  0  0  0
821  10026  10025  7541  7542  0  0  0  0
90  2575  2574  90  91  0  0  0  0
334  5059  5058  2574  2575  0  0  0  0
578  7543  7542  5058  5059  0  0  0  0
822  10027  10026  7542  7543  0  0  0  0
91  2576  2575  91  92  0  0  0  0
335  5060  5059  2575  2576  0  0  0  0
579  7544  7543  5059  5060  0  0  0  0
823  10028  10027  7543  7544  0  0  0  0
92  2577  2576  92  93  0  0  0  0
336  5061  5060  2576  2577  0  0  0  0
580  7545  7544  5060  5061  0  0  0  0
824  10029  10028  7544  7545  0  0  0  0
93  2578  2577  93  94  0  0  0  0
337  5062  5061  2577  2578  0  0  0  0
581  7546  7545  5061  5062  0  0  0  0
825  10030  10029  7545  7546  0  0  0  0
94  2579  2578  94  95  0  0  0  0
338  5063  5062  2578  2579  0  0  0  0
582  7547  7546  5062  5063  0  0  0  0
826  10031  10030  7546  7547  0  0  0  0
95  2580  2579  95  96  0  0  0  0
339  5064  5063  2579  2580  0  0  0  0
583  7548  7547  5063  5064  0  0  0  0
827  10032  10031  7547  7548  0  0  0  0
96  2581  2580  96  97  0  0  0  0
340  5065  5064  2580  2581  0  0  0  0
584  7549  7548  5064  5065  0  0  0  0
828  10033  10032  7548  7549  0  0  0  0
97  2582  2581  97  98  0  0  0  0
341  5066  5065  2581  2582  0  0  0  0
585  7550  7549  5065  5066  0  0  0  0
829  10034  10033  7549  7550  0  0  0  0
98  2583  2582  98  99  0  0  0  0
342  5067  5066  2582  2583  0  0  0  0
586  7551  7550  5066  5067  0  0  0  0
830  10035  10034  7550  7551  0  0  0  0
99  2584  2583  99  100  0  0  0  0
343  5068  5067  2583  2584  0  0  0  0
587  7552  7551  5067  5068  0  0  0  0
831  10036  10035  7551  7552  0  0  0  0
100  2585  2584  100  101  0  0  0  0
344  5069  5068  2584  2585  0  0  0  0
588  7553  7552  5068  5069  0  0  0  0
832  10037  10036  7552  7553  0  0  0  0
101  2586  2585  101  102  0  0  0  0
345  5070  5069  2585  2586  0  0  0  0
589  7554  7553  5069  5070  0  0  0  0
833  10038  10037  7553  7554  0  0  0  0
102  2587  2586  102  103  0  0  0  0
346  5071  5070  2586  2587  0  0  0  0
590  7555  7554  5070  5071  0  0  0  0
834  10039  10038  7554  7555  0  0  0  0
103  2588  2587  103  104  0  0  0  0
347  5072  5071  2587  2588  0  0  0  0
591  7556  7555  5071  5072  0  0  0  0
835  10040  10039  7555  7556  0  0  0  0
104  2589  2588  104  105  0  0  0  0
348  5073  5072  2588  2589  0  0  0  0
592  7557  7556  5072  5073  0  0  0  0
836  10041  10040  7556  7557  0  0  0  0
105  2590  2589  105  106  0  0  0  0
349  5074  5073  2589  2590  0  0  0  0
593  7558  7557  5073  5074  0  0  0  0
837  10042  10041  7557  7558  0  0  0  0
106  2591  2590  106  107  0  0  0  0
350  5075  5074  2590  2591  0  0  0  0
594  7559  7558  5074  5075  0  0  0  0
838  10043  10042  7558  7559  0  0  0  0
107  2592  2591  107  108  0  0  0  0
351  5076  5075  2591  2592  0  0  0  0
595  7560  7559  5075  5076  0  0  0  0
839  10044  10043  7559  7560  0  0  0  0
108  2593  2592  108  109  0  0  0  0
352  5077  5076  2592  2593  0  0  0  0
596  7561  7560  5076  5077  0  0  0  0
840  10045  10044  7560  7561  0  0  0  0
109  2594  2593  109  110  0  0  0  0
353  5078  5077  2593  2594  0  0  0  0
597  7562  7561  5077  5078  0  0  0  0
841  10046  10045  7561  7562  0  0  0  0
110  2595  2594  110  111  0  0  0  0
354  5079  5078  2594  2595  0  0  0  0
598  7563  7562  5078  5079  0  0  0  0
842  10047  10046  7562  7563  0  0  0  0
111  2596  2595  111  112  0  0  0  0
355  5080  5079  2595  2596  0  0  0  0
599  7564  7563  5079  5080  0  0  0  0
843  10048  10047  7563  7564  0  0  0  0
112  2597  2596  112  113  0  0  0  0
356  5081  5080  2596  2597  0  0  0  0
600  7565  7564  5080  5081  0  0  0  0
844  10049  10048  7564  7565  0  0  0  0
113  2598  2597  113  114  0  0  0  0
357  5082  5081  2597  2598  0  0  0  0
601  7566  7565  5081  5082  0  0  0  0
845  10050  10049  7565  7566  0  0  0  0
114  2599  2598  114  115  0  0  0  0
358  5083  5082  2598  2599  0  0  0  0
602  7567  7566  5082  5083  0  0  0  0
846  10051  10050  7566  7567  0  0  0  0
115  2600  2599  115  116  0  0  0  0
359  5084  5083  2599  2600  0  0  0  0
603  7568  7567  5083  5084  0  0  0  0
847  10052  10051  7567  7568  0  0  0  0
116  2601  2600  116  117  0  0  0  0
360  5085  5084  2600  2601  0  0  0  0
604  7569  7568  5084  5085  0  0  0  0
848  10053  10052  7568  7569  0  0  0  0
117  2602  2601  117  118  0  0  0  0
361  5086  5085  2601  2602  0  0  0  0
605  7570  7569  5085  5086  0  0  0  0
849  10054  10053  7569  7570  0  0  0  0
118  2603  2602  118  119  0  0  0  0
362  5087  5086  2602  2603  0  0  0  0
606  7571  7570  5086  5087  0  0  0  0
850  10055  10054  7570  7571  0  0  0  0
119  2604  2603  119  120  0  0  0  0
363  5088  5087  2603  2604  0  0  0  0
607  7572  7571  5087  5088  0  0  0  0
851  10056  10055  7571  7572  0  0  0  0
120  2605  2604  120  121  0  0  0  0
364  5089  5088  2604  2605  0  0  0  0
608  7573  7572  5088  5089  0  0  0  0
852  10057  10056  7572  7573  0  0  0  0
121  2606  2605  121  122  0  0  0  0
365  5090  5089  2605  2606  0  0  0  0
609  7574  7573  5089  5090  0  0  0  0
853  10058  10057  7573  7574  0  0  0  0
122  2607  2606  122  123  0  0  0  0
366  5091  5090  2606  2607  0  0  0  0
610  7575  7574  5090  5091  0  0  0  0
854  10059  10058  7574  7575  0  0  0  0
123  2608  2607  123  124  0  0  0  0
367  5092  5091  2607  2608  0  0  0  0
611  7576  7575  5091  5092  0  0  0  0
855  10060  10059  7575  7576  0  0  0  0
124  2609  2608  124  125  0  0  0  0
368  5093  5092  2608  2609  0  0  0  0
612  7577  7576  5092  5093  0  0  0  0
856  10061  10060  7576  7577  0  0  0  0
125  2610  2609  125  126  0  0  0  0
369  5094  5093  2609  2610  0  0  0  0
613  7578  7577  5093  5094  0  0  0  0
857  10062  10061  7577  7578  0  0  0  0
126  2611  2610  126  127  0  0  0  0
370  5095  5094  2610  2611  0  0  0  0
614  7579  7578  5094  5095  0  0  0  0
858  10063  10062  7578  7579  0  0  0  0
127  2612  2611  127  128  0  0  0  0
371  5096  5095  2611  2612  0  0  0  0
615  7580  7579  5095  5096  0  0  0  0
859  10064  10063  7579  7580  0  0  0  0
128  2613  2612  128  129  0  0  0  0
372  5097  5096  2612  2613  0  0  0  0
616  7581  7580  5096  5097  0  0  0  0
860  10065  10064  7580  7581  0  0  0  0
129  2614  2613  129  130  0  0  0  0
373  5098  5097  2613  2614  0  0  0  0
617  7582  7581  5097  5098  0  0  0  0
861  10066  10065  7581  7582  0  0  0  0
130  2615  2614  130  131  0  0  0  0
374  5099  5098  2614  2615  0  0  0  0
618  7583  7582  5098  5099  0  0  0  0
862  10067  10066  7582  7583  0  0  0  0
131  2616  2615  131  132  0  0  0  0
375  5100  5099  2615  2616  0  0  0  0
619  7584  7583  5099  5100  0  0  0  0
863  10068  10067  7583  7584  0  0  0  0
132  2617  2616  132  133  0  0  0  0
376  5101  5100  2616  2617  0  0  0  0
620  7585  7584  5100  5101  0  0  0  0
864  10069  10068  7584  7585  0  0  0  0
133  2618  2617  133  134  0  0  0  0
377  5102  5101  2617  2618  0  0  0  0
621  7586  7585  5101  5102  0  0  0  0
865  10070  10069  7585  7586  0  0  0  0
134  2619  2618  134  135  0  0  0  0
378  5103  5102  2618  2619  0  0  0  0
622  7587  7586  5102  5103  0  0  0  0
866  10071  10070  7586  7587  0  0  0  0
135  2620  2619  135  136  0  0  0  0
379  5104  5103  2619  2620  0  0  0  0
623  7588  7587  5103  5104  0  0  0  0
867  10072  10071  7587  7588  0  0  0  0
136  2621  2620  136  137  0  0  0  0
380  5105  5104  2620  2621  0  0  0  0
624  7589  7588  5104  5105  0  0  0  0
868  10073  10072  7588  7589  0  0  0  0
137  2622  2621  137  138  0  0  0  0
381  5106  5105  2621  2622  0  0  0  0
625  7590  7589  5105  5106  0  0  0  0
869  10074  10073  7589  7590  0  0  0  0
138  2623  2622  138  139  0  0  0  0
382  5107  5106  2622  2623  0  0  0  0
626  7591  7590  5106  5107  0  0  0  0
870  10075  10074  7590  7591  0  0  0  0
139  2624  2623  139  140  0  0  0  0
383  5108  5107  2623  2624  0  0  0  0
627  7592  7591  5107  5108  0  0  0  0
871  10076  10075  7591  7592  0  0  0  0
140  2625  2624  140  141  0  0  0  0
384  5109  5108  2624  2625  0  0  0  0
628  7593  7592  5108  5109  0  0  0  0
872  10077  10076  7592  7593  0  0  0  0
141  2626  2625  141  142  0  0  0  0
385  5110  5109  2625  2626  0  0  0  0
629  7594  7593  5109  5110  0  0  0  0
873  10078  10077  7593  7594  0  0  0  0
142  2627  2626  142  143  0  0  0  0
386  5111  5110  2626  2627  0  0  0  0
630  7595  7594  5110  5111  0  0  0  0
874  10079  10078  7594  7595  0  0  0  0
143  2628  2627  143  144  0  0  0  0
387  5112  5111  2627  2628  0  0  0  0
631  7596  7595  5111  5112  0  0  0  0
875  10080  10079  7595  7596  0  0  0  0
144  2629  2628  144  145  0  0  0  0
388  5113  5112  2628  2629  0  0  0  0
632  7597  7596  5112  5113  0  0  0  0
876  10081  10080  7596  7597  0  0  0  0
145  2630  2629  145  146  0  0  0  0
389  5114  5113  2629  2630  0  0  0  0
633  7598  7597  5113  5114  0  0  0  0
877  10082  10081  7597  7598  0  0  0  0
146  2631  2630  146  147  0  0  0  0
390  5115  5114  2630  2631  0  0  0  0
634  7599  7598  5114  5115  0  0  0  0
878  10083  10082  7598  7599  0  0  0  0
147  2632  2631  147  148  0  0  0  0
391  5116  5115  2631  2632  0  0  0  0
635  7600  7599  5115  5116  0  0  0  0
879  10084  10083  7599  7600  0  0  0  0
148  2633  2632  148  149  0  0  0  0
392  5117  5116  2632  2633  0  0  0  0
636  7601  7600  5116  5117  0  0  0  0
880  10085  10084  7600  7601  0  0  0  0
149  2634  2633  149  150  0  0  0  0
393  5118  5117  2633  2634  0  0  0  0
637  7602  7601  5117  5118  0  0  0  0
881  10086  10085  7601  7602  0  0  0  0
150  2635  2634  150  151  0  0  0  0
394  5119  5118  2634  2635  0  0  0  0
638  7603  7602  5118  5119  0  0  0  0
882  10087  10086  7602  7603  0  0  0  0
151  2636  2635  151  152  0  0  0  0
395  5120  5119  2635  2636  0  0  0  0
639  7604  7603  5119  5120  0  0  0  0
883  10088  10087  7603  7604  0  0  0  0
152  2637  2636  152  153  0  0  0  0
396  5121  5120  2636  2637  0  0  0  0
640  7605  7604  5120  5121  0  0  0  0
884  10089  10088  7604  7605  0  0  0  0
153  2638  2637  153  154  0  0  0  0
397  5122  5121  2637  2638  0  0  0  0
641  7606  7605  5121  5122  0  0  0  0
885  10090  10089  7605  7606  0  0  0  0
154  2639  2638  154  155  0  0  0  0
398  5123  5122  2638  2639  0  0  0  0
642  7607  7606  5122  5123  0  0  0  0
886  10091  10090  7606  7607  0  0  0  0
155  2640  2639  155  156  0  0  0  0
399  5124  5123  2639  2640  0  0  0  0
643  7608  7607  5123  5124  0  0  0  0
887  10092  10091  7607  7608  0  0  0  0
156  2641  2640  156  157  0  0  0  0
400  5125  5124  2640  2641  0  0  0  0
644  7609  7608  5124  5125  0  0  0  0
888  10093  10092  7608  7609  0  0  0  0
157  2642  2641  157  158  0  0  0  0
401  5126  5125  2641  2642  0  0  0  0
645  7610  7609  5125  5126  0  0  0  0
889  10094  10093  7609  7610  0  0  0  0
158  2643  2642  158  159  0  0  0  0
402  5127  5126  2642  2643  0  0  0  0
646  7611  7610  5126  5127  0  0  0  0
890  10095  10094  7610  7611  0  0  0  0
159  2644  2643  159  160  0  0  0  0
403  5128  5127  2643  2644  0  0  0  0
647  7612  7611  5127  5128  0  0  0  0
891  10096  10095  7611  7612  0  0  0  0
160  2645  2644  160  161  0  0  0  0
404  5129  5128  2644  2645  0  0  0  0
648  7613  7612  5128  5129  0  0  0  0
892  10097  10096  7612  7613  0  0  0  0
161  2646  2645  161  162  0  0  0  0
405  5130  5129  2645  2646  0  0  0  0
649  7614  7613  5129  5130  0  0  0  0
893  10098  10097  7613  7614  0  0  0  0
162  2647  2646  162  163  0  0  0  0
406  5131  5130  2646  2647  0  0  0  0
650  7615  7614  5130  5131  0  0  0  0
894  10099  10098  7614  7615  0  0  0  0
163  2648  2647  163  164  0  0  0  0
407  5132  5131  2647  2648  0  0  0  0
651  7616  7615  5131  5132  0  0  0  0
895  10100  10099  7615  7616  0  0  0  0
164  2649  2648  164  165  0  0  0  0
408  5133  5132  2648  2649  0  0  0  0
652  7617  7616  5132  5133  0  0  0  0
896  10101  10100  7616  7617  0  0  0  0
165  2650  2649  165  166  0  0  0  0
409  5134  5133  2649  2650  0  0  0  0
653  7618  7617  5133  5134  0  0  0  0
897  10102  10101  7617  7618  0  0  0  0
166  2651  2650  166  167  0  0  0  0
410  5135  5134  2650  2651  0  0  0  0
654  7619  7618  5134  5135  0  0  0  0
898  10103  10102  7618  7619  0  0  0  0
167  2652  2651  167  168  0  0  0  0
411  5136  5135  2651  2652  0  0  0  0
655  7620  7619  5135  5136  0  0  0  0
899  10104  10103  7619  7620  0  0  0  0
168  2653  2652  168  169  0  0  0  0
412  5137  5136  2652  2653  0  0  0  0
656  7621  7620  5136  5137  0  0  0  0
900  10105  10104  7620  7621  0  0  0  0
169  2654  2653  169  170  0  0  0  0
413  5138  5137  2653  2654  0  0  0  0
657  7622  7621  5137  5138  0  0  0  0
901  10106  10105  7621  7622  0  0  0  0
170  2655  2654  170  171  0  0  0  0
414  5139  5138  2654  2655  0  0  0  0
658  7623  7622  5138  5139  0  0  0  0
902  10107  10106  7622  7623  0  0  0  0
171  2656  2655  171  172  0  0  0  0
415  5140  5139  2655  2656  0  0  0  0
659  7624  7623  5139  5140  0  0  0  0
903  10108  10107  7623  7624  0  0  0  0
172  2657  2656  172  173  0  0  0  0
416  5141  5140  2656  2657  0  0  0  0
660  7625  7624  5140  5141  0  0  0  0
904  10109  10108  7624  7625  0  0  0  0
173  2658  2657  173  174  0  0  0  0
417  5142  5141  2657  2658  0  0  0  0
661  7626  7625  5141  5142  0  0  0  0
905  10110  10109  7625  7626  0  0  0  0
174  2659  2658  174  175  0  0  0  0
418  5143  5142  2658  2659  0  0  0  0
662  7627  7626  5142  5143  0  0  0  0
906  10111  10110  7626  7627  0  0  0  0
175  2660  2659  175  176  0  0  0  0
419  5144  5143  2659  2660  0  0  0  0
663  7628  7627  5143  5144  0  0  0  0
907  10112  10111  7627  7628  0  0  0  0
176  2661  2660  176  177  0  0  0  0
420  5145  5144  2660  2661  0  0  0  0
664  7629  7628  5144  5145  0  0  0  0
908  10113  10112  7628  7629  0  0  0  0
177  2662  2661  177  178  0  0  0  0
421  5146  5145  2661  2662  0  0  0  0
665  7630  7629  5145  5146  0  0  0  0
909  10114  10113  7629  7630  0  0  0  0
178  2663  2662  178  179  0  0  0  0
422  5147  5146  2662  2663  0  0  0  0
666  7631  7630  5146  5147  0  0  0  0
910  10115  10114  7630  7631  0  0  0  0
179  2664  2663  179  180  0  0  0  0
423  5148  5147  2663  2664  0  0  0  0
667  7632  7631  5147  5148  0  0  0  0
911  10116  10115  7631  7632  0  0  0  0
180  2665  2664  180  181  0  0  0  0
424  5149  5148  2664  2665  0  0  0  0
668  7633  7632  5148  5149  0  0  0  0
912  10117  10116  7632  7633  0  0  0  0
181  2666  2665  181  182  0  0  0  0
425  5150  5149  2665  2666  0  0  0  0
669  7634  7633  5149  5150  0  0  0  0
913  10118  10117  7633  7634  0  0  0  0
182  2667  2666  182  183  0  0  0  0
426  5151  5150  2666  2667  0  0  0  0
670  7635  7634  5150  5151  0  0  0  0
914  10119  10118  7634  7635  0  0  0  0
183  2668  2667  183  184  0  0  0  0
427  5152  5151  2667  2668  0  0  0  0
671  7636  7635  5151  5152  0  0  0  0
915  10120  10119  7635  7636  0  0  0  0
184  2669  2668  184  185  0  0  0  0
428  5153  5152  2668  2669  0  0  0  0
672  7637  7636  5152  5153  0  0  0  0
916  10121  10120  7636  7637  0  0  0  0
185  2670  2669  185  186  0  0  0  0
429  5154  5153  2669  2670  0  0  0  0
673  7638  7637  5153  5154  0  0  0  0
917  10122  10121  7637  7638  0  0  0  0
186  2671  2670  186  187  0  0  0  0
430  5155  5154  2670  2671  0  0  0  0
674  7639  7638  5154  5155  0  0  0  0
918  10123  10122  7638  7639  0  0  0  0
187  2672  2671  187  188  0  0  0  0
431  5156  5155  2671  2672  0  0  0  0
675  7640  7639  5155  5156  0  0  0  0
919  10124  10123  7639  7640  0  0  0  0
188  2673  2672  188  189  0  0  0  0
432  5157  5156  2672  2673  0  0  0  0
676  7641  7640  5156  5157  0  0  0  0
920  10125  10124  7640  7641  0  0  0  0
189  2674  2673  189  190  0  0  0  0
433  5158  5157  2673  2674  0  0  0  0
677  7642  7641  5157  5158  0  0  0  0
921  10126  10125  7641  7642  0  0  0  0
190  2675  2674  190  191  0  0  0  0
434  5159  5158  2674  2675  0  0  0  0
678  7643  7642  5158  5159  0  0  0  0
922  10127  10126  7642  7643  0  0  0  0
191  2676  2675  191  192  0  0  0  0
435  5160  5159  2675  2676  0  0  0  0
679  7644  7643  5159  5160  0  0  0  0
923  10128  10127  7643  7644  0  0  0  0
192  2677  2676  192  193  0  0  0  0
436  5161  5160  2676  2677  0  0  0  0
680  7645  7644  5160  5161  0  0  0  0
924  10129  10128  7644  7645  0  0  0  0
193  2678  2677  193  194  0  0  0  0
437  5162  5161  2677  2678  0  0  0  0
681  7646  7645  5161  5162  0  0  0  0
925  10130  10129  7645  7646  0  0  0  0
194  2679  2678  194  195  0  0  0  0
438  5163  5162  2678  2679  0  0  0  0
682  7647  7646  5162  5163  0  0  0  0
926  10131  10130  7646  7647  0  0  0  0
195  2680  2679  195  196  0  0  0  0
439  5164  5163  2679  2680  0  0  0  0
683  7648  7647  5163  5164  0  0  0  0
927  10132  10131  7647  7648  0  0  0  0
196  2681  2680  196  197  0  0  0  0
440  5165  5164  2680  2681  0  0  0  0
684  7649  7648  5164  5165  0  0  0  0
928  10133  10132  7648  7649  0  0  0  0
197  2682  2681  197  198  0  0  0  0
441  5166  5165  2681  2682  0  0  0  0
685  7650  7649  5165  5166  0  0  0  0
929  10134  10133  7649  7650  0  0  0  0
198  2683  2682  198  199  0  0  0  0
442  5167  5166  2682  2683  0  0  0  0
686  7651  7650  5166  5167  0  0  0  0
930  10135  10134  7650  7651  0  0  0  0
199  2485  2683  199  1  0  0  0  0
443  4969  5167  2683  2485  0  0  0  0
687  7453  7651  5167  4969  0  0  0  0
931  9937  10135  7651  7453  0  0  0  0
200  2684  2630  146  200  0  0  0  0
444  5168  5114  2630  2684  0  0  0  0
688  7652  7598  5114  5168  0  0  0  0
932  10136  10082  7598  7652  0  0  0  0
201  2685  2684  200  201  0  0  0  0
445  5169  5168  2684  2685  0  0  0  0
689  7653  7652  5168  5169  0  0  0  0
933  10137  10136  7652  7653  0  0  0  0
202  2686  2685  201  202  0  0  0  0
446  5170  5169  2685  2686  0  0  0  0
690  7654  7653  5169  5170  0  0  0  0
934  10138  10137  7653  7654  0  0  0  0
203  2687  2686  202  203  0  0  0  0
447  5171  5170  2686  2687  0  0  0  0
691  7655  7654  5170  5171  0  0  0  0
935  10139  10138  7654  7655  0  0  0  0
204  2688  2687  203  204  0  0  0  0
448  5172  5171  2687  2688  0  0  0  0
692  7656  7655  5171  5172  0  0  0  0
936  10140  10139  7655  7656  0  0  0  0
205  2689  2688  204  205  0  0  0  0
449  5173  5172  2688  2689  0  0  0  0
693  7657  7656  5172  5173  0  0  0  0
937  10141  10140  7656  7657  0  0  0  0
206  2690  2689  205  206  0  0  0  0
450  5174  5173  2689  2690  0  0  0  0
694  7658  7657  5173  5174  0  0  0  0
938  10142  10141  7657  7658  0  0  0  0
207  2691  2690  206  207  0  0  0  0
451  5175  5174  2690  2691  0  0  0  0
695  7659  7658  5174  5175  0  0  0  0
939  10143  10142  7658  7659  0  0  0  0
208  2692  2691  207  208  0  0  0  0
452  5176  5175  2691  2692  0  0  0  0
696  7660  7659  5175  5176  0  0  0  0
940  10144  10143  7659  7660  0  0  0  0
209  2693  2692  208  209  0  0  0  0
453  5177  5176  2692  2693  0  0  0  0
697  7661  7660  5176  5177  0  0  0  0
941  10145  10144  7660  7661  0  0  0  0
210  2694  2693  209  210  0  0  0  0
454  5178  5177  2693  2694  0  0  0  0
698  7662  7661  5177  5178  0  0  0  0
942  10146  10145  7661  7662  0  0  0  0
211  2695  2694  210  211  0  0  0  0
455  5179  5178  2694  2695  0  0  0  0
699  7663  7662  5178  5179  0  0  0  0
943  10147  10146  7662  7663  0  0  0  0
212  2696  2695  211  212  0  0  0  0
456  5180  5179  2695  2696  0  0  0  0
700  7664  7663  5179  5180  0  0  0  0
944  10148  10147  7663  7664  0  0  0  0
213  2697  2696  212  213  0  0  0  0
457  5181  5180  2696  2697  0  0  0  0
701  7665  7664  5180  5181  0  0  0  0
945  10149  10148  7664  7665  0  0  0  0
214  2698  2697  213  214  0  0  0  0
458  5182  5181  2697  2698  0  0  0  0
702  7666  7665  5181  5182  0  0  0  0
946  10150  10149  7665  7666  0  0  0  0
215  2699  2698  214  215  0  0  0  0
459  5183  5182  2698  2699  0  0  0  0
703  7667  7666  5182  5183  0  0  0  0
947  10151  10150  7666  7667  0  0  0  0
216  2700  2699  215  216  0  0  0  0
460  5184  5183  2699  2700  0  0  0  0
704  7668  7667  5183  5184  0  0  0  0
948  10152  10151  7667  7668  0  0  0  0
217  2701  2700  216  217  0  0  0  0
461  5185  5184  2700  2701  0  0  0  0
705  7669  7668  5184  5185  0  0  0  0
949  10153  10152  7668  7669  0  0  0  0
218  2702  2701  217  218  0  0  0  0
462  5186  5185  2701  2702  0  0  0  0
706  7670  7669  5185  5186  0  0  0  0
950  10154  10153  7669  7670  0  0  0  0
219  2703  2702  218  219  0  0  0  0
463  5187  5186  2702  2703  0  0  0  0
707  7671  7670  5186  5187  0  0  0  0
951  10155  10154  7670  7671  0  0  0  0
220  2704  2703  219  220  0  0  0  0
464  5188  5187  2703  2704  0  0  0  0
708  7672  7671  5187  5188  0  0  0  0
952  10156  10155  7671  7672  0  0  0  0
221  2539  2704  220  55  0  0  0  0
465  5023  5188  2704  2539  0  0  0  0
709  7507  7672  5188  5023  0  0  0  0
953  9991  10156  7672  7507  0  0  0  0
222  2705  2611  127  221  0  0  0  0
466  5189  5095  2611  2705  0  0  0  0
710  7673  7579  5095  5189  0  0  0  0
954  10157  10063  7579  7673  0  0  0  0
223  2706  2705  221  222  0  0  0  0
467  5190  5189  2705  2706  0  0  0  0
711  7674  7673  5189  5190  0  0  0  0
955  10158  10157  7673  7674  0  0  0  0
224  2707  2706  222  223  0  0  0  0
468  5191  5190  2706  2707  0  0  0  0
712  7675  7674  5190  5191  0  0  0  0
956  10159  10158  7674  7675  0  0  0  0
225  2708  2707  223  224  0  0  0  0
469  5192  5191  2707  2708  0  0  0  0
713  7676  7675  5191  5192  0  0  0  0
957  10160  10159  7675  7676  0  0  0  0
226  2709  2708  224  225  0  0  0  0
470  5193  5192  2708  2709  0  0  0  0
714  7677  7676  5192  5193  0  0  0  0
958  10161  10160  7676  7677  0  0  0  0
227  2710  2709  225  226  0  0  0  0
471  5194  5193  2709  2710  0  0  0  0
715  7678  7677  5193  5194  0  0  0  0
959  10162  10161  7677  7678  0  0  0  0
228  2711  2710  226  227  0  0  0  0
472  5195  5194  2710  2711  0  0  0  0
716  7679  7678  5194  5195  0  0  0  0
960  10163  10162  7678  7679  0  0  0  0
229  2712  2711  227  228  0  0  0  0
473  5196  5195  2711  2712  0  0  0  0
717  7680  7679  5195  5196  0  0  0  0
961  10164  10163  7679  7680  0  0  0  0
230  2713  2712  228  229  0  0  0  0
474  5197  5196  2712  2713  0  0  0  0
718  7681  7680  5196  5197  0  0  0  0
962  10165  10164  7680  7681  0  0  0  0
231  2714  2713  229  230  0  0  0  0
475  5198  5197  2713  2714  0  0  0  0
719  7682  7681  5197  5198  0  0  0  0
963  10166  10165  7681  7682  0  0  0  0
232  2715  2714  230  231  0  0  0  0
476  5199  5198  2714  2715  0  0  0  0
720  7683  7682  5198  5199  0  0  0  0
964  10167  10166  7682  7683  0  0  0  0
233  2716  2715  231  232  0  0  0  0
477  5200  5199  2715  2716  0  0  0  0
721  7684  7683  5199  5200  0  0  0  0
965  10168  10167  7683  7684  0  0  0  0
234  2717  2716  232  233  0  0  0  0
478  5201  5200  2716  2717  0  0  0  0
722  7685  7684  5200  5201  0  0  0  0
966  10169  10168  7684  7685  0  0  0  0
235  2718  2717  233  234  0  0  0  0
479  5202  5201  2717  2718  0  0  0  0
723  7686  7685  5201  5202  0  0  0  0
967  10170  10169  7685  7686  0  0  0  0
236  2719  2718  234  235  0  0  0  0
480  5203  5202  2718  2719  0  0  0  0
724  7687  7686  5202  5203  0  0  0  0
968  10171  10170  7686  7687  0  0  0  0
237  2720  2719  235  236  0  0  0  0
481  5204  5203  2719  2720  0  0  0  0
725  7688  7687  5203  5204  0  0  0  0
969  10172  10171  7687  7688  0  0  0  0
238  2721  2720  236  237  0  0  0  0
482  5205  5204  2720  2721  0  0  0  0
726  7689  7688  5204  5205  0  0  0  0
970  10173  10172  7688  7689  0  0  0  0
239  2722  2721  237  238  0  0  0  0
483  5206  5205  2721  2722  0  0  0  0
727  7690  7689  5205  5206  0  0  0  0
971  10174  10173  7689  7690  0  0  0  0
240  2723  2722  238  239  0  0  0  0
484  5207  5206  2722  2723  0  0  0  0
728  7691  7690  5206  5207  0  0  0  0
972  10175  10174  7690  7691  0  0  0  0
241  2724  2723  239  240  0  0  0  0
485  5208  5207  2723  2724  0  0  0  0
729  7692  7691  5207  5208  0  0  0  0
973  10176  10175  7691  7692  0  0  0  0
242  2725  2724  240  241  0  0  0  0
486  5209  5208  2724  2725  0  0  0  0
730  7693  7692  5208  5209  0  0  0  0
974  10177  10176  7692  7693  0  0  0  0
243  2726  2725  241  242  0  0  0  0
487  5210  5209  2725  2726  0  0  0  0
731  7694  7693  5209  5210  0  0  0  0
975  10178  10177  7693  7694  0  0  0  0
244  2557  2726  242  73  0  0  0  0
488  5041  5210  2726  2557  0  0  0  0
732  7525  7694  5210  5041  0  0  0  0
976  10009  10178  7694  7525  0  0  0  0
