1  3  0  11.1559
266  5  0  11.1553
531  4  0  11.1544
796  5  0  11.1534
2  3  0  8.28768
267  5  0  8.28758
532  4  0  8.28747
797  5  0  8.28735
3  3  0  5.15919
268  5  0  5.15932
533  4  0  5.15949
798  5  0  5.15966
4  3  0  2.39952
269  5  0  2.39943
534  4  0  2.39932
799  5  0  2.39921
5  3  0  -0.612214
270  5  0  -0.612018
535  4  0  -0.611778
800  5  0  -0.611539
6  3  0  -3.049
271  5  0  -3.04874
536  4  0  -3.04842
801  5  0  -3.0481
7  3  0  -4.3892
272  5  0  -4.38952
537  4  0  -4.38991
802  5  0  -4.3903
8  3  0  -7.01076
273  5  0  -7.0104
538  4  0  -7.00997
803  5  0  -7.00953
9  3  0  -8.08697
274  5  0  -8.08729
539  4  0  -8.08769
804  5  0  -8.08808
10  3  0  -10.6019
275  5  0  -10.6017
540  1  0  4.71083
805  5  0  17.9843
11  3  0  -12.2948
276  5  0  -12.2947
541  1  0  -12.2937
806  5  0  -12.2928
12  3  0  -13.6426
277  5  0  -13.6427
542  1  0  -13.6443
807  5  0  -13.6457
13  3  0  -15.4986
278  5  0  -15.4985
543  1  0  -15.4964
808  5  0  -15.4944
14  3  0  -16.5995
279  5  0  -16.5994
544  1  0  -16.5991
809  5  0  -16.5987
15  3  0  -17.5121
280  5  0  -17.5121
545  1  0  -17.5134
810  5  0  -17.5146
16  3  0  -18.9781
281  5  0  -18.978
546  1  0  -18.9769
811  5  0  -18.9759
17  3  0  -19.9557
282  5  0  -19.9557
547  1  0  -19.9554
812  5  0  -19.9551
18  3  0  -20.7609
283  5  0  -20.7609
548  1  0  -20.7609
813  5  0  -20.761
19  3  0  -21.5945
284  5  0  -21.5945
549  1  0  -21.5946
814  5  0  -21.5947
20  3  0  -22.497
285  5  0  -22.4969
550  1  0  -22.4967
815  5  0  -22.4965
21  3  0  -23.2675
286  5  0  -23.2675
551  1  0  -23.2672
816  5  0  -23.267
22  3  0  -23.8232
287  5  0  -23.8232
552  1  0  -23.8231
817  5  0  -23.8231
23  3  0  -24.335
288  5  0  -24.335
553  1  0  -24.3349
818  5  0  -24.3348
24  3  0  -24.7318
289  5  0  -24.7318
554  1  0  -24.7319
819  5  0  -24.7319
25  3  0  -25.1531
290  5  0  -25.1531
555  1  0  -25.1531
820  5  0  -25.153
26  3  0  -25.5328
291  5  0  -25.5328
556  1  0  -25.5328
821  5  0  -25.5328
27  3  0  -25.8882
292  5  0  -25.8882
557  1  0  -25.8882
822  5  0  -25.8882
28  3  0  -26.2253
293  5  0  -26.2253
558  1  0  -26.2252
823  5  0  -26.2252
29  3  0  -26.3608
294  5  0  -26.3608
559  1  0  -26.3608
824  5  0  -26.3608
30  3  0  -26.4211
295  5  0  -26.4211
560  1  0  -26.4211
825  5  0  -26.4211
31  3  0  -26.4525
296  5  0  -26.4525
561  1  0  -26.4525
826  5  0  -26.4525
32  3  0  -26.4745
297  5  0  -26.4745
562  1  0  -26.4745
827  5  0  -26.4745
33  3  0  -26.5268
298  5  0  -26.5268
563  1  0  -26.5268
828  5  0  -26.5268
34  3  0  -26.4588
299  5  0  -26.4588
564  1  0  -26.4588
829  5  0  -26.4588
35  3  0  -26.3708
300  5  0  -26.3708
565  1  0  -26.3708
830  5  0  -26.3708
36  3  0  -26.2179
301  5  0  -26.2179
566  1  0  -26.218
831  5  0  -26.2182
37  3  0  -25.7911
302  5  0  -25.7911
567  1  0  -25.791
832  5  0  -25.7909
38  3  0  -25.4748
303  5  0  -25.4748
568  1  0  -25.4748
833  5  0  -25.4748
39  3  0  -25.1725
304  5  0  -25.1725
569  1  0  -25.1727
834  5  0  -25.1728
40  3  0  -24.6666
305  5  0  -24.6666
570  1  0  -24.6666
835  5  0  -24.6666
41  3  0  -24.159
306  5  0  -24.159
571  1  0  -24.159
836  5  0  -24.1591
42  3  0  -23.6149
307  5  0  -23.6149
572  1  0  -23.6153
837  5  0  -23.6158
43  3  0  -22.7637
308  5  0  -22.7637
573  1  0  -22.7638
838  5  0  -22.7638
44  3  0  -21.8646
309  5  0  -21.8646
574  1  0  -21.8644
839  5  0  -21.8642
45  3  0  -21.0898
310  5  0  -21.0898
575  1  0  -21.0898
840  5  0  -21.0898
46  3  0  -20.293
311  5  0  -20.293
576  1  0  -20.294
841  5  0  -20.295
47  3  0  -19.0132
312  5  0  -19.0132
577  1  0  -19.0127
842  5  0  -19.0122
48  3  0  -17.9496
313  5  0  -17.9496
578  1  0  -17.9493
843  5  0  -17.949
49  3  0  -17.0536
314  5  0  -17.0536
579  1  0  -17.0538
844  5  0  -17.054
50  3  0  -16.0557
315  5  0  -16.0557
580  1  0  -16.0566
845  5  0  -16.0575
51  3  0  -14.6593
316  5  0  -14.6593
581  1  0  -14.6589
846  5  0  -14.6584
52  3  0  -13.4459
317  5  0  -13.4459
582  1  0  -13.4455
847  5  0  -13.4452
53  3  0  -12.3822
318  5  0  -12.3822
583  1  0  -12.3825
848  5  0  -12.3828
54  3  0  -11.1892
319  5  0  -11.1893
584  1  0  -11.1907
849  5  0  -11.192
55  3  0  -9.51007
320  5  0  -9.51003
585  1  0  -9.73575
850  5  0  -9.96514
56  3  0  -8.1095
321  5  0  -8.01038
586  6  0  -7.89835
851  5  0  -7.85913
57  3  0  -6.57349
322  5  0  -6.43268
587  6  0  -6.06724
852  5  0  -5.78162
58  3  0  -5.0581
323  5  0  -5.05805
588  6  0  -5.05736
853  5  0  -5.05666
59  3  0  -3.80589
324  5  0  -3.80589
589  6  0  -3.80583
854  5  0  -3.80576
60  3  0  -2.58062
325  5  0  -2.58062
590  6  0  -2.58062
855  5  0  -2.58063
61  3  0  -1.35307
326  5  0  -1.35307
591  6  0  -1.35304
856  5  0  -1.35301
62  3  0  -0.139354
327  5  0  -0.139417
592  6  0  -0.140332
857  5  0  -0.141266
63  3  0  1.43436
328  5  0  1.43447
593  6  0  1.43597
858  5  0  1.4375
64  3  0  2.34488
329  5  0  2.34484
594  6  0  2.34426
859  5  0  2.34367
65  3  0  3.55629
330  5  0  3.55629
595  6  0  3.55631
860  5  0  3.55633
66  3  0  4.75948
331  5  0  4.75949
596  6  0  4.75955
861  5  0  4.75962
67  3  0  5.93202
332  5  0  5.93203
597  6  0  5.93223
862  5  0  5.93243
68  3  0  7.01288
333  5  0  7.07836
598  6  0  7.17322
863  5  0  7.2135
69  3  0  7.98829
334  5  0  8.08322
599  6  0  8.50407
864  5  0  9.33528
70  3  0  9.43791
335  5  0  9.43792
600  1  0  9.71614
865  5  0  9.99947
71  3  0  10.8019
336  5  0  10.802
601  1  0  10.8025
866  5  0  10.8031
72  3  0  11.9191
337  5  0  11.9191
602  1  0  11.9191
867  5  0  11.919
73  3  0  13.0618
338  5  0  13.0618
603  1  0  13.0618
868  5  0  13.0619
74  3  0  14.1788
339  5  0  14.1787
604  1  0  14.1778
869  5  0  14.1768
75  3  0  15.6894
340  5  0  15.6894
605  1  0  15.6897
870  5  0  15.69
76  3  0  17.0957
341  5  0  17.0957
606  1  0  17.096
871  5  0  17.0964
77  3  0  18.3566
342  5  0  18.3566
607  1  0  18.3558
872  5  0  18.3551
78  3  0  19.9
343  5  0  19.9
608  1  0  19.9003
873  5  0  19.9006
79  3  0  21.332
344  5  0  21.3321
609  1  0  21.3321
874  5  0  21.3321
80  3  0  22.7545
345  5  0  22.7544
610  1  0  22.7523
875  5  0  22.7502
81  3  0  24.805
346  5  0  24.8051
611  1  0  24.8061
876  5  0  24.8072
82  3  0  26.569
347  5  0  26.569
612  1  0  26.569
877  5  0  26.5689
83  3  0  28.345
348  5  0  28.345
613  1  0  28.3438
878  5  0  28.3427
84  3  0  30.4254
349  5  0  30.4254
614  1  0  9.00851
879  5  0  -7.92452
85  3  0  32.6206
350  5  0  32.6205
615  4  0  32.6204
880  5  0  32.6203
86  3  0  35.1499
351  5  0  35.1498
616  4  0  35.1496
881  5  0  35.1495
87  3  0  38.0021
352  5  0  38.0024
617  4  0  38.0027
882  5  0  38.003
88  3  0  40.0349
353  5  0  40.0345
618  4  0  40.0341
883  5  0  40.0336
89  3  0  43.2408
354  5  0  43.241
619  4  0  43.2413
884  5  0  43.2415
90  3  0  45.9437
355  5  0  45.9435
620  4  0  45.9432
885  5  0  45.9429
91  3  0  49.2298
356  5  0  49.2295
621  4  0  49.2292
886  5  0  49.2289
92  3  0  53.0569
357  5  0  53.0566
622  4  0  53.0563
887  5  0  53.0559
93  3  0  57.442
358  5  0  57.4421
623  4  0  57.4422
888  5  0  57.4423
94  3  0  61.7
359  5  0  61.6998
624  4  0  61.6996
889  5  0  61.6993
95  3  0  66.2999
360  5  0  66.299
625  4  0  66.2979
890  5  0  66.2968
96  3  0  72.2343
361  5  0  72.2346
626  4  0  72.235
891  5  0  72.2354
97  3  0  77.7245
362  5  0  77.7256
627  4  0  77.7269
892  5  0  77.7282
98  3  0  81.406
363  5  0  81.4054
628  4  0  81.4047
893  5  0  81.404
99  3  0  86.1325
364  5  0  86.1301
629  4  0  86.1271
894  5  0  86.124
100  3  0  93.8854
365  5  0  93.8894
630  4  0  93.8943
895  5  0  93.8992
101  3  0  97.3611
366  5  0  97.3608
631  4  0  97.3604
896  5  0  97.36
102  3  0  99.4873
367  5  0  99.4862
632  4  0  99.4848
897  5  0  99.4834
103  3  0  104.125
368  5  0  104.124
633  4  0  104.123
898  5  0  104.122
104  3  0  109.745
369  5  0  109.745
634  4  0  109.746
899  5  0  109.747
105  3  0  114.468
370  5  0  114.468
635  4  0  114.469
900  5  0  114.469
106  3  0  118.288
371  5  0  118.288
636  4  0  118.288
901  5  0  118.287
107  3  0  122.586
372  5  0  122.586
637  4  0  122.587
902  5  0  122.587
108  3  0  126.114
373  5  0  126.114
638  4  0  126.114
903  5  0  126.114
109  3  0  129.605
374  5  0  129.605
639  4  0  129.605
904  5  0  129.605
110  3  0  133.193
375  5  0  133.193
640  4  0  133.193
905  5  0  133.193
111  3  0  136.432
376  5  0  136.432
641  4  0  136.432
906  5  0  136.432
112  3  0  139.416
377  5  0  139.416
642  4  0  139.416
907  5  0  139.416
113  3  0  142.318
378  5  0  142.318
643  4  0  142.318
908  5  0  142.318
114  3  0  145.296
379  5  0  145.296
644  4  0  145.296
909  5  0  145.296
115  3  0  147.981
380  5  0  147.981
645  1  0  166.677
910  5  0  -177.677
116  3  0  150.679
381  5  0  150.68
646  1  0  150.681
911  5  0  150.682
117  3  0  153.124
382  5  0  153.124
647  1  0  153.126
912  5  0  153.127
118  3  0  155.227
383  5  0  155.227
648  1  0  155.227
913  5  0  155.227
119  3  0  157.333
384  5  0  157.333
649  1  0  157.333
914  5  0  157.333
120  3  0  159.421
385  5  0  159.421
650  1  0  159.421
915  5  0  159.422
121  3  0  161.269
386  5  0  161.269
651  1  0  161.269
916  5  0  161.27
122  3  0  162.925
387  5  0  162.925
652  1  0  162.924
917  5  0  162.924
123  3  0  164.734
388  5  0  164.734
653  1  0  164.734
918  5  0  164.734
124  3  0  166.536
389  5  0  166.536
654  1  0  166.537
919  5  0  166.537
125  3  0  168.079
390  5  0  168.079
655  1  0  168.079
920  5  0  168.079
126  3  0  169.554
391  5  0  169.554
656  1  0  169.554
921  5  0  169.554
127  3  0  170.999
392  5  0  170.999
657  1  0  170.999
922  5  0  170.999
128  3  0  172.497
393  5  0  172.497
658  1  0  172.497
923  5  0  172.498
129  3  0  173.87
394  5  0  173.87
659  1  0  173.87
924  5  0  173.871
130  3  0  175.049
395  5  0  175.049
660  1  0  174.767
925  5  0  174.481
131  3  0  176.24
396  5  0  176.124
661  6  0  175.68
926  5  0  175.028
132  3  0  177.467
397  5  0  177.386
662  6  0  177.275
927  5  0  177.23
133  3  0  178.54
398  5  0  178.54
663  6  0  178.54
928  5  0  178.54
134  3  0  179.58
399  5  0  179.58
664  6  0  179.58
929  5  0  179.58
135  3  0  -179.401
400  5  0  -179.401
665  6  0  -179.4
930  5  0  -179.4
136  3  0  -178.526
401  5  0  -178.526
666  6  0  -178.526
931  5  0  -178.527
137  3  0  -177.551
402  5  0  -177.551
667  6  0  -177.551
932  5  0  -177.551
138  3  0  -176.47
403  5  0  -176.47
668  6  0  -176.47
933  5  0  -176.469
139  3  0  -175.536
404  5  0  -175.536
669  6  0  -175.536
934  5  0  -175.536
140  3  0  -174.709
405  5  0  -174.709
670  6  0  -174.708
935  5  0  -174.708
141  3  0  -173.986
406  5  0  -173.986
671  6  0  -173.986
936  5  0  -173.986
142  3  0  -173.34
407  5  0  -173.34
672  6  0  -173.34
937  5  0  -173.34
143  3  0  -172.647
408  5  0  -172.736
673  6  0  -172.962
938  5  0  -173.128
144  3  0  -171.669
409  5  0  -171.732
674  6  0  -171.802
939  5  0  -171.826
145  3  0  -170.916
410  5  0  -170.916
675  1  0  -170.689
940  5  0  -170.461
146  3  0  -170.204
411  5  0  -170.204
676  1  0  -170.204
941  5  0  -170.203
147  3  0  -169.681
412  5  0  -169.681
677  1  0  -169.681
942  5  0  -169.681
148  3  0  -169.113
413  5  0  -169.113
678  1  0  -169.113
943  5  0  -169.114
149  3  0  -168.265
414  5  0  -168.265
679  1  0  -168.264
944  5  0  -168.264
150  3  0  -167.665
415  5  0  -167.665
680  1  0  -167.665
945  5  0  -167.665
151  3  0  -167.215
416  5  0  -167.215
681  1  0  -167.215
946  5  0  -167.215
152  3  0  -166.8
417  5  0  -166.8
682  1  0  -166.8
947  5  0  -166.8
153  3  0  -166.329
418  5  0  -166.329
683  1  0  -166.329
948  5  0  -166.329
154  3  0  -165.658
419  5  0  -165.658
684  1  0  -165.657
949  5  0  -165.657
155  3  0  -165.356
420  5  0  -165.356
685  1  0  -165.356
950  5  0  -165.356
156  3  0  -165.063
421  5  0  -165.063
686  1  0  -165.063
951  5  0  -165.063
157  3  0  -164.747
422  5  0  -164.747
687  1  0  -164.747
952  5  0  -164.747
158  3  0  -164.133
423  5  0  -164.133
688  1  0  -164.132
953  5  0  -164.132
159  3  0  -163.88
424  5  0  -163.88
689  1  0  -163.88
954  5  0  -163.88
160  3  0  -163.612
425  5  0  -163.612
690  1  0  -163.612
955  5  0  -163.613
161  3  0  -163.294
426  5  0  -163.294
691  1  0  -163.294
956  5  0  -163.294
162  3  0  -163.032
427  5  0  -163.032
692  1  0  -163.032
957  5  0  -163.032
163  3  0  -162.896
428  5  0  -162.896
693  1  0  -162.896
958  5  0  -162.896
164  3  0  -162.769
429  5  0  -162.769
694  1  0  -162.769
959  5  0  -162.769
165  3  0  -162.641
430  5  0  -162.641
695  1  0  -162.641
960  5  0  -162.641
166  3  0  -162.496
431  5  0  -162.496
696  1  0  -162.496
961  5  0  -162.496
167  3  0  -162.198
432  5  0  -162.198
697  1  0  -162.198
962  5  0  -162.198
168  3  0  -162.064
433  5  0  -162.064
698  1  0  -162.064
963  5  0  -162.064
169  3  0  -162.002
434  5  0  -162.002
699  1  0  -162.002
964  5  0  -162.002
170  3  0  -161.816
435  5  0  -161.816
700  1  0  -161.816
965  5  0  -161.816
171  3  0  -161.777
436  5  0  -161.777
701  1  0  -161.777
966  5  0  -161.777
172  3  0  -161.665
437  5  0  -161.665
702  1  0  -161.665
967  5  0  -161.665
173  3  0  -161.61
438  5  0  -161.61
703  1  0  -161.61
968  5  0  -161.61
174  3  0  -161.581
439  5  0  -161.581
704  1  0  -161.581
969  5  0  -161.581
175  3  0  -161.492
440  5  0  -161.492
705  1  0  -161.492
970  5  0  -161.492
176  3  0  -161.464
441  5  0  -161.464
706  1  0  -161.464
971  5  0  -161.464
177  3  0  -161.566
442  5  0  -161.566
707  1  0  -161.566
972  5  0  -161.566
178  3  0  -161.578
443  5  0  -161.578
708  1  0  -161.578
973  5  0  -161.578
179  3  0  -161.52
444  5  0  -161.52
709  1  0  -161.52
974  5  0  -161.52
180  3  0  -161.442
445  5  0  -161.442
710  1  0  -161.442
975  5  0  -161.442
181  3  0  -161.415
446  5  0  -161.415
711  1  0  -161.415
976  5  0  -161.415
182  3  0  -161.476
447  5  0  -161.476
712  1  0  -161.476
977  5  0  -161.476
183  3  0  -161.552
448  5  0  -161.552
713  1  0  -161.552
978  5  0  -161.552
184  3  0  -161.611
449  5  0  -161.611
714  1  0  -161.611
979  5  0  -161.611
185  3  0  -161.776
450  5  0  -161.776
715  1  0  -161.776
980  5  0  -161.776
186  3  0  -161.843
451  5  0  -161.843
716  1  0  -161.843
981  5  0  -161.843
187  3  0  -162.025
452  5  0  -162.025
717  1  0  -162.025
982  5  0  -162.025
188  3  0  -162.18
453  5  0  -162.18
718  1  0  -162.18
983  5  0  -162.18
189  3  0  -162.206
454  5  0  -162.206
719  1  0  -177.538
984  5  0  169.058
190  3  0  -162.243
455  5  0  -162.243
720  4  0  -162.243
985  5  0  -162.243
191  3  0  -162.484
456  5  0  -162.484
721  4  0  -162.484
986  5  0  -162.484
192  3  0  -162.785
457  5  0  -162.785
722  4  0  -162.785
987  5  0  -162.785
193  3  0  -162.861
458  5  0  -162.861
723  4  0  -162.861
988  5  0  -162.861
194  3  0  -162.831
459  5  0  -162.831
724  4  0  -162.831
989  5  0  -162.831
195  3  0  -162.794
460  5  0  -162.794
725  4  0  -162.794
990  5  0  -162.794
196  3  0  -162.807
461  5  0  -162.807
726  4  0  -162.807
991  5  0  -162.807
197  3  0  -162.834
462  5  0  -162.834
727  4  0  -162.834
992  5  0  -162.834
198  3  0  -162.897
463  5  0  -162.98
728  4  0  -163.083
993  5  0  -163.188
199  3  0  -127.886
464  5  0  -127.829
729  4  0  -127.748
994  5  0  -127.653
200  2  0  -89.998
465  1  0  -89.998
730  1  0  -89.998
995  2  0  -89.998
201  2  0  -89.998
466  1  0  -89.998
731  1  0  -89.998
996  2  0  -89.998
202  2  0  -89.998
467  1  0  -89.998
732  1  0  -89.998
997  2  0  -89.998
203  2  0  -89.998
468  1  0  -89.998
733  1  0  -89.998
998  2  0  -89.998
204  2  0  -89.998
469  1  0  -89.998
734  1  0  -89.998
999  2  0  -89.998
205  2  0  -89.998
470  1  0  -89.998
735  1  0  -89.998
1000  2  0  -89.998
206  2  0  -89.998
471  1  0  -89.998
736  1  0  -89.998
1001  2  0  -89.998
207  2  0  -89.998
472  1  0  -89.998
737  1  0  -89.998
1002  2  0  -89.998
208  2  0  -89.998
473  1  0  -89.998
738  1  0  -89.998
1003  2  0  -89.998
209  2  0  -89.998
474  1  0  -89.998
739  1  0  -89.998
1004  2  0  -89.998
210  2  0  -89.998
475  1  0  -89.998
740  1  0  -89.998
1005  2  0  -89.998
211  2  0  -89.998
476  1  0  -89.998
741  1  0  -89.998
1006  2  0  -89.998
212  2  0  -89.998
477  1  0  -89.998
742  1  0  -89.998
1007  2  0  -89.998
213  2  0  -89.998
478  1  0  -89.998
743  1  0  -89.998
1008  2  0  -89.998
214  2  0  -89.998
479  1  0  -89.998
744  1  0  -89.998
1009  2  0  -89.998
215  2  0  -89.998
480  1  0  -89.998
745  1  0  -89.998
1010  2  0  -89.998
216  2  0  -89.998
481  1  0  -89.998
746  1  0  -89.998
1011  2  0  -89.998
217  2  0  -89.998
482  1  0  -89.998
747  1  0  -89.998
1012  2  0  -89.998
218  2  0  -89.998
483  1  0  -89.998
748  1  0  -89.998
1013  2  0  -89.998
219  2  0  -89.998
484  1  0  -89.998
749  1  0  -89.998
1014  2  0  -89.998
220  2  0  -89.998
485  1  0  -89.998
750  1  0  -89.998
1015  2  0  -89.998
221  2  0  -89.998
486  1  0  -89.998
751  1  0  -89.998
1016  2  0  -89.998
222  2  0  -89.998
487  1  0  -89.998
752  1  0  -89.998
1017  2  0  -89.998
223  2  0  -89.998
488  1  0  -89.998
753  1  0  -89.998
1018  2  0  -89.998
224  2  0  -89.998
489  1  0  -89.998
754  1  0  -89.998
1019  2  0  -89.998
225  2  0  -89.998
490  1  0  -89.998
755  1  0  -89.998
1020  2  0  -89.998
226  2  0  -89.998
491  1  0  -89.998
756  1  0  -89.998
1021  2  0  -89.998
227  2  0  -89.998
492  1  0  -89.998
757  1  0  -89.998
1022  2  0  -89.998
228  2  0  -89.998
493  1  0  -89.998
758  1  0  -89.998
1023  2  0  -89.998
229  2  0  -89.998
494  1  0  -89.998
759  1  0  -89.998
1024  2  0  -89.998
230  2  0  -89.998
495  1  0  -89.998
760  1  0  -89.998
1025  2  0  -89.998
231  2  0  -89.998
496  1  0  -89.998
761  1  0  -89.998
1026  2  0  -89.998
232  2  0  -89.998
497  1  0  -89.998
762  1  0  -89.998
1027  2  0  -89.998
233  2  0  -89.9879
498  1  0  -89.9879
763  1  0  -89.9879
1028  2  0  -89.9879
234  2  0  -89.9879
499  1  0  -89.9879
764  1  0  -89.9879
1029  2  0  -89.9879
235  2  0  -89.9879
500  1  0  -89.9879
765  1  0  -89.9879
1030  2  0  -89.9879
236  2  0  -89.9879
501  1  0  -89.9879
766  1  0  -89.9879
1031  2  0  -89.9879
237  2  0  -89.9879
502  1  0  -89.9879
767  1  0  -89.9879
1032  2  0  -89.9879
238  2  0  -89.9879
503  1  0  -89.9879
768  1  0  -89.9879
1033  2  0  -89.9879
239  2  0  -89.9879
504  1  0  -89.9879
769  1  0  -89.9879
1034  2  0  -89.9879
240  2  0  -89.9879
505  1  0  -89.9879
770  1  0  -89.9879
1035  2  0  -89.9879
241  2  0  -89.9879
506  1  0  -89.9879
771  1  0  -89.9879
1036  2  0  -89.9879
242  2  0  -89.9879
507  1  0  -89.9879
772  1  0  -89.9879
1037  2  0  -89.9879
243  2  0  -89.9879
508  1  0  -89.9879
773  1  0  -89.9879
1038  2  0  -89.9879
244  2  0  -89.9879
509  1  0  -89.9879
774  1  0  -89.9879
1039  2  0  -89.9879
245  2  0  -89.9879
510  1  0  -89.9879
775  1  0  -89.9879
1040  2  0  -89.9879
246  2  0  -89.9879
511  1  0  -89.9879
776  1  0  -89.9879
1041  2  0  -89.9879
247  2  0  -89.9879
512  1  0  -89.9879
777  1  0  -89.9879
1042  2  0  -89.9879
248  2  0  -89.9879
513  1  0  -89.9879
778  1  0  -89.9879
1043  2  0  -89.9879
249  2  0  -89.9879
514  1  0  -89.9879
779  1  0  -89.9879
1044  2  0  -89.9879
250  2  0  -89.9879
515  1  0  -89.9879
780  1  0  -89.9879
1045  2  0  -89.9879
251  2  0  -89.9879
516  1  0  -89.9879
781  1  0  -89.9879
1046  2  0  -89.9879
252  2  0  -89.9879
517  1  0  -89.9879
782  1  0  -89.9879
1047  2  0  -89.9879
253  2  0  -89.9879
518  1  0  -89.9879
783  1  0  -89.9879
1048  2  0  -89.9879
254  2  0  -89.9879
519  1  0  -89.9879
784  1  0  -89.9879
1049  2  0  -89.9879
255  2  0  -89.9879
520  1  0  -89.9879
785  1  0  -89.9879
1050  2  0  -89.9879
256  2  0  -89.9879
521  1  0  -89.9879
786  1  0  -89.9879
1051  2  0  -89.9879
257  2  0  -89.9879
522  1  0  -89.9879
787  1  0  -89.9879
1052  2  0  -89.9879
258  2  0  -89.9879
523  1  0  -89.9879
788  1  0  -89.9879
1053  2  0  -89.9879
259  2  0  -89.9879
524  1  0  -89.9879
789  1  0  -89.9879
1054  2  0  -89.9879
260  2  0  -89.9879
525  1  0  -89.9879
790  1  0  -89.9879
1055  2  0  -89.9879
261  2  0  -89.9879
526  1  0  -89.9879
791  1  0  -89.9879
1056  2  0  -89.9879
262  2  0  -89.9879
527  1  0  -89.9879
792  1  0  -89.9879
1057  2  0  -89.9879
263  2  0  -89.9879
528  1  0  -89.9879
793  1  0  -89.9879
1058  2  0  -89.9879
264  2  0  -89.9879
529  1  0  -89.9879
794  1  0  -89.9879
1059  2  0  -89.9879
265  2  0  -89.9879
530  1  0  -89.9879
795  1  0  -89.9879
1060  2  0  -89.9879
