10240  4.33120326e-02  6.82245258e-01
1  -2.61110000e+00  -1.91990000e-02
2  -2.56813288e+00  -1.07255818e-02
3  -2.52479703e+00  -4.41306395e-03
4  -2.48118448e+00  -4.75353149e-04
5  -2.43742660e+00  1.35829342e-03
6  -2.39363248e+00  8.90298693e-04
7  -2.34990001e+00  -1.43916644e-03
8  -2.30623111e+00  -4.79097851e-03
9  -2.26276156e+00  -1.01367125e-02
10  -2.21940000e+00  -1.62978627e-02
11  -2.15935715e+00  -2.75366744e-02
12  -2.11747815e+00  -3.66637710e-02
13  -2.07582544e+00  -4.67734279e-02
14  -2.03452217e+00  -5.82267857e-02
15  -1.99344586e+00  -7.04717541e-02
16  -1.95256976e+00  -8.33693838e-02
17  -1.91203743e+00  -9.73084865e-02
18  -1.87174823e+00  -1.11937291e-01
19  -1.83166888e+00  -1.27130699e-01
20  -1.79181482e+00  -1.42905580e-01
21  -1.75221470e+00  -1.59306030e-01
22  -1.71283805e+00  -1.76237836e-01
23  -1.67362723e+00  -1.93550811e-01
24  -1.63457245e+00  -2.11213423e-01
25  -1.59564094e+00  -2.29146133e-01
26  -1.55684240e+00  -2.47364554e-01
27  -1.51816566e+00  -2.65839618e-01
28  -1.47960400e+00  -2.84554357e-01
29  -1.44115305e+00  -3.03495698e-01
30  -1.40274700e+00  -3.22527925e-01
31  -1.36436098e+00  -3.41600510e-01
32  -1.32598542e+00  -3.60694150e-01
33  -1.28761721e+00  -3.79802553e-01
34  -1.24926645e+00  -3.98945966e-01
35  -1.21089301e+00  -4.18043806e-01
36  -1.17249028e+00  -4.37082706e-01
37  -1.13403687e+00  -4.56019043e-01
38  -1.09544375e+00  -4.74668295e-01
39  -1.05674817e+00  -4.93104252e-01
40  -1.01795568e+00  -5.11335881e-01
41  -9.79003809e-01  -5.29224257e-01
42  -9.39895489e-01  -5.46766602e-01
43  -9.00622628e-01  -5.63936667e-01
44  -8.61098152e-01  -5.80521750e-01
45  -8.21319235e-01  -5.96484269e-01
46  -7.81329118e-01  -6.11906961e-01
47  -7.41127703e-01  -6.26772307e-01
48  -7.00603012e-01  -6.40736551e-01
49  -6.59828025e-01  -6.53945507e-01
50  -6.18851908e-01  -6.66515114e-01
51  -5.77662413e-01  -6.78369323e-01
52  -5.36194618e-01  -6.89216754e-01
53  -4.94507871e-01  -6.99183218e-01
54  -4.52644496e-01  -7.08373860e-01
55  -4.10598314e-01  -7.16691008e-01
56  -3.50400000e-01  -7.26775641e-01
57  -3.06944004e-01  -7.32974207e-01
58  -2.63336602e-01  -7.38005951e-01
59  -2.19613687e-01  -7.41875895e-01
60  -1.75817444e-01  -7.44789362e-01
61  -1.31969059e-01  -7.46765641e-01
62  -8.80868987e-02  -7.47802138e-01
63  -4.41905059e-02  -7.47908893e-01
64  -3.07518159e-04  -7.46810096e-01
65  4.35518873e-02  -7.45014105e-01
66  8.73611051e-02  -7.42291412e-01
67  1.31103863e-01  -7.38649381e-01
68  1.74762595e-01  -7.34113033e-01
69  2.18330287e-01  -7.28758328e-01
70  2.61800000e-01  -7.22662912e-01
71  3.10864442e-01  -7.14506995e-01
72  3.53411191e-01  -7.06389296e-01
73  3.95792156e-01  -6.97443441e-01
74  4.37986532e-01  -6.87654175e-01
75  4.79981849e-01  -6.77044248e-01
76  5.21682710e-01  -6.65330980e-01
77  5.63083756e-01  -6.52597791e-01
78  6.04194140e-01  -6.38956743e-01
79  6.44922415e-01  -6.24213340e-01
80  6.85269384e-01  -6.08456709e-01
81  7.25212692e-01  -5.91703353e-01
82  7.64530561e-01  -5.73531787e-01
83  8.03269330e-01  -5.54159053e-01
84  8.41387834e-01  -5.33595683e-01
85  8.78733749e-01  -5.11662670e-01
86  9.21600000e-01  -4.84226848e-01
87  9.56489102e-01  -4.59660956e-01
88  9.90114172e-01  -4.33388195e-01
89  1.02278300e+00  -4.05941744e-01
90  1.05386299e+00  -3.76714029e-01
91  1.08353151e+00  -3.46051649e-01
92  1.11139498e+00  -3.13737505e-01
93  1.13703422e+00  -2.79642601e-01
94  1.15999214e+00  -2.43686263e-01
95  1.18021683e+00  -2.06124840e-01
96  1.19736331e+00  -1.67063831e-01
97  1.21037572e+00  -1.26451569e-01
98  1.21944638e+00  -8.47648101e-02
99  1.22582201e+00  -4.25775139e-02
100  1.22870000e+00  0.00000000e+00
101  1.22587953e+00  4.15370286e-02
102  1.22054608e+00  8.28215709e-02
103  1.21368499e+00  1.23876766e-01
104  1.20353355e+00  1.64217107e-01
105  1.18947354e+00  2.03389513e-01
106  1.17223518e+00  2.41272685e-01
107  1.15251024e+00  2.77923634e-01
108  1.13009348e+00  3.12995064e-01
109  1.10556260e+00  3.46618471e-01
110  1.07902762e+00  3.78687491e-01
111  1.05053694e+00  4.09034717e-01
112  1.02037747e+00  4.37723313e-01
113  9.88767046e-01  4.64801446e-01
114  9.55823400e-01  4.90246321e-01
115  9.21600000e-01  5.13947277e-01
116  8.78995544e-01  5.40589105e-01
117  8.41762150e-01  5.61501075e-01
118  8.03668757e-01  5.80806775e-01
119  7.64891356e-01  5.98702634e-01
120  7.25480770e-01  6.15161653e-01
121  6.85496036e-01  6.30174591e-01
122  6.45047816e-01  6.43890332e-01
123  6.04219902e-01  6.56431335e-01
124  5.63017305e-01  6.67677166e-01
125  5.21480349e-01  6.77621952e-01
126  4.79690753e-01  6.86444678e-01
127  4.37687830e-01  6.94188723e-01
128  3.95502675e-01  7.00870761e-01
129  3.53157580e-01  7.06447779e-01
130  3.10691888e-01  7.11008817e-01
131  2.61800000e-01  7.15244539e-01
132  2.18024520e-01  7.18115392e-01
133  1.74198869e-01  7.20048793e-01
134  1.30344333e-01  7.21166593e-01
135  8.64771848e-02  7.21487890e-01
136  4.26102939e-02  7.21028910e-01
137  -1.24509706e-03  7.19900667e-01
138  -4.50756506e-02  7.18025686e-01
139  -8.88630478e-02  7.15324427e-01
140  -1.32599390e-01  7.11909887e-01
141  -1.76281565e-01  7.07864259e-01
142  -2.19909747e-01  7.03267833e-01
143  -2.63483759e-01  6.98179599e-01
144  -3.06993124e-01  6.92560458e-01
145  -3.50400000e-01  6.86200296e-01
146  -4.10307867e-01  6.76621526e-01
147  -4.52181021e-01  6.69391753e-01
148  -4.93986222e-01  6.61780202e-01
149  -5.35713762e-01  6.53754511e-01
150  -5.77318633e-01  6.45111890e-01
151  -6.18830481e-01  6.36034540e-01
152  -6.60269551e-01  6.26631212e-01
153  -7.01639466e-01  6.16927945e-01
154  -7.42928626e-01  6.06884714e-01
155  -7.84097120e-01  5.96358649e-01
156  -8.25209534e-01  5.85615741e-01
157  -8.66266615e-01  5.74663175e-01
158  -9.07262783e-01  5.63483938e-01
159  -9.48136735e-01  5.51865896e-01
160  -9.88958992e-01  5.40067894e-01
161  -1.02972561e+00  5.28079255e-01
162  -1.07042522e+00  5.15864441e-01
163  -1.11106841e+00  5.03463174e-01
164  -1.15168209e+00  4.90965687e-01
165  -1.19226795e+00  4.78378143e-01
166  -1.23282568e+00  4.65700173e-01
167  -1.27335110e+00  4.52919263e-01
168  -1.31380937e+00  4.39928047e-01
10268  -1.14009149e+00  4.53447241e-01
170  -1.39465108e+00  4.13712439e-01
171  -1.43502212e+00  4.00451958e-01
172  -1.47538405e+00  3.87163799e-01
173  -1.51571982e+00  3.73796471e-01
174  -1.55604276e+00  3.60390437e-01
10269  -1.18059396e+00  4.40885560e-01
176  -1.63665416e+00  3.33474981e-01
177  -1.67694286e+00  3.19966400e-01
178  -1.71725556e+00  3.06529630e-01
179  -1.75757099e+00  2.93101029e-01
180  -1.79787283e+00  2.79631724e-01
10270  -1.22106235e+00  4.28235525e-01
182  -1.87843364e+00  2.52565149e-01
183  -1.91872506e+00  2.39064715e-01
184  -1.95903456e+00  2.25618312e-01
185  -1.99935783e+00  2.12213406e-01
186  -2.03971940e+00  1.98924144e-01
10271  -1.26144297e+00  4.15500386e-01
188  -2.12051571e+00  1.72569414e-01
189  -2.16097015e+00  1.59565584e-01
190  -2.21940000e+00  1.40812344e-01
191  -2.25846075e+00  1.28303543e-01
192  -2.29757351e+00  1.15959155e-01
10272  -1.30176043e+00  4.02554275e-01
194  -2.37594414e+00  9.17334379e-02
195  -2.41513119e+00  7.96261245e-02
196  -2.45431037e+00  6.74933632e-02
197  -2.49349233e+00  5.53696022e-02
198  -2.53267996e+00  4.32641830e-02
10273  -1.34212442e+00  3.89489239e-01
200  -3.06991635e-01  6.49362438e-01
201  -3.06990147e-01  6.06164418e-01
202  -3.06988658e-01  5.62966398e-01
203  -3.06987170e-01  5.19768378e-01
204  -3.06985681e-01  4.76570358e-01
10274  -1.38245735e+00  3.76385654e-01
206  -3.06982704e-01  3.90174317e-01
207  -3.06981216e-01  3.46976297e-01
208  -3.06979727e-01  3.03778277e-01
209  -3.06978239e-01  2.60580257e-01
210  -3.06976751e-01  2.17382237e-01
10275  -1.42275527e+00  3.63149140e-01
212  -3.06973774e-01  1.30986196e-01
213  -3.06972285e-01  8.77881761e-02
214  -3.06970797e-01  4.45901559e-02
215  -3.06969308e-01  1.39213577e-03
216  -3.06967820e-01  -4.18058844e-02
10276  -1.46306783e+00  3.49877254e-01
218  -3.06964843e-01  -1.28201925e-01
219  -3.06963354e-01  -1.71399945e-01
220  -3.06961866e-01  -2.14597965e-01
221  -3.06960377e-01  -2.57795985e-01
222  -3.06958889e-01  -3.00994005e-01
10277  -1.50334914e+00  3.36527959e-01
224  -3.06955912e-01  -3.87390046e-01
225  -3.06954423e-01  -4.30588066e-01
226  -3.06952935e-01  -4.73786086e-01
227  -3.06951446e-01  -5.16984106e-01
228  -3.06949958e-01  -5.60182126e-01
10278  -1.54364474e+00  3.23131009e-01
230  -3.06946981e-01  -6.46578167e-01
231  -3.06945493e-01  -6.89776187e-01
232  2.18033786e-01  6.74270734e-01
233  2.18043051e-01  6.30426076e-01
234  2.18052317e-01  5.86581418e-01
10279  -1.58392255e+00  3.09717289e-01
236  2.18070848e-01  4.98892101e-01
237  2.18080114e-01  4.55047443e-01
238  2.18089380e-01  4.11202785e-01
239  2.18098645e-01  3.67358127e-01
240  2.18107911e-01  3.23513468e-01
10280  -1.62417990e+00  2.96241011e-01
242  2.18126442e-01  2.35824152e-01
243  2.18135708e-01  1.91979494e-01
244  2.18144974e-01  1.48134836e-01
245  2.18154239e-01  1.04290178e-01
246  2.18163505e-01  6.04455193e-02
10281  -1.66449271e+00  2.82724361e-01
248  2.18182036e-01  -2.72437971e-02
249  2.18191302e-01  -7.10884553e-02
250  2.18200568e-01  -1.14933113e-01
251  2.18209833e-01  -1.58777772e-01
252  2.18219099e-01  -2.02622430e-01
10282  -1.70484237e+00  2.69275255e-01
254  2.18237631e-01  -2.90311746e-01
255  2.18246896e-01  -3.34156404e-01
256  2.18256162e-01  -3.78001063e-01
257  2.18265428e-01  -4.21845721e-01
258  2.18274693e-01  -4.65690379e-01
10283  -1.74514276e+00  2.55851667e-01
260  2.18293225e-01  -5.53379695e-01
261  2.18302490e-01  -5.97224354e-01
262  2.18311756e-01  -6.41069012e-01
263  2.18321022e-01  -6.84913670e-01
10284  -1.78540059e+00  2.42397076e-01
2775  2.19220302e-01  -7.10882378e-02
10285  -1.82565024e+00  2.28884601e-01
10286  -1.86593830e+00  2.15338246e-01
10287  -1.90627422e+00  2.01822904e-01
2778  2.19248099e-01  -2.02622213e-01
10288  -1.94662786e+00  1.88361775e-01
2779  2.19257365e-01  -2.46466871e-01
10289  -1.98702372e+00  1.74932773e-01
10290  -2.02746074e+00  1.61618633e-01
10291  -2.06791934e+00  1.48350343e-01
10292  -2.10844832e+00  1.35201593e-01
10293  -2.14896158e+00  1.22178821e-01
10294  -2.21768549e+00  1.35464456e-01
10325  -2.79902377e-01  -2.57795053e-01
10295  -2.25675921e+00  1.22951512e-01
10296  -2.29589731e+00  1.10599136e-01
2787  2.19331490e-01  -5.97224137e-01
10297  -2.33509225e+00  9.84549317e-02
2788  2.19340756e-01  -6.41068795e-01
10298  -2.37428772e+00  8.63672722e-02
10299  -2.41347164e+00  7.42609269e-02
10241  8.26704537e-05  6.81133398e-01
10300  -2.45264969e+00  6.21285141e-02
10301  -2.49183352e+00  5.00041740e-02
10302  -2.53102462e+00  3.78976858e-02
10303  -2.56868757e+00  2.65688986e-02
10304  -2.79933635e-01  6.49363370e-01
10242  -4.30524268e-02  6.79288486e-01
10305  -2.79932147e-01  6.06165350e-01
10306  -2.79930658e-01  5.62967330e-01
10307  -2.79929170e-01  5.19769310e-01
10308  -2.79927681e-01  4.76571290e-01
10309  -2.79926193e-01  4.33373269e-01
10243  -8.61591508e-02  6.76628781e-01
10246  -2.15628063e-01  6.64714866e-01
10310  -2.79924704e-01  3.90175249e-01
10311  -2.79923216e-01  3.46977229e-01
10312  -2.79921727e-01  3.03779209e-01
10313  -2.79920239e-01  2.60581189e-01
10314  -2.79918751e-01  2.17383169e-01
10244  -1.29301096e-01  6.73260368e-01
10315  -2.79917262e-01  1.74185148e-01
10316  -2.79915774e-01  1.30987128e-01
2743  -3.05937331e-01  -8.50038691e-02
10317  -2.79914285e-01  8.77891085e-02
10318  -2.79912797e-01  4.45910883e-02
10319  -2.79911308e-01  1.39306812e-03
10245  -1.72460770e-01  6.69262891e-01
2527  -2.60988287e+00  -1.84493430e-02
2528  -2.56821731e+00  -1.02327622e-02
2529  -2.52485557e+00  -3.91650252e-03
2530  -2.48121744e+00  2.35594957e-05
2531  -2.43743440e+00  1.85823260e-03
2532  -2.39361651e+00  1.39004350e-03
2533  -2.34986758e+00  -9.40219412e-04
2534  -2.30618145e+00  -4.29345071e-03
2535  -2.26269587e+00  -9.64104591e-03
2536  -2.21931882e+00  -1.58044976e-02
2537  -2.15925791e+00  -2.70466224e-02
2538  -2.11736594e+00  -3.61765246e-02
2539  -2.07569965e+00  -4.62895088e-02
2540  -2.03438394e+00  -5.77462730e-02
2541  -1.99329921e+00  -6.99937442e-02
2542  -1.95241322e+00  -8.28945208e-02
2543  -1.91187080e+00  -9.68370695e-02
2544  -1.87157429e+00  -1.11468523e-01
2545  -1.83148825e+00  -1.26664467e-01
2546  -1.79162715e+00  -1.42442138e-01
2547  -1.75202028e+00  -1.58845377e-01
2548  -1.71263831e+00  -1.75779464e-01
2549  -1.67342323e+00  -1.93094319e-01
2550  -1.63436484e+00  -2.10758563e-01
2551  -1.59543009e+00  -2.28692767e-01
2552  -1.55662838e+00  -2.46912673e-01
2553  -1.51794875e+00  -2.65389119e-01
2554  -1.47938437e+00  -2.84105177e-01
2555  -1.44093157e+00  -3.03047428e-01
2556  -1.40252475e+00  -3.22080034e-01
2557  -1.36413837e+00  -3.41152797e-01
2558  -1.32576261e+00  -3.60246541e-01
2559  -1.28739411e+00  -3.79355088e-01
2560  -1.24904341e+00  -3.98498471e-01
2561  -1.21067058e+00  -4.17596008e-01
2562  -1.17226879e+00  -4.36634441e-01
2563  -1.13381765e+00  -4.55569663e-01
2564  -1.09522745e+00  -4.74217503e-01
2565  -1.05653430e+00  -4.92652299e-01
2566  -1.01774501e+00  -5.10882431e-01
2567  -9.78797155e-01  -5.28768961e-01
2568  -9.39693022e-01  -5.46309429e-01
2569  -9.00425743e-01  -5.63477063e-01
2570  -8.60908310e-01  -5.80059192e-01
2571  -8.21136169e-01  -5.96018987e-01
2572  -7.81152451e-01  -6.11439212e-01
2573  -7.40959541e-01  -6.26301434e-01
2574  -7.00444513e-01  -6.40262338e-01
2575  -6.59677659e-01  -6.53468653e-01
2576  -6.18709443e-01  -6.66035840e-01
2577  -5.77529993e-01  -6.77887177e-01
2578  -5.36073212e-01  -6.88731717e-01
2579  -4.94396126e-01  -6.98695865e-01
2580  -4.52542370e-01  -7.07884401e-01
2581  -4.10508487e-01  -7.16199143e-01
2582  -3.50323386e-01  -7.26281546e-01
2583  -3.05915017e-01  -7.32602794e-01
2584  -2.63285899e-01  -7.37508528e-01
2585  -2.19575049e-01  -7.41377390e-01
2586  -1.75789592e-01  -7.44290138e-01
2587  -1.31951898e-01  -7.46265936e-01
2588  -8.80803870e-02  -7.47302180e-01
2589  -4.41961563e-02  -7.47408925e-01
2590  -3.24005163e-04  -7.46310368e-01
2591  4.35261499e-02  -7.44514768e-01
2592  8.73248525e-02  -7.41792728e-01
2593  1.31057280e-01  -7.38151556e-01
2594  1.74706259e-01  -7.33616217e-01
2595  2.19359152e-01  -7.28118669e-01
2596  2.61724283e-01  -7.22168678e-01
2597  3.10776588e-01  -7.14014774e-01
2598  3.53312700e-01  -7.05899092e-01
2599  3.95684018e-01  -6.96955275e-01
2600  4.37868789e-01  -6.87168236e-01
2601  4.79852995e-01  -6.76561137e-01
2602  5.21541602e-01  -6.64851305e-01
2603  5.62931522e-01  -6.52121530e-01
2604  6.04030298e-01  -6.38484349e-01
2605  6.44746363e-01  -6.23745359e-01
2606  6.85081730e-01  -6.07993259e-01
2607  7.25011081e-01  -5.91245802e-01
2608  7.64313834e-01  -5.73081199e-01
2609  8.03038788e-01  -5.53715375e-01
2610  8.41142494e-01  -5.33160013e-01
2611  8.78472328e-01  -5.11236455e-01
2612  9.21321234e-01  -4.83811770e-01
2613  9.56191158e-01  -4.59259422e-01
2614  9.89799386e-01  -4.32999724e-01
2615  1.02245079e+00  -4.05568065e-01
2616  1.05351196e+00  -3.76357969e-01
2617  1.08316236e+00  -3.45714413e-01
2618  1.11100562e+00  -3.13423818e-01
2619  1.13662340e+00  -2.79357599e-01
2620  1.15956101e+00  -2.43433028e-01
2621  1.17976743e+00  -2.05905655e-01
2622  1.19689569e+00  -1.66886826e-01
2623  1.20989280e+00  -1.26321985e-01
2624  1.21895465e+00  -8.46742519e-02
2625  1.22532496e+00  -4.25232502e-02
2626  1.22820000e+00  -7.67518062e-08
2627  1.22538171e+00  4.14880162e-02
2628  1.22005147e+00  8.27483194e-02
2629  1.21319557e+00  1.23774465e-01
2630  1.20305523e+00  1.64071467e-01
2631  1.18901030e+00  2.03201353e-01
2632  1.17178724e+00  2.41050540e-01
2633  1.15207915e+00  2.77670338e-01
2634  1.12968068e+00  3.12712943e-01
2635  1.10516784e+00  3.46311607e-01
2636  1.07865256e+00  3.78356841e-01
2637  1.05018223e+00  4.08682324e-01
2638  1.02004241e+00  4.37352185e-01
2639  9.88451486e-01  4.64413604e-01
2640  9.55528148e-01  4.89842804e-01
2641  9.21325040e-01  5.13529668e-01
2642  8.78740500e-01  5.40159044e-01
2643  8.41526658e-01  5.61060004e-01
2644  8.03450948e-01  5.80356709e-01
2645  7.64690221e-01  5.98244873e-01
2646  7.25296520e-01  6.14696839e-01
2647  6.85327854e-01  6.29703725e-01
2648  6.44894110e-01  6.43414544e-01
2649  6.04080651e-01  6.55951117e-01
2650  5.62893253e-01  6.67192799e-01
2651  5.21370487e-01  6.77134171e-01
2652  4.79593774e-01  6.85954173e-01
2653  4.37603383e-01  6.93695906e-01
2654  3.95430913e-01  7.00375938e-01
2655  3.53098234e-01  7.05951313e-01
2656  3.10643610e-01  7.10511153e-01
2657  2.61762060e-01  7.14745981e-01
2658  2.19053638e-01  7.17558202e-01
2659  1.74181480e-01  7.19549095e-01
2660  1.30336131e-01  7.20666660e-01
2661  8.64779694e-02  7.20987891e-01
2662  4.26193393e-02  7.20528992e-01
2663  -1.22798224e-03  7.19400960e-01
2664  -4.50495714e-02  7.17526367e-01
2665  -8.88281948e-02  7.14825643e-01
2666  -1.32556875e-01  7.11411698e-01
2667  -1.76232315e-01  7.07366690e-01
2668  -2.19854556e-01  7.02770888e-01
2669  -2.63422741e-01  6.97683336e-01
2670  -3.05964111e-01  6.92197556e-01
2671  -3.50324283e-01  6.85706062e-01
2672  -4.10225858e-01  6.76128297e-01
2673  -4.52093703e-01  6.68899436e-01
10250  -4.03867247e-01  6.37885312e-01
2675  -5.35615694e-01  6.53264223e-01
2676  -5.77214379e-01  6.44622880e-01
2677  -6.18721751e-01  6.35546505e-01
2678  -6.60157139e-01  6.26144012e-01
2679  -7.01523290e-01  6.16441629e-01
2680  -7.42807608e-01  6.06399580e-01
2681  -7.83971987e-01  5.95874560e-01
2682  -8.25081892e-01  5.85132308e-01
2683  -8.66136406e-01  5.74180427e-01
2684  -9.07128658e-01  5.63002263e-01
2685  -9.47998971e-01  5.51385250e-01
2686  -9.88819047e-01  5.39587878e-01
2687  -1.02958321e+00  5.27599961e-01
2688  -1.07028040e+00  5.15385875e-01
2689  -1.11092192e+00  5.02985114e-01
2690  -1.15153451e+00  4.90487964e-01
10247  -2.58749968e-01  6.59679530e-01
2692  -1.23267590e+00  4.65223135e-01
2693  -1.27319947e+00  4.52442808e-01
2694  -1.31365595e+00  4.39452166e-01
2695  -1.35408316e+00  4.26366690e-01
2696  -1.39449582e+00  4.13237157e-01
2697  -1.43486593e+00  3.99976981e-01
2698  -1.47522723e+00  3.86689029e-01
2699  -1.51556230e+00  3.73321931e-01
2700  -1.55588490e+00  3.59916012e-01
2701  -1.59620054e+00  3.46489682e-01
2702  -1.63649533e+00  3.33000880e-01
2703  -1.67678433e+00  3.19492197e-01
10251  -4.45323412e-01  6.30727182e-01
2705  -1.75741274e+00  2.92626732e-01
2706  -1.79771402e+00  2.79157615e-01
2707  -1.83799716e+00  2.65633906e-01
2708  -1.87827454e+00  2.52091138e-01
2709  -1.91856652e+00  2.38590514e-01
2710  -1.95887659e+00  2.25143924e-01
2711  -1.99920078e+00  2.11738711e-01
2712  -2.03956331e+00  1.98449132e-01
2713  -2.07994156e+00  1.85207147e-01
2714  -2.12036206e+00  1.72093609e-01
2715  -2.16081724e+00  1.59089538e-01
2716  -2.21924735e+00  1.40336214e-01
2717  -2.25830926e+00  1.27827045e-01
2718  -2.29742428e+00  1.15481945e-01
2719  -2.33660316e+00  1.03342735e-01
2720  -2.37579667e+00  9.12556810e-02
5232  -1.79706957e+00  2.77233679e-01
2722  -2.45416252e+00  6.70157235e-02
2723  -2.49334464e+00  5.48919109e-02
2724  -2.53253258e+00  4.27863966e-02
2725  -2.57159350e+00  3.07794846e-02
2726  -3.05962635e-01  6.49362473e-01
2727  -3.05961147e-01  6.06164453e-01
2728  -3.05959658e-01  5.62966433e-01
2729  -3.05958170e-01  5.19768413e-01
2730  -3.05956681e-01  4.76570393e-01
2731  -3.05955193e-01  4.33372372e-01
2732  -3.05953704e-01  3.90174352e-01
2733  -3.05952216e-01  3.46976332e-01
10252  -4.86760805e-01  6.23182674e-01
2735  -3.05949239e-01  2.60580292e-01
2736  -3.05947751e-01  2.17382272e-01
2737  -3.05946262e-01  1.74184251e-01
2738  -3.05944774e-01  1.30986231e-01
2739  -3.05943285e-01  8.77882116e-02
2740  -3.05941797e-01  4.45901914e-02
2741  -3.05940308e-01  1.39217123e-03
2742  -3.05938820e-01  -4.18058489e-02
2734  -3.05950727e-01  3.03778312e-01
2744  -3.05935843e-01  -1.28201890e-01
2745  -3.05934354e-01  -1.71399910e-01
2746  -3.05932866e-01  -2.14597930e-01
2747  -3.05931377e-01  -2.57795950e-01
2748  -3.05929889e-01  -3.00993970e-01
2749  -3.05928400e-01  -3.44191991e-01
2750  -3.05926912e-01  -3.87390011e-01
2751  -3.05925423e-01  -4.30588031e-01
2752  -3.05923935e-01  -4.73786051e-01
2753  -3.05922446e-01  -5.16984071e-01
2754  -3.05920958e-01  -5.60182091e-01
2755  -3.05919470e-01  -6.03380112e-01
2756  -3.05917981e-01  -6.46578132e-01
2757  -3.05916493e-01  -6.89776152e-01
10321  -2.79908331e-01  -8.50029722e-02
2759  2.19072051e-01  6.30426293e-01
2760  2.19081317e-01  5.86581635e-01
2761  2.19090583e-01  5.42736976e-01
2762  2.19099848e-01  4.98892318e-01
2763  2.19109114e-01  4.55047660e-01
10253  -5.28011863e-01  6.15249231e-01
2765  2.19127645e-01  3.67358344e-01
2766  2.19136911e-01  3.23513685e-01
2767  2.19146177e-01  2.79669027e-01
2768  2.19155442e-01  2.35824369e-01
2769  2.19164708e-01  1.91979711e-01
2770  2.19173974e-01  1.48135053e-01
2771  2.19183239e-01  1.04290395e-01
2772  2.19192505e-01  6.04457368e-02
2773  2.19201771e-01  1.66010786e-02
2774  2.19211036e-01  -2.72435796e-02
5241  -2.16019676e+00  1.57157742e-01
2776  2.19229568e-01  -1.14932896e-01
2777  2.19238833e-01  -1.58777555e-01
10331  -2.79893446e-01  -5.16983174e-01
10349  2.45212238e-01  1.04295896e-01
2780  2.19266631e-01  -2.90311529e-01
2781  2.19275896e-01  -3.34156187e-01
2782  2.19285162e-01  -3.78000846e-01
2783  2.19294428e-01  -4.21845504e-01
2784  2.19303693e-01  -4.65690162e-01
2785  2.19312959e-01  -5.09534820e-01
2786  2.19322225e-01  -5.53379478e-01
10363  2.45341958e-01  -5.09529319e-01
10322  -2.79906843e-01  -1.28200993e-01
2789  2.19350022e-01  -6.84913453e-01
10364  2.45351224e-01  -5.53373977e-01
10254  -5.69130941e-01  6.06706975e-01
10365  2.45360489e-01  -5.97218636e-01
10366  2.45369755e-01  -6.41063294e-01
10367  2.45379021e-01  -6.84907952e-01
10323  -2.79905354e-01  -1.71399013e-01
10255  -6.10291300e-01  5.97706245e-01
10248  -2.79933903e-01  6.57133225e-01
10324  -2.79903866e-01  -2.14597033e-01
10256  -6.51441159e-01  5.88368498e-01
5255  -2.93458170e-01  5.19768844e-01
10330  -2.79894935e-01  -4.73785154e-01
10352  2.45240035e-01  -2.72380791e-02
169  -1.35423739e+00  4.26842307e-01
10257  -6.92515437e-01  5.78734648e-01
10262  -8.96729105e-01  5.25655147e-01
5261  -2.93449239e-01  2.60580723e-01
211  -3.06975262e-01  1.74184216e-01
10258  -7.33424359e-01  5.68784258e-01
10353  2.45249301e-01  -7.10827369e-02
10263  -9.37317263e-01  5.14117852e-01
10327  -2.79899400e-01  -3.44191094e-01
10259  -7.74269666e-01  5.58340272e-01
2758  2.19062786e-01  6.74270951e-01
10328  -2.79897912e-01  -3.87389114e-01
10260  -8.15185015e-01  5.47648850e-01
10249  -3.44525856e-01  6.47857650e-01
10329  -2.79896423e-01  -4.30587134e-01
10261  -8.56040511e-01  5.36750082e-01
5053  -2.60494374e+00  -1.54072350e-02
5054  -2.56855994e+00  -8.23290034e-03
5055  -2.52509312e+00  -1.90145625e-03
5056  -2.48135118e+00  2.04814701e-03
5057  -2.43746604e+00  3.88698582e-03
5058  -2.39355169e+00  3.41800793e-03
5059  -2.34973597e+00  1.08450763e-03
5060  -2.30597993e+00  -2.27448292e-03
5061  -2.26242932e+00  -7.62963090e-03
5062  -2.21898937e+00  -1.38024222e-02
5063  -2.15885518e+00  -2.50579913e-02
5064  -2.11691060e+00  -3.41992787e-02
5065  -2.07518921e+00  -4.43257650e-02
5066  -2.03382300e+00  -5.57963526e-02
5067  -1.99270410e+00  -6.80539801e-02
5068  -1.95177797e+00  -8.09675268e-02
5069  -1.91119461e+00  -9.49240592e-02
5070  -1.87086842e+00  -1.09566264e-01
5071  -1.83075525e+00  -1.24772496e-01
5072  -1.79086557e+00  -1.40561489e-01
5073  -1.75123133e+00  -1.56976047e-01
5074  -1.71182778e+00  -1.73919390e-01
5075  -1.67259541e+00  -1.91241876e-01
5076  -1.63352235e+00  -2.08912743e-01
5077  -1.59457444e+00  -2.26853008e-01
5078  -1.55575990e+00  -2.45078940e-01
5079  -1.51706852e+00  -2.63560996e-01
5080  -1.47849311e+00  -2.82282407e-01
5081  -1.44003280e+00  -3.01228349e-01
5082  -1.40162288e+00  -3.20262493e-01
5083  -1.36323504e+00  -3.39335977e-01
5084  -1.32485843e+00  -3.58430143e-01
5085  -1.28648875e+00  -3.77539278e-01
5086  -1.24813830e+00  -3.96682535e-01
5087  -1.20976794e+00  -4.15778841e-01
5088  -1.17136998e+00  -4.34815381e-01
5089  -1.13292805e+00  -4.53746080e-01
5090  -1.09434969e+00  -4.72388189e-01
5091  -1.05566644e+00  -4.90818274e-01
5092  -1.01689010e+00  -5.09042330e-01
5093  -9.77958553e-01  -5.26921372e-01
5094  -9.38871412e-01  -5.44454221e-01
5095  -8.99626783e-01  -5.61611988e-01
5096  -8.60137929e-01  -5.78182132e-01
5097  -8.20393290e-01  -5.94130874e-01
5098  -7.80435537e-01  -6.09541088e-01
5099  -7.40277138e-01  -6.24390631e-01
5100  -6.99801326e-01  -6.38337980e-01
5101  -6.59067472e-01  -6.51533578e-01
5102  -6.18131321e-01  -6.64090945e-01
5103  -5.76992630e-01  -6.75930628e-01
5104  -5.35580544e-01  -6.86763439e-01
5105  -4.93942667e-01  -6.96718185e-01
5106  -4.52127942e-01  -7.05898176e-01
5107  -4.10143967e-01  -7.14203156e-01
5108  -3.50012488e-01  -7.24276506e-01
5109  -2.93415032e-01  -7.32169359e-01
5110  -2.63080148e-01  -7.35489988e-01
5111  -2.19418256e-01  -7.39354457e-01
5112  -1.75676569e-01  -7.42264289e-01
5113  -1.31882261e-01  -7.44238131e-01
5114  -8.80539625e-02  -7.45273352e-01
5115  -4.42190856e-02  -7.45380054e-01
5116  -3.90909427e-04  -7.44282471e-01
5117  4.34217077e-02  -7.42488458e-01
5118  8.71777396e-02  -7.39769068e-01
5119  1.30868247e-01  -7.36131381e-01
5120  1.74477645e-01  -7.31600137e-01
5121  2.31858372e-01  -7.24427863e-01
5122  2.61417025e-01  -7.20163078e-01
5123  3.10420074e-01  -7.12017341e-01
5124  3.52913024e-01  -7.03909846e-01
5125  3.95245192e-01  -6.94974297e-01
5126  4.37390987e-01  -6.85196296e-01
5127  4.79330105e-01  -6.74600670e-01
5128  5.20968985e-01  -6.62904782e-01
5129  5.62313757e-01  -6.50188861e-01
5130  6.03365426e-01  -6.36567376e-01
5131  6.44031946e-01  -6.21846294e-01
5132  6.84320232e-01  -6.06112578e-01
5133  7.24192943e-01  -5.89389060e-01
5134  7.63434354e-01  -5.71252715e-01
5135  8.02103251e-01  -5.51914927e-01
5136  8.40146906e-01  -5.31392064e-01
5137  8.77411484e-01  -5.09506874e-01
5138  9.20190003e-01  -4.82127384e-01
5139  9.54982100e-01  -4.57629999e-01
5140  9.88521984e-01  -4.31423308e-01
5141  1.02110268e+00  -4.04051674e-01
5142  1.05208749e+00  -3.74913076e-01
5143  1.08166435e+00  -3.44345908e-01
5144  1.10942560e+00  -3.12150878e-01
5145  1.13495629e+00  -2.78201060e-01
5146  1.15781149e+00  -2.42405401e-01
5147  1.17794378e+00  -2.05016203e-01
5148  1.19499808e+00  -1.66168538e-01
5149  1.20793313e+00  -1.25796132e-01
5150  1.21695921e+00  -8.43067667e-02
5151  1.22330795e+00  -4.23030480e-02
5152  1.22617100e+00  -3.88210636e-07
5153  1.22336154e+00  4.12891236e-02
5154  1.21804437e+00  8.24510648e-02
5155  1.21120949e+00  1.23359327e-01
5156  1.20111421e+00  1.63480458e-01
5157  1.18713045e+00  2.02437800e-01
5158  1.16996949e+00  2.40149076e-01
5159  1.15032977e+00  2.76642465e-01
5160  1.12800551e+00  3.11568096e-01
5161  1.10356591e+00  3.45066352e-01
5162  1.07713056e+00  3.77015063e-01
5163  1.04874282e+00  4.07252314e-01
5164  1.01868274e+00  4.35846150e-01
5165  9.87170943e-01  4.62839739e-01
5166  9.54330014e-01  4.88205331e-01
5167  9.20209254e-01  5.11835012e-01
5168  8.77705529e-01  5.38413857e-01
5169  8.40571031e-01  5.59270139e-01
5170  8.02567078e-01  5.78530342e-01
5171  7.63874016e-01  5.96387281e-01
5172  7.24548832e-01  6.12810625e-01
5173  6.84645372e-01  6.27792950e-01
5174  6.44270370e-01  6.41483795e-01
5175  6.03515569e-01  6.54002394e-01
5176  5.62389848e-01  6.65227240e-01
5177  5.20924666e-01  6.75154756e-01
5178  4.79200235e-01  6.83963704e-01
5179  4.37260698e-01  6.91696054e-01
5180  3.95139702e-01  6.98367944e-01
5181  3.52857407e-01  7.03936656e-01
5182  3.10447697e-01  7.08491634e-01
5183  2.61608099e-01  7.12722830e-01
5184  2.31554212e-01  7.14840593e-01
5185  1.74110915e-01  7.17521323e-01
5186  1.30302850e-01  7.18637933e-01
5187  8.64811534e-02  7.18958893e-01
5188  4.26560453e-02  7.18500324e-01
5189  -1.15853031e-03  7.17373149e-01
5190  -4.49437420e-02  7.15500128e-01
5191  -8.86867612e-02  7.12801579e-01
5192  -1.32384350e-01  7.09390046e-01
5193  -1.76032460e-01  7.05347557e-01
5194  -2.19630593e-01  7.00754287e-01
5195  -2.63175129e-01  6.95669502e-01
5196  -2.93464100e-01  6.91872200e-01
5197  -3.50017022e-01  6.83700462e-01
5198  -4.09893068e-01  6.74126775e-01
5199  -4.51739366e-01  6.66901616e-01
5200  -4.93520879e-01  6.59294383e-01
5201  -5.35217732e-01  6.51274633e-01
5202  -5.76791316e-01  6.42638476e-01
5203  -6.18280527e-01  6.33566060e-01
5204  -6.59700971e-01  6.24166956e-01
5205  -7.01051846e-01  6.14468160e-01
5206  -7.42316517e-01  6.04430908e-01
5207  -7.83464197e-01  5.93910129e-01
5208  -8.24563919e-01  5.83170537e-01
5209  -8.65608017e-01  5.72221436e-01
5210  -9.06584376e-01  5.61047628e-01
5211  -9.47439922e-01  5.49434787e-01
5212  -9.88251149e-01  5.37639973e-01
5213  -1.02900536e+00  5.25654985e-01
5214  -1.06969270e+00  5.13443852e-01
5215  -1.11032748e+00  5.01045146e-01
5216  -1.15093561e+00  4.88549365e-01
5217  -1.19151610e+00  4.75963486e-01
5218  -1.23206808e+00  4.63287315e-01
5219  -1.27258417e+00  4.50509353e-01
5220  -1.31303337e+00  4.37521042e-01
5221  -1.35345727e+00  4.24436635e-01
5222  -1.39386576e+00  4.11308460e-01
5223  -1.43423209e+00  3.98049523e-01
5224  -1.47459084e+00  3.84762412e-01
5225  -1.51492310e+00  3.71396245e-01
5226  -1.55524428e+00  3.57990796e-01
5227  -1.59555795e+00  3.44565126e-01
5228  -1.63585077e+00  3.31076980e-01
5229  -1.67614103e+00  3.17567879e-01
5230  -1.71645611e+00  3.04130315e-01
5231  -1.75677057e+00  2.90702037e-01
10267  -1.09956388e+00  4.65918245e-01
5233  -1.83735096e+00  2.63710558e-01
5234  -1.87762890e+00  2.50167603e-01
5235  -1.91792318e+00  2.36666209e-01
5236  -1.95823552e+00  2.23218857e-01
5237  -1.99856347e+00  2.09812400e-01
5238  -2.03892990e+00  1.96521535e-01
5239  -2.07931235e+00  1.83278173e-01
5240  -2.11973853e+00  1.70162792e-01
10264  -9.77968259e-01  5.02369358e-01
5242  -2.21862792e+00  1.38404081e-01
5243  -2.25769451e+00  1.25893414e-01
5244  -2.29681868e+00  1.13545428e-01
5245  -2.33600393e+00  1.01404238e-01
5246  -2.37519822e+00  8.93169434e-02
5247  -2.41438386e+00  7.72100660e-02
5248  -2.45356253e+00  6.50774616e-02
5249  -2.49274534e+00  5.29534398e-02
5250  -2.53193452e+00  4.08475392e-02
5251  -2.57044101e+00  2.91095708e-02
5252  -2.93462635e-01  6.49362904e-01
5253  -2.93461147e-01  6.06164884e-01
5254  -2.93459658e-01  5.62966864e-01
193  -2.33675082e+00  1.03820433e-01
5256  -2.93456681e-01  4.76570824e-01
5257  -2.93455193e-01  4.33372803e-01
5258  -2.93453704e-01  3.90174783e-01
5259  -2.93452216e-01  3.46976763e-01
5260  -2.93450727e-01  3.03778743e-01
175  -1.59635889e+00  3.46963944e-01
5262  -2.93447751e-01  2.17382703e-01
5263  -2.93446262e-01  1.74184682e-01
5264  -2.93444774e-01  1.30986662e-01
5265  -2.93443285e-01  8.77886423e-02
5266  -2.93441797e-01  4.45906221e-02
5267  -2.93440308e-01  1.39260195e-03
5268  -2.93438820e-01  -4.18054182e-02
5269  -2.93437331e-01  -8.50034384e-02
5270  -2.93435843e-01  -1.28201459e-01
5271  -2.93434354e-01  -1.71399479e-01
5272  -2.93432866e-01  -2.14597499e-01
5273  -2.93431377e-01  -2.57795519e-01
5274  -2.93429889e-01  -3.00993539e-01
5275  -2.93428400e-01  -3.44191560e-01
5276  -2.93426912e-01  -3.87389580e-01
5277  -2.93425423e-01  -4.30587600e-01
5278  -2.93423935e-01  -4.73785620e-01
5279  -2.93422446e-01  -5.16983640e-01
5280  -2.93420958e-01  -5.60181660e-01
5281  -2.93419470e-01  -6.03379681e-01
5282  -2.93417981e-01  -6.46577701e-01
5283  -2.93416493e-01  -6.89775721e-01
5284  2.31562786e-01  6.74273593e-01
5285  2.31572051e-01  6.30428935e-01
5286  2.31581317e-01  5.86584277e-01
10337  2.45101050e-01  6.30431794e-01
5288  2.31599848e-01  4.98894960e-01
5289  2.31609114e-01  4.55050302e-01
5290  2.31618380e-01  4.11205644e-01
199  -2.57187750e+00  3.11909961e-02
5292  2.31636911e-01  3.23516327e-01
5293  2.31646177e-01  2.79671669e-01
5294  2.31655442e-01  2.35827011e-01
5295  2.31664708e-01  1.91982353e-01
5296  2.31673974e-01  1.48137695e-01
5297  2.31683239e-01  1.04293037e-01
5298  2.31692505e-01  6.04483785e-02
5299  2.31701771e-01  1.66037201e-02
5300  2.31711036e-01  -2.72409381e-02
5291  2.31627645e-01  3.67360986e-01
5302  2.31729568e-01  -1.14930254e-01
5303  2.31738833e-01  -1.58774913e-01
5304  2.31748099e-01  -2.02619571e-01
5305  2.31757365e-01  -2.46464229e-01
5306  2.31766631e-01  -2.90308887e-01
5307  2.31775896e-01  -3.34153545e-01
5308  2.31785162e-01  -3.77998204e-01
5309  2.31794428e-01  -4.21842862e-01
5310  2.31803693e-01  -4.65687520e-01
5311  2.31812959e-01  -5.09532178e-01
5312  2.31822225e-01  -5.53376836e-01
10348  2.45202973e-01  1.48140554e-01
5314  2.31840756e-01  -6.41066153e-01
5315  2.31850022e-01  -6.84910811e-01
10338  2.45110316e-01  5.86587136e-01
205  -3.06984193e-01  4.33372337e-01
10362  2.45332692e-01  -4.65684661e-01
10339  2.45119582e-01  5.42742477e-01
10332  -2.79891958e-01  -5.60181194e-01
10333  -2.79890470e-01  -6.03379215e-01
187  -2.08009661e+00  1.85682498e-01
247  2.18172771e-01  1.66008611e-02
10340  2.45128847e-01  4.98897819e-01
10326  -2.79900889e-01  -3.00993073e-01
10265  -1.01854229e+00  4.90437401e-01
217  -3.06966331e-01  -8.50039046e-02
253  2.18228365e-01  -2.46467088e-01
10341  2.45138113e-01  4.55053161e-01
10266  -1.05905128e+00  4.78279745e-01
10347  2.45193707e-01  1.91985212e-01
5287  2.31590583e-01  5.42739618e-01
223  -3.06957400e-01  -3.44192026e-01
10342  2.45147379e-01  4.11208503e-01
181  -1.83815640e+00  2.66107870e-01
10320  -2.79909820e-01  -4.18049520e-02
2764  2.19118380e-01  4.11203002e-01
10343  2.45156644e-01  3.67363845e-01
229  -3.06948470e-01  -6.03380147e-01
5301  2.31720302e-01  -7.10855961e-02
241  2.18117177e-01  2.79668810e-01
10344  2.45165910e-01  3.23519186e-01
235  2.18061583e-01  5.42736759e-01
10334  -2.79888981e-01  -6.46577235e-01
10351  2.45230770e-01  1.66065791e-02
10345  2.45175176e-01  2.79674528e-01
7579  -2.60236829e+00  -1.38209609e-02
7580  -2.56873860e+00  -7.19009410e-03
7581  -2.52521698e+00  -8.50732273e-04
7582  -2.48142091e+00  3.10384616e-03
7583  -2.43748254e+00  4.94485713e-03
7584  -2.39351789e+00  4.47546794e-03
7585  -2.34966734e+00  2.14027954e-03
7586  -2.30587485e+00  -1.22171410e-03
7587  -2.26229033e+00  -6.58080041e-03
7588  -2.21881758e+00  -1.27584617e-02
7589  -2.15196578e+00  8.96141909e-03
7590  -2.10912102e+00  -3.74633096e-04
7591  -2.06645710e+00  -1.07320997e-02
7592  -2.02422706e+00  -2.24391633e-02
7593  -1.98252358e+00  -3.48705334e-02
7594  -1.94091088e+00  -4.80025386e-02
7595  -1.89962707e+00  -6.21982890e-02
7596  -1.85879317e+00  -7.70244067e-02
7597  -1.81821588e+00  -9.24066468e-02
7598  -1.77783730e+00  -1.08389321e-01
7599  -1.73773475e+00  -1.24997517e-01
7600  -1.69796201e+00  -1.42099198e-01
7601  -1.65843383e+00  -1.59552226e-01
7602  -1.61910994e+00  -1.77336384e-01
7603  -1.57993696e+00  -1.95380350e-01
7604  -1.54090278e+00  -2.13709365e-01
7605  -1.50201047e+00  -2.32287377e-01
7606  -1.46324634e+00  -2.51100359e-01
7607  -1.42465755e+00  -2.70109451e-01
7608  -1.38619449e+00  -2.89169902e-01
7609  -1.34778180e+00  -3.08255737e-01
7610  -1.30939068e+00  -3.27357117e-01
7611  -1.27100085e+00  -3.46476292e-01
7612  -1.23265467e+00  -3.65617420e-01
7613  -1.19432663e+00  -3.84692673e-01
7614  -1.15599405e+00  -4.03696820e-01
7615  -1.11770974e+00  -4.22550133e-01
7616  -1.07933400e+00  -4.41094213e-01
7617  -1.04081989e+00  -4.59443695e-01
7618  -1.00226519e+00  -4.77563825e-01
7619  -9.63612632e-01  -4.95314748e-01
7620  -9.24816174e-01  -5.12717265e-01
7621  -8.85959021e-01  -5.29706246e-01
7622  -8.46959068e-01  -5.46071359e-01
7623  -8.07684882e-01  -5.61831022e-01
7624  -7.68171319e-01  -5.77069977e-01
7625  -7.28603313e-01  -5.91702622e-01
7626  -6.88798356e-01  -6.05418097e-01
7627  -6.48629040e-01  -6.18430357e-01
7628  -6.08241414e-01  -6.30819729e-01
7629  -5.67800002e-01  -6.42460049e-01
7630  -5.27152513e-01  -6.53092199e-01
7631  -4.86185360e-01  -6.62886125e-01
7632  -4.45038353e-01  -6.71919921e-01
7633  -4.03908150e-01  -6.80057897e-01
7634  -3.44767213e-01  -6.90448753e-01
7635  -2.80916166e-01  -6.99265980e-01
7636  -2.59608839e-01  -7.01434447e-01
7637  -2.16772949e-01  -7.05224820e-01
7638  -1.73769711e-01  -7.08085440e-01
7639  -1.30707378e-01  -7.10026299e-01
7640  -8.76081445e-02  -7.11044256e-01
7641  -4.46059339e-02  -7.11150240e-01
7642  -1.51967570e-03  -7.10069086e-01
7643  4.16596246e-02  -7.08301839e-01
7644  8.46957436e-02  -7.05627166e-01
7645  1.27679003e-01  -7.02048268e-01
7646  1.70620628e-01  -6.97586122e-01
7647  2.44350729e-01  -6.88257496e-01
7648  2.56233160e-01  -6.86325859e-01
7649  3.04321222e-01  -6.77847352e-01
7650  3.46075781e-01  -6.69879915e-01
7651  3.87738219e-01  -6.61085812e-01
7652  4.29217256e-01  -6.51462423e-01
7653  4.70385057e-01  -6.41063076e-01
7654  5.11173252e-01  -6.29605717e-01
7655  5.51745684e-01  -6.17126799e-01
7656  5.91991496e-01  -6.03773813e-01
7657  6.31810445e-01  -5.89359081e-01
7658  6.71293317e-01  -5.73939863e-01
7659  7.10197096e-01  -5.57625868e-01
7660  7.48389141e-01  -5.39972918e-01
7661  7.86099052e-01  -5.21114770e-01
7662  8.23115427e-01  -5.01147844e-01
7663  8.76858318e-01  -5.08605003e-01
7664  9.19600135e-01  -4.81249079e-01
7665  9.54351650e-01  -4.56780354e-01
7666  9.87855897e-01  -4.30601304e-01
7667  1.02039972e+00  -4.03260968e-01
7668  1.05134471e+00  -3.74159652e-01
7669  1.08088323e+00  -3.43632316e-01
7670  1.10860172e+00  -3.11487117e-01
7671  1.13408699e+00  -2.77597996e-01
7672  1.15689922e+00  -2.41869556e-01
7673  1.17699285e+00  -2.04552408e-01
7674  1.19400860e+00  -1.65793995e-01
7675  1.20691128e+00  -1.25521932e-01
7676  1.21591870e+00  -8.41151456e-02
7677  1.22225620e+00  -4.21882260e-02
7678  1.22511300e+00  -5.50617457e-07
7679  1.22230815e+00  4.11854133e-02
7680  1.21699778e+00  8.22960646e-02
7681  1.21017387e+00  1.23142858e-01
7682  1.20010209e+00  1.63172283e-01
7683  1.18615022e+00  2.02039653e-01
7684  1.16902165e+00  2.39679017e-01
7685  1.14941758e+00  2.76106491e-01
7686  1.12713202e+00  3.10971129e-01
7687  1.10273060e+00  3.44417028e-01
7688  1.07633693e+00  3.76315407e-01
7689  1.04799225e+00  4.06506650e-01
7690  1.01797376e+00  4.35060844e-01
7691  9.86503217e-01  4.62019064e-01
7692  9.53705260e-01  4.87351489e-01
7693  9.19627439e-01  5.10951351e-01
7694  8.60000341e-01  5.08559035e-01
7695  8.24223169e-01  5.28651002e-01
7696  7.87446768e-01  5.47286778e-01
7697  7.49911238e-01  5.64609538e-01
7698  7.11758180e-01  5.80543252e-01
7699  6.72970189e-01  5.95105427e-01
7700  6.33600082e-01  6.08454580e-01
7701  5.93848746e-01  6.20665678e-01
7702  5.53778134e-01  6.31602510e-01
7703  5.13298035e-01  6.41292999e-01
7704  4.72467978e-01  6.49912847e-01
7705  4.31398394e-01  6.57484689e-01
7706  3.90157979e-01  6.64017303e-01
7707  3.48737600e-01  6.69472018e-01
7708  3.07096231e-01  6.73943815e-01
7709  2.59010572e-01  6.78589523e-01
7710  2.44061603e-01  6.79871220e-01
7711  1.72920387e-01  6.83310031e-01
7712  1.29741342e-01  6.84410539e-01
7713  8.65348710e-02  6.84726935e-01
7714  4.32753266e-02  6.84273926e-01
7715  1.32185258e-05  6.83161209e-01
7716  -4.31582562e-02  6.81314724e-01
7717  -8.63005843e-02  6.78652845e-01
7718  -1.29473621e-01  6.75282019e-01
7719  -1.72660625e-01  6.71282024e-01
7720  -2.15852026e-01  6.66731467e-01
7721  -2.58997580e-01  6.61693364e-01
7722  -2.80962969e-01  6.59039574e-01
7723  -3.44833117e-01  6.49863250e-01
7724  -4.04200037e-01  6.39886835e-01
7725  -4.45677748e-01  6.32725003e-01
7726  -4.87134146e-01  6.25177030e-01
7727  -5.28409825e-01  6.17238821e-01
7728  -5.69554004e-01  6.08691378e-01
7729  -6.10732524e-01  5.99686690e-01
7730  -6.51897327e-01  5.90345554e-01
7731  -6.92986881e-01  5.80708118e-01
7732  -7.33915449e-01  5.70752931e-01
7733  -7.74777456e-01  5.60304703e-01
7734  -8.15702987e-01  5.49610621e-01
7735  -8.56568899e-01  5.38709073e-01
7736  -8.97273386e-01  5.27609782e-01
7737  -9.37876311e-01  5.16068315e-01
7738  -9.78536156e-01  5.04317263e-01
7739  -1.01912014e+00  4.92382377e-01
7740  -1.05963898e+00  4.80221768e-01
7741  -1.10015833e+00  4.67858213e-01
7742  -1.14069038e+00  4.55385840e-01
7743  -1.18119716e+00  4.42822823e-01
7744  -1.22167017e+00  4.30171345e-01
7745  -1.26205827e+00  4.17433841e-01
7746  -1.30238300e+00  4.04485399e-01
7747  -1.34275030e+00  3.91419293e-01
7748  -1.38308741e+00  3.78314350e-01
7749  -1.42338911e+00  3.65076598e-01
7750  -1.46370421e+00  3.51803871e-01
7751  -1.50398834e+00  3.38453644e-01
7752  -1.54428536e+00  3.25056225e-01
7753  -1.58456514e+00  3.11641845e-01
7754  -1.62482445e+00  2.98164911e-01
7755  -1.66513601e+00  2.84648678e-01
7756  -1.70548376e+00  2.71200210e-01
7757  -1.74578494e+00  2.57776363e-01
7758  -1.78604504e+00  2.44321012e-01
7759  -1.82629644e+00  2.30807948e-01
7760  -1.86658394e+00  2.17261782e-01
7761  -1.90691756e+00  2.03747210e-01
7762  -1.94726892e+00  1.90286841e-01
7763  -1.98766103e+00  1.76859084e-01
7764  -2.02809415e+00  1.63546230e-01
7765  -2.06854854e+00  1.50279317e-01
7766  -2.10907185e+00  1.37132410e-01
7767  -2.14958207e+00  1.24110616e-01
7768  -2.21830492e+00  1.37396590e-01
7769  -2.25737396e+00  1.24885143e-01
7770  -2.29650290e+00  1.12535653e-01
7771  -2.33569147e+00  1.00393429e-01
7772  -2.37488617e+00  8.83060097e-02
7773  -2.41407122e+00  7.61993147e-02
7774  -2.45324968e+00  6.40667760e-02
7775  -2.49243283e+00  5.19426451e-02
7776  -2.53162267e+00  3.98365431e-02
7777  -2.56984006e+00  2.82388124e-02
7778  -2.80962635e-01  6.49363335e-01
7779  -2.80961147e-01  6.06165315e-01
7780  -2.80959658e-01  5.62967295e-01
7781  -2.80958170e-01  5.19769275e-01
7782  -2.80956681e-01  4.76571255e-01
7783  -2.80955193e-01  4.33373234e-01
7784  -2.80953704e-01  3.90175214e-01
7785  -2.80952216e-01  3.46977194e-01
7786  -2.80950727e-01  3.03779174e-01
7787  -2.80949239e-01  2.60581154e-01
7788  -2.80947751e-01  2.17383134e-01
7789  -2.80946262e-01  1.74185113e-01
7790  -2.80944774e-01  1.30987093e-01
7791  -2.80943285e-01  8.77890730e-02
7792  -2.80941797e-01  4.45910528e-02
7793  -2.80940308e-01  1.39303267e-03
7794  -2.80938820e-01  -4.18049875e-02
7795  -2.80937331e-01  -8.50030077e-02
7796  -2.80935843e-01  -1.28201028e-01
7797  -2.80934354e-01  -1.71399048e-01
7798  -2.80932866e-01  -2.14597068e-01
7799  -2.80931377e-01  -2.57795088e-01
7800  -2.80929889e-01  -3.00993108e-01
7801  -2.80928400e-01  -3.44191129e-01
7802  -2.80926912e-01  -3.87389149e-01
7803  -2.80925423e-01  -4.30587169e-01
7804  -2.80923935e-01  -4.73785189e-01
7805  -2.80922446e-01  -5.16983209e-01
7806  -2.80920958e-01  -5.60181229e-01
7807  -2.80919470e-01  -6.03379250e-01
7808  -2.80917981e-01  -6.46577270e-01
7809  -2.80916493e-01  -6.89775290e-01
7810  2.44062785e-01  6.74276235e-01
7811  2.44072050e-01  6.30431577e-01
7812  2.44081316e-01  5.86586919e-01
7813  2.44090582e-01  5.42742260e-01
7814  2.44099847e-01  4.98897602e-01
7815  2.44109113e-01  4.55052944e-01
7816  2.44118379e-01  4.11208286e-01
7817  2.44127644e-01  3.67363628e-01
7818  2.44136910e-01  3.23518969e-01
7819  2.44146176e-01  2.79674311e-01
7820  2.44155441e-01  2.35829653e-01
7821  2.44164707e-01  1.91984995e-01
7822  2.44173973e-01  1.48140337e-01
7823  2.44183238e-01  1.04295679e-01
7824  2.44192504e-01  6.04510202e-02
7825  2.44201770e-01  1.66063617e-02
10335  -2.79887493e-01  -6.89775255e-01
7827  2.44220301e-01  -7.10829544e-02
7828  2.44229567e-01  -1.14927612e-01
7829  2.44238832e-01  -1.58772271e-01
7830  2.44248098e-01  -2.02616929e-01
7831  2.44257364e-01  -2.46461587e-01
7832  2.44266630e-01  -2.90306245e-01
7833  2.44275895e-01  -3.34150903e-01
7834  2.44285161e-01  -3.77995562e-01
7835  2.44294427e-01  -4.21840220e-01
7836  2.44303692e-01  -4.65684878e-01
7837  2.44312958e-01  -5.09529536e-01
7838  2.44322224e-01  -5.53374194e-01
7839  2.44331489e-01  -5.97218853e-01
7840  2.44340755e-01  -6.41063511e-01
7841  2.44350021e-01  -6.84908169e-01
10354  2.45258567e-01  -1.14927395e-01
2674  -4.93894221e-01  6.61288739e-01
10336  2.45091785e-01  6.74276452e-01
10355  2.45267832e-01  -1.58772054e-01
259  2.18283959e-01  -5.09535037e-01
10356  2.45277098e-01  -2.02616712e-01
10346  2.45184441e-01  2.35829870e-01
10350  2.45221504e-01  6.04512377e-02
10357  2.45286364e-01  -2.46461370e-01
2691  -1.19211930e+00  4.77900749e-01
10358  2.45295630e-01  -2.90306028e-01
2721  -2.41498344e+00  7.91484538e-02
10359  2.45304895e-01  -3.34150686e-01
5313  2.31831490e-01  -5.97221495e-01
10360  2.45314161e-01  -3.77995345e-01
2704  -1.71709750e+00  3.06055270e-01
7826  2.44211035e-01  -2.72382965e-02
10361  2.45323427e-01  -4.21840003e-01
10105  -2.59742917e+00  -1.07788529e-02
10106  -2.56908123e+00  -5.19023222e-03
10107  -2.52545453e+00  1.16431400e-03
10108  -2.48155465e+00  5.12843368e-03
10109  -2.43751419e+00  6.97361034e-03
10110  -2.39345307e+00  6.50343236e-03
10111  -2.34953573e+00  4.16500658e-03
10112  -2.30567333e+00  7.97253697e-04
10113  -2.26202378e+00  -4.56938540e-03
10114  -2.21848814e+00  -1.07563862e-02
10115  -2.15156306e+00  1.09500501e-02
10116  -2.10866568e+00  1.60261282e-03
10117  -2.06594666e+00  -8.76835596e-03
10118  -2.02366613e+00  -2.04892429e-02
10119  -1.98192847e+00  -3.29307692e-02
10120  -1.94027564e+00  -4.60755446e-02
10121  -1.89895088e+00  -6.02852787e-02
10122  -1.85808730e+00  -7.51221471e-02
10123  -1.81748288e+00  -9.05146759e-02
10124  -1.77707572e+00  -1.06508672e-01
10125  -1.73694579e+00  -1.23128187e-01
10126  -1.69715148e+00  -1.40239124e-01
10127  -1.65760601e+00  -1.57699783e-01
10128  -1.61826745e+00  -1.75490563e-01
10129  -1.57908131e+00  -1.93540591e-01
10130  -1.54003430e+00  -2.11875632e-01
10131  -1.50113024e+00  -2.30459253e-01
10132  -1.46235507e+00  -2.49277589e-01
10133  -1.42375877e+00  -2.68290372e-01
10134  -1.38529262e+00  -2.87352361e-01
10135  -1.34687847e+00  -3.06438917e-01
10136  -1.30848650e+00  -3.25540719e-01
10137  -1.27009549e+00  -3.44660481e-01
10138  -1.23174956e+00  -3.63801485e-01
10139  -1.19342399e+00  -3.82875507e-01
10140  -1.15509523e+00  -4.01877761e-01
10141  -1.11682014e+00  -4.20726549e-01
10142  -1.07845624e+00  -4.39264899e-01
10143  -1.03995203e+00  -4.57609669e-01
10144  -1.00141028e+00  -4.75723725e-01
10145  -9.62774030e-01  -4.93467159e-01
10146  -9.23994564e-01  -5.10862056e-01
10147  -8.85160061e-01  -5.27841171e-01
10148  -8.46188688e-01  -5.44194299e-01
10149  -8.06942002e-01  -5.59942909e-01
10150  -7.67454404e-01  -5.75171853e-01
10151  -7.27920911e-01  -5.89791819e-01
10152  -6.88155169e-01  -6.03493739e-01
10153  -6.48018853e-01  -6.16495283e-01
10154  -6.07663292e-01  -6.28874834e-01
10155  -5.67262639e-01  -6.40503500e-01
10156  -5.26659846e-01  -6.51123921e-01
10157  -4.85731900e-01  -6.60908446e-01
10158  -4.44623925e-01  -6.69933695e-01
10159  -4.03543631e-01  -6.78061909e-01
10160  -3.44456315e-01  -6.88443713e-01
10161  -2.79887232e-01  -6.97352893e-01
10162  -2.59403088e-01  -6.99415906e-01
10163  -2.16616156e-01  -7.03201887e-01
10164  -1.73656688e-01  -7.06059590e-01
10165  -1.30637740e-01  -7.07998494e-01
10166  -8.75817200e-02  -7.09015428e-01
10167  -4.46288632e-02  -7.09121370e-01
10168  -1.58657996e-03  -7.08041190e-01
10169  4.15551823e-02  -7.06275529e-01
10170  8.45486307e-02  -7.03603506e-01
10171  1.27489970e-01  -7.00028093e-01
10172  1.70392014e-01  -6.95570042e-01
10173  2.45379268e-01  -6.86075705e-01
10174  2.55925902e-01  -6.84320259e-01
10175  3.03964709e-01  -6.75849919e-01
10176  3.45676105e-01  -6.67890669e-01
10177  3.87299393e-01  -6.59104834e-01
10178  4.28739455e-01  -6.49490483e-01
10179  4.69862167e-01  -6.39102610e-01
10180  5.10600635e-01  -6.27659194e-01
10181  5.51127919e-01  -6.15194131e-01
10182  5.91326624e-01  -6.01856839e-01
10183  6.31096028e-01  -5.87460016e-01
10184  6.70531819e-01  -5.72059182e-01
10185  7.09378958e-01  -5.55769126e-01
10186  7.47509662e-01  -5.38144433e-01
10187  7.85163514e-01  -5.19314322e-01
10188  8.22119839e-01  -4.99379894e-01
10189  8.75797474e-01  -5.06875422e-01
10190  9.18468904e-01  -4.79564692e-01
10191  9.53142592e-01  -4.55150931e-01
10192  9.86578495e-01  -4.29024888e-01
10193  1.01905161e+00  -4.01744578e-01
10194  1.04992024e+00  -3.72714759e-01
10195  1.07938522e+00  -3.42263812e-01
10196  1.10702170e+00  -3.10214176e-01
10197  1.13241988e+00  -2.76441458e-01
10198  1.15514970e+00  -2.40841929e-01
10199  1.17516920e+00  -2.03662956e-01
10200  1.19211099e+00  -1.65075707e-01
10201  1.20495161e+00  -1.24996079e-01
10202  1.21392326e+00  -8.37476604e-02
10203  1.22023918e+00  -4.19680239e-02
10204  1.22308400e+00  -8.62076287e-07
10205  1.22028798e+00  4.09865208e-02
10206  1.21499068e+00  8.19988099e-02
10207  1.20818780e+00  1.22727720e-01
10208  1.19816107e+00  1.62581274e-01
10209  1.18427037e+00  2.01276100e-01
10210  1.16720390e+00  2.38777552e-01
10211  1.14766820e+00  2.75078617e-01
10212  1.12545686e+00  3.09826282e-01
10213  1.10112867e+00  3.43171773e-01
10214  1.07481494e+00  3.74973629e-01
10215  1.04655284e+00  4.05076640e-01
10216  1.01661409e+00  4.33554808e-01
10217  9.85222674e-01  4.60445200e-01
10218  9.52507126e-01  4.85714016e-01
10219  9.18511652e-01  5.09256695e-01
10220  8.58965370e-01  5.06813848e-01
10221  8.23267542e-01  5.26861137e-01
10222  7.86562898e-01  5.45460411e-01
10223  7.49095033e-01  5.62751946e-01
10224  7.11010493e-01  5.78657038e-01
10225  6.72287707e-01  5.93194652e-01
10226  6.32976342e-01  6.06523832e-01
10227  5.93283664e-01  6.18716954e-01
10228  5.53274730e-01  6.29636950e-01
10229  5.12852214e-01  6.39313583e-01
10230  4.72074439e-01  6.47922378e-01
10231  4.31055708e-01  6.55484837e-01
10232  3.89866769e-01  6.62009310e-01
10233  3.48496774e-01  6.67457361e-01
10234  3.06900319e-01  6.71924295e-01
10235  2.58856611e-01  6.76566373e-01
10236  2.45091044e-01  6.77782714e-01
10237  1.72849822e-01  6.81282259e-01
10238  1.29708060e-01  6.82381812e-01
10239  8.65380549e-02  6.82697938e-01
