1  -1.16210000e+00  -3.20997250e-03
2  -1.14470765e+00  -1.70637107e-03
3  -1.12729135e+00  -5.22490156e-04
4  -1.10985710e+00  3.70354806e-04
5  -1.09241118e+00  9.92070259e-04
6  -1.07495857e+00  1.38868299e-03
7  -1.05750197e+00  1.52280575e-03
8  -1.04004491e+00  1.47288875e-03
9  -1.02259047e+00  1.17712267e-03
10  -1.00514141e+00  6.46163964e-04
11  -9.87700000e-01  -9.16702440e-05
12  -9.63869224e-01  -1.50768724e-03
13  -9.46462982e-01  -2.78529617e-03
14  -9.29069197e-01  -4.22485890e-03
15  -9.11692004e-01  -5.85015019e-03
16  -8.94336364e-01  -7.69165009e-03
17  -8.76997472e-01  -9.68618842e-03
18  -8.59676722e-01  -1.18319529e-02
19  -8.42377658e-01  -1.41460234e-02
20  -8.25097899e-01  -1.66007177e-02
21  -8.07836644e-01  -1.91819574e-02
22  -7.90602224e-01  -2.19371206e-02
23  -7.73391036e-01  -2.48340588e-02
24  -7.56189453e-01  -2.77875601e-02
25  -7.39007294e-01  -3.08515742e-02
26  -7.21843859e-01  -3.40187293e-02
27  -7.04693992e-01  -3.72590557e-02
28  -6.87551554e-01  -4.05384848e-02
29  -6.70421875e-01  -4.38839012e-02
30  -6.53310845e-01  -4.73231541e-02
31  -6.36205638e-01  -5.07915546e-02
32  -6.19099798e-01  -5.42568282e-02
33  -6.01994435e-01  -5.77244626e-02
34  -5.84891917e-01  -6.12060932e-02
35  -5.67788700e-01  -6.46842829e-02
36  -5.50682755e-01  -6.81490239e-02
37  -5.33568762e-01  -7.15738128e-02
38  -5.16454628e-01  -7.49978883e-02
39  -4.99334772e-01  -7.83930848e-02
40  -4.82204466e-01  -8.17353131e-02
41  -4.65056519e-01  -8.49857574e-02
42  -4.47897813e-01  -8.81787955e-02
43  -4.30729962e-01  -9.13224270e-02
44  -4.13553310e-01  -9.44176694e-02
45  -3.96352253e-01  -9.73736163e-02
46  -3.79137647e-01  -1.00249842e-01
47  -3.61910147e-01  -1.03048201e-01
48  -3.44667348e-01  -1.05750632e-01
49  -3.21000000e-01  -1.09310622e-01
50  -3.04015423e-01  -1.11760752e-01
51  -2.87019519e-01  -1.14130968e-01
52  -2.69995980e-01  -1.16294411e-01
53  -2.52959635e-01  -1.18353718e-01
54  -2.35911381e-01  -1.20311158e-01
55  -2.18846570e-01  -1.22120456e-01
56  -2.01769778e-01  -1.23812323e-01
57  -1.84681760e-01  -1.25384010e-01
58  -1.67582219e-01  -1.26828232e-01
59  -1.50469589e-01  -1.28108569e-01
60  -1.33346536e-01  -1.29236279e-01
61  -1.16216205e-01  -1.30251226e-01
62  -9.90802445e-02  -1.31167741e-01
63  -8.19348755e-02  -1.31884230e-01
64  -6.47855878e-02  -1.32500507e-01
65  -4.76328299e-02  -1.33009698e-01
66  -3.04754238e-02  -1.33333375e-01
67  -1.33159340e-02  -1.33511624e-01
68  3.84421654e-03  -1.33592164e-01
69  2.10044344e-02  -1.33557557e-01
70  3.81635085e-02  -1.33342019e-01
71  5.53185772e-02  -1.32914798e-01
72  7.24699465e-02  -1.32360646e-01
73  8.96160914e-02  -1.31665929e-01
74  1.06755188e-01  -1.30811983e-01
75  1.23886505e-01  -1.29812839e-01
76  1.41004611e-01  -1.28608764e-01
77  1.58109008e-01  -1.27225178e-01
78  1.75200000e-01  -1.25685265e-01
79  1.94672609e-01  -1.23710545e-01
80  2.11946607e-01  -1.21740973e-01
81  2.29198385e-01  -1.19584564e-01
82  2.46425399e-01  -1.17239484e-01
83  2.63618227e-01  -1.14654957e-01
84  2.80775894e-01  -1.11845827e-01
85  2.97900067e-01  -1.08839771e-01
86  3.14976991e-01  -1.05576537e-01
87  3.31997645e-01  -1.02031134e-01
88  3.48964615e-01  -9.82376599e-02
89  3.65865387e-01  -9.41599153e-02
90  3.82688489e-01  -8.97731399e-02
91  4.01600000e-01  -8.44167037e-02
92  4.19110185e-01  -7.89387858e-02
93  4.36479613e-01  -7.30304910e-02
94  4.53615753e-01  -6.64782290e-02
95  4.70477257e-01  -5.92514421e-02
96  4.86861366e-01  -5.10023681e-02
97  5.02623198e-01  -4.16219744e-02
98  5.17362883e-01  -3.07165545e-02
99  5.29674627e-01  -1.71996423e-02
100  5.35400000e-01  0.00000000e+00
101  5.31551919e-01  1.75572961e-02
102  5.21927303e-01  3.27887581e-02
103  5.09509599e-01  4.58873583e-02
104  4.95626028e-01  5.74360377e-02
105  4.80934897e-01  6.79468212e-02
106  4.65743489e-01  7.77222220e-02
107  4.50154115e-01  8.68495711e-02
108  4.34210646e-01  9.53452048e-02
109  4.17993722e-01  1.03307228e-01
110  4.01600000e-01  1.10900178e-01
111  3.82973874e-01  1.18825604e-01
112  3.66365052e-01  1.25398931e-01
113  3.49634490e-01  1.31655863e-01
114  3.32785108e-01  1.37585472e-01
115  3.15829966e-01  1.43205944e-01
116  2.98782061e-01  1.48538700e-01
117  2.81637405e-01  1.53551332e-01
118  2.64426501e-01  1.58332617e-01
119  2.47137927e-01  1.62823769e-01
120  2.29787732e-01  1.67071350e-01
121  2.12365426e-01  1.71010562e-01
122  1.94895922e-01  1.74737942e-01
123  1.75200000e-01  1.78627055e-01
124  1.57678678e-01  1.81837143e-01
125  1.40126026e-01  1.84868064e-01
126  1.22525675e-01  1.87612163e-01
127  1.04894876e-01  1.90153821e-01
128  8.72294935e-02  1.92441849e-01
129  6.95398614e-02  1.94533448e-01
130  5.18262437e-02  1.96407630e-01
131  3.40904926e-02  1.98062388e-01
132  1.63360847e-02  1.99504914e-01
133  -1.43932820e-03  2.00662294e-01
134  -1.92247476e-02  2.01651231e-01
135  -3.70203479e-02  2.02426313e-01
136  -5.48245638e-02  2.02982302e-01
137  -7.26339018e-02  2.03346531e-01
138  -9.04466245e-02  2.03445185e-01
139  -1.08257806e-01  2.03267057e-01
140  -1.26064796e-01  2.02825197e-01
141  -1.43864434e-01  2.02133775e-01
142  -1.61647832e-01  2.01108156e-01
143  -1.79420153e-01  1.99910056e-01
144  -1.97180440e-01  1.98544265e-01
145  -2.14925056e-01  1.96984202e-01
146  -2.32645254e-01  1.95168941e-01
147  -2.50353184e-01  1.93237958e-01
148  -2.68047415e-01  1.91185530e-01
149  -2.85716845e-01  1.88928027e-01
150  -3.03367273e-01  1.86527082e-01
151  -3.21000000e-01  1.84000452e-01
152  -3.44792067e-01  1.80371696e-01
153  -3.62160049e-01  1.77619044e-01
154  -3.79512025e-01  1.74767160e-01
155  -3.96850591e-01  1.71835211e-01
156  -4.14177484e-01  1.68834950e-01
157  -4.31489148e-01  1.65747728e-01
158  -4.48793400e-01  1.62619265e-01
159  -4.66083603e-01  1.59414564e-01
160  -4.83357082e-01  1.56120559e-01
161  -5.00611912e-01  1.52730057e-01
162  -5.17861989e-01  1.49315478e-01
163  -5.35104843e-01  1.45864711e-01
164  -5.52337235e-01  1.42361951e-01
165  -5.69567002e-01  1.38846300e-01
166  -5.86777333e-01  1.35237159e-01
167  -6.03979288e-01  1.31587879e-01
168  -6.21184680e-01  1.27954825e-01
169  -6.38365377e-01  1.24206814e-01
170  -6.55553455e-01  1.20492766e-01
171  -6.72739501e-01  1.16769387e-01
172  -6.89913456e-01  1.12990595e-01
173  -7.07073678e-01  1.09149850e-01
174  -7.24246614e-01  1.05366399e-01
175  -7.41409435e-01  1.01537514e-01
176  -7.58563947e-01  9.76713289e-02
177  -7.75714631e-01  9.37882433e-02
178  -7.92854771e-01  8.98588442e-02
179  -8.10001923e-01  8.59601514e-02
180  -8.27147335e-01  8.20538125e-02
181  -8.44283160e-01  7.81056675e-02
182  -8.61409076e-01  7.41147600e-02
183  -8.78529599e-01  7.01007393e-02
184  -8.95659338e-01  6.61264185e-02
185  -9.12791028e-01  6.21605312e-02
186  -9.29910739e-01  5.81430514e-02
187  -9.47033021e-01  5.41365758e-02
188  -9.64161009e-01  5.01545330e-02
189  -9.87700000e-01  4.46840120e-02
190  -1.00515636e+00  4.06046553e-02
191  -1.02260526e+00  3.64934475e-02
192  -1.04006539e+00  3.24302631e-02
193  -1.05751358e+00  2.83160613e-02
194  -1.07495696e+00  2.41814472e-02
195  -1.09240573e+00  2.00697077e-02
196  -1.10985757e+00  1.59710210e-02
197  -1.12729780e+00  1.18231764e-02
198  -1.14472807e+00  7.63513857e-03
199  -3.03405400e-01  1.68980739e-01
200  -3.03443526e-01  1.51434395e-01
201  -3.03481653e-01  1.33888052e-01
202  -3.03519779e-01  1.16341709e-01
203  -3.03557906e-01  9.87953659e-02
204  -3.03596032e-01  8.12490227e-02
205  -3.03634158e-01  6.37026795e-02
206  -3.03672285e-01  4.61563363e-02
207  -3.03710411e-01  2.86099932e-02
208  -3.03748538e-01  1.10636500e-02
209  -3.03786664e-01  -6.48269319e-03
210  -3.03824791e-01  -2.40290364e-02
211  -3.03862917e-01  -4.15753795e-02
212  -3.03901044e-01  -5.91217227e-02
213  -3.03939170e-01  -7.66680659e-02
214  -3.03977296e-01  -9.42144091e-02
215  1.57703992e-01  1.63657006e-01
216  1.57729305e-01  1.45476870e-01
217  1.57754619e-01  1.27296733e-01
218  1.57779932e-01  1.09116597e-01
219  1.57805246e-01  9.09364602e-02
220  1.57830559e-01  7.27563237e-02
221  1.57855873e-01  5.45761871e-02
222  1.57881186e-01  3.63960505e-02
223  1.57906500e-01  1.82159140e-02
224  1.57931814e-01  3.57774389e-05
225  1.57957127e-01  -1.81443591e-02
226  1.57982441e-01  -3.63244957e-02
227  1.58007754e-01  -5.45046322e-02
228  1.58033068e-01  -7.26847688e-02
229  1.58058381e-01  -9.08649053e-02
230  1.58083695e-01  -1.09045042e-01
2461  -1.16007095e+00  -2.53269207e-03
2462  -1.14474614e+00  -1.20785468e-03
2463  -1.12732109e+00  -2.33755294e-05
2464  -1.10987879e+00  8.69884108e-04
2465  -1.09242576e+00  1.49185753e-03
2466  -1.07496617e+00  1.88862521e-03
2467  -1.05750318e+00  2.02280430e-03
2468  -1.04003996e+00  1.97286424e-03
2469  -1.02257863e+00  1.67698247e-03
2470  -1.00512324e+00  1.14583369e-03
2471  -9.87674604e-01  4.07684376e-04
2472  -9.63836094e-01  -1.00878606e-03
2473  -9.46424061e-01  -2.28681334e-03
2474  -9.29025295e-01  -3.72679000e-03
2475  -9.11642344e-01  -5.35262240e-03
2476  -8.94281416e-01  -7.19467856e-03
2477  -8.76938166e-01  -9.18971812e-03
2478  -8.59612838e-01  -1.13360508e-02
2479  -8.42309350e-01  -1.36507114e-02
2480  -8.25025764e-01  -1.61059486e-02
2481  -8.07760204e-01  -1.86878350e-02
2482  -7.90521263e-01  -2.14437188e-02
2483  -7.73307235e-01  -2.43411315e-02
2484  -7.56103258e-01  -2.72950457e-02
2485  -7.38918038e-01  -3.03596053e-02
2486  -7.21752078e-01  -3.35272252e-02
2487  -7.04600603e-01  -3.67678546e-02
2488  -6.87456660e-01  -4.00475723e-02
2489  -6.70324691e-01  -4.33934368e-02
2490  -6.53211900e-01  -4.68330420e-02
2491  -6.36106321e-01  -5.03015178e-02
2492  -6.19000491e-01  -5.37667892e-02
2493  -6.01894894e-01  -5.72344711e-02
2494  -5.84792225e-01  -6.07161325e-02
2495  -5.67689250e-01  -6.41942730e-02
2496  -5.50584070e-01  -6.76588594e-02
2497  -5.33470659e-01  -7.10835314e-02
2498  -5.16356949e-01  -7.45075223e-02
2499  -4.99238265e-01  -7.79024867e-02
2500  -4.82110033e-01  -8.12443117e-02
2501  -4.64964223e-01  -8.44943498e-02
2502  -4.47807047e-01  -8.76871030e-02
2503  -4.30640597e-01  -9.08304780e-02
2504  -4.13466632e-01  -9.39252398e-02
2505  -3.96268713e-01  -9.68806447e-02
2506  -3.79056364e-01  -9.97564931e-02
2507  -3.61831354e-01  -1.02554448e-01
2508  -3.44591452e-01  -1.05256426e-01
2509  -3.20927119e-01  -1.08815962e-01
2510  -3.02997637e-01  -1.11400126e-01
2511  -2.86953470e-01  -1.13635350e-01
2512  -2.69934461e-01  -1.15798210e-01
2513  -2.52901117e-01  -1.17857154e-01
2514  -2.35856505e-01  -1.19814179e-01
2515  -2.18795563e-01  -1.21623064e-01
2516  -2.01722233e-01  -1.23314589e-01
2517  -1.84637822e-01  -1.24885944e-01
2518  -1.67542526e-01  -1.26329810e-01
2519  -1.50434507e-01  -1.27609801e-01
2520  -1.33315320e-01  -1.28737254e-01
2521  -1.16188067e-01  -1.29752018e-01
2522  -9.90564538e-02  -1.30668307e-01
2523  -8.19154591e-02  -1.31384607e-01
2524  -6.47691914e-02  -1.32000776e-01
2525  -4.76206961e-02  -1.32509845e-01
2526  -3.04681115e-02  -1.32833428e-01
2527  -1.33121638e-02  -1.33011638e-01
2528  3.84488572e-03  -1.33092164e-01
2529  2.10007901e-02  -1.33057570e-01
2530  3.81541443e-02  -1.32842107e-01
2531  5.53042800e-02  -1.32415002e-01
2532  7.24517521e-02  -1.31860977e-01
2533  8.95935294e-02  -1.31166438e-01
2534  1.06728191e-01  -1.30312712e-01
2535  1.23854407e-01  -1.29313870e-01
2536  1.40966912e-01  -1.28110187e-01
2537  1.59125189e-01  -1.26636477e-01
2538  1.75152342e-01  -1.25187541e-01
2539  1.94619063e-01  -1.23213420e-01
2540  2.11887277e-01  -1.21244506e-01
2541  2.29133655e-01  -1.19088772e-01
2542  2.46354512e-01  -1.16744534e-01
2543  2.63540668e-01  -1.14161009e-01
2544  2.80692274e-01  -1.11352869e-01
2545  2.97809916e-01  -1.08347965e-01
2546  3.14879083e-01  -1.05086217e-01
2547  3.31892113e-01  -1.01542398e-01
2548  3.48851426e-01  -9.77506400e-02
2549  3.65743665e-01  -9.36749578e-02
2550  3.82557272e-01  -8.92906649e-02
2551  4.01457215e-01  -8.39375249e-02
2552  4.18955022e-01  -7.84634708e-02
2553  4.36309788e-01  -7.25602150e-02
2554  4.53427944e-01  -6.60148415e-02
2555  4.70266248e-01  -5.87981485e-02
2556  4.86620938e-01  -5.05639683e-02
2557  5.02346303e-01  -4.12056463e-02
2558  5.17027773e-01  -3.03454731e-02
2559  5.29243238e-01  -1.69468515e-02
2560  5.34882134e-01  2.73633112e-05
2561  5.31089398e-01  1.73673638e-02
2562  5.21532653e-01  3.24817538e-02
2563  5.09167698e-01  4.55225248e-02
2564  4.95320484e-01  5.70402561e-02
2565  4.80654063e-01  6.75331398e-02
2566  4.65481835e-01  7.72961504e-02
2567  4.49910186e-01  8.64131094e-02
2568  4.33982870e-01  9.49001004e-02
2569  4.17778461e-01  1.02855938e-01
2570  4.01397024e-01  1.10443231e-01
2571  3.82783976e-01  1.18363069e-01
2572  3.66185472e-01  1.24932293e-01
2573  3.49463919e-01  1.31185857e-01
2574  3.32623447e-01  1.37112327e-01
2575  3.15676661e-01  1.42730026e-01
2576  2.98637262e-01  1.48060126e-01
2577  2.81500329e-01  1.53070489e-01
2578  2.64296722e-01  1.57849753e-01
2579  2.47015618e-01  1.62338959e-01
2580  2.29673146e-01  1.66584657e-01
2581  2.12258123e-01  1.70522212e-01
2582  1.94795323e-01  1.74248167e-01
2583  1.75106516e-01  1.78135872e-01
2584  1.58696638e-01  1.81148155e-01
2585  1.40044971e-01  1.84374678e-01
2586  1.22451490e-01  1.87117697e-01
2587  1.04827091e-01  1.89658437e-01
2588  8.71680255e-02  1.91945642e-01
2589  6.94842008e-02  1.94036556e-01
2590  5.17767141e-02  1.95910089e-01
2591  3.40470220e-02  1.97564281e-01
2592  1.62995946e-02  1.99006247e-01
2593  -1.46945148e-03  2.00163202e-01
2594  -1.92495059e-02  2.01151844e-01
2595  -3.70390298e-02  2.01926662e-01
2596  -5.48374790e-02  2.02482469e-01
2597  -7.26403984e-02  2.02846573e-01
2598  -9.04455089e-02  2.02945186e-01
2599  -1.08249104e-01  2.02767133e-01
2600  -1.26048890e-01  2.02325450e-01
2601  -1.43840335e-01  2.01634356e-01
2602  -1.61616622e-01  2.00609131e-01
2603  -1.79384169e-01  1.99411353e-01
2604  -1.97139376e-01  1.98045954e-01
2605  -2.14877683e-01  1.96486451e-01
2606  -2.32592676e-01  1.94671713e-01
2607  -2.50297277e-01  1.92741093e-01
2608  -2.67986925e-01  1.90689202e-01
2609  -2.85651465e-01  1.88432320e-01
2610  -3.02351059e-01  1.86164152e-01
2611  -3.20926844e-01  1.83505833e-01
2612  -3.44715239e-01  1.79877634e-01
2613  -3.62080370e-01  1.77125434e-01
2614  -3.79429797e-01  1.74273968e-01
2615  -3.96766253e-01  1.71342375e-01
2616  -4.14090939e-01  1.68342497e-01
2617  -4.31400781e-01  1.65255599e-01
2618  -4.48703362e-01  1.62127439e-01
2619  -4.65991211e-01  1.58923174e-01
2620  -4.83262049e-01  1.55629673e-01
2621  -5.00515165e-01  1.52239506e-01
2622  -5.17764385e-01  1.48825097e-01
2623  -5.35005986e-01  1.45374581e-01
2624  -5.52237455e-01  1.41872008e-01
2625  -5.69465709e-01  1.38356668e-01
2626  -5.86674141e-01  1.34747923e-01
2627  -6.03875756e-01  1.31098715e-01
2628  -6.21079744e-01  1.27465961e-01
2629  -6.38259290e-01  1.23718198e-01
2630  -6.55447718e-01  1.20004074e-01
2631  -6.72632844e-01  1.16280895e-01
2632  -6.89805130e-01  1.12502471e-01
2633  -7.06965286e-01  1.08661740e-01
2634  -7.24138390e-01  1.04878252e-01
2635  -7.41300035e-01  1.01049629e-01
2636  -7.58453777e-01  9.71836174e-02
2637  -7.75603562e-01  9.33007357e-02
2638  -7.92743480e-01  8.93713872e-02
2639  -8.09890960e-01  8.54726196e-02
2640  -8.27035669e-01  8.15664413e-02
2641  -8.44170292e-01  7.76185733e-02
2642  -8.61295271e-01  7.36278838e-02
2643  -8.78416030e-01  6.96138080e-02
2644  -8.95546453e-01  6.56393282e-02
2645  -9.12677530e-01  6.16735835e-02
2646  -9.29796664e-01  5.76562385e-02
2647  -9.46919449e-01  5.36496451e-02
2648  -9.64047805e-01  4.96675168e-02
2649  -9.87586518e-01  4.41970604e-02
2650  -1.00504214e+00  4.01178770e-02
2651  -1.02249126e+00  3.60066164e-02
2652  -1.03995135e+00  3.19434418e-02
2653  -1.05739854e+00  2.78294744e-02
2654  -1.07484196e+00  2.36948521e-02
2655  -1.09229123e+00  1.95829945e-02
2656  -1.10974257e+00  1.54844266e-02
2657  -1.12718155e+00  1.13368784e-02
2658  -1.14453477e+00  7.17401558e-03
2659  -3.02388402e-01  1.68978529e-01
2660  -3.02426528e-01  1.51432185e-01
2661  -3.02464655e-01  1.33885842e-01
2662  -3.02502781e-01  1.16339499e-01
2663  -3.02540908e-01  9.87931561e-02
2664  -3.02579034e-01  8.12468129e-02
2665  -3.02617160e-01  6.37004697e-02
2666  -3.02655287e-01  4.61541265e-02
2667  -3.02693413e-01  2.86077834e-02
2668  -3.02731540e-01  1.10614402e-02
2669  -3.02769666e-01  -6.48490303e-03
2670  -3.02807793e-01  -2.40312462e-02
2671  -3.02845919e-01  -4.15775893e-02
2672  -3.02884046e-01  -5.91239325e-02
2673  -3.02922172e-01  -7.66702757e-02
2674  -3.02960298e-01  -9.42166189e-02
2675  1.58720991e-01  1.63658422e-01
2676  1.58746304e-01  1.45478286e-01
2677  1.58771618e-01  1.27298149e-01
2678  1.58796931e-01  1.09118013e-01
2679  1.58822245e-01  9.09378762e-02
2680  1.58847558e-01  7.27577397e-02
2681  1.58872872e-01  5.45776031e-02
2682  1.58898185e-01  3.63974665e-02
2683  1.58923499e-01  1.82173301e-02
2684  1.58948813e-01  3.71934791e-05
2685  1.58974126e-01  -1.81429431e-02
2686  1.58999440e-01  -3.63230797e-02
2687  1.59024753e-01  -5.45032162e-02
2688  1.59050067e-01  -7.26833528e-02
2689  1.59075380e-01  -9.08634893e-02
2690  1.59100694e-01  -1.09043626e-01
4921  -1.15384581e+00  -4.54795699e-04
4922  -1.14486422e+00  3.21593623e-04
4923  -1.12741234e+00  1.50790814e-03
4924  -1.10994534e+00  2.40244001e-03
4925  -1.09247051e+00  3.02520488e-03
4926  -1.07498949e+00  3.42244796e-03
4927  -1.05750688e+00  3.55679983e-03
4928  -1.04002477e+00  3.50678905e-03
4929  -1.02254231e+00  3.21055235e-03
4930  -1.00506749e+00  2.67882040e-03
4931  -9.87596689e-01  1.93970435e-03
4932  -9.63734450e-01  5.21842769e-04
4933  -9.46304650e-01  -7.57468021e-04
4934  -9.28890604e-01  -2.19871461e-03
4935  -9.11489988e-01  -3.82620712e-03
4936  -8.94112835e-01  -5.66996992e-03
4937  -8.76756214e-01  -7.66654726e-03
4938  -8.59416843e-01  -9.81462323e-03
4939  -8.42099779e-01  -1.21310943e-02
4940  -8.24804453e-01  -1.45879968e-02
4941  -8.07525688e-01  -1.71718673e-02
4942  -7.90272874e-01  -1.99299623e-02
4943  -7.73050132e-01  -2.28288306e-02
4944  -7.55838811e-01  -2.57840117e-02
4945  -7.38644202e-01  -2.88502447e-02
4946  -7.21470495e-01  -3.20192906e-02
4947  -7.04314087e-01  -3.52608494e-02
4948  -6.87165525e-01  -3.85414526e-02
4949  -6.70026532e-01  -4.18886920e-02
4950  -6.52908337e-01  -4.53293780e-02
4951  -6.35801614e-01  -4.87980850e-02
4952  -6.18695819e-01  -5.22633496e-02
4953  -6.01589503e-01  -5.57311774e-02
4954  -5.84486370e-01  -5.92129330e-02
4955  -5.67384137e-01  -6.26909227e-02
4956  -5.50281303e-01  -6.61550348e-02
4957  -5.33169680e-01  -6.95793480e-02
4958  -5.16057270e-01  -7.30030794e-02
4959  -4.98942183e-01  -7.63973318e-02
4960  -4.81820311e-01  -7.97379196e-02
4961  -4.64681058e-01  -8.29867114e-02
4962  -4.47528576e-01  -8.61785905e-02
4963  -4.30366424e-01  -8.93211784e-02
4964  -4.13200705e-01  -9.24144656e-02
4965  -3.96012411e-01  -9.53682078e-02
4966  -3.78806989e-01  -9.82428988e-02
4967  -3.61589616e-01  -1.01039615e-01
4968  -3.44358603e-01  -1.03740201e-01
4969  -3.20703520e-01  -1.07298346e-01
4970  -3.00322589e-01  -1.10230241e-01
4971  -2.86750830e-01  -1.12114793e-01
4972  -2.69745720e-01  -1.14275865e-01
4973  -2.52721583e-01  -1.16333696e-01
4974  -2.35688145e-01  -1.18289445e-01
4975  -2.18639075e-01  -1.20097067e-01
4976  -2.01576363e-01  -1.21787540e-01
4977  -1.84503022e-01  -1.23357879e-01
4978  -1.67420748e-01  -1.24800651e-01
4979  -1.50326876e-01  -1.26079582e-01
4980  -1.33219551e-01  -1.27206247e-01
4981  -1.16101738e-01  -1.28220449e-01
4982  -9.89834639e-02  -1.29136045e-01
4983  -8.18558894e-02  -1.29851764e-01
4984  -6.47188871e-02  -1.30467601e-01
4985  -4.75834697e-02  -1.30976297e-01
4986  -3.04456773e-02  -1.31299593e-01
4987  -1.33005970e-02  -1.31477682e-01
4988  3.84693874e-03  -1.31558166e-01
4989  2.09896095e-02  -1.31523611e-01
4990  3.81254151e-02  -1.31308376e-01
4991  5.52604162e-02  -1.30881630e-01
4992  7.23959319e-02  -1.30327993e-01
4993  8.95243093e-02  -1.29634001e-01
4994  1.06645365e-01  -1.28780950e-01
4995  1.23755930e-01  -1.27783035e-01
4996  1.40851252e-01  -1.26580554e-01
4997  1.61795230e-01  -1.24868608e-01
4998  1.75006126e-01  -1.23660526e-01
4999  1.94454786e-01  -1.21688242e-01
5000  2.11705252e-01  -1.19721343e-01
5001  2.28935064e-01  -1.17567681e-01
5002  2.46137032e-01  -1.15226029e-01
5003  2.63302718e-01  -1.12645577e-01
5004  2.80435728e-01  -1.09840473e-01
5005  2.97533332e-01  -1.06839106e-01
5006  3.14578703e-01  -1.03581914e-01
5007  3.31568342e-01  -1.00042955e-01
5008  3.48504164e-01  -9.62564631e-02
5009  3.65370222e-01  -9.21871081e-02
5010  3.82154699e-01  -8.78104315e-02
5011  4.01019149e-01  -8.24674043e-02
5012  4.18478980e-01  -7.70052045e-02
5013  4.35788765e-01  -7.11174084e-02
5014  4.52851748e-01  -6.45931688e-02
5015  4.69618872e-01  -5.74074436e-02
5016  4.85883305e-01  -4.92189577e-02
5017  5.01496789e-01  -3.99283515e-02
5018  5.15999656e-01  -2.92069954e-02
5019  5.27919735e-01  -1.61712892e-02
5020  5.33293323e-01  1.11313950e-04
5021  5.29670383e-01  1.67846513e-02
5022  5.20321868e-01  3.15398645e-02
5023  5.08118744e-01  4.44032157e-02
5024  4.94383076e-01  5.58259983e-02
5025  4.79792465e-01  6.62639651e-02
5026  4.64679079e-01  7.59889627e-02
5027  4.49161813e-01  8.50740450e-02
5028  4.33284052e-01  9.35345201e-02
5029  4.17118039e-01  1.01471381e-01
5030  4.00774294e-01  1.09041317e-01
5031  3.82201369e-01  1.16944011e-01
5032  3.65634521e-01  1.23500648e-01
5033  3.48940609e-01  1.29743878e-01
5034  3.32127473e-01  1.35660720e-01
5035  3.15206322e-01  1.41269911e-01
5036  2.98193020e-01  1.46591860e-01
5037  2.81079778e-01  1.51595262e-01
5038  2.63898558e-01  1.56368328e-01
5039  2.46640375e-01  1.60851563e-01
5040  2.29321595e-01  1.65091483e-01
5041  2.11928919e-01  1.69023952e-01
5042  1.94486684e-01  1.72745536e-01
5043  1.74819706e-01  1.76628923e-01
5044  1.61371973e-01  1.79114015e-01
5045  1.39796295e-01  1.82860968e-01
5046  1.22223890e-01  1.85600676e-01
5047  1.04619127e-01  1.88138599e-01
5048  8.69794416e-02  1.90423278e-01
5049  6.93134342e-02  1.92512090e-01
5050  5.16247574e-02  1.94383634e-01
5051  3.39136542e-02  1.96036090e-01
5052  1.61876429e-02  1.97476338e-01
5053  -1.56186969e-03  1.98631989e-01
5054  -1.93254644e-02  1.99619726e-01
5055  -3.70963459e-02  2.00393733e-01
5056  -5.48771028e-02  2.00948981e-01
5057  -7.26603299e-02  2.01312703e-01
5058  -9.04420864e-02  2.01411190e-01
5059  -1.08222407e-01  2.01233365e-01
5060  -1.26000091e-01  2.00792226e-01
5061  -1.43766398e-01  2.00102139e-01
5062  -1.61520870e-01  1.99078122e-01
5063  -1.79273768e-01  1.97881330e-01
5064  -1.97013390e-01  1.96517136e-01
5065  -2.14732343e-01  1.94959352e-01
5066  -2.32431367e-01  1.93146218e-01
5067  -2.50125756e-01  1.91216713e-01
5068  -2.67801343e-01  1.89166470e-01
5069  -2.85450878e-01  1.86911491e-01
5070  -2.99681108e-01  1.84988144e-01
5071  -3.20702403e-01  1.81988341e-01
5072  -3.44479529e-01  1.78361851e-01
5073  -3.61835914e-01  1.75611037e-01
5074  -3.79177521e-01  1.72760854e-01
5075  -3.96507505e-01  1.69830355e-01
5076  -4.13825418e-01  1.66831651e-01
5077  -4.31129669e-01  1.63745746e-01
5078  -4.48427125e-01  1.60618515e-01
5079  -4.65707754e-01  1.57415591e-01
5080  -4.82970488e-01  1.54123636e-01
5081  -5.00218346e-01  1.50734496e-01
5082  -5.17464937e-01  1.47320608e-01
5083  -5.34702691e-01  1.43870863e-01
5084  -5.51931332e-01  1.40368863e-01
5085  -5.69154944e-01  1.36854476e-01
5086  -5.86357547e-01  1.33246949e-01
5087  -6.03558121e-01  1.29597961e-01
5088  -6.20757800e-01  1.25966125e-01
5089  -6.37933815e-01  1.22219124e-01
5090  -6.55123318e-01  1.18504768e-01
5091  -6.72305619e-01  1.14782203e-01
5092  -6.89472786e-01  1.11004905e-01
5093  -7.06632739e-01  1.07164219e-01
5094  -7.23806360e-01  1.03380616e-01
5095  -7.40964397e-01  9.95527982e-02
5096  -7.58115775e-01  9.56873184e-02
5097  -7.75262803e-01  9.18050623e-02
5098  -7.92402040e-01  8.78758690e-02
5099  -8.09550526e-01  8.39768721e-02
5100  -8.26693078e-01  8.00711864e-02
5101  -8.43824012e-01  7.61241684e-02
5102  -8.60946118e-01  7.21341475e-02
5103  -8.78067600e-01  6.81199030e-02
5104  -8.95200122e-01  6.41449350e-02
5105  -9.12329316e-01  6.01796278e-02
5106  -9.29446681e-01  5.61626964e-02
5107  -9.46571012e-01  5.21557417e-02
5108  -9.63700493e-01  4.81733512e-02
5109  -9.87238356e-01  4.27030929e-02
5110  -1.00469170e+00  3.86244413e-02
5111  -1.02214152e+00  3.45130185e-02
5112  -1.03960148e+00  3.04498740e-02
5113  -1.05704562e+00  2.63366256e-02
5114  -1.07448914e+00  2.22019785e-02
5115  -1.09193994e+00  1.80897584e-02
5116  -1.10938974e+00  1.39915548e-02
5117  -1.12682489e+00  9.84491610e-03
5118  -1.14394172e+00  5.75929025e-03
5119  -2.99715909e-01  1.68972722e-01
5120  -2.99754035e-01  1.51426378e-01
5121  -2.99792162e-01  1.33880035e-01
5122  -2.99830288e-01  1.16333692e-01
5123  -2.99868415e-01  9.87873490e-02
5124  -2.99906541e-01  8.12410059e-02
5125  -2.99944667e-01  6.36946626e-02
5126  -2.99982794e-01  4.61483194e-02
5127  -3.00020920e-01  2.86019763e-02
5128  -3.00059047e-01  1.10556331e-02
5129  -3.00097173e-01  -6.49071010e-03
5130  -3.00135300e-01  -2.40370533e-02
5131  -3.00173426e-01  -4.15833964e-02
5132  -3.00211553e-01  -5.91297396e-02
5133  -3.00249679e-01  -7.66760827e-02
5134  -3.00287805e-01  -9.42224260e-02
5135  1.61393488e-01  1.63662143e-01
5136  1.61418801e-01  1.45482007e-01
5137  1.61444115e-01  1.27301870e-01
5138  1.61469428e-01  1.09121734e-01
5139  1.61494742e-01  9.09415973e-02
5140  1.61520055e-01  7.27614608e-02
5141  1.61545369e-01  5.45813242e-02
5142  1.61570682e-01  3.64011876e-02
5143  1.61595996e-01  1.82210513e-02
5144  1.61621310e-01  4.09145878e-05
5145  1.61646623e-01  -1.81392220e-02
5146  1.61671937e-01  -3.63193586e-02
5147  1.61697250e-01  -5.44994951e-02
5148  1.61722564e-01  -7.26796317e-02
5149  1.61747877e-01  -9.08597682e-02
5150  1.61773191e-01  -1.09039905e-01
7381  -1.14964973e+00  9.45820237e-04
7382  -1.14494382e+00  1.35252553e-03
7383  -1.12747385e+00  2.54007719e-03
7384  -1.10999019e+00  3.43546661e-03
7385  -1.09250067e+00  4.05876496e-03
7386  -1.07500521e+00  4.45632848e-03
7387  -1.05750937e+00  4.59079683e-03
7388  -1.04001453e+00  4.54073836e-03
7389  -1.02251782e+00  4.24426242e-03
7390  -1.00502992e+00  3.71213739e-03
7391  -9.87544169e-01  2.97236970e-03
7392  -9.63380288e-01  5.85509641e-03
7393  -9.45888581e-01  4.57131342e-03
7394  -9.28421294e-01  3.12564195e-03
7395  -9.10959125e-01  1.49236500e-03
7396  -8.93525439e-01  -3.57344312e-04
7397  -8.76122229e-01  -2.35927980e-03
7398  -8.58733927e-01  -4.51342999e-03
7399  -8.41369562e-01  -6.83620925e-03
7400  -8.24033327e-01  -9.29891469e-03
7401  -8.06708548e-01  -1.18896984e-02
7402  -7.89407399e-01  -1.46554975e-02
7403  -7.72154294e-01  -1.75594379e-02
7404  -7.54917385e-01  -2.05190332e-02
7405  -7.37690058e-01  -2.35910970e-02
7406  -7.20489358e-01  -2.67651118e-02
7407  -7.03315763e-01  -3.00099092e-02
7408  -6.86151108e-01  -3.32935976e-02
7409  -6.68987638e-01  -3.66456276e-02
7410  -6.51850615e-01  -4.00900794e-02
7411  -6.34739911e-01  -4.35595919e-02
7412  -6.17634232e-01  -4.70248327e-02
7413  -6.00525412e-01  -5.04931687e-02
7414  -5.83420662e-01  -5.39752530e-02
7415  -5.66321015e-01  -5.74527172e-02
7416  -5.49226358e-01  -6.09151764e-02
7417  -5.32120963e-01  -6.43382397e-02
7418  -5.15013082e-01  -6.77610667e-02
7419  -4.97910527e-01  -7.11528384e-02
7420  -4.80810818e-01  -7.44891150e-02
7421  -4.63694411e-01  -7.77335645e-02
7422  -4.46558285e-01  -8.09223980e-02
7423  -4.29411108e-01  -8.40622434e-02
7424  -4.12274119e-01  -8.71503927e-02
7425  -3.95119365e-01  -9.00983412e-02
7426  -3.77938076e-01  -9.29689993e-02
7427  -3.60747315e-01  -9.57614004e-02
7428  -3.43547275e-01  -9.84571364e-02
7429  -3.16290429e-01  -7.73457030e-02
7430  -2.97584480e-01  -8.00395506e-02
7431  -2.82751405e-01  -8.21041151e-02
7432  -2.66020618e-01  -8.42299043e-02
7433  -2.49178186e-01  -8.62657648e-02
7434  -2.32365287e-01  -8.81963433e-02
7435  -2.15550519e-01  -8.99790163e-02
7436  -1.98697389e-01  -9.16487329e-02
7437  -1.81842508e-01  -9.31990019e-02
7438  -1.65017264e-01  -9.46202034e-02
7439  -1.48202592e-01  -9.58781979e-02
7440  -1.31329386e-01  -9.69893070e-02
7441  -1.14397898e-01  -9.79924309e-02
7442  -9.75428894e-02  -9.88943365e-02
7443  -8.06801847e-02  -9.95986008e-02
7444  -6.37260501e-02  -1.00207884e-01
7445  -4.68487455e-02  -1.00709213e-01
7446  -3.00029018e-02  -1.01026830e-01
7447  -1.30723059e-02  -1.01202543e-01
7448  3.88745863e-03  -1.01282193e-01
7449  2.07689418e-02  -1.01248415e-01
7450  3.75583962e-02  -1.01037686e-01
7451  5.43946922e-02  -1.00618010e-01
7452  7.12942273e-02  -1.00072045e-01
7453  8.81581372e-02  -9.93888401e-02
7454  1.05010651e-01  -9.85491144e-02
7455  1.21812334e-01  -9.75694845e-02
7456  1.38568513e-01  -9.63907329e-02
7457  1.64425112e-01  -9.42573239e-02
7458  1.72120324e-01  -9.35223719e-02
7459  1.93882383e-01  -1.16373980e-01
7460  2.11071015e-01  -1.14414106e-01
7461  2.28243103e-01  -1.12267660e-01
7462  2.45379254e-01  -1.09935018e-01
7463  2.62473613e-01  -1.07365273e-01
7464  2.79541832e-01  -1.04570751e-01
7465  2.96569615e-01  -1.01581704e-01
7466  3.13532070e-01  -9.83403885e-02
7467  3.30440207e-01  -9.48183657e-02
7468  3.47294178e-01  -9.10502207e-02
7469  3.64069016e-01  -8.70029124e-02
7470  3.80751992e-01  -8.26527733e-02
7471  4.00723869e-01  -8.14764625e-02
7472  4.18158102e-01  -7.60222531e-02
7473  4.35437567e-01  -7.01448777e-02
7474  4.52463359e-01  -6.36348836e-02
7475  4.69182505e-01  -5.64700324e-02
7476  4.85386100e-01  -4.83123469e-02
7477  5.00924170e-01  -3.90673849e-02
7478  5.15306649e-01  -2.84395991e-02
7479  5.27027622e-01  -1.56485177e-02
7480  5.32222377e-01  1.67901277e-04
7481  5.28713890e-01  1.63918712e-02
7482  5.19505733e-01  3.09049796e-02
7483  5.07411692e-01  4.36487401e-02
7484  4.93751212e-01  5.50075220e-02
7485  4.79211700e-01  6.54084718e-02
7486  4.64137978e-01  7.51078466e-02
7487  4.48657368e-01  8.41714423e-02
7488  4.32813010e-01  9.26140443e-02
7489  4.16672879e-01  1.00538113e-01
7490  4.00354540e-01  1.08096350e-01
7491  3.80171358e-01  1.11999511e-01
7492  3.63714810e-01  1.18512287e-01
7493  3.47117210e-01  1.24719514e-01
7494  3.30399321e-01  1.30602803e-01
7495  3.13567492e-01  1.36182351e-01
7496  2.96645123e-01  1.41475901e-01
7497  2.79614431e-01  1.46455050e-01
7498  2.62511217e-01  1.51206515e-01
7499  2.45332895e-01  1.55668946e-01
7500  2.28096668e-01  1.59888736e-01
7501  2.10781853e-01  1.63803487e-01
7502  1.93411278e-01  1.67509839e-01
7503  1.73820359e-01  1.71378177e-01
7504  1.64087967e-01  1.47879170e-01
7505  1.34888267e-01  1.52985436e-01
7506  1.17731833e-01  1.55659774e-01
7507  1.00514616e-01  1.58142113e-01
7508  8.32574302e-02  1.60376933e-01
7509  6.59430760e-02  1.62424271e-01
7510  4.86256421e-02  1.64256545e-01
7511  3.12814226e-02  1.65874732e-01
7512  1.39780938e-02  1.67281072e-01
7513  -3.38589428e-03  1.68410984e-01
7514  -2.08246302e-02  1.69380866e-01
7515  -3.82275720e-02  1.70138874e-01
7516  -5.56591436e-02  1.70683083e-01
7517  -7.30537111e-02  1.71039258e-01
7518  -9.03745372e-02  1.71135265e-01
7519  -1.07695490e-01  1.70961951e-01
7520  -1.25036963e-01  1.70531550e-01
7521  -1.42307143e-01  1.69861326e-01
7522  -1.59631045e-01  1.68861161e-01
7523  -1.77094838e-01  1.67683840e-01
7524  -1.94526865e-01  1.66343417e-01
7525  -2.11863820e-01  1.64819548e-01
7526  -2.29247669e-01  1.63038075e-01
7527  -2.46740497e-01  1.61130566e-01
7528  -2.64138571e-01  1.59112846e-01
7529  -2.81491966e-01  1.56895442e-01
7530  -2.97074237e-01  1.54782384e-01
7531  -3.19920370e-01  1.76700860e-01
7532  -3.43658234e-01  1.73080327e-01
7533  -3.60984144e-01  1.70334342e-01
7534  -3.78298501e-01  1.67488630e-01
7535  -3.95605935e-01  1.64561940e-01
7536  -4.12900251e-01  1.61567329e-01
7537  -4.30185021e-01  1.58484885e-01
7538  -4.47464619e-01  1.55360892e-01
7539  -4.64720087e-01  1.52162636e-01
7540  -4.81954585e-01  1.48876068e-01
7541  -4.99184123e-01  1.45490509e-01
7542  -5.16421555e-01  1.42078435e-01
7543  -5.33645906e-01  1.38631375e-01
7544  -5.50864688e-01  1.35131374e-01
7545  -5.68072125e-01  1.31620306e-01
7546  -5.85254423e-01  1.28017021e-01
7547  -6.02451366e-01  1.24368800e-01
7548  -6.19636034e-01  1.20740164e-01
7549  -6.36799745e-01  1.16995820e-01
7550  -6.53992991e-01  1.13280652e-01
7551  -6.71165451e-01  1.09560226e-01
7552  -6.88314782e-01  1.05786854e-01
7553  -7.05474027e-01  1.01946326e-01
7554  -7.22649450e-01  9.81623233e-02
7555  -7.39794913e-01  9.43373084e-02
7556  -7.56938056e-01  9.04736821e-02
7557  -7.74075475e-01  8.65936057e-02
7558  -7.91212342e-01  8.26649532e-02
7559  -8.08364333e-01  7.87651573e-02
7560  -8.25499368e-01  7.48611881e-02
7561  -8.42617449e-01  7.09171317e-02
7562  -8.59729545e-01  6.69294405e-02
7563  -8.76853545e-01  6.29146078e-02
7564  -8.93993382e-01  5.89379393e-02
7565  -9.11116017e-01  5.49741566e-02
7566  -9.28227216e-01  5.09586662e-02
7567  -9.45356933e-01  4.69504524e-02
7568  -9.62490337e-01  4.29671484e-02
7569  -9.87003675e-01  4.16960770e-02
7570  -1.00445549e+00  3.76177839e-02
7571  -1.02190577e+00  3.35062518e-02
7572  -1.03936564e+00  2.94431275e-02
7573  -1.05680772e+00  2.53303638e-02
7574  -1.07425131e+00  2.11956999e-02
7575  -1.09170316e+00  1.70832356e-02
7576  -1.10915191e+00  1.29852775e-02
7577  -1.12658449e+00  8.83925182e-03
7578  -1.14354197e+00  4.80568791e-03
7579  -2.97043415e-01  1.68966915e-01
7580  -2.97081541e-01  1.51420571e-01
7581  -2.97119668e-01  1.33874228e-01
7582  -2.97157794e-01  1.16327885e-01
7583  -2.97195921e-01  9.87815419e-02
7584  -2.97234047e-01  8.12351989e-02
7585  -2.97272173e-01  6.36888555e-02
7586  -2.97310300e-01  4.61425123e-02
7587  -2.97348426e-01  2.85961692e-02
7588  -2.97386553e-01  1.10498260e-02
7589  -2.97424679e-01  -6.49651717e-03
7590  -2.97462806e-01  -2.40428604e-02
7591  -2.97500932e-01  -4.15892035e-02
7592  -2.97539059e-01  -5.91355467e-02
7593  -2.97577185e-01  -7.66818897e-02
7594  -2.97615311e-01  -9.42282331e-02
7595  1.64065986e-01  1.63665864e-01
7596  1.64091299e-01  1.45485728e-01
7597  1.64116613e-01  1.27305591e-01
7598  1.64141926e-01  1.09125455e-01
7599  1.64167240e-01  9.09453185e-02
7600  1.64192553e-01  7.27651820e-02
7601  1.64217867e-01  5.45850454e-02
7602  1.64243180e-01  3.64049088e-02
7603  1.64268494e-01  1.82247724e-02
7604  1.64293808e-01  4.46356964e-05
7605  1.64319121e-01  -1.81355008e-02
7606  1.64344435e-01  -3.63156374e-02
7607  1.64369748e-01  -5.44957739e-02
7608  1.64395062e-01  -7.26759105e-02
7609  1.64420375e-01  -9.08560470e-02
7610  1.64445689e-01  -1.09036184e-01
9841  -1.14342460e+00  3.02371661e-03
9842  -1.14506190e+00  2.88197383e-03
9843  -1.12756510e+00  4.07136087e-03
9844  -1.11005674e+00  4.96802251e-03
9845  -1.09254541e+00  5.59211231e-03
9846  -1.07502853e+00  5.99015123e-03
9847  -1.05751307e+00  6.12479237e-03
9848  -1.03999934e+00  6.07466317e-03
9849  -1.02248150e+00  5.77783229e-03
9850  -1.00497417e+00  5.24512410e-03
9851  -9.87466254e-01  4.50438968e-03
9852  -9.63278645e-01  7.38572523e-03
9853  -9.45769171e-01  6.10065874e-03
9854  -9.28286603e-01  4.65371734e-03
9855  -9.10806769e-01  3.01878027e-03
9856  -8.93356858e-01  1.16736433e-03
9857  -8.75940277e-01  -8.36108928e-04
9858  -8.58537931e-01  -2.99200240e-03
9859  -8.41159991e-01  -5.31659210e-03
9860  -8.23812016e-01  -7.78096295e-03
9861  -8.06474031e-01  -1.03737308e-02
9862  -7.89159010e-01  -1.31417410e-02
9863  -7.71897191e-01  -1.60471370e-02
9864  -7.54652938e-01  -1.90079992e-02
9865  -7.37416221e-01  -2.20817363e-02
9866  -7.20207774e-01  -2.52571772e-02
9867  -7.03029246e-01  -2.85029041e-02
9868  -6.85859973e-01  -3.17874779e-02
9869  -6.68689478e-01  -3.51408828e-02
9870  -6.51547052e-01  -3.85864154e-02
9871  -6.34435204e-01  -4.20561591e-02
9872  -6.17329560e-01  -4.55213931e-02
9873  -6.00220020e-01  -4.89898749e-02
9874  -5.83114807e-01  -5.24720535e-02
9875  -5.66015903e-01  -5.59493669e-02
9876  -5.48923592e-01  -5.94113518e-02
9877  -5.31819984e-01  -6.28340563e-02
9878  -5.14713404e-01  -6.62566237e-02
9879  -4.97614445e-01  -6.96476835e-02
9880  -4.80521097e-01  -7.29827228e-02
9881  -4.63411246e-01  -7.62259261e-02
9882  -4.46279814e-01  -7.94138855e-02
9883  -4.29136936e-01  -8.25529438e-02
9884  -4.12008191e-01  -8.56396185e-02
9885  -3.94863063e-01  -8.85859043e-02
9886  -3.77688700e-01  -9.14554050e-02
9887  -3.60505577e-01  -9.42465675e-02
9888  -3.43314427e-01  -9.69409117e-02
9889  -3.16066830e-01  -7.58280867e-02
9890  -2.96564425e-01  -7.86348941e-02
9891  -2.82548766e-01  -8.05835582e-02
9892  -2.65831877e-01  -8.27075597e-02
9893  -2.48998652e-01  -8.47423070e-02
9894  -2.32196928e-01  -8.66716103e-02
9895  -2.15394030e-01  -8.84530191e-02
9896  -1.98551520e-01  -9.01216841e-02
9897  -1.81707707e-01  -9.16709362e-02
9898  -1.64895486e-01  -9.30910448e-02
9899  -1.48094960e-01  -9.43479785e-02
9900  -1.31233616e-01  -9.54582994e-02
9901  -1.14311569e-01  -9.64608620e-02
9902  -9.74698995e-02  -9.73620739e-02
9903  -8.06206150e-02  -9.80657579e-02
9904  -6.36757459e-02  -9.86747093e-02
9905  -4.68115191e-02  -9.91756651e-02
9906  -2.99804676e-02  -9.94929945e-02
9907  -1.30607391e-02  -9.96685861e-02
9908  3.88951166e-03  -9.97481943e-02
9909  2.07577611e-02  -9.97144560e-02
9910  3.75296670e-02  -9.95039549e-02
9911  5.43508284e-02  -9.90846369e-02
9912  7.12384070e-02  -9.85390605e-02
9913  8.80889171e-02  -9.78564026e-02
9914  1.04927825e-01  -9.70173521e-02
9915  1.21713857e-01  -9.60386486e-02
9916  1.38452853e-01  -9.48610994e-02
9917  1.65439848e-01  -9.26309741e-02
9918  1.71974108e-01  -9.19953562e-02
9919  1.93718106e-01  -1.14848802e-01
9920  2.10888990e-01  -1.12890944e-01
9921  2.28044512e-01  -1.10746570e-01
9922  2.45161774e-01  -1.08416513e-01
9923  2.62235663e-01  -1.05849840e-01
9924  2.79285286e-01  -1.03058355e-01
9925  2.96293030e-01  -1.00072844e-01
9926  3.13231689e-01  -9.68360856e-02
9927  3.30116435e-01  -9.33189231e-02
9928  3.46946916e-01  -8.95560437e-02
9929  3.63695573e-01  -8.55150627e-02
9930  3.80349419e-01  -8.11725399e-02
9931  4.00285803e-01  -8.00063419e-02
9932  4.17682061e-01  -7.45639868e-02
9933  4.34916544e-01  -6.87020710e-02
9934  4.51887163e-01  -6.22132109e-02
9935  4.68535128e-01  -5.50793275e-02
9936  4.84648467e-01  -4.69673363e-02
9937  5.00074656e-01  -3.77900901e-02
9938  5.14278532e-01  -2.73011213e-02
9939  5.25704119e-01  -1.48729554e-02
9940  5.30633565e-01  2.51851916e-04
9941  5.27294875e-01  1.58091588e-02
9942  5.18294948e-01  2.99630904e-02
9943  5.06362739e-01  4.25294310e-02
9944  4.92813804e-01  5.37932641e-02
9945  4.78350102e-01  6.41392971e-02
9946  4.63335223e-01  7.38006590e-02
9947  4.47908995e-01  8.28323779e-02
9948  4.32114192e-01  9.12484640e-02
9949  4.16012458e-01  9.91535553e-02
9950  3.99731810e-01  1.06694435e-01
9951  3.79588751e-01  1.10580453e-01
9952  3.63163859e-01  1.17080642e-01
9953  3.46593900e-01  1.23277535e-01
9954  3.29903346e-01  1.29151196e-01
9955  3.13097152e-01  1.34722236e-01
9956  2.96200880e-01  1.40007635e-01
9957  2.79193880e-01  1.44979824e-01
9958  2.62113053e-01  1.49725090e-01
9959  2.44957651e-01  1.54181549e-01
9960  2.27745117e-01  1.58395562e-01
9961  2.10452648e-01  1.62305227e-01
9962  1.93102639e-01  1.66007209e-01
9963  1.73533549e-01  1.69871228e-01
9964  1.65107390e-01  1.46139680e-01
9965  1.34639591e-01  1.51471726e-01
9966  1.17504233e-01  1.54142752e-01
9967  1.00306651e-01  1.56622276e-01
9968  8.30688463e-02  1.58854569e-01
9969  6.57723094e-02  1.60899806e-01
9970  4.84736853e-02  1.62730090e-01
9971  3.11480549e-02  1.64346540e-01
9972  1.38661421e-02  1.65751163e-01
9973  -3.47831249e-03  1.66879771e-01
9974  -2.09005888e-02  1.67848747e-01
9975  -3.82848881e-02  1.68605945e-01
9976  -5.56987674e-02  1.69149594e-01
9977  -7.30736426e-02  1.69505388e-01
9978  -9.03711147e-02  1.69601269e-01
9979  -1.07668792e-01  1.69428183e-01
9980  -1.24988164e-01  1.68998326e-01
9981  -1.42233206e-01  1.68329109e-01
9982  -1.59535293e-01  1.67330153e-01
9983  -1.76984438e-01  1.66153818e-01
9984  -1.94400880e-01  1.64814599e-01
9985  -2.11718480e-01  1.63292449e-01
9986  -2.29086360e-01  1.61512580e-01
9987  -2.46568975e-01  1.59606186e-01
9988  -2.63952989e-01  1.57590113e-01
9989  -2.81291379e-01  1.55374613e-01
9990  -2.96060293e-01  1.53375101e-01
9991  -3.19695929e-01  1.75183368e-01
9992  -3.43422525e-01  1.71564544e-01
9993  -3.60739688e-01  1.68819945e-01
9994  -3.78046225e-01  1.65975516e-01
9995  -3.95347187e-01  1.63049920e-01
9996  -4.12634730e-01  1.60056483e-01
9997  -4.29913910e-01  1.56975032e-01
9998  -4.47188382e-01  1.53851969e-01
9999  -4.64436629e-01  1.50655052e-01
10000  -4.81663024e-01  1.47370031e-01
10001  -4.98887304e-01  1.43985499e-01
10002  -5.16122107e-01  1.40573946e-01
10003  -5.33342612e-01  1.37127657e-01
10004  -5.50558564e-01  1.33628229e-01
10005  -5.67761359e-01  1.30118114e-01
10006  -5.84937830e-01  1.26516047e-01
10007  -6.02133731e-01  1.22868046e-01
10008  -6.19314090e-01  1.19240328e-01
10009  -6.36474270e-01  1.15496746e-01
10010  -6.53668591e-01  1.11781345e-01
10011  -6.70838226e-01  1.08061533e-01
10012  -6.87982438e-01  1.04289288e-01
10013  -7.05141480e-01  1.00448805e-01
10014  -7.22317420e-01  9.66646878e-02
10015  -7.39459275e-01  9.28404775e-02
10016  -7.56600054e-01  8.89773831e-02
10017  -7.73734716e-01  8.50979323e-02
10018  -7.90870902e-01  8.11694350e-02
10019  -8.08023899e-01  7.72694098e-02
10020  -8.25156776e-01  7.33659333e-02
10021  -8.42271169e-01  6.94227267e-02
10022  -8.59380392e-01  6.54357043e-02
10023  -8.76505115e-01  6.14207027e-02
10024  -8.93647051e-01  5.74435462e-02
10025  -9.10767804e-01  5.34802010e-02
10026  -9.27877233e-01  4.94651241e-02
10027  -9.45008495e-01  4.54565490e-02
10028  -9.62143026e-01  4.14729828e-02
10029  -9.86655512e-01  4.02021095e-02
10030  -1.00410505e+00  3.61243482e-02
10031  -1.02155603e+00  3.20126540e-02
10032  -1.03901577e+00  2.79495596e-02
10033  -1.05645479e+00  2.38375151e-02
10034  -1.07389849e+00  1.97028263e-02
10035  -1.09135187e+00  1.55899995e-02
10036  -1.10879908e+00  1.14924057e-02
10037  -1.12622783e+00  7.34728953e-03
10038  -1.14294892e+00  3.39096258e-03
10039  -2.96026417e-01  1.68964705e-01
10040  -2.96064543e-01  1.51418361e-01
10041  -2.96102670e-01  1.33872018e-01
10042  -2.96140796e-01  1.16325675e-01
10043  -2.96178923e-01  9.87793321e-02
10044  -2.96217049e-01  8.12329891e-02
10045  -2.96255175e-01  6.36866457e-02
10046  -2.96293302e-01  4.61403025e-02
10047  -2.96331428e-01  2.85939594e-02
10048  -2.96369555e-01  1.10476162e-02
10049  -2.96407681e-01  -6.49872700e-03
10050  -2.96445808e-01  -2.40450702e-02
10051  -2.96483934e-01  -4.15914133e-02
10052  -2.96522061e-01  -5.91377565e-02
10053  -2.96560187e-01  -7.66840995e-02
10054  -2.96598313e-01  -9.42304429e-02
10055  1.65082985e-01  1.63667280e-01
10056  1.65108298e-01  1.45487144e-01
10057  1.65133612e-01  1.27307007e-01
10058  1.65158925e-01  1.09126871e-01
10059  1.65184239e-01  9.09467345e-02
10060  1.65209552e-01  7.27665980e-02
10061  1.65234866e-01  5.45864614e-02
10062  1.65260179e-01  3.64063248e-02
10063  1.65285493e-01  1.82261885e-02
10064  1.65310807e-01  4.60517366e-05
10065  1.65336120e-01  -1.81340848e-02
10066  1.65361434e-01  -3.63142214e-02
10067  1.65386747e-01  -5.44943579e-02
10068  1.65412061e-01  -7.26744945e-02
10069  1.65437374e-01  -9.08546310e-02
10070  1.65462688e-01  -1.09034768e-01
