1  -1.28510000e+00  -5.12540880e-03
2  -1.26595297e+00  -2.12413535e-03
3  -1.24677061e+00  6.38014455e-04
4  -1.22755424e+00  3.15728560e-03
5  -1.20830365e+00  5.39961367e-03
6  -1.18903155e+00  7.44937673e-03
7  -1.16972439e+00  9.13559975e-03
8  -1.15039682e+00  1.05701644e-02
9  -1.13104547e+00  1.16294849e-02
10  -1.11167706e+00  1.23195115e-02
11  -1.09230000e+00  1.26659294e-02
12  -1.06534345e+00  1.24585145e-02
13  -1.04572397e+00  1.19079404e-02
14  -1.02611687e+00  1.10025339e-02
15  -1.00652571e+00  9.80705255e-03
16  -9.86966239e-01  8.17882517e-03
17  -9.67431617e-01  6.26583751e-03
18  -9.47931162e-01  4.03887594e-03
19  -9.28472833e-01  1.46686204e-03
20  -9.09051962e-01  -1.37508420e-03
21  -8.89675433e-01  -4.50393526e-03
22  -8.70353191e-01  -7.95451985e-03
23  -8.51080623e-01  -1.16737391e-02
24  -8.31846740e-01  -1.55879569e-02
25  -8.12658710e-01  -1.97200221e-02
26  -7.93521412e-01  -2.40802675e-02
27  -7.74421795e-01  -2.86043486e-02
28  -7.55345058e-01  -3.32240826e-02
29  -7.36312380e-01  -3.80221573e-02
30  -7.17325748e-01  -4.29986678e-02
31  -6.98358207e-01  -4.80480576e-02
32  -6.79401963e-01  -5.31397115e-02
33  -6.60459395e-01  -5.82820545e-02
34  -6.41536790e-01  -6.34973474e-02
35  -6.22620926e-01  -6.87370555e-02
36  -6.03707632e-01  -7.39860414e-02
37  -5.84791342e-01  -7.92242221e-02
38  -5.65876248e-01  -8.44667203e-02
39  -5.46954378e-01  -8.96846434e-02
40  -5.28020820e-01  -9.48600603e-02
41  -5.09055299e-01  -9.99170859e-02
42  -4.90074179e-01  -1.04915096e-01
43  -4.71077339e-01  -1.09853072e-01
44  -4.52061371e-01  -1.14716959e-01
45  -4.33004167e-01  -1.19415872e-01
46  -4.13922601e-01  -1.24015409e-01
47  -3.94818931e-01  -1.28522430e-01
48  -3.75677928e-01  -1.32868241e-01
49  -3.56514920e-01  -1.37115406e-01
50  -3.30000000e-01  -1.42768710e-01
51  -3.10613113e-01  -1.46708665e-01
52  -2.91177459e-01  -1.50401491e-01
53  -2.71707488e-01  -1.53907843e-01
54  -2.52209241e-01  -1.57252260e-01
55  -2.32680910e-01  -1.60418594e-01
56  -2.13117696e-01  -1.63361817e-01
57  -1.93523223e-01  -1.66085269e-01
58  -1.73902628e-01  -1.68616509e-01
59  -1.54259223e-01  -1.70965532e-01
60  -1.34581350e-01  -1.73003533e-01
61  -1.14888545e-01  -1.74892281e-01
62  -9.51812487e-02  -1.76620173e-01
63  -7.54529878e-02  -1.78095895e-01
64  -5.57095709e-02  -1.79351793e-01
65  -3.59528264e-02  -1.80365278e-01
66  -1.61854007e-02  -1.81151159e-01
67  3.58927556e-03  -1.81734872e-01
68  2.33694139e-02  -1.82092599e-01
69  4.31521420e-02  -1.82172899e-01
70  6.29339052e-02  -1.81985570e-01
71  8.27121517e-02  -1.81547818e-01
72  1.02484153e-01  -1.80881674e-01
73  1.22244948e-01  -1.79937217e-01
74  1.41991299e-01  -1.78730801e-01
75  1.61719049e-01  -1.77253861e-01
76  1.81422701e-01  -1.75487719e-01
77  2.01100000e-01  -1.73445445e-01
78  2.22944091e-01  -1.70847513e-01
79  2.42322666e-01  -1.68226951e-01
80  2.61660531e-01  -1.65319256e-01
81  2.80957635e-01  -1.62153250e-01
82  3.00193087e-01  -1.58630659e-01
83  3.19372017e-01  -1.54812090e-01
84  3.38490617e-01  -1.50702394e-01
85  3.57531688e-01  -1.46247728e-01
86  3.76470457e-01  -1.41376217e-01
87  3.95323703e-01  -1.36184690e-01
88  4.14065055e-01  -1.30602902e-01
89  4.32685277e-01  -1.24630784e-01
90  4.53600000e-01  -1.17401313e-01
91  4.72339359e-01  -1.10259458e-01
92  4.90878794e-01  -1.02616447e-01
93  5.09126352e-01  -9.43010519e-02
94  5.26975978e-01  -8.51623127e-02
95  5.44240841e-01  -7.49719390e-02
96  5.60767295e-01  -6.36205616e-02
97  5.76286339e-01  -5.09310841e-02
98  5.90270332e-01  -3.65885815e-02
99  6.00668554e-01  -1.95224486e-02
100  6.04800000e-01  0.00000000e+00
101  6.01958057e-01  1.87864991e-02
102  5.93468160e-01  3.57505800e-02
103  5.81489185e-01  5.05238915e-02
104  5.67625783e-01  6.35628271e-02
105  5.52660966e-01  7.53307925e-02
106  5.37088346e-01  8.62850654e-02
107  5.21094555e-01  9.66178486e-02
108  5.04633836e-01  1.06187128e-01
109  4.87854238e-01  1.15186350e-01
110  4.70812797e-01  1.23680752e-01
111  4.53600000e-01  1.31823510e-01
112  4.32849021e-01  1.40832089e-01
113  4.14343089e-01  1.48329262e-01
114  3.95693321e-01  1.55462060e-01
115  3.76912859e-01  1.62243508e-01
116  3.58012513e-01  1.68683712e-01
117  3.38996837e-01  1.74775196e-01
118  3.19873875e-01  1.80521148e-01
119  3.00681870e-01  1.86032574e-01
120  2.81389219e-01  1.91179877e-01
121  2.62030570e-01  1.96073383e-01
122  2.42578142e-01  2.00577422e-01
123  2.23085953e-01  2.04909123e-01
124  2.01100000e-01  2.09401373e-01
125  1.81682794e-01  2.13112788e-01
126  1.62221156e-01  2.16577478e-01
127  1.42704606e-01  2.19723996e-01
128  1.23153923e-01  2.22651611e-01
129  1.03563552e-01  2.25301699e-01
130  8.39427070e-02  2.27714665e-01
131  6.42909573e-02  2.29857556e-01
132  4.46129237e-02  2.31744184e-01
133  2.49127408e-02  2.33384983e-01
134  5.18719429e-03  2.34692097e-01
135  -1.45507110e-02  2.35794380e-01
136  -3.43019364e-02  2.36604811e-01
137  -5.40628626e-02  2.37149770e-01
138  -7.38289361e-02  2.37478029e-01
139  -9.35976553e-02  2.37483354e-01
140  -1.13363944e-01  2.37218339e-01
141  -1.33125990e-01  2.36721441e-01
142  -1.52881534e-01  2.36001178e-01
143  -1.72622951e-01  2.34961360e-01
144  -1.92353831e-01  2.33741161e-01
145  -2.12073612e-01  2.32353977e-01
146  -2.31779450e-01  2.30777404e-01
147  -2.51458696e-01  2.28899041e-01
148  -2.71125811e-01  2.26898018e-01
149  -2.90777152e-01  2.24749198e-01
150  -3.10398589e-01  2.22339859e-01
151  -3.30000000e-01  2.19773254e-01
152  -3.57253107e-01  2.15911062e-01
153  -3.77159869e-01  2.12908175e-01
154  -3.97052049e-01  2.09809711e-01
155  -4.16920528e-01  2.06562462e-01
156  -4.36770315e-01  2.03203070e-01
157  -4.56604230e-01  1.99751650e-01
158  -4.76423166e-01  1.96214590e-01
159  -4.96232412e-01  1.92623648e-01
160  -5.16016978e-01  1.88899591e-01
161  -5.35778561e-01  1.85056063e-01
162  -5.55518175e-01  1.81100223e-01
163  -5.75253579e-01  1.77123429e-01
164  -5.94968065e-01  1.73044535e-01
165  -6.14675038e-01  1.68929158e-01
166  -6.34375345e-01  1.64782450e-01
167  -6.54042101e-01  1.60479022e-01
168  -6.73714655e-01  1.56202166e-01
169  -6.93367839e-01  1.51837944e-01
170  -7.13006827e-01  1.47409573e-01
171  -7.32659760e-01  1.43043419e-01
172  -7.52293170e-01  1.38590320e-01
173  -7.71905541e-01  1.34045614e-01
174  -7.91524767e-01  1.29530634e-01
175  -8.11145586e-01  1.25022707e-01
176  -8.30744408e-01  1.20419749e-01
177  -8.50342052e-01  1.15811772e-01
178  -8.69916649e-01  1.11106862e-01
179  -8.89500756e-01  1.06441723e-01
180  -9.09082387e-01  1.01766183e-01
181  -9.28650015e-01  9.70325297e-02
182  -9.48200492e-01  9.22285087e-02
183  -9.67738699e-01  8.73747138e-02
184  -9.87285111e-01  8.25542936e-02
185  -1.00683699e+00  7.77561227e-02
186  -1.02636850e+00  7.28754369e-02
187  -1.04590119e+00  6.79994871e-02
188  -1.06543757e+00  6.31383335e-02
189  -1.09230000e+00  5.64292563e-02
190  -1.11164750e+00  5.15523316e-02
191  -1.13098221e+00  4.66247705e-02
192  -1.15031978e+00  4.17084362e-02
193  -1.16963783e+00  3.67160342e-02
194  -1.18893814e+00  3.16554159e-02
195  -1.20823611e+00  2.65858773e-02
196  -1.22752958e+00  2.14993563e-02
197  -1.24678343e+00  1.62648509e-02
198  -1.26599445e+00  1.08777845e-02
199  -3.10410507e-01  2.01837163e-01
200  -3.10422425e-01  1.81334468e-01
201  -3.10434343e-01  1.60831772e-01
202  -3.10446261e-01  1.40329076e-01
203  -3.10458179e-01  1.19826380e-01
204  -3.10470097e-01  9.93236844e-02
205  -3.10482015e-01  7.88209886e-02
206  -3.10493933e-01  5.83182928e-02
207  -3.10505851e-01  3.78155970e-02
208  -3.10517769e-01  1.73129012e-02
209  -3.10529687e-01  -3.18979457e-03
210  -3.10541605e-01  -2.36924904e-02
211  -3.10553523e-01  -4.41951862e-02
212  -3.10565441e-01  -6.46978820e-02
213  -3.10577359e-01  -8.52005777e-02
214  -3.10589277e-01  -1.05703274e-01
215  -3.10601195e-01  -1.26205969e-01
216  1.81669105e-01  1.92660130e-01
217  1.81655416e-01  1.72207472e-01
218  1.81641727e-01  1.51754814e-01
219  1.81628038e-01  1.31302155e-01
220  1.81614349e-01  1.10849497e-01
221  1.81600659e-01  9.03968388e-02
222  1.81586970e-01  6.99441806e-02
223  1.81573281e-01  4.94915223e-02
224  1.81559592e-01  2.90388640e-02
225  1.81545903e-01  8.58620576e-03
226  1.81532214e-01  -1.18664525e-02
227  1.81518525e-01  -3.23191108e-02
228  1.81504836e-01  -5.27717691e-02
229  1.81491147e-01  -7.32244273e-02
230  1.81477457e-01  -9.36770856e-02
231  1.81463768e-01  -1.14129744e-01
232  1.81450079e-01  -1.34582402e-01
233  1.81436390e-01  -1.55035060e-01
2467  -1.28339875e+00  -4.35263439e-03
2468  -1.26602732e+00  -1.62969372e-03
2469  -1.24683874e+00  1.13335109e-03
2470  -1.22761566e+00  3.65349844e-03
2471  -1.20835902e+00  5.89653882e-03
2472  -1.18907974e+00  7.94704863e-03
2473  -1.16976465e+00  9.63397647e-03
2474  -1.15042899e+00  1.10691283e-02
2475  -1.13106804e+00  1.21289754e-02
2476  -1.11169043e+00  1.28193327e-02
2477  -1.09230255e+00  1.31659229e-02
2478  -1.06533451e+00  1.29584346e-02
2479  -1.04570542e+00  1.24075963e-02
2480  -1.02609011e+00  1.15018173e-02
2481  -1.00648974e+00  1.03057571e-02
2482  -9.86921133e-01  8.67678645e-03
2483  -9.67378884e-01  6.76304897e-03
2484  -9.47870034e-01  4.53512520e-03
2485  -9.28403873e-01  1.96208372e-03
2486  -9.08975909e-01  -8.80902119e-04
2487  -8.89591627e-01  -4.01100869e-03
2488  -8.70261868e-01  -7.46293050e-03
2489  -8.50983396e-01  -1.11832833e-02
2490  -8.31744254e-01  -1.50985731e-02
2491  -8.12550541e-01  -1.92318628e-02
2492  -7.93408252e-01  -2.35932411e-02
2493  -7.74305331e-01  -2.81181015e-02
2494  -7.55225104e-01  -3.27386848e-02
2495  -7.36187881e-01  -3.75379053e-02
2496  -7.17198049e-01  -4.25152497e-02
2497  -6.98229042e-01  -4.75650291e-02
2498  -6.79271614e-01  -5.26570012e-02
2499  -6.60327472e-01  -5.77997722e-02
2500  -6.41403627e-01  -6.30154060e-02
2501  -6.22487334e-01  -6.82552329e-02
2502  -6.03574059e-01  -7.35042134e-02
2503  -5.84657852e-01  -7.87423712e-02
2504  -5.65743016e-01  -8.39847980e-02
2505  -5.46822000e-01  -8.92024857e-02
2506  -5.27890491e-01  -9.43773448e-02
2507  -5.08927230e-01  -9.94337659e-02
2508  -4.89947626e-01  -1.04431377e-01
2509  -4.70952494e-01  -1.09368909e-01
2510  -4.51939570e-01  -1.14232021e-01
2511  -4.32885733e-01  -1.18930101e-01
2512  -4.13806612e-01  -1.23529049e-01
2513  -3.94706173e-01  -1.28035310e-01
2514  -3.75568480e-01  -1.32380367e-01
2515  -3.56408692e-01  -1.36626821e-01
2516  -3.29898078e-01  -1.42279208e-01
2517  -3.09164982e-01  -1.46483806e-01
2518  -2.91086482e-01  -1.49909837e-01
2519  -2.71620914e-01  -1.53415395e-01
2520  -2.52126964e-01  -1.56759076e-01
2521  -2.32603703e-01  -1.59924591e-01
2522  -2.13046085e-01  -1.62866972e-01
2523  -1.93456818e-01  -1.65589698e-01
2524  -1.73840956e-01  -1.68120327e-01
2525  -1.54203783e-01  -1.70468615e-01
2526  -1.34531727e-01  -1.72506002e-01
2527  -1.14842841e-01  -1.74394374e-01
2528  -9.51407637e-02  -1.76121815e-01
2529  -7.54184681e-02  -1.77597088e-01
2530  -5.56808920e-02  -1.78852616e-01
2531  -3.59300871e-02  -1.79865795e-01
2532  -1.61680929e-02  -1.80651459e-01
2533  3.60117264e-03  -1.81235014e-01
2534  2.33749494e-02  -1.81592630e-01
2535  4.31507894e-02  -1.81672901e-01
2536  6.29260058e-02  -1.81485632e-01
2537  8.26982015e-02  -1.81048013e-01
2538  1.02463799e-01  -1.80382088e-01
2539  1.22217767e-01  -1.79437956e-01
2540  1.41957388e-01  -1.78231952e-01
2541  1.61678064e-01  -1.76755544e-01
2542  1.82871131e-01  -1.74845313e-01
2543  2.01044665e-01  -1.72948516e-01
2544  2.22881062e-01  -1.70351502e-01
2545  2.42251989e-01  -1.67731971e-01
2546  2.61582881e-01  -1.64825322e-01
2547  2.80872122e-01  -1.61660617e-01
2548  3.00099233e-01  -1.58139547e-01
2549  3.19270657e-01  -1.54322472e-01
2550  3.38381123e-01  -1.50214530e-01
2551  3.57412452e-01  -1.45762153e-01
2552  3.76341803e-01  -1.40893052e-01
2553  3.95185964e-01  -1.35704036e-01
2554  4.13917334e-01  -1.30125222e-01
2555  4.32527241e-01  -1.24156417e-01
2556  4.53429273e-01  -1.16931364e-01
2557  4.72155026e-01  -1.09794677e-01
2558  4.90679808e-01  -1.02157748e-01
2559  5.08908695e-01  -9.38509124e-02
2560  5.26734862e-01  -8.47242907e-02
2561  5.43972065e-01  -7.45503239e-02
2562  5.60467240e-01  -6.32206028e-02
2563  5.75948554e-01  -5.05624366e-02
2564  5.89875330e-01  -3.62820300e-02
2565  6.00203831e-01  -1.93379707e-02
2566  6.04292067e-01  1.48386637e-05
2567  6.01481447e-01  1.86353619e-02
2568  5.93047932e-01  3.54796407e-02
2569  5.81122891e-01  5.01835556e-02
2570  5.67299650e-01  6.31838318e-02
2571  5.52362488e-01  7.49296555e-02
2572  5.36808792e-01  8.58705179e-02
2573  5.20833173e-01  9.61916098e-02
2574  5.04389995e-01  1.05750617e-01
2575  4.87624527e-01  1.14742241e-01
2576  4.70594351e-01  1.23230995e-01
2577  4.53393511e-01  1.31368140e-01
2578  4.32655581e-01  1.40371024e-01
2579  4.14159904e-01  1.47864027e-01
2580  3.95519100e-01  1.54993395e-01
2581  3.76747312e-01  1.61771709e-01
2582  3.57855605e-01  1.68208970e-01
2583  3.38848622e-01  1.74297669e-01
2584  3.19732927e-01  1.80041426e-01
2585  3.00548414e-01  1.85550714e-01
2586  2.81263502e-01  1.90695940e-01
2587  2.61912903e-01  1.95587426e-01
2588  2.42467514e-01  2.00089814e-01
2589  2.22981668e-01  2.04420119e-01
2590  2.01003016e-01  2.08910869e-01
2591  1.83130275e-01  2.12337172e-01
2592  1.62137544e-01  2.16084519e-01
2593  1.42627789e-01  2.19229932e-01
2594  1.23083384e-01  2.22156612e-01
2595  1.03499522e-01  2.24805816e-01
2596  8.38850904e-02  2.27217996e-01
2597  6.42399967e-02  2.29360160e-01
2598  4.45683132e-02  2.31246178e-01
2599  2.48754592e-02  2.32886375e-01
2600  5.15672409e-03  2.34193026e-01
2601  -1.45749008e-02  2.35294965e-01
2602  -3.43190779e-02  2.36105105e-01
2603  -5.40739058e-02  2.36649892e-01
2604  -7.38331548e-02  2.36978047e-01
2605  -9.35943710e-02  2.36983365e-01
2606  -1.13354308e-01  2.36718432e-01
2607  -1.33110597e-01  2.36221678e-01
2608  -1.52859275e-01  2.35501674e-01
2609  -1.72594370e-01  2.34462178e-01
2610  -1.92320857e-01  2.33242249e-01
2611  -2.12036131e-01  2.31855384e-01
2612  -2.31735757e-01  2.30279317e-01
2613  -2.51409636e-01  2.28401454e-01
2614  -2.71073330e-01  2.26400780e-01
2615  -2.90719507e-01  2.24252532e-01
2616  -3.08950775e-01  2.22019526e-01
2617  -3.29932463e-01  2.19277836e-01
2618  -3.57180738e-01  2.15416327e-01
2619  -3.77084102e-01  2.12413949e-01
2620  -3.96973247e-01  2.09315960e-01
2621  -4.16838486e-01  2.06069239e-01
2622  -4.36685738e-01  2.02710275e-01
2623  -4.56517447e-01  1.99259239e-01
2624  -4.76334650e-01  1.95722487e-01
2625  -4.96141574e-01  1.92131969e-01
2626  -5.15923003e-01  1.88408502e-01
2627  -5.35681708e-01  1.84565533e-01
2628  -5.55419668e-01  1.80610023e-01
2629  -5.75153543e-01  1.76633538e-01
2630  -5.94866308e-01  1.72554999e-01
2631  -6.14572439e-01  1.68439798e-01
2632  -6.34270410e-01  1.64293585e-01
2633  -6.53935551e-01  1.59990507e-01
2634  -6.73607349e-01  1.55713816e-01
2635  -6.93258652e-01  1.51350011e-01
2636  -7.12897617e-01  1.46921646e-01
2637  -7.32550242e-01  1.42555561e-01
2638  -7.52181435e-01  1.38102965e-01
2639  -7.71793038e-01  1.33558435e-01
2640  -7.91412720e-01  1.29043350e-01
2641  -8.11032447e-01  1.24535676e-01
2642  -8.30630027e-01  1.19933008e-01
2643  -8.50226404e-01  1.15325330e-01
2644  -8.69800292e-01  1.10620589e-01
2645  -8.89384764e-01  1.05955363e-01
2646  -9.08965544e-01  1.01280027e-01
2647  -9.28531576e-01  9.65467600e-02
2648  -9.48080561e-01  9.17431052e-02
2649  -9.67618565e-01  8.68893606e-02
2650  -9.87165667e-01  8.20687700e-02
2651  -1.00671680e+00  7.72707839e-02
2652  -1.02624734e+00  7.23903382e-02
2653  -1.04578027e+00  6.75143278e-02
2654  -1.06531663e+00  6.26531815e-02
2655  -1.09217832e+00  5.59442894e-02
2656  -1.11152465e+00  5.10676578e-02
2657  -1.13085887e+00  4.61402220e-02
2658  -1.15019563e+00  4.12240953e-02
2659  -1.16951187e+00  3.62321603e-02
2660  -1.18881121e+00  3.11717946e-02
2661  -1.20810886e+00  2.61023413e-02
2662  -1.22740026e+00  2.10163693e-02
2663  -1.24665034e+00  1.57828886e-02
2664  -1.26576120e+00  1.04355236e-02
2665  -3.08962507e-01  2.01836321e-01
2666  -3.08974425e-01  1.81333626e-01
2667  -3.08986343e-01  1.60830930e-01
2668  -3.08998261e-01  1.40328234e-01
2669  -3.09010179e-01  1.19825538e-01
2670  -3.09022097e-01  9.93228427e-02
2671  -3.09034015e-01  7.88201469e-02
2672  -3.09045933e-01  5.83174511e-02
2673  -3.09057851e-01  3.78147553e-02
2674  -3.09069769e-01  1.73120595e-02
2675  -3.09081687e-01  -3.19063628e-03
2676  -3.09093605e-01  -2.36933321e-02
2677  -3.09105523e-01  -4.41960279e-02
2678  -3.09117441e-01  -6.46987237e-02
2679  -3.09129359e-01  -8.52014194e-02
2680  -3.09141277e-01  -1.05704116e-01
2681  -3.09153195e-01  -1.26206811e-01
2682  1.83117105e-01  1.92659161e-01
2683  1.83103416e-01  1.72206503e-01
2684  1.83089727e-01  1.51753845e-01
2685  1.83076038e-01  1.31301186e-01
2686  1.83062349e-01  1.10848528e-01
2687  1.83048659e-01  9.03958696e-02
2688  1.83034970e-01  6.99432115e-02
2689  1.83021281e-01  4.94905532e-02
2690  1.83007592e-01  2.90378949e-02
2691  1.82993903e-01  8.58523661e-03
2692  1.82980214e-01  -1.18674216e-02
2693  1.82966525e-01  -3.23200799e-02
2694  1.82952836e-01  -5.27727382e-02
2695  1.82939147e-01  -7.32253965e-02
2696  1.82925457e-01  -9.36780548e-02
2697  1.82911768e-01  -1.14130713e-01
2698  1.82898079e-01  -1.34583371e-01
2699  1.82884390e-01  -1.55036029e-01
4933  -1.27524295e+00  -6.47953872e-04
4934  -1.26638374e+00  7.40659459e-04
4935  -1.24716535e+00  3.50799492e-03
4936  -1.22791013e+00  6.03234279e-03
4937  -1.20862444e+00  8.27879798e-03
4938  -1.18931079e+00  1.03328877e-02
4939  -1.16995764e+00  1.20231945e-02
4940  -1.15058322e+00  1.34611614e-02
4941  -1.13117622e+00  1.45235327e-02
4942  -1.11175453e+00  1.52154756e-02
4943  -1.09231475e+00  1.55628919e-02
4944  -1.06529167e+00  1.53550517e-02
4945  -1.04561652e+00  1.48029469e-02
4946  -1.02596182e+00  1.38953819e-02
4947  -1.00631731e+00  1.26965468e-02
4948  -9.86704894e-01  1.10640128e-02
4949  -9.67126082e-01  9.14668073e-03
4950  -9.47576984e-01  6.91414413e-03
4951  -9.28073279e-01  4.33617648e-03
4952  -9.08611310e-01  1.48820678e-03
4953  -8.89189863e-01  -1.64791869e-03
4954  -8.69824065e-01  -5.10625116e-03
4955  -8.50517290e-01  -8.83203800e-03
4956  -8.31252934e-01  -1.27524669e-02
4957  -8.12031981e-01  -1.68916269e-02
4958  -7.92865761e-01  -2.12584364e-02
4959  -7.73747005e-01  -2.57870329e-02
4960  -7.54650044e-01  -3.04116879e-02
4961  -7.35591033e-01  -3.52164011e-02
4962  -7.16585861e-01  -4.01977435e-02
4963  -6.97609827e-01  -4.52493907e-02
4964  -6.78646723e-01  -5.03428879e-02
4965  -6.59695031e-01  -5.54877109e-02
4966  -6.40765241e-01  -6.07049789e-02
4967  -6.21846891e-01  -6.59453751e-02
4968  -6.02933710e-01  -7.11943298e-02
4969  -5.84017899e-01  -7.64323778e-02
4970  -5.65104299e-01  -8.16744624e-02
4971  -5.46187379e-01  -8.68910217e-02
4972  -5.27265692e-01  -9.20632065e-02
4973  -5.08313265e-01  -9.71167296e-02
4974  -4.89340930e-01  -1.02112427e-01
4975  -4.70353989e-01  -1.07047832e-01
4976  -4.51355654e-01  -1.11907231e-01
4977  -4.32317962e-01  -1.16601315e-01
4978  -4.13250560e-01  -1.21197436e-01
4979  -3.94165612e-01  -1.25700058e-01
4980  -3.75043787e-01  -1.30041498e-01
4981  -3.55899436e-01  -1.34284542e-01
4982  -3.29409466e-01  -1.39932537e-01
4983  -3.02181359e-01  -1.45413947e-01
4984  -2.90650341e-01  -1.47552850e-01
4985  -2.71205877e-01  -1.51054600e-01
4986  -2.51732527e-01  -1.54394752e-01
4987  -2.32233573e-01  -1.57556340e-01
4988  -2.12702781e-01  -1.60494683e-01
4989  -1.93138473e-01  -1.63213932e-01
4990  -1.73545299e-01  -1.65741631e-01
4991  -1.53938002e-01  -1.68086396e-01
4992  -1.34293836e-01  -1.70120836e-01
4993  -1.14623735e-01  -1.72007409e-01
4994  -9.49466785e-02  -1.73732685e-01
4995  -7.52529806e-02  -1.75205807e-01
4996  -5.55434053e-02  -1.76459562e-01
4997  -3.58210747e-02  -1.77471275e-01
4998  -1.60851192e-02  -1.78255895e-01
4999  3.65820727e-03  -1.78838692e-01
5000  2.34014863e-02  -1.79195777e-01
5001  4.31443050e-02  -1.79275910e-01
5002  6.28881361e-02  -1.79088932e-01
5003  8.26313244e-02  -1.78651946e-01
5004  1.02366225e-01  -1.77987075e-01
5005  1.22087461e-01  -1.77044501e-01
5006  1.41794821e-01  -1.75840471e-01
5007  1.61481583e-01  -1.74366610e-01
5008  1.89856197e-01  -1.71761626e-01
5009  2.00779391e-01  -1.70566240e-01
5010  2.22578900e-01  -1.67973623e-01
5011  2.41913162e-01  -1.65359040e-01
5012  2.61210627e-01  -1.62457404e-01
5013  2.80462174e-01  -1.59298933e-01
5014  2.99649298e-01  -1.55785153e-01
5015  3.18784739e-01  -1.51975241e-01
5016  3.37856211e-01  -1.47875711e-01
5017  3.56840836e-01  -1.43434308e-01
5018  3.75725034e-01  -1.38576761e-01
5019  3.94525644e-01  -1.33399782e-01
5020  4.13209161e-01  -1.27835222e-01
5021  4.31769614e-01  -1.21882299e-01
5022  4.52610806e-01  -1.14678428e-01
5023  4.71271331e-01  -1.07566518e-01
5024  4.89725868e-01  -9.99587466e-02
5025  5.07865249e-01  -9.16929436e-02
5026  5.25578954e-01  -8.26244135e-02
5027  5.42683551e-01  -7.25291009e-02
5028  5.59028777e-01  -6.13032004e-02
5029  5.74329210e-01  -4.87951404e-02
5030  5.87981693e-01  -3.48124222e-02
5031  5.97975946e-01  -1.84535835e-02
5032  6.01857034e-01  8.59752177e-05
5033  5.99196576e-01  1.79108102e-02
5034  5.91033357e-01  3.41807578e-02
5035  5.79366876e-01  4.85519853e-02
5036  5.65736170e-01  6.13669286e-02
5037  5.50931584e-01  7.30066050e-02
5038  5.35468611e-01  8.38831772e-02
5039  5.19580109e-01  9.41482208e-02
5040  5.03221021e-01  1.03657985e-01
5041  4.86523290e-01  1.12613183e-01
5042  4.69547124e-01  1.21074859e-01
5043  4.52403601e-01  1.29185094e-01
5044  4.31728230e-01  1.38160678e-01
5045  4.13281715e-01  1.45633693e-01
5046  3.94683886e-01  1.52746614e-01
5047  3.75953677e-01  1.59509906e-01
5048  3.57103389e-01  1.65933057e-01
5049  3.38138082e-01  1.72008402e-01
5050  3.19057222e-01  1.77741636e-01
5051  2.99908624e-01  1.83240675e-01
5052  2.80660815e-01  1.88375945e-01
5053  2.61348805e-01  1.93257747e-01
5054  2.41937162e-01  1.97752222e-01
5055  2.22481728e-01  2.02075835e-01
5056  2.00538073e-01  2.06559394e-01
5057  1.90110783e-01  2.08611250e-01
5058  1.61736706e-01  2.13721271e-01
5059  1.42259531e-01  2.16861389e-01
5060  1.22745222e-01  2.19783585e-01
5061  1.03192564e-01  2.22428551e-01
5062  8.36088765e-02  2.24836963e-01
5063  6.39956918e-02  2.26975642e-01
5064  4.43544508e-02  2.28858738e-01
5065  2.46967311e-02  2.30496047e-01
5066  5.01064998e-03  2.31800481e-01
5067  -1.46908667e-02  2.32900772e-01
5068  -3.44012544e-02  2.33709514e-01
5069  -5.41268467e-02  2.34253477e-01
5070  -7.38533793e-02  2.34581132e-01
5071  -9.35786261e-02  2.34586416e-01
5072  -1.13308114e-01  2.34321877e-01
5073  -1.33036803e-01  2.33825814e-01
5074  -1.52752565e-01  2.33107050e-01
5075  -1.72457352e-01  2.32069097e-01
5076  -1.92162779e-01  2.30850468e-01
5077  -2.11856448e-01  2.29465128e-01
5078  -2.31526292e-01  2.27891486e-01
5079  -2.51174442e-01  2.26016020e-01
5080  -2.70821738e-01  2.24017020e-01
5081  -2.90443157e-01  2.21871516e-01
5082  -3.01968663e-01  2.20489089e-01
5083  -3.29608689e-01  2.16902804e-01
5084  -3.56833800e-01  2.13044568e-01
5085  -3.76720875e-01  2.10044629e-01
5086  -3.96595473e-01  2.06948916e-01
5087  -4.16445179e-01  2.03704726e-01
5088  -4.36280275e-01  2.00347817e-01
5089  -4.56101408e-01  1.96898620e-01
5090  -4.75910307e-01  1.93363347e-01
5091  -4.95706095e-01  1.89774859e-01
5092  -5.15472485e-01  1.86054220e-01
5093  -5.35217393e-01  1.82213934e-01
5094  -5.54947423e-01  1.78260003e-01
5095  -5.74673971e-01  1.74285003e-01
5096  -5.94378488e-01  1.70208163e-01
5097  -6.14080581e-01  1.66093804e-01
5098  -6.33767353e-01  1.61949968e-01
5099  -6.53424751e-01  1.57648565e-01
5100  -6.73092927e-01  1.53372667e-01
5101  -6.92735210e-01  1.49010863e-01
5102  -7.12374062e-01  1.44582522e-01
5103  -7.32025215e-01  1.40216767e-01
5104  -7.51645777e-01  1.35766583e-01
5105  -7.71253697e-01  1.31222901e-01
5106  -7.90875569e-01  1.26707311e-01
5107  -8.10490056e-01  1.22200848e-01
5108  -8.30081683e-01  1.17599571e-01
5109  -8.49671990e-01  1.12993328e-01
5110  -8.69242475e-01  1.08289399e-01
5111  -8.88828696e-01  1.03623755e-01
5112  -9.08405396e-01  9.89493955e-02
5113  -9.27963779e-01  9.42179802e-02
5114  -9.47505613e-01  8.94160806e-02
5115  -9.67042640e-01  8.45625775e-02
5116  -9.86593053e-01  7.97411699e-02
5117  -1.00614060e+00  7.49440694e-02
5118  -1.02566651e+00  7.00647748e-02
5119  -1.04520061e+00  6.51884744e-02
5120  -1.06473682e+00  6.03273625e-02
5121  -1.09159496e+00  5.36193582e-02
5122  -1.11093573e+00  4.87441315e-02
5123  -1.13026758e+00  4.38172967e-02
5124  -1.14960044e+00  3.89021653e-02
5125  -1.16890801e+00  3.39124690e-02
5126  -1.18820273e+00  2.88533141e-02
5127  -1.20749881e+00  2.37842698e-02
5128  -1.22678030e+00  1.87009295e-02
5129  -1.24601232e+00  1.34723612e-02
5130  -1.26464300e+00  8.31532482e-03
5131  -3.01979508e-01  2.01832262e-01
5132  -3.01991426e-01  1.81329567e-01
5133  -3.02003344e-01  1.60826871e-01
5134  -3.02015262e-01  1.40324175e-01
5135  -3.02027180e-01  1.19821479e-01
5136  -3.02039098e-01  9.93187835e-02
5137  -3.02051016e-01  7.88160877e-02
5138  -3.02062934e-01  5.83133919e-02
5139  -3.02074852e-01  3.78106961e-02
5140  -3.02086770e-01  1.73080003e-02
5141  -3.02098688e-01  -3.19469542e-03
5142  -3.02110606e-01  -2.36973913e-02
5143  -3.02122524e-01  -4.42000871e-02
5144  -3.02134442e-01  -6.47027829e-02
5145  -3.02146360e-01  -8.52054786e-02
5146  -3.02158278e-01  -1.05708175e-01
5147  -3.02170196e-01  -1.26210870e-01
5148  1.90100103e-01  1.92654487e-01
5149  1.90086414e-01  1.72201829e-01
5150  1.90072725e-01  1.51749171e-01
5151  1.90059036e-01  1.31296512e-01
5152  1.90045347e-01  1.10843854e-01
5153  1.90031657e-01  9.03911957e-02
5154  1.90017968e-01  6.99385377e-02
5155  1.90004279e-01  4.94858794e-02
5156  1.89990590e-01  2.90332211e-02
5157  1.89976901e-01  8.58056288e-03
5158  1.89963212e-01  -1.18720954e-02
5159  1.89949523e-01  -3.23247537e-02
5160  1.89935834e-01  -5.27774120e-02
5161  1.89922145e-01  -7.32300704e-02
5162  1.89908455e-01  -9.36827287e-02
5163  1.89894766e-01  -1.14135387e-01
5164  1.89881077e-01  -1.34588045e-01
5165  1.89867388e-01  -1.55040703e-01
7399  -1.26878840e+00  2.28395224e-03
7400  -1.26666581e+00  2.61657101e-03
7401  -1.24742383e+00  5.38730211e-03
7402  -1.22814317e+00  7.91497430e-03
7403  -1.20883450e+00  1.01641320e-02
7404  -1.18949364e+00  1.22210549e-02
7405  -1.17011038e+00  1.39140357e-02
7406  -1.15070528e+00  1.53542305e-02
7407  -1.13126184e+00  1.64185996e-02
7408  -1.11180525e+00  1.71117972e-02
7409  -1.09232441e+00  1.74598673e-02
7410  -1.06504204e+00  2.93188206e-02
7411  -1.04509850e+00  2.87593365e-02
7412  -1.02521437e+00  2.78413657e-02
7413  -1.00531263e+00  2.66263629e-02
7414  -9.85444989e-01  2.49730672e-02
7415  -9.65653146e-01  2.30347913e-02
7416  -9.45869547e-01  2.07753784e-02
7417  -9.26147088e-01  1.81687086e-02
7418  -9.06486996e-01  1.52917007e-02
7419  -8.86849002e-01  1.21205064e-02
7420  -8.67273228e-01  8.62482253e-03
7421  -8.47801548e-01  4.86737436e-03
7422  -8.28390285e-01  9.17002679e-04
7423  -8.09010612e-01  -3.25636055e-03
7424  -7.89704967e-01  -7.65481407e-03
7425  -7.70493945e-01  -1.22051789e-02
7426  -7.51299484e-01  -1.68535574e-02
7427  -7.32113529e-01  -2.16902737e-02
7428  -7.13018979e-01  -2.66949102e-02
7429  -6.94002000e-01  -3.17574398e-02
7430  -6.75005827e-01  -3.68598233e-02
7431  -6.56010145e-01  -4.20166021e-02
7432  -6.37045722e-01  -4.72433916e-02
7433  -6.18115387e-01  -5.24871052e-02
7434  -5.99202749e-01  -5.77359091e-02
7435  -5.80289246e-01  -6.29733174e-02
7436  -5.61382851e-01  -6.82134082e-02
7437  -5.42489795e-01  -7.34233929e-02
7438  -5.23625335e-01  -7.85799963e-02
7439  -5.04736033e-01  -8.36166346e-02
7440  -4.85806050e-01  -8.86011804e-02
7441  -4.66866825e-01  -9.35241914e-02
7442  -4.47953501e-01  -9.83619544e-02
7443  -4.29009871e-01  -1.03032760e-01
7444  -4.10010754e-01  -1.07612415e-01
7445  -3.91016058e-01  -1.12093829e-01
7446  -3.71986691e-01  -1.16414198e-01
7447  -3.52932280e-01  -1.20637376e-01
7448  -3.21832205e-01  -1.03541017e-01
7449  -2.95177137e-01  -1.08907408e-01
7450  -2.83886777e-01  -1.11001355e-01
7451  -2.64769597e-01  -1.14444057e-01
7452  -2.45615708e-01  -1.17729481e-01
7453  -2.26493697e-01  -1.20830172e-01
7454  -2.07378924e-01  -1.23705906e-01
7455  -1.88201667e-01  -1.26371219e-01
7456  -1.68960338e-01  -1.28853479e-01
7457  -1.49816344e-01  -1.31143608e-01
7458  -1.30604682e-01  -1.33132355e-01
7459  -1.11225904e-01  -1.34991030e-01
7460  -9.19368607e-02  -1.36682738e-01
7461  -7.26866472e-02  -1.38122502e-01
7462  -5.34113003e-02  -1.39348759e-01
7463  -3.41305422e-02  -1.40337737e-01
7464  -1.47983873e-02  -1.41106172e-01
7465  4.54268411e-03  -1.41677216e-01
7466  2.38130140e-02  -1.42026055e-01
7467  4.30437470e-02  -1.42104046e-01
7468  6.23008636e-02  -1.41921571e-01
7469  8.15942128e-02  -1.41494416e-01
7470  1.00853061e-01  -1.40845886e-01
7471  1.20066711e-01  -1.39927468e-01
7472  1.39273773e-01  -1.38754060e-01
7473  1.58434615e-01  -1.37319700e-01
7474  1.96864647e-01  -1.33738443e-01
7475  1.96665597e-01  -1.33622577e-01
7476  2.20818370e-01  -1.54119032e-01
7477  2.39939004e-01  -1.51533272e-01
7478  2.59041707e-01  -1.48660849e-01
7479  2.78073632e-01  -1.45538699e-01
7480  2.97027774e-01  -1.42067400e-01
7481  3.15953561e-01  -1.38299218e-01
7482  3.34797833e-01  -1.34248698e-01
7483  3.53510342e-01  -1.29871234e-01
7484  3.72131462e-01  -1.25081006e-01
7485  3.90678324e-01  -1.19974162e-01
7486  4.09083027e-01  -1.14492652e-01
7487  4.27355340e-01  -1.08632267e-01
7488  4.51963067e-01  -1.12895441e-01
7489  4.70571970e-01  -1.05803140e-01
7490  4.88970915e-01  -9.82184437e-02
7491  5.07039460e-01  -8.99851144e-02
7492  5.24664161e-01  -8.09625581e-02
7493  5.41663814e-01  -7.09294930e-02
7494  5.57890368e-01  -5.97857568e-02
7495  5.73047652e-01  -4.73964917e-02
7496  5.86483058e-01  -3.36493659e-02
7497  5.96212785e-01  -1.77536742e-02
7498  5.99929934e-01  1.42273108e-04
7499  5.97388316e-01  1.73373957e-02
7500  5.89439010e-01  3.31528141e-02
7501  5.77977156e-01  4.72607509e-02
7502  5.64498822e-01  5.99290205e-02
7503  5.49799158e-01  7.14846914e-02
7504  5.34407983e-01  8.23103840e-02
7505  5.18588426e-01  9.25310707e-02
7506  5.02295888e-01  1.02001864e-01
7507  4.85651765e-01  1.10928234e-01
7508  4.68718341e-01  1.19368480e-01
7509  4.51620181e-01  1.27457419e-01
7510  4.26325065e-01  1.25282209e-01
7511  4.08164989e-01  1.32638760e-01
7512  3.89817551e-01  1.39655856e-01
7513  3.71329608e-01  1.46331623e-01
7514  3.52720641e-01  1.52672564e-01
7515  3.33998153e-01  1.58670106e-01
7516  3.15120263e-01  1.64342027e-01
7517  2.96180924e-01  1.69781351e-01
7518  2.77149291e-01  1.74858609e-01
7519  2.58062116e-01  1.79683992e-01
7520  2.38847092e-01  1.84132361e-01
7521  2.19568851e-01  1.88416981e-01
7522  1.97829108e-01  1.92858639e-01
7523  1.97067626e-01  1.69527294e-01
7524  1.55520623e-01  1.77072698e-01
7525  1.36548680e-01  1.80130697e-01
7526  1.17501092e-01  1.82983358e-01
7527  9.84323382e-02  1.85562607e-01
7528  7.93254296e-02  1.87912586e-01
7529  6.02070801e-02  1.89997216e-01
7530  4.10379314e-02  1.91834985e-01
7531  2.19250661e-02  1.93427524e-01
7532  2.74537380e-03  1.94697569e-01
7533  -1.64892331e-02  1.95772300e-01
7534  -3.56756241e-02  1.96559365e-01
7535  -5.49478404e-02  1.97090544e-01
7536  -7.41670149e-02  1.97410455e-01
7537  -9.33344589e-02  1.97415218e-01
7538  -1.12591754e-01  1.97156780e-01
7539  -1.31892432e-01  1.96671434e-01
7540  -1.51097733e-01  1.95971904e-01
7541  -1.70332520e-01  1.94957877e-01
7542  -1.89711345e-01  1.93759390e-01
7543  -2.09069966e-01  1.92397715e-01
7544  -2.28277965e-01  1.90861688e-01
7545  -2.47527124e-01  1.89023390e-01
7546  -2.66920112e-01  1.87050347e-01
7547  -2.86157593e-01  1.84947384e-01
7548  -2.95006930e-01  1.83902343e-01
7549  -3.27722239e-01  2.03064796e-01
7550  -3.54812385e-01  1.99225630e-01
7551  -3.74604551e-01  1.96239908e-01
7552  -3.94394386e-01  1.93157456e-01
7553  -4.14153594e-01  1.89928014e-01
7554  -4.33917867e-01  1.86583073e-01
7555  -4.53677377e-01  1.83144594e-01
7556  -4.73437892e-01  1.79617936e-01
7557  -4.93168801e-01  1.76041276e-01
7558  -5.12847568e-01  1.72337115e-01
7559  -5.32512086e-01  1.68512457e-01
7560  -5.52195916e-01  1.64567729e-01
7561  -5.71879768e-01  1.60601378e-01
7562  -5.91536224e-01  1.56534440e-01
7563  -6.11214794e-01  1.52424993e-01
7564  -6.30836316e-01  1.48294999e-01
7565  -6.50448599e-01  1.44003358e-01
7566  -6.70095669e-01  1.39732081e-01
7567  -6.89685400e-01  1.35381930e-01
7568  -7.09323595e-01  1.30953736e-01
7569  -7.28966168e-01  1.26589904e-01
7570  -7.48524794e-01  1.22153772e-01
7571  -7.68111254e-01  1.17615028e-01
7572  -7.87745881e-01  1.13096499e-01
7573  -8.07329847e-01  1.08597090e-01
7574  -8.26886786e-01  1.04003918e-01
7575  -8.46441719e-01  9.94060360e-02
7576  -8.65992386e-01  9.47068338e-02
7577  -8.85588795e-01  9.00387559e-02
7578  -9.05141724e-01  8.53700876e-02
7579  -9.24655538e-01  8.06494615e-02
7580  -9.44155705e-01  7.58577889e-02
7581  -9.63687043e-01  7.10056927e-02
7582  -9.83256746e-01  6.61795252e-02
7583  -1.00278338e+00  6.13875848e-02
7584  -1.02228233e+00  5.65149966e-02
7585  -1.04182320e+00  5.16370060e-02
7586  -1.06135861e+00  4.67760955e-02
7587  -1.09113329e+00  5.17793939e-02
7588  -1.11046965e+00  4.69052790e-02
7589  -1.12979962e+00  4.19789199e-02
7590  -1.14912940e+00  3.70645761e-02
7591  -1.16843012e+00  3.20766516e-02
7592  -1.18772116e+00  2.70184549e-02
7593  -1.20701602e+00  2.19497343e-02
7594  -1.22628966e+00  1.68684768e-02
7595  -1.24550739e+00  1.16437962e-02
7596  -1.26375805e+00  6.63738694e-03
7597  -2.94996510e-01  2.01828203e-01
7598  -2.95008428e-01  1.81325508e-01
7599  -2.95020346e-01  1.60822812e-01
7600  -2.95032264e-01  1.40320116e-01
7601  -2.95044182e-01  1.19817420e-01
7602  -2.95056100e-01  9.93147244e-02
7603  -2.95068018e-01  7.88120286e-02
7604  -2.95079936e-01  5.83093328e-02
7605  -2.95091854e-01  3.78066370e-02
7606  -2.95103772e-01  1.73039412e-02
7607  -2.95115690e-01  -3.19875456e-03
7608  -2.95127608e-01  -2.37014504e-02
7609  -2.95139526e-01  -4.42041462e-02
7610  -2.95151444e-01  -6.47068420e-02
7611  -2.95163362e-01  -8.52095377e-02
7612  -2.95175280e-01  -1.05712234e-01
7613  -2.95187198e-01  -1.26214929e-01
7614  1.97083102e-01  1.92649813e-01
7615  1.97069413e-01  1.72197155e-01
7616  1.97055724e-01  1.51744497e-01
7617  1.97042035e-01  1.31291838e-01
7618  1.97028346e-01  1.10839180e-01
7619  1.97014656e-01  9.03865218e-02
7620  1.97000967e-01  6.99338640e-02
7621  1.96987278e-01  4.94812057e-02
7622  1.96973589e-01  2.90285474e-02
7623  1.96959900e-01  8.57588915e-03
7624  1.96946211e-01  -1.18767691e-02
7625  1.96932522e-01  -3.23294274e-02
7626  1.96918833e-01  -5.27820857e-02
7627  1.96905144e-01  -7.32347443e-02
7628  1.96891454e-01  -9.36874026e-02
7629  1.96877765e-01  -1.14140061e-01
7630  1.96864076e-01  -1.34592719e-01
7631  1.96850387e-01  -1.55045377e-01
9865  -1.26063260e+00  5.98863276e-03
9866  -1.26702223e+00  4.98692418e-03
9867  -1.24775045e+00  7.76194594e-03
9868  -1.22843763e+00  1.02938187e-02
9869  -1.20909992e+00  1.25463912e-02
9870  -1.18972468e+00  1.46068941e-02
9871  -1.17030337e+00  1.63032537e-02
9872  -1.15085951e+00  1.77462636e-02
9873  -1.13137003e+00  1.88131569e-02
9874  -1.11186935e+00  1.95079401e-02
9875  -1.09233661e+00  1.98568362e-02
9876  -1.06499920e+00  3.17154377e-02
9877  -1.04500959e+00  3.11546871e-02
9878  -1.02508608e+00  3.02349303e-02
9879  -1.00514019e+00  2.90171526e-02
9880  -9.85228750e-01  2.73602936e-02
9881  -9.65400345e-01  2.54184231e-02
9882  -9.45576498e-01  2.31543973e-02
9883  -9.25816493e-01  2.05428013e-02
9884  -9.06122397e-01  1.76608096e-02
9885  -8.86447238e-01  1.44835964e-02
9886  -8.66835424e-01  1.09815019e-02
9887  -8.47335442e-01  7.21861963e-03
9888  -8.27898966e-01  3.26310884e-03
9889  -8.08492051e-01  -9.16124727e-04
9890  -7.89162477e-01  -5.32000936e-03
9891  -7.69935619e-01  -9.87411030e-03
9892  -7.50724423e-01  -1.45265604e-02
9893  -7.31516682e-01  -1.93687695e-02
9894  -7.12406791e-01  -2.43774040e-02
9895  -6.93382784e-01  -2.94418014e-02
9896  -6.74380936e-01  -3.45457101e-02
9897  -6.55377704e-01  -3.97045409e-02
9898  -6.36407337e-01  -4.49329645e-02
9899  -6.17474945e-01  -5.01772475e-02
9900  -5.98562400e-01  -5.54260255e-02
9901  -5.79649293e-01  -6.06633240e-02
9902  -5.60744135e-01  -6.59030726e-02
9903  -5.41855174e-01  -7.11119289e-02
9904  -5.23000537e-01  -7.62658580e-02
9905  -5.04122069e-01  -8.12995983e-02
9906  -4.85199354e-01  -8.62822303e-02
9907  -4.66268320e-01  -9.12031140e-02
9908  -4.47369586e-01  -9.60371636e-02
9909  -4.28442099e-01  -1.00703974e-01
9910  -4.09454702e-01  -1.05280803e-01
9911  -3.90475496e-01  -1.09758577e-01
9912  -3.71461998e-01  -1.14075329e-01
9913  -3.52423024e-01  -1.18295098e-01
9914  -3.21343592e-01  -1.01194346e-01
9915  -2.93727882e-01  -1.06749454e-01
9916  -2.83450635e-01  -1.08644368e-01
9917  -2.64354560e-01  -1.12083262e-01
9918  -2.45221271e-01  -1.15365157e-01
9919  -2.26123567e-01  -1.18461921e-01
9920  -2.07035620e-01  -1.21333618e-01
9921  -1.87883322e-01  -1.23995452e-01
9922  -1.68664681e-01  -1.26474783e-01
9923  -1.49550563e-01  -1.28761389e-01
9924  -1.30366790e-01  -1.30747189e-01
9925  -1.11006798e-01  -1.32604065e-01
9926  -9.17427756e-02  -1.34293609e-01
9927  -7.25211597e-02  -1.35731222e-01
9928  -5.32738137e-02  -1.36955705e-01
9929  -3.40215299e-02  -1.37943217e-01
9930  -1.47154137e-02  -1.38710609e-01
9931  4.59971873e-03  -1.39280895e-01
9932  2.38395510e-02  -1.39629202e-01
9933  4.30372626e-02  -1.39707054e-01
9934  6.22629939e-02  -1.39524870e-01
9935  8.15273357e-02  -1.39098350e-01
9936  1.00755486e-01  -1.38450873e-01
9937  1.19936405e-01  -1.37534012e-01
9938  1.39111206e-01  -1.36362579e-01
9939  1.58238134e-01  -1.34930766e-01
9940  1.98314353e-01  -1.31190064e-01
9941  1.96400323e-01  -1.31240301e-01
9942  2.20516209e-01  -1.51741153e-01
9943  2.39600177e-01  -1.49160340e-01
9944  2.58669452e-01  -1.46292931e-01
9945  2.77663684e-01  -1.43177015e-01
9946  2.96577839e-01  -1.39713006e-01
9947  3.15467643e-01  -1.35951988e-01
9948  3.34272920e-01  -1.31909879e-01
9949  3.52938726e-01  -1.27543389e-01
9950  3.71514693e-01  -1.22764715e-01
9951  3.90018005e-01  -1.17669908e-01
9952  4.08374855e-01  -1.12202651e-01
9953  4.26597713e-01  -1.06358150e-01
9954  4.51144600e-01  -1.10642505e-01
9955  4.69688275e-01  -1.03574981e-01
9956  4.88016975e-01  -9.60194421e-02
9957  5.05996014e-01  -8.78271456e-02
9958  5.23508253e-01  -7.88626809e-02
9959  5.40375301e-01  -6.89082700e-02
9960  5.56451905e-01  -5.78683544e-02
9961  5.71428309e-01  -4.56291955e-02
9962  5.84589420e-01  -3.21797582e-02
9963  5.93984901e-01  -1.68692870e-02
9964  5.97494901e-01  2.13409662e-04
9965  5.95103445e-01  1.66128440e-02
9966  5.87424435e-01  3.18539312e-02
9967  5.76221141e-01  4.56291806e-02
9968  5.62935341e-01  5.81121173e-02
9969  5.48368255e-01  6.95616408e-02
9970  5.33067802e-01  8.03230433e-02
9971  5.17335362e-01  9.04876817e-02
9972  5.01126915e-01  9.99092315e-02
9973  4.84550529e-01  1.08799176e-01
9974  4.67671113e-01  1.17212344e-01
9975  4.50630271e-01  1.25274373e-01
9976  4.25397714e-01  1.23071863e-01
9977  4.07286799e-01  1.30408426e-01
9978  3.88982336e-01  1.37409074e-01
9979  3.70535973e-01  1.44069820e-01
9980  3.51968425e-01  1.50396651e-01
9981  3.33287613e-01  1.56380839e-01
9982  3.14444558e-01  1.62042238e-01
9983  2.95541135e-01  1.67471312e-01
9984  2.76546604e-01  1.72538614e-01
9985  2.57498019e-01  1.77354313e-01
9986  2.38316739e-01  1.81794769e-01
9987  2.19068911e-01  1.86072696e-01
9988  1.97364165e-01  1.90507164e-01
9989  1.98513816e-01  1.66822874e-01
9990  1.55119785e-01  1.74709451e-01
9991  1.36180422e-01  1.77762154e-01
9992  1.17162929e-01  1.80610332e-01
9993  9.81253797e-02  1.83185343e-01
9994  7.90492157e-02  1.85531553e-01
9995  5.99627752e-02  1.87612698e-01
9996  4.08240689e-02  1.89447544e-01
9997  2.17463380e-02  1.91037196e-01
9998  2.59929968e-03  1.92305024e-01
9999  -1.66051990e-02  1.93378107e-01
10000  -3.57578006e-02  1.94163774e-01
10001  -5.50007813e-02  1.94694129e-01
10002  -7.41872394e-02  1.95013541e-01
10003  -9.33187140e-02  1.95018270e-01
10004  -1.12545561e-01  1.94760225e-01
10005  -1.31818639e-01  1.94275570e-01
10006  -1.50991023e-01  1.93577280e-01
10007  -1.70195502e-01  1.92564796e-01
10008  -1.89553267e-01  1.91367608e-01
10009  -2.08890283e-01  1.90007459e-01
10010  -2.28068500e-01  1.88473858e-01
10011  -2.47291930e-01  1.86637957e-01
10012  -2.66668519e-01  1.84666588e-01
10013  -2.85881243e-01  1.82566367e-01
10014  -2.93560227e-01  1.81669664e-01
10015  -3.27398465e-01  2.00689763e-01
10016  -3.54465447e-01  1.96853870e-01
10017  -3.74241324e-01  1.93870589e-01
10018  -3.94016611e-01  1.90790412e-01
10019  -4.13760287e-01  1.87563502e-01
10020  -4.33512405e-01  1.84220614e-01
10021  -4.53261338e-01  1.80783976e-01
10022  -4.73013549e-01  1.77258796e-01
10023  -4.92733322e-01  1.73684166e-01
10024  -5.12397051e-01  1.69982833e-01
10025  -5.32047771e-01  1.66160857e-01
10026  -5.51723672e-01  1.62217709e-01
10027  -5.71400195e-01  1.58252843e-01
10028  -5.91048403e-01  1.54187604e-01
10029  -6.10722935e-01  1.50078999e-01
10030  -6.30333258e-01  1.45951382e-01
10031  -6.49937799e-01  1.41661416e-01
10032  -6.69581246e-01  1.37390932e-01
10033  -6.89161958e-01  1.33042781e-01
10034  -7.08800040e-01  1.28614612e-01
10035  -7.28441141e-01  1.24251111e-01
10036  -7.47989136e-01  1.19817390e-01
10037  -7.67571913e-01  1.15279494e-01
10038  -7.87208729e-01  1.10760460e-01
10039  -8.06787457e-01  1.06262262e-01
10040  -8.26338442e-01  1.01670481e-01
10041  -8.45887305e-01  9.70740340e-02
10042  -8.65434569e-01  9.23756431e-02
10043  -8.85032727e-01  8.77071476e-02
10044  -9.04581577e-01  8.30394560e-02
10045  -9.24087741e-01  7.83206817e-02
10046  -9.43580757e-01  7.35307643e-02
10047  -9.63111118e-01  6.86789096e-02
10048  -9.82684132e-01  6.38519251e-02
10049  -1.00220718e+00  5.90608704e-02
10050  -1.02170150e+00  5.41894332e-02
10051  -1.04124354e+00  4.93111525e-02
10052  -1.06077880e+00  4.44502766e-02
10053  -1.09054993e+00  4.94544627e-02
10054  -1.10988072e+00  4.45817527e-02
10055  -1.12920833e+00  3.96559945e-02
10056  -1.14853421e+00  3.47426460e-02
10057  -1.16782626e+00  2.97569603e-02
10058  -1.18711268e+00  2.46999743e-02
10059  -1.20640598e+00  1.96316628e-02
10060  -1.22566971e+00  1.45530371e-02
10061  -1.24486936e+00  9.33326878e-03
10062  -1.26263986e+00  4.51718816e-03
10063  -2.93548510e-01  2.01827361e-01
10064  -2.93560428e-01  1.81324666e-01
10065  -2.93572346e-01  1.60821970e-01
10066  -2.93584264e-01  1.40319274e-01
10067  -2.93596182e-01  1.19816578e-01
10068  -2.93608100e-01  9.93138827e-02
10069  -2.93620018e-01  7.88111869e-02
10070  -2.93631936e-01  5.83084911e-02
10071  -2.93643854e-01  3.78057953e-02
10072  -2.93655772e-01  1.73030995e-02
10073  -2.93667690e-01  -3.19959627e-03
10074  -2.93679608e-01  -2.37022921e-02
10075  -2.93691526e-01  -4.42049879e-02
10076  -2.93703444e-01  -6.47076837e-02
10077  -2.93715362e-01  -8.52103794e-02
10078  -2.93727280e-01  -1.05713076e-01
10079  -2.93739198e-01  -1.26215771e-01
10080  1.98531101e-01  1.92648844e-01
10081  1.98517412e-01  1.72196186e-01
10082  1.98503723e-01  1.51743528e-01
10083  1.98490034e-01  1.31290869e-01
10084  1.98476345e-01  1.10838211e-01
10085  1.98462655e-01  9.03855526e-02
10086  1.98448966e-01  6.99328948e-02
10087  1.98435277e-01  4.94802365e-02
10088  1.98421588e-01  2.90275782e-02
10089  1.98407899e-01  8.57492000e-03
10090  1.98394210e-01  -1.18777383e-02
10091  1.98380521e-01  -3.23303966e-02
10092  1.98366832e-01  -5.27830549e-02
10093  1.98353143e-01  -7.32357135e-02
10094  1.98339453e-01  -9.36883718e-02
10095  1.98325764e-01  -1.14141030e-01
10096  1.98312075e-01  -1.34593688e-01
10097  1.98298386e-01  -1.55046346e-01
