1  -1.77550000e+00  -1.10680290e-02
2  -1.74916878e+00  -5.77829047e-03
3  -1.72276140e+00  -8.82979172e-04
4  -1.69627079e+00  3.53820841e-03
5  -1.66969930e+00  7.44560656e-03
6  -1.64308549e+00  1.10513896e-02
7  -1.61637660e+00  1.38636931e-02
8  -1.58961423e+00  1.61116471e-02
9  -1.56279777e+00  1.75748537e-02
10  -1.53595489e+00  1.84336854e-02
11  -1.50910000e+00  1.86089495e-02
12  -1.47012312e+00  1.76376699e-02
13  -1.44242473e+00  1.62792949e-02
14  -1.41477228e+00  1.41587421e-02
15  -1.38715053e+00  1.16641762e-02
16  -1.35962555e+00  8.27889912e-03
17  -1.33214098e+00  4.56472224e-03
18  -1.30477070e+00  9.67742410e-05
19  -1.27748075e+00  -4.84659806e-03
20  -1.25028783e+00  -1.02948675e-02
21  -1.22320827e+00  -1.62806570e-02
22  -1.19622171e+00  -2.26756644e-02
23  -1.16932419e+00  -2.94349780e-02
24  -1.14255421e+00  -3.66847897e-02
25  -1.11584425e+00  -4.41529163e-02
26  -1.08927347e+00  -5.21014170e-02
27  -1.06276411e+00  -6.02526743e-02
28  -1.03631968e+00  -6.86111440e-02
29  -1.00995349e+00  -7.72145312e-02
30  -9.83627360e-01  -8.59398718e-02
31  -9.57361961e-01  -9.48460537e-02
32  -9.31137986e-01  -1.03873518e-01
33  -9.04949516e-01  -1.13003672e-01
34  -8.78788676e-01  -1.22212747e-01
35  -8.52648127e-01  -1.31479253e-01
36  -8.26520784e-01  -1.40782923e-01
37  -8.00401412e-01  -1.50108964e-01
38  -7.74240220e-01  -1.59317040e-01
39  -7.48070557e-01  -1.68501005e-01
40  -7.21883248e-01  -1.77634409e-01
41  -6.95660123e-01  -1.86664586e-01
42  -6.69405691e-01  -1.95603300e-01
43  -6.43099698e-01  -2.04388249e-01
44  -6.16739452e-01  -2.13009814e-01
45  -5.90331463e-01  -2.21484175e-01
46  -5.63882850e-01  -2.29830635e-01
47  -5.37384775e-01  -2.38017954e-01
48  -5.10803789e-01  -2.45932999e-01
49  -4.84187467e-01  -2.53728251e-01
50  -4.57487976e-01  -2.61229966e-01
51  -4.30694686e-01  -2.68393432e-01
52  -4.03858233e-01  -2.75393455e-01
53  -3.76935630e-01  -2.82050662e-01
54  -3.38700000e-01  -2.91058672e-01
55  -3.10925156e-01  -2.97245538e-01
56  -2.83069924e-01  -3.03063706e-01
57  -2.55102803e-01  -3.08319213e-01
58  -2.27085564e-01  -3.13298115e-01
59  -1.99009864e-01  -3.17931504e-01
60  -1.70869599e-01  -3.22160379e-01
61  -1.42663661e-01  -3.25929320e-01
62  -1.14410007e-01  -3.29318400e-01
63  -8.61070961e-02  -3.32257355e-01
64  -5.77595050e-02  -3.34733235e-01
65  -2.93762187e-02  -3.36772812e-01
66  -9.58037454e-04  -3.38251226e-01
67  2.74838100e-02  -3.39131436e-01
68  5.59366139e-02  -3.39514570e-01
69  8.43917444e-02  -3.39408751e-01
70  1.12839556e-01  -3.38768991e-01
71  1.41267640e-01  -3.37504058e-01
72  1.69664275e-01  -3.35657066e-01
73  1.98006975e-01  -3.33121392e-01
74  2.26300000e-01  -3.30082560e-01
75  2.57288743e-01  -3.26041677e-01
76  2.84340762e-01  -3.21827620e-01
77  3.11304322e-01  -3.17077242e-01
78  3.38169077e-01  -3.11798886e-01
79  3.64920528e-01  -3.05970750e-01
80  3.91549445e-01  -2.99607326e-01
81  4.18031810e-01  -2.92655866e-01
82  4.44379395e-01  -2.85211509e-01
83  4.70534502e-01  -2.77115409e-01
84  4.96509784e-01  -2.68462327e-01
85  5.22252033e-01  -2.59136864e-01
86  5.47771875e-01  -2.49221422e-01
87  5.73028321e-01  -2.38651183e-01
88  5.98030250e-01  -2.27494367e-01
89  6.26600000e-01  -2.13858863e-01
90  6.51681017e-01  -2.00668132e-01
91  6.76370721e-01  -1.86765900e-01
92  7.00465387e-01  -1.71851993e-01
93  7.23828256e-01  -1.55818329e-01
94  7.46324338e-01  -1.38591984e-01
95  7.67689965e-01  -1.19981682e-01
96  7.87587507e-01  -9.98190490e-02
97  8.05761289e-01  -7.80912921e-02
98  8.21063867e-01  -5.42833801e-02
99  8.31546112e-01  -2.80163144e-02
100  8.35500000e-01  0.00000000e+00
101  8.31549667e-01  2.65848433e-02
102  8.19549411e-01  5.05911683e-02
103  8.03007390e-01  7.18265797e-02
104  7.84197345e-01  9.10990267e-02
105  7.63838224e-01  1.08725978e-01
106  7.42485571e-01  1.25143908e-01
107  7.20411095e-01  1.40578930e-01
108  6.97635468e-01  1.54959174e-01
109  6.74333885e-01  1.68472031e-01
110  6.50639465e-01  1.81285349e-01
111  6.26600000e-01  1.93439562e-01
112  5.97851528e-01  2.06773026e-01
113  5.72678524e-01  2.17682286e-01
114  5.47253072e-01  2.27993920e-01
115  5.21644520e-01  2.37842173e-01
116  4.95844996e-01  2.47178738e-01
117  4.69833437e-01  2.55906064e-01
118  4.43696594e-01  2.64253247e-01
119  4.17409120e-01  2.72112204e-01
120  3.90974094e-01  2.79459083e-01
121  3.64405248e-01  2.86305373e-01
122  3.37722291e-01  2.92692377e-01
123  3.10960013e-01  2.98740365e-01
124  2.84117545e-01  3.04419055e-01
125  2.57179096e-01  3.09621107e-01
126  2.26300000e-01  3.14949230e-01
127  1.99629739e-01  3.19138392e-01
128  1.72886099e-01  3.22836468e-01
129  1.46098443e-01  3.26200339e-01
130  1.19264930e-01  3.29168637e-01
131  9.23903700e-02  3.31736149e-01
132  6.54807505e-02  3.33911552e-01
133  3.85408723e-02  3.35682843e-01
134  1.15749122e-02  3.36996998e-01
135  -1.54065218e-02  3.37916282e-01
136  -4.23980628e-02  3.38464322e-01
137  -6.93952008e-02  3.38648590e-01
138  -9.63920886e-02  3.38391326e-01
139  -1.23378439e-01  3.37626259e-01
140  -1.50356262e-01  3.36589337e-01
141  -1.77325145e-01  3.35338953e-01
142  -2.04271170e-01  3.33662672e-01
143  -2.31197863e-01  3.31704860e-01
144  -2.58107361e-01  3.29524606e-01
145  -2.84999271e-01  3.27132833e-01
146  -3.11859063e-01  3.24403419e-01
147  -3.38700000e-01  3.21496878e-01
148  -3.77040994e-01  3.17036380e-01
149  -4.04103442e-01  3.13635316e-01
150  -4.31131756e-01  3.09968787e-01
151  -4.58145226e-01  3.06194430e-01
152  -4.85131898e-01  3.02234776e-01
153  -5.12095565e-01  2.98119891e-01
154  -5.39043619e-01  2.93903709e-01
155  -5.65954395e-01  2.89456533e-01
156  -5.92845922e-01  2.84893982e-01
157  -6.19722520e-01  2.80244014e-01
158  -6.46570606e-01  2.75432176e-01
159  -6.73398719e-01  2.70510638e-01
160  -7.00213585e-01  2.65516997e-01
161  -7.27017795e-01  2.60466555e-01
162  -7.53780419e-01  2.55200673e-01
163  -7.80526808e-01  2.49852488e-01
164  -8.07256405e-01  2.44421495e-01
165  -8.33952663e-01  2.38828338e-01
166  -8.60639392e-01  2.33189877e-01
167  -8.87314520e-01  2.27496890e-01
168  -9.13976658e-01  2.21743310e-01
169  -9.40622815e-01  2.15916132e-01
170  -9.67250562e-01  2.10005483e-01
171  -9.93868032e-01  2.04048673e-01
172  -1.02047665e+00  1.98052448e-01
173  -1.04707470e+00  1.92009490e-01
174  -1.07366209e+00  1.85919807e-01
175  -1.10024114e+00  1.79793793e-01
176  -1.12680911e+00  1.73619998e-01
177  -1.15336744e+00  1.67404799e-01
178  -1.17991694e+00  1.61152016e-01
179  -1.20645345e+00  1.54844285e-01
180  -1.23298332e+00  1.48508688e-01
181  -1.25950168e+00  1.42125104e-01
182  -1.28601030e+00  1.35701217e-01
183  -1.31251654e+00  1.29267480e-01
184  -1.33900696e+00  1.22769085e-01
185  -1.36548541e+00  1.16221906e-01
186  -1.39196842e+00  1.09693226e-01
187  -1.41844994e+00  1.03158488e-01
188  -1.44492435e+00  9.65950110e-02
189  -1.47138858e+00  8.99906386e-02
190  -1.50910000e+00  8.05422413e-02
191  -1.53581234e+00  7.38728576e-02
192  -1.56252622e+00  6.72096443e-02
193  -1.58920304e+00  6.03999822e-02
194  -1.61590331e+00  5.36824667e-02
195  -1.64257319e+00  4.68456168e-02
196  -1.66922262e+00  3.99291154e-02
197  -1.69586443e+00  3.29833612e-02
198  -1.72245700e+00  2.58516835e-02
199  -1.74898286e+00  1.84755481e-02
200  -3.11816613e-01  2.96146648e-01
201  -3.11774162e-01  2.67889877e-01
202  -3.11731712e-01  2.39633106e-01
203  -3.11689262e-01  2.11376336e-01
204  -3.11646811e-01  1.83119565e-01
205  -3.11604361e-01  1.54862794e-01
206  -3.11561911e-01  1.26606023e-01
207  -3.11519460e-01  9.83492526e-02
208  -3.11477010e-01  7.00924818e-02
209  -3.11434560e-01  4.18357110e-02
210  -3.11392110e-01  1.35789403e-02
211  -3.11349659e-01  -1.46778305e-02
212  -3.11307209e-01  -4.29346013e-02
213  -3.11264759e-01  -7.11913721e-02
214  -3.11222308e-01  -9.94481428e-02
215  -3.11179858e-01  -1.27704914e-01
216  -3.11137408e-01  -1.55961684e-01
217  -3.11094958e-01  -1.84218455e-01
218  -3.11052507e-01  -2.12475226e-01
219  -3.11010057e-01  -2.40731997e-01
220  -3.10967607e-01  -2.68988767e-01
221  1.99559184e-01  2.90779271e-01
222  1.99488629e-01  2.62420150e-01
223  1.99418074e-01  2.34061029e-01
224  1.99347519e-01  2.05701908e-01
225  1.99276964e-01  1.77342786e-01
226  1.99206410e-01  1.48983665e-01
227  1.99135855e-01  1.20624544e-01
228  1.99065300e-01  9.22654233e-02
229  1.98994745e-01  6.39063023e-02
230  1.98924190e-01  3.55471812e-02
231  1.98853635e-01  7.18806015e-03
232  1.98783080e-01  -2.11710609e-02
233  1.98712525e-01  -4.95301820e-02
234  1.98641970e-01  -7.78893030e-02
235  1.98571415e-01  -1.06248424e-01
236  1.98500860e-01  -1.34607545e-01
237  1.98430305e-01  -1.62966666e-01
238  1.98359750e-01  -1.91325787e-01
239  1.98289195e-01  -2.19684908e-01
240  1.98218640e-01  -2.48044029e-01
241  1.98148085e-01  -2.76403150e-01
242  1.98077530e-01  -3.04762271e-01
2485  -1.77412190e+00  -1.02811894e-02
2486  -1.74926359e+00  -5.28736165e-03
2487  -1.72284813e+00  -3.90558039e-04
2488  -1.69634832e+00  4.03216087e-03
2489  -1.66976924e+00  7.94069111e-03
2490  -1.64314524e+00  1.15478067e-02
2491  -1.61642371e+00  1.43614691e-02
2492  -1.58964878e+00  1.66104520e-02
2493  -1.56281939e+00  1.80743862e-02
2494  -1.53596452e+00  1.89335927e-02
2495  -1.50909540e+00  1.91089284e-02
2496  -1.47010465e+00  1.81373285e-02
2497  -1.44239337e+00  1.67783102e-02
2498  -1.41473068e+00  1.46570083e-02
2499  -1.38709752e+00  1.21613581e-02
2500  -1.35956155e+00  8.77478641e-03
2501  -1.33206722e+00  5.05925119e-03
2502  -1.30468586e+00  5.89523713e-04
2503  -1.27738707e+00  -4.35545192e-03
2504  -1.25018475e+00  -9.80560765e-03
2505  -1.22309666e+00  -1.57932725e-02
2506  -1.19610313e+00  -2.21899289e-02
2507  -1.16919790e+00  -2.89511890e-02
2508  -1.14242154e+00  -3.62027123e-02
2509  -1.11570528e+00  -4.36726179e-02
2510  -1.08912834e+00  -5.16229420e-02
2511  -1.06261529e+00  -5.97753360e-02
2512  -1.03616678e+00  -6.81350956e-02
2513  -1.00979729e+00  -7.67395569e-02
2514  -9.83468427e-01  -8.54658040e-02
2515  -9.57200305e-01  -9.43729076e-02
2516  -9.30974311e-01  -1.03401066e-01
2517  -9.04784205e-01  -1.12531791e-01
2518  -8.78622136e-01  -1.21741298e-01
2519  -8.52480734e-01  -1.31008106e-01
2520  -8.26352854e-01  -1.40311967e-01
2521  -8.00234344e-01  -1.49637702e-01
2522  -7.74074433e-01  -1.58845326e-01
2523  -7.47905443e-01  -1.68029055e-01
2524  -7.21719520e-01  -1.77161976e-01
2525  -6.95498150e-01  -1.86191548e-01
2526  -6.69245927e-01  -1.95129512e-01
2527  -6.42942793e-01  -2.03913506e-01
2528  -6.16585347e-01  -2.12534155e-01
2529  -5.90179838e-01  -2.21007719e-01
2530  -5.63733812e-01  -2.29353364e-01
2531  -5.37239624e-01  -2.37539486e-01
2532  -5.10662175e-01  -2.45453473e-01
2533  -4.84049574e-01  -2.53247641e-01
2534  -4.57355778e-01  -2.60747759e-01
2535  -4.30567015e-01  -2.67910007e-01
2536  -4.03735121e-01  -2.74908848e-01
2537  -3.76818289e-01  -2.81564626e-01
2538  -3.38588314e-01  -2.90571305e-01
2539  -3.09425437e-01  -2.97057669e-01
2540  -2.82972633e-01  -3.02573263e-01
2541  -2.55012889e-01  -3.07827364e-01
2542  -2.27001113e-01  -3.12805299e-01
2543  -1.98932002e-01  -3.17437604e-01
2544  -1.70799333e-01  -3.21665341e-01
2545  -1.42600774e-01  -3.25433291e-01
2546  -1.14354410e-01  -3.28821501e-01
2547  -8.60595213e-02  -3.31759624e-01
2548  -5.77198332e-02  -3.34234811e-01
2549  -2.93453105e-02  -3.36273768e-01
2550  -9.37314765e-04  -3.37751656e-01
2551  2.74949097e-02  -3.38631559e-01
2552  5.59390504e-02  -3.39014576e-01
2553  8.43851936e-02  -3.38908794e-01
2554  1.12822821e-01  -3.38269271e-01
2555  1.41240299e-01  -3.37004806e-01
2556  1.69625769e-01  -3.35158551e-01
2557  1.99508597e-01  -3.32471175e-01
2558  2.26240972e-01  -3.29586056e-01
2559  2.57217932e-01  -3.25546717e-01
2560  2.84258902e-01  -3.21334367e-01
2561  3.11212743e-01  -3.16585700e-01
2562  3.38067656e-01  -3.11309280e-01
2563  3.64809199e-01  -3.05483302e-01
2564  3.91427859e-01  -2.99122334e-01
2565  4.17900356e-01  -2.92173455e-01
2566  4.44237484e-01  -2.84732070e-01
2567  4.70381555e-01  -2.76639376e-01
2568  4.96345607e-01  -2.67990050e-01
2569  5.22076330e-01  -2.58668752e-01
2570  5.47584802e-01  -2.48757737e-01
2571  5.72829914e-01  -2.38192234e-01
2572  5.97820674e-01  -2.27040409e-01
2573  6.26375907e-01  -2.13411893e-01
2574  6.51441963e-01  -2.00228982e-01
2575  6.76116429e-01  -1.86335394e-01
2576  7.00192271e-01  -1.71433176e-01
2577  7.23534701e-01  -1.55413575e-01
2578  7.46007985e-01  -1.38204788e-01
2579  7.67347576e-01  -1.19617306e-01
2580  7.87217489e-01  -9.94827654e-02
2581  8.05358431e-01  -7.77951409e-02
2582  8.20619331e-01  -5.40544970e-02
2583  8.31062911e-01  -2.78877979e-02
2584  8.35000003e-01  -1.82797163e-06
2585  8.31066808e-01  2.64325454e-02
2586  8.19126495e-01  5.03244441e-02
2587  8.02630672e-01  7.14978187e-02
2588  7.83854494e-01  9.07350856e-02
2589  7.63522066e-01  1.08338623e-01
2590  7.42189850e-01  1.24740734e-01
2591  7.20134290e-01  1.40162542e-01
2592  6.97376538e-01  1.54531442e-01
2593  6.74089524e-01  1.68035811e-01
2594  6.50407723e-01  1.80842296e-01
2595  6.26381981e-01  1.92989598e-01
2596  5.97646916e-01  2.06316809e-01
2597  5.72485144e-01  2.17221196e-01
2598  5.47069371e-01  2.27528889e-01
2599  5.21469703e-01  2.37373730e-01
2600  4.95680389e-01  2.46706610e-01
2601  4.69677854e-01  2.55430886e-01
2602  4.43548922e-01  2.63775551e-01
2603  4.17270561e-01  2.71631786e-01
2604  3.90844763e-01  2.78976099e-01
2605  3.64284663e-01  2.85820131e-01
2606  3.37608984e-01  2.92205385e-01
2607  3.10853159e-01  2.98251916e-01
2608  2.84018396e-01  3.03928984e-01
2609  2.57089181e-01  3.09129258e-01
2610  2.26218696e-01  3.14455885e-01
2611  2.01127936e-01  3.18411742e-01
2612  1.72820705e-01  3.22340763e-01
2613  1.46039805e-01  3.25703789e-01
2614  1.19213666e-01  3.28671272e-01
2615  9.23464483e-02  3.31238082e-01
2616  6.54442029e-02  3.33412890e-01
2617  3.85123002e-02  3.35183660e-01
2618  1.15542298e-02  3.36497426e-01
2619  -1.54201099e-02  3.37416467e-01
2620  -4.24048443e-02  3.37964368e-01
2621  -6.93945249e-02  3.38148590e-01
2622  -9.63826213e-02  3.37891416e-01
2623  -1.23361752e-01  3.37126538e-01
2624  -1.50335081e-01  3.36089786e-01
2625  -1.77298043e-01  3.34839688e-01
2626  -2.04237518e-01  3.33163806e-01
2627  -2.31159544e-01  3.31206331e-01
2628  -2.58065024e-01  3.29026402e-01
2629  -2.84951848e-01  3.26635087e-01
2630  -3.10358543e-01  3.24058154e-01
2631  -3.38644195e-01  3.21000002e-01
2632  -3.76980930e-01  3.16540001e-01
2633  -4.04038662e-01  3.13139530e-01
2634  -4.31063556e-01  3.09473460e-01
2635  -4.58074338e-01  3.05699481e-01
2636  -4.85057889e-01  3.01740284e-01
2637  -5.12019206e-01  2.97625756e-01
2638  -5.38964213e-01  2.93410055e-01
2639  -5.65871815e-01  2.88963400e-01
2640  -5.92761483e-01  2.84401163e-01
2641  -6.19635796e-01  2.79751592e-01
2642  -6.46481393e-01  2.74940199e-01
2643  -6.73307840e-01  2.70018966e-01
2644  -7.00121525e-01  2.65025545e-01
2645  -7.26923239e-01  2.59975577e-01
2646  -7.53683134e-01  2.54710229e-01
2647  -7.80428010e-01  2.49362346e-01
2648  -8.07155361e-01  2.43931811e-01
2649  -8.33849718e-01  2.38339050e-01
2650  -8.60535532e-01  2.32700783e-01
2651  -8.87209605e-01  2.27008021e-01
2652  -9.13870513e-01  2.21254707e-01
2653  -9.40515231e-01  2.15427844e-01
2654  -9.67141789e-01  2.09517458e-01
2655  -9.93758475e-01  2.03560823e-01
2656  -1.02036630e+00  1.97564776e-01
2657  -1.04696350e+00  1.91522013e-01
2658  -1.07355013e+00  1.85432504e-01
2659  -1.10012840e+00  1.79306668e-01
2660  -1.12669556e+00  1.73133063e-01
2661  -1.15325316e+00  1.66918033e-01
2662  -1.17980182e+00  1.60665450e-01
2663  -1.20633757e+00  1.54357899e-01
2664  -1.23286674e+00  1.48022469e-01
2665  -1.25938429e+00  1.41639079e-01
2666  -1.28589245e+00  1.35215304e-01
2667  -1.31239801e+00  1.28781733e-01
2668  -1.33888739e+00  1.22283593e-01
2669  -1.36536556e+00  1.15736482e-01
2670  -1.39184869e+00  1.09207774e-01
2671  -1.41832989e+00  1.02673115e-01
2672  -1.44480366e+00  9.61097960e-02
2673  -1.47126729e+00  8.95055732e-02
2674  -1.50897868e+00  8.00571825e-02
2675  -1.53569128e+00  7.33877352e-02
2676  -1.56240388e+00  6.67248417e-02
2677  -1.58908021e+00  5.99153043e-02
2678  -1.61578023e+00  5.31978514e-02
2679  -1.64244831e+00  4.63614639e-02
2680  -1.66909675e+00  3.94452186e-02
2681  -1.69573660e+00  3.24999771e-02
2682  -1.72232526e+00  2.53693500e-02
2683  -1.74871927e+00  1.80506706e-02
2684  -3.10316615e-01  2.96148901e-01
2685  -3.10274164e-01  2.67892130e-01
2686  -3.10231714e-01  2.39635359e-01
2687  -3.10189264e-01  2.11378589e-01
2688  -3.10146813e-01  1.83121818e-01
2689  -3.10104363e-01  1.54865047e-01
2690  -3.10061913e-01  1.26608276e-01
2691  -3.10019462e-01  9.83515061e-02
2692  -3.09977012e-01  7.00947352e-02
2693  -3.09934562e-01  4.18379644e-02
2694  -3.09892112e-01  1.35811938e-02
2695  -3.09849661e-01  -1.46755770e-02
2696  -3.09807211e-01  -4.29323479e-02
2697  -3.09764761e-01  -7.11891186e-02
2698  -3.09722310e-01  -9.94458893e-02
2699  -3.09679860e-01  -1.27702661e-01
2700  -3.09637410e-01  -1.55959431e-01
2701  -3.09594960e-01  -1.84216202e-01
2702  -3.09552509e-01  -2.12472973e-01
2703  -3.09510059e-01  -2.40729744e-01
2704  -3.09467609e-01  -2.68986514e-01
2705  2.01059179e-01  2.90775539e-01
2706  2.00988624e-01  2.62416418e-01
2707  2.00918069e-01  2.34057297e-01
2708  2.00847514e-01  2.05698176e-01
2709  2.00776959e-01  1.77339054e-01
2710  2.00706405e-01  1.48979933e-01
2711  2.00635850e-01  1.20620812e-01
2712  2.00565295e-01  9.22616914e-02
2713  2.00494740e-01  6.39025704e-02
2714  2.00424185e-01  3.55434493e-02
2715  2.00353630e-01  7.18432829e-03
2716  2.00283075e-01  -2.11747928e-02
2717  2.00212520e-01  -4.95339139e-02
2718  2.00141965e-01  -7.78930349e-02
2719  2.00071410e-01  -1.06252156e-01
2720  2.00000855e-01  -1.34611277e-01
2721  1.99930300e-01  -1.62970398e-01
2722  1.99859745e-01  -1.91329519e-01
2723  1.99789190e-01  -2.19688640e-01
2724  1.99718635e-01  -2.48047761e-01
2725  1.99648080e-01  -2.76406882e-01
2726  1.99577525e-01  -3.04766003e-01
4969  -1.76723139e+00  -6.34699133e-03
4970  -1.74973764e+00  -2.83271754e-03
4971  -1.72328176e+00  2.07154763e-03
4972  -1.69673597e+00  6.50192318e-03
4973  -1.67011893e+00  1.04161139e-02
4974  -1.64344399e+00  1.40298920e-02
4975  -1.61665924e+00  1.68503490e-02
4976  -1.58982153e+00  1.91044764e-02
4977  -1.56292747e+00  2.05720487e-02
4978  -1.53601265e+00  2.14331293e-02
4979  -1.50907242e+00  2.16088227e-02
4980  -1.47001227e+00  2.06356213e-02
4981  -1.44223655e+00  1.92733869e-02
4982  -1.41452266e+00  1.71483394e-02
4983  -1.38683247e+00  1.46472678e-02
4984  -1.35924156e+00  1.12542229e-02
4985  -1.33169840e+00  7.53189593e-03
4986  -1.30426166e+00  3.05327107e-03
4987  -1.27691869e+00  -1.89972123e-03
4988  -1.24966937e+00  -7.35930840e-03
4989  -1.22253862e+00  -1.33563498e-02
4990  -1.19551024e+00  -1.97612512e-02
4991  -1.16856647e+00  -2.65322438e-02
4992  -1.14175819e+00  -3.37923250e-02
4993  -1.11501041e+00  -4.12711261e-02
4994  -1.08840271e+00  -4.92305670e-02
4995  -1.06187117e+00  -5.73886448e-02
4996  -1.03540229e+00  -6.57548538e-02
4997  -1.00901627e+00  -7.43646853e-02
4998  -9.82673761e-01  -8.30954651e-02
4999  -9.56392024e-01  -9.20071769e-02
5000  -9.30155937e-01  -1.01038808e-01
5001  -9.03957647e-01  -1.10172383e-01
5002  -8.77789433e-01  -1.19384052e-01
5003  -8.51643768e-01  -1.28652371e-01
5004  -8.25513206e-01  -1.37957187e-01
5005  -7.99399002e-01  -1.47281390e-01
5006  -7.73245496e-01  -1.56486753e-01
5007  -7.47079871e-01  -1.65669302e-01
5008  -7.20900878e-01  -1.74799811e-01
5009  -6.94688283e-01  -1.83826360e-01
5010  -6.68447107e-01  -1.92760570e-01
5011  -6.42158266e-01  -2.01539792e-01
5012  -6.15814824e-01  -2.10155858e-01
5013  -5.89421714e-01  -2.18625442e-01
5014  -5.62988619e-01  -2.26967009e-01
5015  -5.36513871e-01  -2.35147148e-01
5016  -5.09954103e-01  -2.43055842e-01
5017  -4.83360110e-01  -2.50844593e-01
5018  -4.56694786e-01  -2.58336724e-01
5019  -4.29928657e-01  -2.65492880e-01
5020  -4.03119562e-01  -2.72485816e-01
5021  -3.76231585e-01  -2.79134445e-01
5022  -3.38029883e-01  -2.88134472e-01
5023  -2.98132605e-01  -2.96937126e-01
5024  -2.82486178e-01  -3.00121047e-01
5025  -2.54563318e-01  -3.05368119e-01
5026  -2.26578859e-01  -3.10341216e-01
5027  -1.98542693e-01  -3.14968102e-01
5028  -1.70448003e-01  -3.19190151e-01
5029  -1.42286338e-01  -3.22953143e-01
5030  -1.14076423e-01  -3.26337004e-01
5031  -8.58216474e-02  -3.29270966e-01
5032  -5.75214744e-02  -3.31742693e-01
5033  -2.91907694e-02  -3.33778549e-01
5034  -8.33701322e-04  -3.35253804e-01
5035  2.75504085e-02  -3.36132175e-01
5036  5.59512328e-02  -3.36514606e-01
5037  8.43524397e-02  -3.36409008e-01
5038  1.12739147e-01  -3.35770672e-01
5039  1.41103595e-01  -3.34508546e-01
5040  1.69433236e-01  -3.32665976e-01
5041  2.10810650e-01  -3.28846663e-01
5042  2.25945834e-01  -3.27103539e-01
5043  2.56863875e-01  -3.23071915e-01
5044  2.83849600e-01  -3.18868100e-01
5045  3.10754848e-01  -3.14127992e-01
5046  3.37560552e-01  -3.08861251e-01
5047  3.64252557e-01  -3.03046060e-01
5048  3.90819928e-01  -2.96697377e-01
5049  4.17243087e-01  -2.89761403e-01
5050  4.43527931e-01  -2.82334877e-01
5051  4.69616822e-01  -2.74259212e-01
5052  4.95524719e-01  -2.65628664e-01
5053  5.21197816e-01  -2.56328194e-01
5054  5.46649435e-01  -2.46439314e-01
5055  5.71837878e-01  -2.35897486e-01
5056  5.96772796e-01  -2.24770618e-01
5057  6.25255441e-01  -2.11177043e-01
5058  6.50246691e-01  -1.98033230e-01
5059  6.74844966e-01  -1.84182864e-01
5060  6.98826694e-01  -1.69339090e-01
5061  7.22066926e-01  -1.53389808e-01
5062  7.44426218e-01  -1.36268809e-01
5063  7.65635631e-01  -1.17795427e-01
5064  7.85367399e-01  -9.78013472e-02
5065  8.03344142e-01  -7.63143849e-02
5066  8.18396649e-01  -5.29100813e-02
5067  8.28646904e-01  -2.72452155e-02
5068  8.32500020e-01  -1.09678298e-05
5069  8.28652511e-01  2.56710556e-02
5070  8.17011913e-01  4.89908234e-02
5071  8.00747084e-01  6.98540136e-02
5072  7.82140238e-01  8.89153801e-02
5073  7.61941273e-01  1.06401848e-01
5074  7.40711248e-01  1.22724863e-01
5075  7.18750266e-01  1.38080601e-01
5076  6.96081885e-01  1.52392779e-01
5077  6.72867718e-01  1.65854713e-01
5078  6.49249014e-01  1.78627032e-01
5079  6.25291888e-01  1.90739776e-01
5080  5.96623854e-01  2.04035725e-01
5081  5.71518241e-01  2.14915746e-01
5082  5.46150868e-01  2.25203732e-01
5083  5.20595619e-01  2.35031514e-01
5084  4.94857355e-01  2.44345972e-01
5085  4.68899936e-01  2.53054998e-01
5086  4.42810563e-01  2.61387074e-01
5087  4.16577768e-01  2.69229696e-01
5088  3.90198105e-01  2.76561180e-01
5089  3.63681741e-01  2.83393924e-01
5090  3.37042446e-01  2.89770424e-01
5091  3.10318889e-01  2.95809672e-01
5092  2.83522650e-01  3.01478630e-01
5093  2.56639608e-01  3.06670014e-01
5094  2.25812178e-01  3.11989157e-01
5095  2.12410539e-01  3.14218613e-01
5096  1.72493733e-01  3.19862237e-01
5097  1.45746616e-01  3.23221041e-01
5098  1.18957343e-01  3.26184447e-01
5099  9.21268399e-02  3.28747746e-01
5100  6.52614648e-02  3.30919577e-01
5101  3.83694398e-02  3.32687745e-01
5102  1.14508179e-02  3.33999566e-01
5103  -1.54880505e-02  3.34917390e-01
5104  -4.24387516e-02  3.35464598e-01
5105  -6.93911452e-02  3.35648593e-01
5106  -9.63352845e-02  3.35391864e-01
5107  -1.23278318e-01  3.34627930e-01
5108  -1.50229178e-01  3.33592030e-01
5109  -1.77162535e-01  3.32343363e-01
5110  -2.04069258e-01  3.30669474e-01
5111  -2.30967949e-01  3.28713683e-01
5112  -2.57853338e-01  3.26535380e-01
5113  -2.84714735e-01  3.24146357e-01
5114  -2.99063534e-01  3.22729848e-01
5115  -3.38365173e-01  3.18515621e-01
5116  -3.76680612e-01  3.14058105e-01
5117  -4.03714761e-01  3.10660601e-01
5118  -4.30722554e-01  3.06996826e-01
5119  -4.57719900e-01  3.03224733e-01
5120  -4.84687845e-01  2.99267822e-01
5121  -5.11637408e-01  2.95155082e-01
5122  -5.38567184e-01  2.90941782e-01
5123  -5.65458915e-01  2.86497733e-01
5124  -5.92339291e-01  2.81937071e-01
5125  -6.19202178e-01  2.77289484e-01
5126  -6.46035330e-01  2.72480316e-01
5127  -6.72853446e-01  2.67560608e-01
5128  -6.99661224e-01  2.62568286e-01
5129  -7.26450457e-01  2.57520689e-01
5130  -7.53196711e-01  2.52258007e-01
5131  -7.79934019e-01  2.46911637e-01
5132  -8.06650143e-01  2.41483393e-01
5133  -8.33334995e-01  2.35892612e-01
5134  -8.60016234e-01  2.30255312e-01
5135  -8.86685031e-01  2.24563676e-01
5136  -9.13339789e-01  2.18811690e-01
5137  -9.39977308e-01  2.12986401e-01
5138  -9.66597927e-01  2.07077332e-01
5139  -9.93210691e-01  2.01121575e-01
5140  -1.01981457e+00  1.95126418e-01
5141  -1.04640748e+00  1.89084628e-01
5142  -1.07299030e+00  1.82995990e-01
5143  -1.09956473e+00  1.76871043e-01
5144  -1.12612779e+00  1.70698387e-01
5145  -1.15268178e+00  1.64484205e-01
5146  -1.17922619e+00  1.58232621e-01
5147  -1.20575815e+00  1.51925971e-01
5148  -1.23228385e+00  1.45591371e-01
5149  -1.25879735e+00  1.39208956e-01
5150  -1.28530321e+00  1.32785736e-01
5151  -1.31180535e+00  1.26352996e-01
5152  -1.33828954e+00  1.19856131e-01
5153  -1.36476632e+00  1.13309362e-01
5154  -1.39125002e+00  1.06780513e-01
5155  -1.41772962e+00  1.00246248e-01
5156  -1.44420020e+00  9.36837210e-02
5157  -1.47066083e+00  8.70802464e-02
5158  -1.50837209e+00  7.76318888e-02
5159  -1.53508596e+00  7.09621232e-02
5160  -1.56179219e+00  6.43008289e-02
5161  -1.58846606e+00  5.74919145e-02
5162  -1.61516485e+00  5.07747749e-02
5163  -1.64182389e+00  4.39406996e-02
5164  -1.66846739e+00  3.70257346e-02
5165  -1.69509747e+00  3.00830566e-02
5166  -1.72166658e+00  2.29576822e-02
5167  -1.74740133e+00  1.59262832e-02
5168  -2.99023627e-01  2.96165867e-01
5169  -2.98981176e-01  2.67909096e-01
5170  -2.98938726e-01  2.39652325e-01
5171  -2.98896276e-01  2.11395555e-01
5172  -2.98853825e-01  1.83138784e-01
5173  -2.98811375e-01  1.54882013e-01
5174  -2.98768925e-01  1.26625242e-01
5175  -2.98726474e-01  9.83684717e-02
5176  -2.98684024e-01  7.01117006e-02
5177  -2.98641574e-01  4.18549298e-02
5178  -2.98599124e-01  1.35981594e-02
5179  -2.98556673e-01  -1.46586114e-02
5180  -2.98514223e-01  -4.29153825e-02
5181  -2.98471773e-01  -7.11721530e-02
5182  -2.98429322e-01  -9.94289237e-02
5183  -2.98386872e-01  -1.27685695e-01
5184  -2.98344422e-01  -1.55942465e-01
5185  -2.98301972e-01  -1.84199236e-01
5186  -2.98259521e-01  -2.12456007e-01
5187  -2.98217071e-01  -2.40712778e-01
5188  -2.98174621e-01  -2.68969548e-01
5189  2.12352144e-01  2.90747443e-01
5190  2.12281589e-01  2.62388322e-01
5191  2.12211034e-01  2.34029201e-01
5192  2.12140479e-01  2.05670080e-01
5193  2.12069924e-01  1.77310958e-01
5194  2.11999370e-01  1.48951837e-01
5195  2.11928815e-01  1.20592716e-01
5196  2.11858260e-01  9.22335955e-02
5197  2.11787705e-01  6.38744745e-02
5198  2.11717150e-01  3.55153534e-02
5199  2.11646595e-01  7.15623239e-03
5200  2.11576040e-01  -2.12028887e-02
5201  2.11505485e-01  -4.95620098e-02
5202  2.11434930e-01  -7.79211308e-02
5203  2.11364375e-01  -1.06280252e-01
5204  2.11293820e-01  -1.34639373e-01
5205  2.11223265e-01  -1.62998494e-01
5206  2.11152710e-01  -1.91357615e-01
5207  2.11082155e-01  -2.19716736e-01
5208  2.11011600e-01  -2.48075857e-01
5209  2.10941045e-01  -2.76434978e-01
5210  2.10870490e-01  -3.04794099e-01
7453  -1.76171898e+00  -3.19963289e-03
7454  -1.75011688e+00  -8.69002255e-04
7455  -1.72362866e+00  4.04123216e-03
7456  -1.69704609e+00  8.47773303e-03
7457  -1.67039868e+00  1.23964521e-02
7458  -1.64368299e+00  1.60155603e-02
7459  -1.61684767e+00  1.88414529e-02
7460  -1.58995973e+00  2.10996959e-02
7461  -1.56301394e+00  2.25701787e-02
7462  -1.53605116e+00  2.34327585e-02
7463  -1.50905403e+00  2.36087382e-02
7464  -1.46903757e+00  4.69966076e-02
7465  -1.44058184e+00  4.56004376e-02
7466  -1.41232779e+00  4.34358680e-02
7467  -1.38403573e+00  4.08775918e-02
7468  -1.35586513e+00  3.74162446e-02
7469  -1.32780676e+00  3.36222542e-02
7470  -1.29978563e+00  2.90497477e-02
7471  -1.27197645e+00  2.40121668e-02
7472  -1.24423125e+00  1.84530627e-02
7473  -1.21665041e+00  1.23570830e-02
7474  -1.18925424e+00  5.86518449e-03
7475  -1.16190387e+00  -1.00850235e-03
7476  -1.13475878e+00  -8.35888338e-03
7477  -1.10767848e+00  -1.59315450e-02
7478  -1.08074613e+00  -2.39871834e-02
7479  -1.05401959e+00  -3.22052331e-02
7480  -1.02733567e+00  -4.06394936e-02
7481  -1.00077531e+00  -4.93059898e-02
7482  -9.74288767e-01  -5.80845974e-02
7483  -9.47863363e-01  -6.70449336e-02
7484  -9.21520782e-01  -7.61132041e-02
7485  -8.95236144e-01  -8.52768611e-02
7486  -8.69003093e-01  -9.45113391e-02
7487  -8.42812444e-01  -1.03795594e-01
7488  -8.16653570e-01  -1.13110487e-01
7489  -7.90584807e-01  -1.22418534e-01
7490  -7.64498889e-01  -1.31600040e-01
7491  -7.38368764e-01  -1.40770140e-01
7492  -7.12262895e-01  -1.49875186e-01
7493  -6.86142896e-01  -1.58869838e-01
7494  -6.60018276e-01  -1.67764441e-01
7495  -6.33880251e-01  -1.76493313e-01
7496  -6.07684565e-01  -1.85061027e-01
7497  -5.81422291e-01  -1.93488599e-01
7498  -5.55125649e-01  -2.01787150e-01
7499  -5.28856012e-01  -2.09904152e-01
7500  -5.02482816e-01  -2.17756998e-01
7501  -4.76085162e-01  -2.25488593e-01
7502  -4.49720266e-01  -2.32896446e-01
7503  -4.23192965e-01  -2.39988330e-01
7504  -3.96624424e-01  -2.46918946e-01
7505  -3.70040913e-01  -2.53492152e-01
7506  -3.29541740e-01  -2.51094610e-01
7507  -2.86894351e-01  -2.60487590e-01
7508  -2.75092067e-01  -2.62847369e-01
7509  -2.47729847e-01  -2.67987594e-01
7510  -2.20160599e-01  -2.72887165e-01
7511  -1.92625194e-01  -2.77431677e-01
7512  -1.65107783e-01  -2.81567258e-01
7513  -1.37506908e-01  -2.85254907e-01
7514  -1.09851029e-01  -2.88572655e-01
7515  -8.22059635e-02  -2.91443373e-01
7516  -5.45064198e-02  -2.93862494e-01
7517  -2.68417448e-02  -2.95851223e-01
7518  7.41223011e-04  -2.97286454e-01
7519  2.83939889e-02  -2.98141540e-01
7520  5.61364061e-02  -2.98515057e-01
7521  8.38545799e-02  -2.98412270e-01
7522  1.11467303e-01  -2.97791962e-01
7523  1.39025696e-01  -2.96565400e-01
7524  1.66506747e-01  -2.94778832e-01
7525  2.22201472e-01  -2.89541866e-01
7526  2.21459737e-01  -2.89369272e-01
7527  2.53128010e-01  -2.96958796e-01
7528  2.79530811e-01  -2.92845039e-01
7529  3.05923323e-01  -2.88195232e-01
7530  3.32209792e-01  -2.83030630e-01
7531  3.58379086e-01  -2.77329256e-01
7532  3.84405280e-01  -2.71110194e-01
7533  4.10307850e-01  -2.64310389e-01
7534  4.36041008e-01  -2.57040656e-01
7535  4.61547665e-01  -2.49144667e-01
7536  4.86863045e-01  -2.40712263e-01
7537  5.11928084e-01  -2.31631561e-01
7538  5.36779816e-01  -2.21976234e-01
7539  5.61370310e-01  -2.11684233e-01
7540  5.95934494e-01  -2.22954785e-01
7541  6.24359068e-01  -2.09389162e-01
7542  6.49290473e-01  -1.96276629e-01
7543  6.73827797e-01  -1.82460841e-01
7544  6.97734231e-01  -1.67663821e-01
7545  7.20892706e-01  -1.51770793e-01
7546  7.43160805e-01  -1.34720026e-01
7547  7.64266075e-01  -1.16337923e-01
7548  7.83887327e-01  -9.64562127e-02
7549  8.01732710e-01  -7.51297800e-02
7550  8.16618504e-01  -5.19945487e-02
7551  8.26714099e-01  -2.67311496e-02
7552  8.30500033e-01  -1.82797163e-05
7553  8.26721073e-01  2.50618638e-02
7554  8.15320248e-01  4.79239268e-02
7555  7.99240213e-01  6.85389696e-02
7556  7.80768834e-01  8.74596157e-02
7557  7.60676640e-01  1.04852429e-01
7558  7.39528366e-01  1.21112167e-01
7559  7.17643047e-01  1.36415048e-01
7560  6.95046164e-01  1.50681850e-01
7561  6.71890273e-01  1.64109834e-01
7562  6.48322047e-01  1.76854821e-01
7563  6.24419813e-01  1.88939919e-01
7564  5.85828918e-01  1.79966637e-01
7565  5.61315876e-01  1.90589559e-01
7566  5.36459191e-01  2.00669613e-01
7567  5.11372631e-01  2.10317385e-01
7568  4.86173024e-01  2.19437458e-01
7569  4.60691665e-01  2.27985576e-01
7570  4.35019688e-01  2.36184814e-01
7571  4.09267692e-01  2.43883800e-01
7572  3.83374834e-01  2.51079920e-01
7573  3.57319942e-01  2.57793550e-01
7574  3.31064569e-01  2.64077689e-01
7575  3.04681488e-01  2.70040090e-01
7576  2.78291739e-01  2.75623472e-01
7577  2.51895886e-01  2.80721049e-01
7578  2.21522763e-01  2.85961239e-01
7579  2.23603896e-01  2.74153723e-01
7580  1.67523764e-01  2.82188647e-01
7581  1.41290134e-01  2.85483264e-01
7582  1.15061241e-01  2.88384706e-01
7583  8.87887917e-02  2.90894643e-01
7584  6.24838462e-02  2.93021228e-01
7585  3.61979620e-02  2.94749840e-01
7586  9.87895702e-03  2.96032089e-01
7587  -1.65207474e-02  2.96931425e-01
7588  -4.29541433e-02  2.97468093e-01
7589  -6.93397740e-02  2.97648627e-01
7590  -9.56157659e-02  2.97398676e-01
7591  -1.22010119e-01  2.96649098e-01
7592  -1.48619449e-01  2.95626140e-01
7593  -1.75102814e-01  2.94399226e-01
7594  -2.01511702e-01  2.92755639e-01
7595  -2.28055706e-01  2.90825442e-01
7596  -2.54635708e-01  2.88671851e-01
7597  -2.81110611e-01  2.86317660e-01
7598  -2.87714910e-01  2.85712193e-01
7599  -3.35421036e-01  2.92301432e-01
7600  -3.73511775e-01  2.87870128e-01
7601  -4.00297087e-01  2.84503936e-01
7602  -4.27124437e-01  2.80864371e-01
7603  -4.53980008e-01  2.77112191e-01
7604  -4.80783291e-01  2.73179393e-01
7605  -5.07608835e-01  2.69085517e-01
7606  -5.34377891e-01  2.64897561e-01
7607  -5.61102156e-01  2.60481002e-01
7608  -5.87884484e-01  2.55936949e-01
7609  -6.14626815e-01  2.51310306e-01
7610  -6.41328651e-01  2.46524607e-01
7611  -6.68058859e-01  2.41620994e-01
7612  -6.94804311e-01  2.36640269e-01
7613  -7.21461852e-01  2.31617688e-01
7614  -7.48064163e-01  2.26383143e-01
7615  -7.74721630e-01  2.21052739e-01
7616  -8.01319278e-01  2.15648658e-01
7617  -8.27903842e-01  2.10078774e-01
7618  -8.54536804e-01  2.04451678e-01
7619  -8.81149933e-01  1.98771927e-01
7620  -9.07739802e-01  1.93033951e-01
7621  -9.34301366e-01  1.87225281e-01
7622  -9.60859304e-01  1.81330102e-01
7623  -9.87430689e-01  1.75383603e-01
7624  -1.01399291e+00  1.69397836e-01
7625  -1.04054063e+00  1.63366313e-01
7626  -1.06708329e+00  1.57286870e-01
7627  -1.09361704e+00  1.51171303e-01
7628  -1.12013698e+00  1.45008666e-01
7629  -1.14665277e+00  1.38803420e-01
7630  -1.17315244e+00  1.32562383e-01
7631  -1.19964435e+00  1.26265240e-01
7632  -1.22613337e+00  1.19939407e-01
7633  -1.25260418e+00  1.13567266e-01
7634  -1.27908579e+00  1.07149916e-01
7635  -1.30555189e+00  1.00725943e-01
7636  -1.33198122e+00  9.42425244e-02
7637  -1.35844337e+00  8.76993655e-02
7638  -1.38493308e+00  8.11690322e-02
7639  -1.41139586e+00  7.46389230e-02
7640  -1.43783277e+00  6.80847485e-02
7641  -1.46426174e+00  6.14891677e-02
7642  -1.50788682e+00  7.56916537e-02
7643  -1.53460171e+00  6.90216337e-02
7644  -1.56130284e+00  6.23616186e-02
7645  -1.58797474e+00  5.55532027e-02
7646  -1.61467254e+00  4.88363138e-02
7647  -1.64132435e+00  4.20040881e-02
7648  -1.66796390e+00  3.50901474e-02
7649  -1.69458616e+00  2.81495203e-02
7650  -1.72113964e+00  2.10283480e-02
7651  -1.74634697e+00  1.42267733e-02
7652  -2.87730640e-01  2.96182833e-01
7653  -2.87688189e-01  2.67926062e-01
7654  -2.87645739e-01  2.39669290e-01
7655  -2.87603289e-01  2.11412521e-01
7656  -2.87560838e-01  1.83155750e-01
7657  -2.87518388e-01  1.54898978e-01
7658  -2.87475938e-01  1.26642208e-01
7659  -2.87433487e-01  9.83854373e-02
7660  -2.87391037e-01  7.01286660e-02
7661  -2.87348587e-01  4.18718952e-02
7662  -2.87306137e-01  1.36151250e-02
7663  -2.87263686e-01  -1.46416458e-02
7664  -2.87221236e-01  -4.28984171e-02
7665  -2.87178786e-01  -7.11551874e-02
7666  -2.87136335e-01  -9.94119581e-02
7667  -2.87093885e-01  -1.27668730e-01
7668  -2.87051435e-01  -1.55925500e-01
7669  -2.87008985e-01  -1.84182270e-01
7670  -2.86966534e-01  -2.12439041e-01
7671  -2.86924084e-01  -2.40695813e-01
7672  -2.86881634e-01  -2.68952582e-01
7673  2.23645109e-01  2.90719347e-01
7674  2.23574554e-01  2.62360226e-01
7675  2.23503999e-01  2.34001105e-01
7676  2.23433444e-01  2.05641984e-01
7677  2.23362889e-01  1.77282863e-01
7678  2.23292335e-01  1.48923742e-01
7679  2.23221780e-01  1.20564620e-01
7680  2.23151225e-01  9.22054996e-02
7681  2.23080670e-01  6.38463786e-02
7682  2.23010115e-01  3.54872575e-02
7683  2.22939560e-01  7.12813648e-03
7684  2.22869005e-01  -2.12309846e-02
7685  2.22798450e-01  -4.95901057e-02
7686  2.22727895e-01  -7.79492267e-02
7687  2.22657340e-01  -1.06308348e-01
7688  2.22586785e-01  -1.34667469e-01
7689  2.22516230e-01  -1.63026590e-01
7690  2.22445675e-01  -1.91385711e-01
7691  2.22375120e-01  -2.19744832e-01
7692  2.22304565e-01  -2.48103953e-01
7693  2.22234010e-01  -2.76463074e-01
7694  2.22163455e-01  -3.04822195e-01
9937  -1.75482847e+00  7.34565163e-04
9938  -1.75059093e+00  1.58564185e-03
9939  -1.72406229e+00  6.50333783e-03
9940  -1.69743375e+00  1.09474953e-02
9941  -1.67074837e+00  1.48718748e-02
9942  -1.64398174e+00  1.84976457e-02
9943  -1.61708321e+00  2.13303327e-02
9944  -1.59013248e+00  2.35937202e-02
9945  -1.56312202e+00  2.50678412e-02
9946  -1.53609929e+00  2.59322951e-02
9947  -1.50903105e+00  2.61086325e-02
9948  -1.46894519e+00  4.94949003e-02
9949  -1.44042502e+00  4.80955142e-02
9950  -1.41211978e+00  4.59271991e-02
9951  -1.38377067e+00  4.33635014e-02
9952  -1.35554514e+00  3.98956810e-02
9953  -1.32743794e+00  3.60948989e-02
9954  -1.29936142e+00  3.15134951e-02
9955  -1.27150806e+00  2.64678974e-02
9956  -1.24371587e+00  2.08993620e-02
9957  -1.21609237e+00  1.47940056e-02
9958  -1.18866135e+00  8.29386219e-03
9959  -1.16127244e+00  1.41044279e-03
9960  -1.13409543e+00  -5.94849617e-03
9961  -1.10698361e+00  -1.35300532e-02
9962  -1.08002050e+00  -2.15948084e-02
9963  -1.05327547e+00  -2.98185418e-02
9964  -1.02657118e+00  -3.82592517e-02
9965  -9.99994296e-01  -4.69311182e-02
9966  -9.73494101e-01  -5.57142585e-02
9967  -9.47055082e-01  -6.46792029e-02
9968  -9.20702408e-01  -7.37509459e-02
9969  -8.94409586e-01  -8.29174538e-02
9970  -8.68170390e-01  -9.21540935e-02
9971  -8.41975478e-01  -1.01439859e-01
9972  -8.15813922e-01  -1.10755706e-01
9973  -7.89749465e-01  -1.20062223e-01
9974  -7.63669952e-01  -1.29241467e-01
9975  -7.37543192e-01  -1.38410388e-01
9976  -7.11444253e-01  -1.47513021e-01
9977  -6.85333030e-01  -1.56504649e-01
9978  -6.59219456e-01  -1.65395499e-01
9979  -6.33095724e-01  -1.74119600e-01
9980  -6.06914042e-01  -1.82682731e-01
9981  -5.80664167e-01  -1.91106321e-01
9982  -5.54380457e-01  -1.99400795e-01
9983  -5.28130259e-01  -2.07511814e-01
9984  -5.01774745e-01  -2.15359367e-01
9985  -4.75395698e-01  -2.23085545e-01
9986  -4.49059275e-01  -2.30485411e-01
9987  -4.22554608e-01  -2.37571203e-01
9988  -3.96008864e-01  -2.44495914e-01
9989  -3.69454208e-01  -2.51061971e-01
9990  -3.28983309e-01  -2.48657777e-01
9991  -2.85397707e-01  -2.58253018e-01
9992  -2.74605612e-01  -2.60395153e-01
9993  -2.47280277e-01  -2.65528348e-01
9994  -2.19738345e-01  -2.70423083e-01
9995  -1.92235885e-01  -2.74962175e-01
9996  -1.64756453e-01  -2.79092068e-01
9997  -1.37192472e-01  -2.82774760e-01
9998  -1.09573042e-01  -2.86088159e-01
9999  -8.19680896e-02  -2.88954715e-01
10000  -5.43080610e-02  -2.91370376e-01
10001  -2.66872037e-02  -2.93356004e-01
10002  8.44836454e-04  -2.94788602e-01
10003  2.84494876e-02  -2.95642156e-01
10004  5.61485885e-02  -2.96015086e-01
10005  8.38218260e-02  -2.95912485e-01
10006  1.11383629e-01  -2.95293362e-01
10007  1.38888992e-01  -2.94069141e-01
10008  1.66314215e-01  -2.92286257e-01
10009  2.23708095e-01  -2.86881492e-01
10010  2.21164599e-01  -2.86886754e-01
10011  2.52773954e-01  -2.94483995e-01
10012  2.79121509e-01  -2.90378772e-01
10013  3.05465428e-01  -2.85737523e-01
10014  3.31702688e-01  -2.80582601e-01
10015  3.57822443e-01  -2.74892014e-01
10016  3.83797349e-01  -2.68685236e-01
10017  4.09650581e-01  -2.61898336e-01
10018  4.35331454e-01  -2.54643463e-01
10019  4.60782932e-01  -2.46764503e-01
10020  4.86042158e-01  -2.38350877e-01
10021  5.11049569e-01  -2.29291003e-01
10022  5.35844449e-01  -2.19657810e-01
10023  5.60378274e-01  -2.09389486e-01
10024  5.94886616e-01  -2.20684994e-01
10025  6.23238602e-01  -2.07154312e-01
10026  6.48095201e-01  -1.94080877e-01
10027  6.72556335e-01  -1.80308311e-01
10028  6.96368653e-01  -1.65569734e-01
10029  7.19424931e-01  -1.49747026e-01
10030  7.41579039e-01  -1.32784047e-01
10031  7.62554131e-01  -1.14516043e-01
10032  7.82037237e-01  -9.47747945e-02
10033  7.99718421e-01  -7.36490240e-02
10034  8.14395823e-01  -5.08501330e-02
10035  8.24298092e-01  -2.60885672e-02
10036  8.28000050e-01  -2.74195745e-05
10037  8.24306776e-01  2.43003741e-02
10038  8.13205666e-01  4.65903060e-02
10039  7.97356625e-01  6.68951646e-02
10040  7.79054579e-01  8.56399102e-02
10041  7.59095848e-01  1.02915654e-01
10042  7.38049763e-01  1.19096296e-01
10043  7.16259023e-01  1.34333107e-01
10044  6.93751512e-01  1.48543187e-01
10045  6.70668466e-01  1.61928736e-01
10046  6.47163338e-01  1.74639558e-01
10047  6.23329720e-01  1.86690098e-01
10048  5.84805856e-01  1.77685553e-01
10049  5.60348973e-01  1.88284109e-01
10050  5.35540688e-01  1.98344456e-01
10051  5.10498547e-01  2.07975169e-01
10052  4.85349990e-01  2.17076820e-01
10053  4.59913748e-01  2.25609688e-01
10054  4.34281328e-01  2.33796336e-01
10055  4.08574899e-01  2.41481710e-01
10056  3.82728177e-01  2.48665001e-01
10057  3.56717019e-01  2.55367342e-01
10058  3.30498032e-01  2.61642728e-01
10059  3.04147218e-01  2.67597846e-01
10060  2.77795993e-01  2.73173117e-01
10061  2.51446313e-01  2.78261805e-01
10062  2.21116245e-01  2.83494511e-01
10063  2.25097065e-01  2.71406129e-01
10064  1.67196792e-01  2.79710121e-01
10065  1.40996945e-01  2.83000516e-01
10066  1.14804919e-01  2.85897881e-01
10067  8.85691832e-02  2.88404307e-01
10068  6.23011081e-02  2.90527916e-01
10069  3.60551016e-02  2.92253925e-01
10070  9.77554512e-03  2.93534229e-01
10071  -1.65886879e-02  2.94432348e-01
10072  -4.29880506e-02  2.94968323e-01
10073  -6.93363943e-02  2.95148630e-01
10074  -9.55684292e-02  2.94899125e-01
10075  -1.21926684e-01  2.94150491e-01
10076  -1.48513546e-01  2.93128384e-01
10077  -1.74967306e-01  2.91902901e-01
10078  -2.01343442e-01  2.90261308e-01
10079  -2.27864111e-01  2.88332794e-01
10080  -2.54424021e-01  2.86180829e-01
10081  -2.80873497e-01  2.83828930e-01
10082  -2.86211369e-01  2.83356260e-01
10083  -3.35142014e-01  2.89817052e-01
10084  -3.73211457e-01  2.85388232e-01
10085  -3.99973186e-01  2.82025007e-01
10086  -4.26783436e-01  2.78387737e-01
10087  -4.53625569e-01  2.74637444e-01
10088  -4.80413248e-01  2.70706931e-01
10089  -5.07227038e-01  2.66614842e-01
10090  -5.33980862e-01  2.62429289e-01
10091  -5.60689256e-01  2.58015335e-01
10092  -5.87462291e-01  2.53472856e-01
10093  -6.14193197e-01  2.48848198e-01
10094  -6.40882587e-01  2.44064723e-01
10095  -6.67604465e-01  2.39162636e-01
10096  -6.94344010e-01  2.34183010e-01
10097  -7.20989070e-01  2.29162799e-01
10098  -7.47577740e-01  2.23930921e-01
10099  -7.74227639e-01  2.18602030e-01
10100  -8.00814060e-01  2.13200239e-01
10101  -8.27389119e-01  2.07632336e-01
10102  -8.54017506e-01  2.02006207e-01
10103  -8.80625359e-01  1.96327582e-01
10104  -9.07209079e-01  1.90590934e-01
10105  -9.33763444e-01  1.84783839e-01
10106  -9.60315441e-01  1.78889977e-01
10107  -9.86882905e-01  1.72944354e-01
10108  -1.01344118e+00  1.66959478e-01
10109  -1.03998461e+00  1.60928928e-01
10110  -1.06652347e+00  1.54850357e-01
10111  -1.09305336e+00  1.48735678e-01
10112  -1.11956922e+00  1.42573991e-01
10113  -1.14608139e+00  1.36369592e-01
10114  -1.17257681e+00  1.30129554e-01
10115  -1.19906493e+00  1.23833312e-01
10116  -1.22555047e+00  1.17508310e-01
10117  -1.25201724e+00  1.11137143e-01
10118  -1.27849655e+00  1.04720348e-01
10119  -1.30495924e+00  9.82972063e-02
10120  -1.33138337e+00  9.18150626e-02
10121  -1.35784413e+00  8.52722458e-02
10122  -1.38433441e+00  7.87417717e-02
10123  -1.41079559e+00  7.22120564e-02
10124  -1.43722931e+00  6.56586735e-02
10125  -1.46365529e+00  5.90638409e-02
10126  -1.50728023e+00  7.32663600e-02
10127  -1.53399639e+00  6.65960217e-02
10128  -1.56069116e+00  5.99376057e-02
10129  -1.58736059e+00  5.31298130e-02
10130  -1.61405715e+00  4.64132373e-02
10131  -1.64069993e+00  3.95833237e-02
10132  -1.66733453e+00  3.26706634e-02
10133  -1.69394702e+00  2.57325998e-02
10134  -1.72048096e+00  1.86166803e-02
10135  -1.74502903e+00  1.21023859e-02
10136  -2.86230642e-01  2.96185086e-01
10137  -2.86188191e-01  2.67928315e-01
10138  -2.86145741e-01  2.39671544e-01
10139  -2.86103291e-01  2.11414774e-01
10140  -2.86060840e-01  1.83158003e-01
10141  -2.86018390e-01  1.54901232e-01
10142  -2.85975940e-01  1.26644461e-01
10143  -2.85933489e-01  9.83876907e-02
10144  -2.85891039e-01  7.01309195e-02
10145  -2.85848589e-01  4.18741487e-02
10146  -2.85806139e-01  1.36173784e-02
10147  -2.85763688e-01  -1.46393924e-02
10148  -2.85721238e-01  -4.28961636e-02
10149  -2.85678788e-01  -7.11529340e-02
10150  -2.85636337e-01  -9.94097047e-02
10151  -2.85593887e-01  -1.27666476e-01
10152  -2.85551437e-01  -1.55923246e-01
10153  -2.85508987e-01  -1.84180017e-01
10154  -2.85466536e-01  -2.12436788e-01
10155  -2.85424086e-01  -2.40693559e-01
10156  -2.85381636e-01  -2.68950329e-01
10157  2.25145105e-01  2.90715615e-01
10158  2.25074550e-01  2.62356494e-01
10159  2.25003995e-01  2.33997373e-01
10160  2.24933440e-01  2.05638252e-01
10161  2.24862885e-01  1.77279131e-01
10162  2.24792331e-01  1.48920010e-01
10163  2.24721776e-01  1.20560888e-01
10164  2.24651221e-01  9.22017678e-02
10165  2.24580666e-01  6.38426468e-02
10166  2.24510111e-01  3.54835257e-02
10167  2.24439556e-01  7.12440463e-03
10168  2.24369001e-01  -2.12347164e-02
10169  2.24298446e-01  -4.95938375e-02
10170  2.24227891e-01  -7.79529585e-02
10171  2.24157336e-01  -1.06312080e-01
10172  2.24086781e-01  -1.34671201e-01
10173  2.24016226e-01  -1.63030322e-01
10174  2.23945671e-01  -1.91389443e-01
10175  2.23875116e-01  -2.19748564e-01
10176  2.23804561e-01  -2.48107685e-01
10177  2.23734006e-01  -2.76466806e-01
10178  2.23663451e-01  -3.04825927e-01
