1  2480  2479  1  2  0  0  0  0
242  4958  4957  2479  2480  0  0  0  0
483  7436  7435  4957  4958  0  0  0  0
724  9914  9913  7435  7436  0  0  0  0
2  2481  2480  2  3  0  0  0  0
243  4959  4958  2480  2481  0  0  0  0
484  7437  7436  4958  4959  0  0  0  0
725  9915  9914  7436  7437  0  0  0  0
3  2482  2481  3  4  0  0  0  0
244  4960  4959  2481  2482  0  0  0  0
485  7438  7437  4959  4960  0  0  0  0
726  9916  9915  7437  7438  0  0  0  0
4  2483  2482  4  5  0  0  0  0
245  4961  4960  2482  2483  0  0  0  0
486  7439  7438  4960  4961  0  0  0  0
727  9917  9916  7438  7439  0  0  0  0
5  2484  2483  5  6  0  0  0  0
246  4962  4961  2483  2484  0  0  0  0
487  7440  7439  4961  4962  0  0  0  0
728  9918  9917  7439  7440  0  0  0  0
6  2485  2484  6  7  0  0  0  0
247  4963  4962  2484  2485  0  0  0  0
488  7441  7440  4962  4963  0  0  0  0
729  9919  9918  7440  7441  0  0  0  0
7  2486  2485  7  8  0  0  0  0
248  4964  4963  2485  2486  0  0  0  0
489  7442  7441  4963  4964  0  0  0  0
730  9920  9919  7441  7442  0  0  0  0
8  2487  2486  8  9  0  0  0  0
249  4965  4964  2486  2487  0  0  0  0
490  7443  7442  4964  4965  0  0  0  0
731  9921  9920  7442  7443  0  0  0  0
9  2488  2487  9  10  0  0  0  0
250  4966  4965  2487  2488  0  0  0  0
491  7444  7443  4965  4966  0  0  0  0
732  9922  9921  7443  7444  0  0  0  0
10  2489  2488  10  11  0  0  0  0
251  4967  4966  2488  2489  0  0  0  0
492  7445  7444  4966  4967  0  0  0  0
733  9923  9922  7444  7445  0  0  0  0
11  2490  2489  11  12  0  0  0  0
252  4968  4967  2489  2490  0  0  0  0
493  7446  7445  4967  4968  0  0  0  0
734  9924  9923  7445  7446  0  0  0  0
12  2491  2490  12  13  0  0  0  0
253  4969  4968  2490  2491  0  0  0  0
494  7447  7446  4968  4969  0  0  0  0
735  9925  9924  7446  7447  0  0  0  0
13  2492  2491  13  14  0  0  0  0
254  4970  4969  2491  2492  0  0  0  0
495  7448  7447  4969  4970  0  0  0  0
736  9926  9925  7447  7448  0  0  0  0
14  2493  2492  14  15  0  0  0  0
255  4971  4970  2492  2493  0  0  0  0
496  7449  7448  4970  4971  0  0  0  0
737  9927  9926  7448  7449  0  0  0  0
15  2494  2493  15  16  0  0  0  0
256  4972  4971  2493  2494  0  0  0  0
497  7450  7449  4971  4972  0  0  0  0
738  9928  9927  7449  7450  0  0  0  0
16  2495  2494  16  17  0  0  0  0
257  4973  4972  2494  2495  0  0  0  0
498  7451  7450  4972  4973  0  0  0  0
739  9929  9928  7450  7451  0  0  0  0
17  2496  2495  17  18  0  0  0  0
258  4974  4973  2495  2496  0  0  0  0
499  7452  7451  4973  4974  0  0  0  0
740  9930  9929  7451  7452  0  0  0  0
18  2497  2496  18  19  0  0  0  0
259  4975  4974  2496  2497  0  0  0  0
500  7453  7452  4974  4975  0  0  0  0
741  9931  9930  7452  7453  0  0  0  0
19  2498  2497  19  20  0  0  0  0
260  4976  4975  2497  2498  0  0  0  0
501  7454  7453  4975  4976  0  0  0  0
742  9932  9931  7453  7454  0  0  0  0
20  2499  2498  20  21  0  0  0  0
261  4977  4976  2498  2499  0  0  0  0
502  7455  7454  4976  4977  0  0  0  0
743  9933  9932  7454  7455  0  0  0  0
21  2500  2499  21  22  0  0  0  0
262  4978  4977  2499  2500  0  0  0  0
503  7456  7455  4977  4978  0  0  0  0
744  9934  9933  7455  7456  0  0  0  0
22  2501  2500  22  23  0  0  0  0
263  4979  4978  2500  2501  0  0  0  0
504  7457  7456  4978  4979  0  0  0  0
745  9935  9934  7456  7457  0  0  0  0
23  2502  2501  23  24  0  0  0  0
264  4980  4979  2501  2502  0  0  0  0
505  7458  7457  4979  4980  0  0  0  0
746  9936  9935  7457  7458  0  0  0  0
24  2503  2502  24  25  0  0  0  0
265  4981  4980  2502  2503  0  0  0  0
506  7459  7458  4980  4981  0  0  0  0
747  9937  9936  7458  7459  0  0  0  0
25  2504  2503  25  26  0  0  0  0
266  4982  4981  2503  2504  0  0  0  0
507  7460  7459  4981  4982  0  0  0  0
748  9938  9937  7459  7460  0  0  0  0
26  2505  2504  26  27  0  0  0  0
267  4983  4982  2504  2505  0  0  0  0
508  7461  7460  4982  4983  0  0  0  0
749  9939  9938  7460  7461  0  0  0  0
27  2506  2505  27  28  0  0  0  0
268  4984  4983  2505  2506  0  0  0  0
509  7462  7461  4983  4984  0  0  0  0
750  9940  9939  7461  7462  0  0  0  0
28  2507  2506  28  29  0  0  0  0
269  4985  4984  2506  2507  0  0  0  0
510  7463  7462  4984  4985  0  0  0  0
751  9941  9940  7462  7463  0  0  0  0
29  2508  2507  29  30  0  0  0  0
270  4986  4985  2507  2508  0  0  0  0
511  7464  7463  4985  4986  0  0  0  0
752  9942  9941  7463  7464  0  0  0  0
30  2509  2508  30  31  0  0  0  0
271  4987  4986  2508  2509  0  0  0  0
512  7465  7464  4986  4987  0  0  0  0
753  9943  9942  7464  7465  0  0  0  0
31  2510  2509  31  32  0  0  0  0
272  4988  4987  2509  2510  0  0  0  0
513  7466  7465  4987  4988  0  0  0  0
754  9944  9943  7465  7466  0  0  0  0
32  2511  2510  32  33  0  0  0  0
273  4989  4988  2510  2511  0  0  0  0
514  7467  7466  4988  4989  0  0  0  0
755  9945  9944  7466  7467  0  0  0  0
33  2512  2511  33  34  0  0  0  0
274  4990  4989  2511  2512  0  0  0  0
515  7468  7467  4989  4990  0  0  0  0
756  9946  9945  7467  7468  0  0  0  0
34  2513  2512  34  35  0  0  0  0
275  4991  4990  2512  2513  0  0  0  0
516  7469  7468  4990  4991  0  0  0  0
757  9947  9946  7468  7469  0  0  0  0
35  2514  2513  35  36  0  0  0  0
276  4992  4991  2513  2514  0  0  0  0
517  7470  7469  4991  4992  0  0  0  0
758  9948  9947  7469  7470  0  0  0  0
36  2515  2514  36  37  0  0  0  0
277  4993  4992  2514  2515  0  0  0  0
518  7471  7470  4992  4993  0  0  0  0
759  9949  9948  7470  7471  0  0  0  0
37  2516  2515  37  38  0  0  0  0
278  4994  4993  2515  2516  0  0  0  0
519  7472  7471  4993  4994  0  0  0  0
760  9950  9949  7471  7472  0  0  0  0
38  2517  2516  38  39  0  0  0  0
279  4995  4994  2516  2517  0  0  0  0
520  7473  7472  4994  4995  0  0  0  0
761  9951  9950  7472  7473  0  0  0  0
39  2518  2517  39  40  0  0  0  0
280  4996  4995  2517  2518  0  0  0  0
521  7474  7473  4995  4996  0  0  0  0
762  9952  9951  7473  7474  0  0  0  0
40  2519  2518  40  41  0  0  0  0
281  4997  4996  2518  2519  0  0  0  0
522  7475  7474  4996  4997  0  0  0  0
763  9953  9952  7474  7475  0  0  0  0
41  2520  2519  41  42  0  0  0  0
282  4998  4997  2519  2520  0  0  0  0
523  7476  7475  4997  4998  0  0  0  0
764  9954  9953  7475  7476  0  0  0  0
42  2521  2520  42  43  0  0  0  0
283  4999  4998  2520  2521  0  0  0  0
524  7477  7476  4998  4999  0  0  0  0
765  9955  9954  7476  7477  0  0  0  0
43  2522  2521  43  44  0  0  0  0
284  5000  4999  2521  2522  0  0  0  0
525  7478  7477  4999  5000  0  0  0  0
766  9956  9955  7477  7478  0  0  0  0
44  2523  2522  44  45  0  0  0  0
285  5001  5000  2522  2523  0  0  0  0
526  7479  7478  5000  5001  0  0  0  0
767  9957  9956  7478  7479  0  0  0  0
45  2524  2523  45  46  0  0  0  0
286  5002  5001  2523  2524  0  0  0  0
527  7480  7479  5001  5002  0  0  0  0
768  9958  9957  7479  7480  0  0  0  0
46  2525  2524  46  47  0  0  0  0
287  5003  5002  2524  2525  0  0  0  0
528  7481  7480  5002  5003  0  0  0  0
769  9959  9958  7480  7481  0  0  0  0
47  2526  2525  47  48  0  0  0  0
288  5004  5003  2525  2526  0  0  0  0
529  7482  7481  5003  5004  0  0  0  0
770  9960  9959  7481  7482  0  0  0  0
48  2527  2526  48  49  0  0  0  0
289  5005  5004  2526  2527  0  0  0  0
530  7483  7482  5004  5005  0  0  0  0
771  9961  9960  7482  7483  0  0  0  0
49  2528  2527  49  50  0  0  0  0
290  5006  5005  2527  2528  0  0  0  0
531  7484  7483  5005  5006  0  0  0  0
772  9962  9961  7483  7484  0  0  0  0
50  2529  2528  50  51  0  0  0  0
291  5007  5006  2528  2529  0  0  0  0
532  7485  7484  5006  5007  0  0  0  0
773  9963  9962  7484  7485  0  0  0  0
51  2530  2529  51  52  0  0  0  0
292  5008  5007  2529  2530  0  0  0  0
533  7486  7485  5007  5008  0  0  0  0
774  9964  9963  7485  7486  0  0  0  0
52  2531  2530  52  53  0  0  0  0
293  5009  5008  2530  2531  0  0  0  0
534  7487  7486  5008  5009  0  0  0  0
775  9965  9964  7486  7487  0  0  0  0
53  2532  2531  53  54  0  0  0  0
294  5010  5009  2531  2532  0  0  0  0
535  7488  7487  5009  5010  0  0  0  0
776  9966  9965  7487  7488  0  0  0  0
54  2533  2532  54  55  0  0  0  0
295  5011  5010  2532  2533  0  0  0  0
536  7489  7488  5010  5011  0  0  0  0
777  9967  9966  7488  7489  0  0  0  0
55  2534  2533  55  56  0  0  0  0
296  5012  5011  2533  2534  0  0  0  0
537  7490  7489  5011  5012  0  0  0  0
778  9968  9967  7489  7490  0  0  0  0
56  2535  2534  56  57  0  0  0  0
297  5013  5012  2534  2535  0  0  0  0
538  7491  7490  5012  5013  0  0  0  0
779  9969  9968  7490  7491  0  0  0  0
57  2536  2535  57  58  0  0  0  0
298  5014  5013  2535  2536  0  0  0  0
539  7492  7491  5013  5014  0  0  0  0
780  9970  9969  7491  7492  0  0  0  0
58  2537  2536  58  59  0  0  0  0
299  5015  5014  2536  2537  0  0  0  0
540  7493  7492  5014  5015  0  0  0  0
781  9971  9970  7492  7493  0  0  0  0
59  2538  2537  59  60  0  0  0  0
300  5016  5015  2537  2538  0  0  0  0
541  7494  7493  5015  5016  0  0  0  0
782  9972  9971  7493  7494  0  0  0  0
60  2539  2538  60  61  0  0  0  0
301  5017  5016  2538  2539  0  0  0  0
542  7495  7494  5016  5017  0  0  0  0
783  9973  9972  7494  7495  0  0  0  0
61  2540  2539  61  62  0  0  0  0
302  5018  5017  2539  2540  0  0  0  0
543  7496  7495  5017  5018  0  0  0  0
784  9974  9973  7495  7496  0  0  0  0
62  2541  2540  62  63  0  0  0  0
303  5019  5018  2540  2541  0  0  0  0
544  7497  7496  5018  5019  0  0  0  0
785  9975  9974  7496  7497  0  0  0  0
63  2542  2541  63  64  0  0  0  0
304  5020  5019  2541  2542  0  0  0  0
545  7498  7497  5019  5020  0  0  0  0
786  9976  9975  7497  7498  0  0  0  0
64  2543  2542  64  65  0  0  0  0
305  5021  5020  2542  2543  0  0  0  0
546  7499  7498  5020  5021  0  0  0  0
787  9977  9976  7498  7499  0  0  0  0
65  2544  2543  65  66  0  0  0  0
306  5022  5021  2543  2544  0  0  0  0
547  7500  7499  5021  5022  0  0  0  0
788  9978  9977  7499  7500  0  0  0  0
66  2545  2544  66  67  0  0  0  0
307  5023  5022  2544  2545  0  0  0  0
548  7501  7500  5022  5023  0  0  0  0
789  9979  9978  7500  7501  0  0  0  0
67  2546  2545  67  68  0  0  0  0
308  5024  5023  2545  2546  0  0  0  0
549  7502  7501  5023  5024  0  0  0  0
790  9980  9979  7501  7502  0  0  0  0
68  2547  2546  68  69  0  0  0  0
309  5025  5024  2546  2547  0  0  0  0
550  7503  7502  5024  5025  0  0  0  0
791  9981  9980  7502  7503  0  0  0  0
69  2548  2547  69  70  0  0  0  0
310  5026  5025  2547  2548  0  0  0  0
551  7504  7503  5025  5026  0  0  0  0
792  9982  9981  7503  7504  0  0  0  0
70  2549  2548  70  71  0  0  0  0
311  5027  5026  2548  2549  0  0  0  0
552  7505  7504  5026  5027  0  0  0  0
793  9983  9982  7504  7505  0  0  0  0
71  2550  2549  71  72  0  0  0  0
312  5028  5027  2549  2550  0  0  0  0
553  7506  7505  5027  5028  0  0  0  0
794  9984  9983  7505  7506  0  0  0  0
72  2551  2550  72  73  0  0  0  0
313  5029  5028  2550  2551  0  0  0  0
554  7507  7506  5028  5029  0  0  0  0
795  9985  9984  7506  7507  0  0  0  0
73  2552  2551  73  74  0  0  0  0
314  5030  5029  2551  2552  0  0  0  0
555  7508  7507  5029  5030  0  0  0  0
796  9986  9985  7507  7508  0  0  0  0
74  2553  2552  74  75  0  0  0  0
315  5031  5030  2552  2553  0  0  0  0
556  7509  7508  5030  5031  0  0  0  0
797  9987  9986  7508  7509  0  0  0  0
75  2554  2553  75  76  0  0  0  0
316  5032  5031  2553  2554  0  0  0  0
557  7510  7509  5031  5032  0  0  0  0
798  9988  9987  7509  7510  0  0  0  0
76  2555  2554  76  77  0  0  0  0
317  5033  5032  2554  2555  0  0  0  0
558  7511  7510  5032  5033  0  0  0  0
799  9989  9988  7510  7511  0  0  0  0
77  2556  2555  77  78  0  0  0  0
318  5034  5033  2555  2556  0  0  0  0
559  7512  7511  5033  5034  0  0  0  0
800  9990  9989  7511  7512  0  0  0  0
78  2557  2556  78  79  0  0  0  0
319  5035  5034  2556  2557  0  0  0  0
560  7513  7512  5034  5035  0  0  0  0
801  9991  9990  7512  7513  0  0  0  0
79  2558  2557  79  80  0  0  0  0
320  5036  5035  2557  2558  0  0  0  0
561  7514  7513  5035  5036  0  0  0  0
802  9992  9991  7513  7514  0  0  0  0
80  2559  2558  80  81  0  0  0  0
321  5037  5036  2558  2559  0  0  0  0
562  7515  7514  5036  5037  0  0  0  0
803  9993  9992  7514  7515  0  0  0  0
81  2560  2559  81  82  0  0  0  0
322  5038  5037  2559  2560  0  0  0  0
563  7516  7515  5037  5038  0  0  0  0
804  9994  9993  7515  7516  0  0  0  0
82  2561  2560  82  83  0  0  0  0
323  5039  5038  2560  2561  0  0  0  0
564  7517  7516  5038  5039  0  0  0  0
805  9995  9994  7516  7517  0  0  0  0
83  2562  2561  83  84  0  0  0  0
324  5040  5039  2561  2562  0  0  0  0
565  7518  7517  5039  5040  0  0  0  0
806  9996  9995  7517  7518  0  0  0  0
84  2563  2562  84  85  0  0  0  0
325  5041  5040  2562  2563  0  0  0  0
566  7519  7518  5040  5041  0  0  0  0
807  9997  9996  7518  7519  0  0  0  0
85  2564  2563  85  86  0  0  0  0
326  5042  5041  2563  2564  0  0  0  0
567  7520  7519  5041  5042  0  0  0  0
808  9998  9997  7519  7520  0  0  0  0
86  2565  2564  86  87  0  0  0  0
327  5043  5042  2564  2565  0  0  0  0
568  7521  7520  5042  5043  0  0  0  0
809  9999  9998  7520  7521  0  0  0  0
87  2566  2565  87  88  0  0  0  0
328  5044  5043  2565  2566  0  0  0  0
569  7522  7521  5043  5044  0  0  0  0
810  10000  9999  7521  7522  0  0  0  0
88  2567  2566  88  89  0  0  0  0
329  5045  5044  2566  2567  0  0  0  0
570  7523  7522  5044  5045  0  0  0  0
811  10001  10000  7522  7523  0  0  0  0
89  2568  2567  89  90  0  0  0  0
330  5046  5045  2567  2568  0  0  0  0
571  7524  7523  5045  5046  0  0  0  0
812  10002  10001  7523  7524  0  0  0  0
90  2569  2568  90  91  0  0  0  0
331  5047  5046  2568  2569  0  0  0  0
572  7525  7524  5046  5047  0  0  0  0
813  10003  10002  7524  7525  0  0  0  0
91  2570  2569  91  92  0  0  0  0
332  5048  5047  2569  2570  0  0  0  0
573  7526  7525  5047  5048  0  0  0  0
814  10004  10003  7525  7526  0  0  0  0
92  2571  2570  92  93  0  0  0  0
333  5049  5048  2570  2571  0  0  0  0
574  7527  7526  5048  5049  0  0  0  0
815  10005  10004  7526  7527  0  0  0  0
93  2572  2571  93  94  0  0  0  0
334  5050  5049  2571  2572  0  0  0  0
575  7528  7527  5049  5050  0  0  0  0
816  10006  10005  7527  7528  0  0  0  0
94  2573  2572  94  95  0  0  0  0
335  5051  5050  2572  2573  0  0  0  0
576  7529  7528  5050  5051  0  0  0  0
817  10007  10006  7528  7529  0  0  0  0
95  2574  2573  95  96  0  0  0  0
336  5052  5051  2573  2574  0  0  0  0
577  7530  7529  5051  5052  0  0  0  0
818  10008  10007  7529  7530  0  0  0  0
96  2575  2574  96  97  0  0  0  0
337  5053  5052  2574  2575  0  0  0  0
578  7531  7530  5052  5053  0  0  0  0
819  10009  10008  7530  7531  0  0  0  0
97  2576  2575  97  98  0  0  0  0
338  5054  5053  2575  2576  0  0  0  0
579  7532  7531  5053  5054  0  0  0  0
820  10010  10009  7531  7532  0  0  0  0
98  2577  2576  98  99  0  0  0  0
339  5055  5054  2576  2577  0  0  0  0
580  7533  7532  5054  5055  0  0  0  0
821  10011  10010  7532  7533  0  0  0  0
99  2578  2577  99  100  0  0  0  0
340  5056  5055  2577  2578  0  0  0  0
581  7534  7533  5055  5056  0  0  0  0
822  10012  10011  7533  7534  0  0  0  0
100  2579  2578  100  101  0  0  0  0
341  5057  5056  2578  2579  0  0  0  0
582  7535  7534  5056  5057  0  0  0  0
823  10013  10012  7534  7535  0  0  0  0
101  2580  2579  101  102  0  0  0  0
342  5058  5057  2579  2580  0  0  0  0
583  7536  7535  5057  5058  0  0  0  0
824  10014  10013  7535  7536  0  0  0  0
102  2581  2580  102  103  0  0  0  0
343  5059  5058  2580  2581  0  0  0  0
584  7537  7536  5058  5059  0  0  0  0
825  10015  10014  7536  7537  0  0  0  0
103  2582  2581  103  104  0  0  0  0
344  5060  5059  2581  2582  0  0  0  0
585  7538  7537  5059  5060  0  0  0  0
826  10016  10015  7537  7538  0  0  0  0
104  2583  2582  104  105  0  0  0  0
345  5061  5060  2582  2583  0  0  0  0
586  7539  7538  5060  5061  0  0  0  0
827  10017  10016  7538  7539  0  0  0  0
105  2584  2583  105  106  0  0  0  0
346  5062  5061  2583  2584  0  0  0  0
587  7540  7539  5061  5062  0  0  0  0
828  10018  10017  7539  7540  0  0  0  0
106  2585  2584  106  107  0  0  0  0
347  5063  5062  2584  2585  0  0  0  0
588  7541  7540  5062  5063  0  0  0  0
829  10019  10018  7540  7541  0  0  0  0
107  2586  2585  107  108  0  0  0  0
348  5064  5063  2585  2586  0  0  0  0
589  7542  7541  5063  5064  0  0  0  0
830  10020  10019  7541  7542  0  0  0  0
108  2587  2586  108  109  0  0  0  0
349  5065  5064  2586  2587  0  0  0  0
590  7543  7542  5064  5065  0  0  0  0
831  10021  10020  7542  7543  0  0  0  0
109  2588  2587  109  110  0  0  0  0
350  5066  5065  2587  2588  0  0  0  0
591  7544  7543  5065  5066  0  0  0  0
832  10022  10021  7543  7544  0  0  0  0
110  2589  2588  110  111  0  0  0  0
351  5067  5066  2588  2589  0  0  0  0
592  7545  7544  5066  5067  0  0  0  0
833  10023  10022  7544  7545  0  0  0  0
111  2590  2589  111  112  0  0  0  0
352  5068  5067  2589  2590  0  0  0  0
593  7546  7545  5067  5068  0  0  0  0
834  10024  10023  7545  7546  0  0  0  0
112  2591  2590  112  113  0  0  0  0
353  5069  5068  2590  2591  0  0  0  0
594  7547  7546  5068  5069  0  0  0  0
835  10025  10024  7546  7547  0  0  0  0
113  2592  2591  113  114  0  0  0  0
354  5070  5069  2591  2592  0  0  0  0
595  7548  7547  5069  5070  0  0  0  0
836  10026  10025  7547  7548  0  0  0  0
114  2593  2592  114  115  0  0  0  0
355  5071  5070  2592  2593  0  0  0  0
596  7549  7548  5070  5071  0  0  0  0
837  10027  10026  7548  7549  0  0  0  0
115  2594  2593  115  116  0  0  0  0
356  5072  5071  2593  2594  0  0  0  0
597  7550  7549  5071  5072  0  0  0  0
838  10028  10027  7549  7550  0  0  0  0
116  2595  2594  116  117  0  0  0  0
357  5073  5072  2594  2595  0  0  0  0
598  7551  7550  5072  5073  0  0  0  0
839  10029  10028  7550  7551  0  0  0  0
117  2596  2595  117  118  0  0  0  0
358  5074  5073  2595  2596  0  0  0  0
599  7552  7551  5073  5074  0  0  0  0
840  10030  10029  7551  7552  0  0  0  0
118  2597  2596  118  119  0  0  0  0
359  5075  5074  2596  2597  0  0  0  0
600  7553  7552  5074  5075  0  0  0  0
841  10031  10030  7552  7553  0  0  0  0
119  2598  2597  119  120  0  0  0  0
360  5076  5075  2597  2598  0  0  0  0
601  7554  7553  5075  5076  0  0  0  0
842  10032  10031  7553  7554  0  0  0  0
120  2599  2598  120  121  0  0  0  0
361  5077  5076  2598  2599  0  0  0  0
602  7555  7554  5076  5077  0  0  0  0
843  10033  10032  7554  7555  0  0  0  0
121  2600  2599  121  122  0  0  0  0
362  5078  5077  2599  2600  0  0  0  0
603  7556  7555  5077  5078  0  0  0  0
844  10034  10033  7555  7556  0  0  0  0
122  2601  2600  122  123  0  0  0  0
363  5079  5078  2600  2601  0  0  0  0
604  7557  7556  5078  5079  0  0  0  0
845  10035  10034  7556  7557  0  0  0  0
123  2602  2601  123  124  0  0  0  0
364  5080  5079  2601  2602  0  0  0  0
605  7558  7557  5079  5080  0  0  0  0
846  10036  10035  7557  7558  0  0  0  0
124  2603  2602  124  125  0  0  0  0
365  5081  5080  2602  2603  0  0  0  0
606  7559  7558  5080  5081  0  0  0  0
847  10037  10036  7558  7559  0  0  0  0
125  2604  2603  125  126  0  0  0  0
366  5082  5081  2603  2604  0  0  0  0
607  7560  7559  5081  5082  0  0  0  0
848  10038  10037  7559  7560  0  0  0  0
126  2605  2604  126  127  0  0  0  0
367  5083  5082  2604  2605  0  0  0  0
608  7561  7560  5082  5083  0  0  0  0
849  10039  10038  7560  7561  0  0  0  0
127  2606  2605  127  128  0  0  0  0
368  5084  5083  2605  2606  0  0  0  0
609  7562  7561  5083  5084  0  0  0  0
850  10040  10039  7561  7562  0  0  0  0
128  2607  2606  128  129  0  0  0  0
369  5085  5084  2606  2607  0  0  0  0
610  7563  7562  5084  5085  0  0  0  0
851  10041  10040  7562  7563  0  0  0  0
129  2608  2607  129  130  0  0  0  0
370  5086  5085  2607  2608  0  0  0  0
611  7564  7563  5085  5086  0  0  0  0
852  10042  10041  7563  7564  0  0  0  0
130  2609  2608  130  131  0  0  0  0
371  5087  5086  2608  2609  0  0  0  0
612  7565  7564  5086  5087  0  0  0  0
853  10043  10042  7564  7565  0  0  0  0
131  2610  2609  131  132  0  0  0  0
372  5088  5087  2609  2610  0  0  0  0
613  7566  7565  5087  5088  0  0  0  0
854  10044  10043  7565  7566  0  0  0  0
132  2611  2610  132  133  0  0  0  0
373  5089  5088  2610  2611  0  0  0  0
614  7567  7566  5088  5089  0  0  0  0
855  10045  10044  7566  7567  0  0  0  0
133  2612  2611  133  134  0  0  0  0
374  5090  5089  2611  2612  0  0  0  0
615  7568  7567  5089  5090  0  0  0  0
856  10046  10045  7567  7568  0  0  0  0
134  2613  2612  134  135  0  0  0  0
375  5091  5090  2612  2613  0  0  0  0
616  7569  7568  5090  5091  0  0  0  0
857  10047  10046  7568  7569  0  0  0  0
135  2614  2613  135  136  0  0  0  0
376  5092  5091  2613  2614  0  0  0  0
617  7570  7569  5091  5092  0  0  0  0
858  10048  10047  7569  7570  0  0  0  0
136  2615  2614  136  137  0  0  0  0
377  5093  5092  2614  2615  0  0  0  0
618  7571  7570  5092  5093  0  0  0  0
859  10049  10048  7570  7571  0  0  0  0
137  2616  2615  137  138  0  0  0  0
378  5094  5093  2615  2616  0  0  0  0
619  7572  7571  5093  5094  0  0  0  0
860  10050  10049  7571  7572  0  0  0  0
138  2617  2616  138  139  0  0  0  0
379  5095  5094  2616  2617  0  0  0  0
620  7573  7572  5094  5095  0  0  0  0
861  10051  10050  7572  7573  0  0  0  0
139  2618  2617  139  140  0  0  0  0
380  5096  5095  2617  2618  0  0  0  0
621  7574  7573  5095  5096  0  0  0  0
862  10052  10051  7573  7574  0  0  0  0
140  2619  2618  140  141  0  0  0  0
381  5097  5096  2618  2619  0  0  0  0
622  7575  7574  5096  5097  0  0  0  0
863  10053  10052  7574  7575  0  0  0  0
141  2620  2619  141  142  0  0  0  0
382  5098  5097  2619  2620  0  0  0  0
623  7576  7575  5097  5098  0  0  0  0
864  10054  10053  7575  7576  0  0  0  0
142  2621  2620  142  143  0  0  0  0
383  5099  5098  2620  2621  0  0  0  0
624  7577  7576  5098  5099  0  0  0  0
865  10055  10054  7576  7577  0  0  0  0
143  2622  2621  143  144  0  0  0  0
384  5100  5099  2621  2622  0  0  0  0
625  7578  7577  5099  5100  0  0  0  0
866  10056  10055  7577  7578  0  0  0  0
144  2623  2622  144  145  0  0  0  0
385  5101  5100  2622  2623  0  0  0  0
626  7579  7578  5100  5101  0  0  0  0
867  10057  10056  7578  7579  0  0  0  0
145  2624  2623  145  146  0  0  0  0
386  5102  5101  2623  2624  0  0  0  0
627  7580  7579  5101  5102  0  0  0  0
868  10058  10057  7579  7580  0  0  0  0
146  2625  2624  146  147  0  0  0  0
387  5103  5102  2624  2625  0  0  0  0
628  7581  7580  5102  5103  0  0  0  0
869  10059  10058  7580  7581  0  0  0  0
147  2626  2625  147  148  0  0  0  0
388  5104  5103  2625  2626  0  0  0  0
629  7582  7581  5103  5104  0  0  0  0
870  10060  10059  7581  7582  0  0  0  0
148  2627  2626  148  149  0  0  0  0
389  5105  5104  2626  2627  0  0  0  0
630  7583  7582  5104  5105  0  0  0  0
871  10061  10060  7582  7583  0  0  0  0
149  2628  2627  149  150  0  0  0  0
390  5106  5105  2627  2628  0  0  0  0
631  7584  7583  5105  5106  0  0  0  0
872  10062  10061  7583  7584  0  0  0  0
150  2629  2628  150  151  0  0  0  0
391  5107  5106  2628  2629  0  0  0  0
632  7585  7584  5106  5107  0  0  0  0
873  10063  10062  7584  7585  0  0  0  0
151  2630  2629  151  152  0  0  0  0
392  5108  5107  2629  2630  0  0  0  0
633  7586  7585  5107  5108  0  0  0  0
874  10064  10063  7585  7586  0  0  0  0
152  2631  2630  152  153  0  0  0  0
393  5109  5108  2630  2631  0  0  0  0
634  7587  7586  5108  5109  0  0  0  0
875  10065  10064  7586  7587  0  0  0  0
153  2632  2631  153  154  0  0  0  0
394  5110  5109  2631  2632  0  0  0  0
635  7588  7587  5109  5110  0  0  0  0
876  10066  10065  7587  7588  0  0  0  0
154  2633  2632  154  155  0  0  0  0
395  5111  5110  2632  2633  0  0  0  0
636  7589  7588  5110  5111  0  0  0  0
877  10067  10066  7588  7589  0  0  0  0
155  2634  2633  155  156  0  0  0  0
396  5112  5111  2633  2634  0  0  0  0
637  7590  7589  5111  5112  0  0  0  0
878  10068  10067  7589  7590  0  0  0  0
156  2635  2634  156  157  0  0  0  0
397  5113  5112  2634  2635  0  0  0  0
638  7591  7590  5112  5113  0  0  0  0
879  10069  10068  7590  7591  0  0  0  0
157  2636  2635  157  158  0  0  0  0
398  5114  5113  2635  2636  0  0  0  0
639  7592  7591  5113  5114  0  0  0  0
880  10070  10069  7591  7592  0  0  0  0
158  2637  2636  158  159  0  0  0  0
399  5115  5114  2636  2637  0  0  0  0
640  7593  7592  5114  5115  0  0  0  0
881  10071  10070  7592  7593  0  0  0  0
159  2638  2637  159  160  0  0  0  0
400  5116  5115  2637  2638  0  0  0  0
641  7594  7593  5115  5116  0  0  0  0
882  10072  10071  7593  7594  0  0  0  0
160  2639  2638  160  161  0  0  0  0
401  5117  5116  2638  2639  0  0  0  0
642  7595  7594  5116  5117  0  0  0  0
883  10073  10072  7594  7595  0  0  0  0
161  2640  2639  161  162  0  0  0  0
402  5118  5117  2639  2640  0  0  0  0
643  7596  7595  5117  5118  0  0  0  0
884  10074  10073  7595  7596  0  0  0  0
162  2641  2640  162  163  0  0  0  0
403  5119  5118  2640  2641  0  0  0  0
644  7597  7596  5118  5119  0  0  0  0
885  10075  10074  7596  7597  0  0  0  0
163  2642  2641  163  164  0  0  0  0
404  5120  5119  2641  2642  0  0  0  0
645  7598  7597  5119  5120  0  0  0  0
886  10076  10075  7597  7598  0  0  0  0
164  2643  2642  164  165  0  0  0  0
405  5121  5120  2642  2643  0  0  0  0
646  7599  7598  5120  5121  0  0  0  0
887  10077  10076  7598  7599  0  0  0  0
165  2644  2643  165  166  0  0  0  0
406  5122  5121  2643  2644  0  0  0  0
647  7600  7599  5121  5122  0  0  0  0
888  10078  10077  7599  7600  0  0  0  0
166  2645  2644  166  167  0  0  0  0
407  5123  5122  2644  2645  0  0  0  0
648  7601  7600  5122  5123  0  0  0  0
889  10079  10078  7600  7601  0  0  0  0
167  2646  2645  167  168  0  0  0  0
408  5124  5123  2645  2646  0  0  0  0
649  7602  7601  5123  5124  0  0  0  0
890  10080  10079  7601  7602  0  0  0  0
168  2647  2646  168  169  0  0  0  0
409  5125  5124  2646  2647  0  0  0  0
650  7603  7602  5124  5125  0  0  0  0
891  10081  10080  7602  7603  0  0  0  0
169  2648  2647  169  170  0  0  0  0
410  5126  5125  2647  2648  0  0  0  0
651  7604  7603  5125  5126  0  0  0  0
892  10082  10081  7603  7604  0  0  0  0
170  2649  2648  170  171  0  0  0  0
411  5127  5126  2648  2649  0  0  0  0
652  7605  7604  5126  5127  0  0  0  0
893  10083  10082  7604  7605  0  0  0  0
171  2650  2649  171  172  0  0  0  0
412  5128  5127  2649  2650  0  0  0  0
653  7606  7605  5127  5128  0  0  0  0
894  10084  10083  7605  7606  0  0  0  0
172  2651  2650  172  173  0  0  0  0
413  5129  5128  2650  2651  0  0  0  0
654  7607  7606  5128  5129  0  0  0  0
895  10085  10084  7606  7607  0  0  0  0
173  2652  2651  173  174  0  0  0  0
414  5130  5129  2651  2652  0  0  0  0
655  7608  7607  5129  5130  0  0  0  0
896  10086  10085  7607  7608  0  0  0  0
174  2653  2652  174  175  0  0  0  0
415  5131  5130  2652  2653  0  0  0  0
656  7609  7608  5130  5131  0  0  0  0
897  10087  10086  7608  7609  0  0  0  0
175  2654  2653  175  176  0  0  0  0
416  5132  5131  2653  2654  0  0  0  0
657  7610  7609  5131  5132  0  0  0  0
898  10088  10087  7609  7610  0  0  0  0
176  2655  2654  176  177  0  0  0  0
417  5133  5132  2654  2655  0  0  0  0
658  7611  7610  5132  5133  0  0  0  0
899  10089  10088  7610  7611  0  0  0  0
177  2656  2655  177  178  0  0  0  0
418  5134  5133  2655  2656  0  0  0  0
659  7612  7611  5133  5134  0  0  0  0
900  10090  10089  7611  7612  0  0  0  0
178  2657  2656  178  179  0  0  0  0
419  5135  5134  2656  2657  0  0  0  0
660  7613  7612  5134  5135  0  0  0  0
901  10091  10090  7612  7613  0  0  0  0
179  2658  2657  179  180  0  0  0  0
420  5136  5135  2657  2658  0  0  0  0
661  7614  7613  5135  5136  0  0  0  0
902  10092  10091  7613  7614  0  0  0  0
180  2659  2658  180  181  0  0  0  0
421  5137  5136  2658  2659  0  0  0  0
662  7615  7614  5136  5137  0  0  0  0
903  10093  10092  7614  7615  0  0  0  0
181  2660  2659  181  182  0  0  0  0
422  5138  5137  2659  2660  0  0  0  0
663  7616  7615  5137  5138  0  0  0  0
904  10094  10093  7615  7616  0  0  0  0
182  2661  2660  182  183  0  0  0  0
423  5139  5138  2660  2661  0  0  0  0
664  7617  7616  5138  5139  0  0  0  0
905  10095  10094  7616  7617  0  0  0  0
183  2662  2661  183  184  0  0  0  0
424  5140  5139  2661  2662  0  0  0  0
665  7618  7617  5139  5140  0  0  0  0
906  10096  10095  7617  7618  0  0  0  0
184  2663  2662  184  185  0  0  0  0
425  5141  5140  2662  2663  0  0  0  0
666  7619  7618  5140  5141  0  0  0  0
907  10097  10096  7618  7619  0  0  0  0
185  2664  2663  185  186  0  0  0  0
426  5142  5141  2663  2664  0  0  0  0
667  7620  7619  5141  5142  0  0  0  0
908  10098  10097  7619  7620  0  0  0  0
186  2665  2664  186  187  0  0  0  0
427  5143  5142  2664  2665  0  0  0  0
668  7621  7620  5142  5143  0  0  0  0
909  10099  10098  7620  7621  0  0  0  0
187  2666  2665  187  188  0  0  0  0
428  5144  5143  2665  2666  0  0  0  0
669  7622  7621  5143  5144  0  0  0  0
910  10100  10099  7621  7622  0  0  0  0
188  2667  2666  188  189  0  0  0  0
429  5145  5144  2666  2667  0  0  0  0
670  7623  7622  5144  5145  0  0  0  0
911  10101  10100  7622  7623  0  0  0  0
189  2668  2667  189  190  0  0  0  0
430  5146  5145  2667  2668  0  0  0  0
671  7624  7623  5145  5146  0  0  0  0
912  10102  10101  7623  7624  0  0  0  0
190  2669  2668  190  191  0  0  0  0
431  5147  5146  2668  2669  0  0  0  0
672  7625  7624  5146  5147  0  0  0  0
913  10103  10102  7624  7625  0  0  0  0
191  2670  2669  191  192  0  0  0  0
432  5148  5147  2669  2670  0  0  0  0
673  7626  7625  5147  5148  0  0  0  0
914  10104  10103  7625  7626  0  0  0  0
192  2671  2670  192  193  0  0  0  0
433  5149  5148  2670  2671  0  0  0  0
674  7627  7626  5148  5149  0  0  0  0
915  10105  10104  7626  7627  0  0  0  0
193  2672  2671  193  194  0  0  0  0
434  5150  5149  2671  2672  0  0  0  0
675  7628  7627  5149  5150  0  0  0  0
916  10106  10105  7627  7628  0  0  0  0
194  2673  2672  194  195  0  0  0  0
435  5151  5150  2672  2673  0  0  0  0
676  7629  7628  5150  5151  0  0  0  0
917  10107  10106  7628  7629  0  0  0  0
195  2674  2673  195  196  0  0  0  0
436  5152  5151  2673  2674  0  0  0  0
677  7630  7629  5151  5152  0  0  0  0
918  10108  10107  7629  7630  0  0  0  0
196  2675  2674  196  197  0  0  0  0
437  5153  5152  2674  2675  0  0  0  0
678  7631  7630  5152  5153  0  0  0  0
919  10109  10108  7630  7631  0  0  0  0
197  2676  2675  197  198  0  0  0  0
438  5154  5153  2675  2676  0  0  0  0
679  7632  7631  5153  5154  0  0  0  0
920  10110  10109  7631  7632  0  0  0  0
198  2677  2676  198  199  0  0  0  0
439  5155  5154  2676  2677  0  0  0  0
680  7633  7632  5154  5155  0  0  0  0
921  10111  10110  7632  7633  0  0  0  0
199  2678  2677  199  200  0  0  0  0
440  5156  5155  2677  2678  0  0  0  0
681  7634  7633  5155  5156  0  0  0  0
922  10112  10111  7633  7634  0  0  0  0
200  2479  2678  200  1  0  0  0  0
441  4957  5156  2678  2479  0  0  0  0
682  7435  7634  5156  4957  0  0  0  0
923  9913  10112  7634  7435  0  0  0  0
201  2679  2628  150  201  0  0  0  0
442  5157  5106  2628  2679  0  0  0  0
683  7635  7584  5106  5157  0  0  0  0
924  10113  10062  7584  7635  0  0  0  0
202  2680  2679  201  202  0  0  0  0
443  5158  5157  2679  2680  0  0  0  0
684  7636  7635  5157  5158  0  0  0  0
925  10114  10113  7635  7636  0  0  0  0
203  2681  2680  202  203  0  0  0  0
444  5159  5158  2680  2681  0  0  0  0
685  7637  7636  5158  5159  0  0  0  0
926  10115  10114  7636  7637  0  0  0  0
204  2682  2681  203  204  0  0  0  0
445  5160  5159  2681  2682  0  0  0  0
686  7638  7637  5159  5160  0  0  0  0
927  10116  10115  7637  7638  0  0  0  0
205  2683  2682  204  205  0  0  0  0
446  5161  5160  2682  2683  0  0  0  0
687  7639  7638  5160  5161  0  0  0  0
928  10117  10116  7638  7639  0  0  0  0
206  2684  2683  205  206  0  0  0  0
447  5162  5161  2683  2684  0  0  0  0
688  7640  7639  5161  5162  0  0  0  0
929  10118  10117  7639  7640  0  0  0  0
207  2685  2684  206  207  0  0  0  0
448  5163  5162  2684  2685  0  0  0  0
689  7641  7640  5162  5163  0  0  0  0
930  10119  10118  7640  7641  0  0  0  0
208  2686  2685  207  208  0  0  0  0
449  5164  5163  2685  2686  0  0  0  0
690  7642  7641  5163  5164  0  0  0  0
931  10120  10119  7641  7642  0  0  0  0
209  2687  2686  208  209  0  0  0  0
450  5165  5164  2686  2687  0  0  0  0
691  7643  7642  5164  5165  0  0  0  0
932  10121  10120  7642  7643  0  0  0  0
210  2688  2687  209  210  0  0  0  0
451  5166  5165  2687  2688  0  0  0  0
692  7644  7643  5165  5166  0  0  0  0
933  10122  10121  7643  7644  0  0  0  0
211  2689  2688  210  211  0  0  0  0
452  5167  5166  2688  2689  0  0  0  0
693  7645  7644  5166  5167  0  0  0  0
934  10123  10122  7644  7645  0  0  0  0
212  2690  2689  211  212  0  0  0  0
453  5168  5167  2689  2690  0  0  0  0
694  7646  7645  5167  5168  0  0  0  0
935  10124  10123  7645  7646  0  0  0  0
213  2691  2690  212  213  0  0  0  0
454  5169  5168  2690  2691  0  0  0  0
695  7647  7646  5168  5169  0  0  0  0
936  10125  10124  7646  7647  0  0  0  0
214  2692  2691  213  214  0  0  0  0
455  5170  5169  2691  2692  0  0  0  0
696  7648  7647  5169  5170  0  0  0  0
937  10126  10125  7647  7648  0  0  0  0
215  2693  2692  214  215  0  0  0  0
456  5171  5170  2692  2693  0  0  0  0
697  7649  7648  5170  5171  0  0  0  0
938  10127  10126  7648  7649  0  0  0  0
216  2694  2693  215  216  0  0  0  0
457  5172  5171  2693  2694  0  0  0  0
698  7650  7649  5171  5172  0  0  0  0
939  10128  10127  7649  7650  0  0  0  0
217  2695  2694  216  217  0  0  0  0
458  5173  5172  2694  2695  0  0  0  0
699  7651  7650  5172  5173  0  0  0  0
940  10129  10128  7650  7651  0  0  0  0
218  2696  2695  217  218  0  0  0  0
459  5174  5173  2695  2696  0  0  0  0
700  7652  7651  5173  5174  0  0  0  0
941  10130  10129  7651  7652  0  0  0  0
219  2697  2696  218  219  0  0  0  0
460  5175  5174  2696  2697  0  0  0  0
701  7653  7652  5174  5175  0  0  0  0
942  10131  10130  7652  7653  0  0  0  0
220  2530  2697  219  52  0  0  0  0
461  5008  5175  2697  2530  0  0  0  0
702  7486  7653  5175  5008  0  0  0  0
943  9964  10131  7653  7486  0  0  0  0
221  2698  2605  127  220  0  0  0  0
462  5176  5083  2605  2698  0  0  0  0
703  7654  7561  5083  5176  0  0  0  0
944  10132  10039  7561  7654  0  0  0  0
222  2699  2698  220  221  0  0  0  0
463  5177  5176  2698  2699  0  0  0  0
704  7655  7654  5176  5177  0  0  0  0
945  10133  10132  7654  7655  0  0  0  0
223  2700  2699  221  222  0  0  0  0
464  5178  5177  2699  2700  0  0  0  0
705  7656  7655  5177  5178  0  0  0  0
946  10134  10133  7655  7656  0  0  0  0
224  2701  2700  222  223  0  0  0  0
465  5179  5178  2700  2701  0  0  0  0
706  7657  7656  5178  5179  0  0  0  0
947  10135  10134  7656  7657  0  0  0  0
225  2702  2701  223  224  0  0  0  0
466  5180  5179  2701  2702  0  0  0  0
707  7658  7657  5179  5180  0  0  0  0
948  10136  10135  7657  7658  0  0  0  0
226  2703  2702  224  225  0  0  0  0
467  5181  5180  2702  2703  0  0  0  0
708  7659  7658  5180  5181  0  0  0  0
949  10137  10136  7658  7659  0  0  0  0
227  2704  2703  225  226  0  0  0  0
468  5182  5181  2703  2704  0  0  0  0
709  7660  7659  5181  5182  0  0  0  0
950  10138  10137  7659  7660  0  0  0  0
228  2705  2704  226  227  0  0  0  0
469  5183  5182  2704  2705  0  0  0  0
710  7661  7660  5182  5183  0  0  0  0
951  10139  10138  7660  7661  0  0  0  0
229  2706  2705  227  228  0  0  0  0
470  5184  5183  2705  2706  0  0  0  0
711  7662  7661  5183  5184  0  0  0  0
952  10140  10139  7661  7662  0  0  0  0
230  2707  2706  228  229  0  0  0  0
471  5185  5184  2706  2707  0  0  0  0
712  7663  7662  5184  5185  0  0  0  0
953  10141  10140  7662  7663  0  0  0  0
231  2708  2707  229  230  0  0  0  0
472  5186  5185  2707  2708  0  0  0  0
713  7664  7663  5185  5186  0  0  0  0
954  10142  10141  7663  7664  0  0  0  0
232  2709  2708  230  231  0  0  0  0
473  5187  5186  2708  2709  0  0  0  0
714  7665  7664  5186  5187  0  0  0  0
955  10143  10142  7664  7665  0  0  0  0
233  2710  2709  231  232  0  0  0  0
474  5188  5187  2709  2710  0  0  0  0
715  7666  7665  5187  5188  0  0  0  0
956  10144  10143  7665  7666  0  0  0  0
234  2711  2710  232  233  0  0  0  0
475  5189  5188  2710  2711  0  0  0  0
716  7667  7666  5188  5189  0  0  0  0
957  10145  10144  7666  7667  0  0  0  0
235  2712  2711  233  234  0  0  0  0
476  5190  5189  2711  2712  0  0  0  0
717  7668  7667  5189  5190  0  0  0  0
958  10146  10145  7667  7668  0  0  0  0
236  2713  2712  234  235  0  0  0  0
477  5191  5190  2712  2713  0  0  0  0
718  7669  7668  5190  5191  0  0  0  0
959  10147  10146  7668  7669  0  0  0  0
237  2714  2713  235  236  0  0  0  0
478  5192  5191  2713  2714  0  0  0  0
719  7670  7669  5191  5192  0  0  0  0
960  10148  10147  7669  7670  0  0  0  0
238  2715  2714  236  237  0  0  0  0
479  5193  5192  2714  2715  0  0  0  0
720  7671  7670  5192  5193  0  0  0  0
961  10149  10148  7670  7671  0  0  0  0
239  2716  2715  237  238  0  0  0  0
480  5194  5193  2715  2716  0  0  0  0
721  7672  7671  5193  5194  0  0  0  0
962  10150  10149  7671  7672  0  0  0  0
240  2717  2716  238  239  0  0  0  0
481  5195  5194  2716  2717  0  0  0  0
722  7673  7672  5194  5195  0  0  0  0
963  10151  10150  7672  7673  0  0  0  0
241  2553  2717  239  75  0  0  0  0
482  5031  5195  2717  2553  0  0  0  0
723  7509  7673  5195  5031  0  0  0  0
964  9987  10151  7673  7509  0  0  0  0
