1  -1.23620000e+00  -4.73926530e-03
2  -1.21778066e+00  -1.96037909e-03
3  -1.19932766e+00  5.79624014e-04
4  -1.18084262e+00  2.88168033e-03
5  -1.16232725e+00  4.92446719e-03
6  -1.14379040e+00  6.76291755e-03
7  -1.12522528e+00  8.28856267e-03
8  -1.10664306e+00  9.59047975e-03
9  -1.08804136e+00  1.05680357e-02
10  -1.06942435e+00  1.12001530e-02
11  -1.05080000e+00  1.15320526e-02
12  -1.02479186e+00  1.13560965e-02
13  -1.00574023e+00  1.08356155e-02
14  -9.86698716e-01  1.00132505e-02
15  -9.67672592e-01  8.89675242e-03
16  -9.48674678e-01  7.37888564e-03
17  -9.29698614e-01  5.59982168e-03
18  -9.10752954e-01  3.52563343e-03
19  -8.91844543e-01  1.13459185e-03
20  -8.72969952e-01  -1.51098340e-03
21  -8.54135863e-01  -4.42874284e-03
22  -8.35351821e-01  -7.65499444e-03
23  -8.16612872e-01  -1.11350387e-02
24  -7.97901393e-01  -1.47598129e-02
25  -7.79234081e-01  -1.86053191e-02
26  -7.60615350e-01  -2.26787359e-02
27  -7.42025301e-01  -2.68820641e-02
28  -7.23458497e-01  -3.11868338e-02
29  -7.04926452e-01  -3.56391886e-02
30  -6.86444137e-01  -4.02934369e-02
31  -6.67973330e-01  -4.49934091e-02
32  -6.49511064e-01  -4.97268059e-02
33  -6.31059368e-01  -5.45012227e-02
34  -6.12625394e-01  -5.93436717e-02
35  -5.94196189e-01  -6.42042364e-02
36  -5.75766241e-01  -6.90619863e-02
37  -5.57333684e-01  -7.39098303e-02
38  -5.38907847e-01  -7.87831526e-02
39  -5.20468573e-01  -8.36053089e-02
40  -5.02013926e-01  -8.83681190e-02
41  -4.83537988e-01  -9.30479047e-02
42  -4.65041807e-01  -9.76469558e-02
43  -4.46534414e-01  -1.02200692e-01
44  -4.28010211e-01  -1.06684964e-01
45  -4.09443948e-01  -1.10992441e-01
46  -3.90854185e-01  -1.15197029e-01
47  -3.72244447e-01  -1.19312203e-01
48  -3.53610800e-01  -1.23318067e-01
49  -3.28000000e-01  -1.28633904e-01
50  -3.09540162e-01  -1.32283215e-01
51  -2.91046449e-01  -1.35754081e-01
52  -2.72521175e-01  -1.39054796e-01
53  -2.53965411e-01  -1.42179991e-01
54  -2.35376434e-01  -1.45099622e-01
55  -2.16766552e-01  -1.47883322e-01
56  -1.98137324e-01  -1.50535602e-01
57  -1.79470216e-01  -1.52905945e-01
58  -1.60784750e-01  -1.55125388e-01
59  -1.42080340e-01  -1.57176753e-01
60  -1.23349676e-01  -1.58978269e-01
61  -1.04606091e-01  -1.60639286e-01
62  -8.58470023e-02  -1.62107092e-01
63  -6.70737465e-02  -1.63388484e-01
64  -4.82903387e-02  -1.64513945e-01
65  -2.94916662e-02  -1.65339975e-01
66  -1.06858352e-02  -1.65982172e-01
67  8.12493251e-03  -1.66464045e-01
68  2.69392949e-02  -1.66778039e-01
69  4.57563207e-02  -1.66807698e-01
70  6.45712295e-02  -1.66556870e-01
71  8.33826368e-02  -1.66105390e-01
72  1.02188183e-01  -1.65456312e-01
73  1.20984353e-01  -1.64570047e-01
74  1.39768665e-01  -1.63459712e-01
75  1.58533799e-01  -1.62064236e-01
76  1.77277767e-01  -1.60411283e-01
77  1.96000000e-01  -1.58528265e-01
78  2.16755615e-01  -1.56141487e-01
79  2.35167526e-01  -1.53732115e-01
80  2.53545752e-01  -1.51076211e-01
81  2.71887851e-01  -1.48182704e-01
82  2.90178079e-01  -1.44976210e-01
83  3.08417587e-01  -1.41492179e-01
84  3.26608129e-01  -1.37761211e-01
85  3.44729336e-01  -1.33707497e-01
86  3.62763877e-01  -1.29283729e-01
87  3.80725007e-01  -1.24571883e-01
88  3.98590918e-01  -1.19511275e-01
89  4.16349620e-01  -1.14087038e-01
90  4.36300000e-01  -1.07510393e-01
91  4.54109840e-01  -1.01062987e-01
92  4.71744424e-01  -9.41526887e-02
93  4.89135999e-01  -8.66523888e-02
94  5.06174417e-01  -7.83808041e-02
95  5.22717130e-01  -6.91680547e-02
96  5.38595248e-01  -5.88471251e-02
97  5.53594238e-01  -4.72908554e-02
98  5.67209269e-01  -3.41537222e-02
99  5.77550955e-01  -1.83696523e-02
100  5.81700000e-01  0.00000000e+00
101  5.78969896e-01  1.80263563e-02
102  5.70862856e-01  3.43253538e-02
103  5.59364318e-01  4.84956214e-02
104  5.46007761e-01  6.09476433e-02
105  5.31585606e-01  7.21599278e-02
106  5.16590551e-01  8.25962621e-02
107  5.01200220e-01  9.24438289e-02
108  4.85365831e-01  1.01557722e-01
109  4.69229758e-01  1.10127174e-01
110  4.52842845e-01  1.18207816e-01
111  4.36300000e-01  1.25965605e-01
112  4.16534321e-01  1.34472187e-01
113  3.98907969e-01  1.41552197e-01
114  3.81152281e-01  1.48301399e-01
115  3.63271622e-01  1.54712253e-01
116  3.45278937e-01  1.60802207e-01
117  3.27184816e-01  1.66584153e-01
118  3.08983690e-01  1.72019657e-01
119  2.90720896e-01  1.77245043e-01
120  2.72367550e-01  1.82141528e-01
121  2.53953410e-01  1.86805153e-01
122  2.35453558e-01  1.91112689e-01
123  2.16908936e-01  1.95227713e-01
124  1.96000000e-01  1.99532861e-01
125  1.77525666e-01  2.03068902e-01
126  1.59021263e-01  2.06440148e-01
127  1.40457795e-01  2.09473701e-01
128  1.21860399e-01  2.12292037e-01
129  1.03225764e-01  2.14851422e-01
130  8.45648789e-02  2.17210885e-01
131  6.58766813e-02  2.19340296e-01
132  4.71617127e-02  2.21223482e-01
133  2.84234011e-02  2.22860733e-01
134  9.66054452e-03  2.24184666e-01
135  -9.11392765e-03  2.25332612e-01
136  -2.78996553e-02  2.26267133e-01
137  -4.66982412e-02  2.26912795e-01
138  -6.55037699e-02  2.27310426e-01
139  -8.43121522e-02  2.27489521e-01
140  -1.03120888e-01  2.27434036e-01
141  -1.21928039e-01  2.27125734e-01
142  -1.40728598e-01  2.26538258e-01
143  -1.59519490e-01  2.25712109e-01
144  -1.78301673e-01  2.24699540e-01
145  -1.97075009e-01  2.23530009e-01
146  -2.15831389e-01  2.22114401e-01
147  -2.34570544e-01  2.20492873e-01
148  -2.53294602e-01  2.18700310e-01
149  -2.72006034e-01  2.16779774e-01
150  -2.90687346e-01  2.14587559e-01
151  -3.09351368e-01  2.12252345e-01
152  -3.28000000e-01  2.09795857e-01
153  -3.53838414e-01  2.05999330e-01
154  -3.72708964e-01  2.03101354e-01
155  -3.91561668e-01  2.00089938e-01
156  -4.10399156e-01  1.96984758e-01
157  -4.29219450e-01  1.93776478e-01
158  -4.48019540e-01  1.90452091e-01
159  -4.66811709e-01  1.87083018e-01
160  -4.85592726e-01  1.83652935e-01
161  -5.04345635e-01  1.80071763e-01
162  -5.23071937e-01  1.76354456e-01
163  -5.41789483e-01  1.72592802e-01
164  -5.60501143e-01  1.68802161e-01
165  -5.79193142e-01  1.64915543e-01
166  -5.97884266e-01  1.61024714e-01
167  -6.16555241e-01  1.57039284e-01
168  -6.35203501e-01  1.52947975e-01
169  -6.53863734e-01  1.48911596e-01
170  -6.72488435e-01  1.44714583e-01
171  -6.91118445e-01  1.40541186e-01
172  -7.09753407e-01  1.36389865e-01
173  -7.28370052e-01  1.32157050e-01
174  -7.46963742e-01  1.27824539e-01
175  -7.65576539e-01  1.23575108e-01
176  -7.84178466e-01  1.19278514e-01
177  -8.02764409e-01  1.14912808e-01
178  -8.21346132e-01  1.10529222e-01
179  -8.39908185e-01  1.06063043e-01
180  -8.58482740e-01  1.01649164e-01
181  -8.77053861e-01  9.72208421e-02
182  -8.95608206e-01  9.27228663e-02
183  -9.14145417e-01  8.81547543e-02
184  -9.32671849e-01  8.35430482e-02
185  -9.51212156e-01  7.89878052e-02
186  -9.69753188e-01  7.44356360e-02
187  -9.88273276e-01  6.97985220e-02
188  -1.00679654e+00  6.51741542e-02
189  -1.02532481e+00  6.05698400e-02
190  -1.05080000e+00  5.42170880e-02
191  -1.06940738e+00  4.95212192e-02
192  -1.08800031e+00  4.47682060e-02
193  -1.10660211e+00  4.00500598e-02
194  -1.12517770e+00  3.52298317e-02
195  -1.14373745e+00  3.03488564e-02
196  -1.16229664e+00  2.54657452e-02
197  -1.18085053e+00  2.05626975e-02
198  -1.19936721e+00  1.55208765e-02
199  -1.21784380e+00  1.03373012e-02
200  -3.09361857e-01  1.93111481e-01
201  -3.09372345e-01  1.73970616e-01
202  -3.09382834e-01  1.54829752e-01
203  -3.09393322e-01  1.35688887e-01
204  -3.09403811e-01  1.16548023e-01
205  -3.09414299e-01  9.74071585e-02
206  -3.09424788e-01  7.82662940e-02
207  -3.09435277e-01  5.91254295e-02
208  -3.09445765e-01  3.99845650e-02
209  -3.09456254e-01  2.08437005e-02
210  -3.09466742e-01  1.70283607e-03
211  -3.09477231e-01  -1.74380284e-02
212  -3.09487719e-01  -3.65788929e-02
213  -3.09498208e-01  -5.57197574e-02
214  -3.09508696e-01  -7.48606218e-02
215  -3.09519185e-01  -9.40014863e-02
216  -3.09529673e-01  -1.13142351e-01
217  1.77512619e-01  1.83938366e-01
218  1.77499572e-01  1.64807830e-01
219  1.77486524e-01  1.45677294e-01
220  1.77473477e-01  1.26546758e-01
221  1.77460430e-01  1.07416222e-01
222  1.77447382e-01  8.82856856e-02
223  1.77434335e-01  6.91551495e-02
224  1.77421288e-01  5.00246135e-02
225  1.77408240e-01  3.08940774e-02
226  1.77395193e-01  1.17635414e-02
227  1.77382146e-01  -7.36699466e-03
228  1.77369098e-01  -2.64975307e-02
229  1.77356051e-01  -4.56280668e-02
230  1.77343004e-01  -6.47586028e-02
231  1.77329957e-01  -8.38891389e-02
232  1.77316909e-01  -1.03019675e-01
233  1.77303862e-01  -1.22150211e-01
234  1.77290815e-01  -1.41280747e-01
2469  -1.23448077e+00  -3.97422989e-03
2470  -1.21785205e+00  -1.46550140e-03
2471  -1.19939265e+00  1.07538270e-03
2472  -1.18090093e+00  3.37826831e-03
2473  -1.16237934e+00  5.42174639e-03
2474  -1.14383555e+00  7.26087480e-03
2475  -1.12526323e+00  8.78712047e-03
2476  -1.10667365e+00  1.00895429e-02
2477  -1.08806296e+00  1.10675687e-02
2478  -1.06943729e+00  1.16999856e-02
2479  -1.05080276e+00  1.20320450e-02
2480  -1.02478334e+00  1.18560239e-02
2481  -1.00572262e+00  1.13353051e-02
2482  -9.86673283e-01  1.05126032e-02
2483  -9.67638034e-01  9.39555674e-03
2484  -9.48631430e-01  7.87701177e-03
2485  -9.29648069e-01  6.09726031e-03
2486  -9.10694381e-01  4.02219073e-03
2487  -8.91778476e-01  1.63020772e-03
2488  -8.72896975e-01  -1.01633777e-03
2489  -8.54055268e-01  -3.93528114e-03
2490  -8.35263852e-01  -7.16279373e-03
2491  -8.16519678e-01  -1.06438006e-02
2492  -7.97803404e-01  -1.42695087e-02
2493  -7.79130206e-01  -1.81162280e-02
2494  -7.60506783e-01  -2.21906650e-02
2495  -7.41913700e-01  -2.63946779e-02
2496  -7.23343630e-01  -3.07002072e-02
2497  -7.04807000e-01  -3.51536671e-02
2498  -6.86321438e-01  -3.98087256e-02
2499  -6.67849593e-01  -4.45089617e-02
2500  -6.49386351e-01  -4.92426090e-02
2501  -6.30933224e-01  -5.40173965e-02
2502  -6.12498121e-01  -5.88601415e-02
2503  -5.94068715e-01  -6.37207590e-02
2504  -5.75638934e-01  -6.85784650e-02
2505  -5.57206173e-01  -7.34263628e-02
2506  -5.38780672e-01  -7.82995964e-02
2507  -5.20342848e-01  -8.31213738e-02
2508  -5.01890068e-01  -8.78837027e-02
2509  -4.83416278e-01  -9.25629442e-02
2510  -4.64921751e-01  -9.71615833e-02
2511  -4.46415863e-01  -1.01714950e-01
2512  -4.27894889e-01  -1.06198445e-01
2513  -4.09332296e-01  -1.10505067e-01
2514  -3.90745055e-01  -1.14709084e-01
2515  -3.72137923e-01  -1.18823682e-01
2516  -3.53507447e-01  -1.22828865e-01
2517  -3.27900707e-01  -1.28143862e-01
2518  -3.08178027e-01  -1.32036473e-01
2519  -2.90956481e-01  -1.35262242e-01
2520  -2.72435801e-01  -1.38562139e-01
2521  -2.53885099e-01  -1.41686483e-01
2522  -2.35300659e-01  -1.44605397e-01
2523  -2.16694330e-01  -1.47388566e-01
2524  -1.98070592e-01  -1.50040075e-01
2525  -1.79409236e-01  -1.52409677e-01
2526  -1.60728007e-01  -1.54628618e-01
2527  -1.42029150e-01  -1.56679380e-01
2528  -1.23303673e-01  -1.58480390e-01
2529  -1.04564521e-01  -1.60141017e-01
2530  -8.58104757e-02  -1.61608428e-01
2531  -6.70417691e-02  -1.62889508e-01
2532  -4.82644106e-02  -1.64014618e-01
2533  -2.94721591e-02  -1.64840356e-01
2534  -1.06709007e-02  -1.65482395e-01
2535  8.13550642e-03  -1.65964157e-01
2536  2.69438608e-02  -1.66278060e-01
2537  4.57533821e-02  -1.66307707e-01
2538  6.45618985e-02  -1.66056957e-01
2539  8.33680146e-02  -1.65605604e-01
2540  1.02167784e-01  -1.64956728e-01
2541  1.20957826e-01  -1.64070751e-01
2542  1.39735372e-01  -1.62960822e-01
2543  1.58493297e-01  -1.61565879e-01
2544  1.78640198e-01  -1.59780478e-01
2545  1.95946420e-01  -1.58031144e-01
2546  2.16694614e-01  -1.55645222e-01
2547  2.35099329e-01  -1.53236788e-01
2548  2.53471037e-01  -1.50581825e-01
2549  2.71805722e-01  -1.47689495e-01
2550  2.90088001e-01  -1.44484391e-01
2551  3.08320448e-01  -1.41001706e-01
2552  3.26503318e-01  -1.37272320e-01
2553  3.44615196e-01  -1.33220699e-01
2554  3.62640878e-01  -1.28799094e-01
2555  3.80593430e-01  -1.24089506e-01
2556  3.98449748e-01  -1.19031618e-01
2557  4.16198312e-01  -1.13610482e-01
2558  4.36136615e-01  -1.07037841e-01
2559  4.53933514e-01  -1.00595110e-01
2560  4.71554184e-01  -9.36902942e-02
2561  4.88927765e-01  -8.61978137e-02
2562  5.05943509e-01  -7.79373163e-02
2563  5.22459095e-01  -6.87397815e-02
2564  5.38306186e-01  -5.84391507e-02
2565  5.53267562e-01  -4.69123287e-02
2566  5.66824169e-01  -3.38348215e-02
2567  5.77090635e-01  -1.81744465e-02
2568  5.81200322e-01  1.79532266e-05
2569  5.78487281e-01  1.78739217e-02
2570  5.70442344e-01  3.40548544e-02
2571  5.58998835e-01  4.81544147e-02
2572  5.45683517e-01  6.05670310e-02
2573  5.31289248e-01  7.17572223e-02
2574  5.16312945e-01  8.21804077e-02
2575  5.00940695e-01  9.20164568e-02
2576  4.85123826e-01  1.01120191e-01
2577  4.69001907e-01  1.09682108e-01
2578  4.52626122e-01  1.17757226e-01
2579  4.36094999e-01  1.25509563e-01
2580  4.16342296e-01  1.34010531e-01
2581  3.98725951e-01  1.41086504e-01
2582  3.80979071e-01  1.47832359e-01
2583  3.63107090e-01  1.54240099e-01
2584  3.45122684e-01  1.60327249e-01
2585  3.27037176e-01  1.66106448e-01
2586  3.08843380e-01  1.71539748e-01
2587  2.90587676e-01  1.76763117e-01
2588  2.72241726e-01  1.81657619e-01
2589  2.53835333e-01  1.86319295e-01
2590  2.35342705e-01  1.90625132e-01
2591  2.16804358e-01  1.94738772e-01
2592  1.95902583e-01  1.99042443e-01
2593  1.78887146e-01  2.02305942e-01
2594  1.58936132e-01  2.05947449e-01
2595  1.40380016e-01  2.08979788e-01
2596  1.21788922e-01  2.11797172e-01
2597  1.03160386e-01  2.14355715e-01
2598  8.45052148e-02  2.16714458e-01
2599  6.58233475e-02  2.18843149e-01
2600  4.71149212e-02  2.20725676e-01
2601  2.83840424e-02  2.22362285e-01
2602  9.62769006e-03  2.23685747e-01
2603  -9.14160682e-03  2.24833379e-01
2604  -2.79206587e-02  2.25767574e-01
2605  -4.67121079e-02  2.26412987e-01
2606  -6.55114354e-02  2.26810485e-01
2607  -8.43137952e-02  2.26989524e-01
2608  -1.03116053e-01  2.26934059e-01
2609  -1.21916133e-01  2.26625876e-01
2610  -1.40709809e-01  2.26038611e-01
2611  -1.59495051e-01  2.25212707e-01
2612  -1.78272670e-01  2.24200382e-01
2613  -1.97040649e-01  2.23031191e-01
2614  -2.15791021e-01  2.21616033e-01
2615  -2.34525166e-01  2.19994936e-01
2616  -2.53245251e-01  2.18202751e-01
2617  -2.71951370e-01  2.16282771e-01
2618  -2.90627171e-01  2.14091193e-01
2619  -3.07989548e-01  2.11923124e-01
2620  -3.27931006e-01  2.09300640e-01
2621  -3.53764123e-01  2.05504880e-01
2622  -3.72631582e-01  2.02607378e-01
2623  -3.91481573e-01  1.99596395e-01
2624  -4.10316483e-01  1.96491640e-01
2625  -4.29133907e-01  1.93283850e-01
2626  -4.47931891e-01  1.89959833e-01
2627  -4.66722676e-01  1.86591009e-01
2628  -4.85500915e-01  1.83161437e-01
2629  -5.04250063e-01  1.79580982e-01
2630  -5.22974002e-01  1.75864141e-01
2631  -5.41690588e-01  1.72102680e-01
2632  -5.60400612e-01  1.68312372e-01
2633  -5.79091299e-01  1.64426025e-01
2634  -5.97781128e-01  1.60535467e-01
2635  -6.16449478e-01  1.56550598e-01
2636  -6.35097072e-01  1.52459433e-01
2637  -6.53755920e-01  1.48423358e-01
2638  -6.72378827e-01  1.44226745e-01
2639  -6.91009436e-01  1.40053214e-01
2640  -7.09643619e-01  1.35902067e-01
2641  -7.28257892e-01  1.31669792e-01
2642  -7.46851364e-01  1.27337331e-01
2643  -7.65464631e-01  1.23087792e-01
2644  -7.84065036e-01  1.18791550e-01
2645  -8.02649840e-01  1.14426111e-01
2646  -8.21230247e-01  1.10042837e-01
2647  -8.39791904e-01  1.05576752e-01
2648  -8.58366955e-01  1.01162755e-01
2649  -8.76936974e-01  9.67346966e-02
2650  -8.95489489e-01  9.22371646e-02
2651  -9.14025211e-01  8.76694190e-02
2652  -9.32551811e-01  8.30576712e-02
2653  -9.51092897e-01  7.85022361e-02
2654  -9.69632857e-01  7.39503315e-02
2655  -9.88152000e-01  6.93134527e-02
2656  -1.00667569e+00  6.46889778e-02
2657  -1.02520403e+00  6.00846475e-02
2658  -1.05067834e+00  5.37321159e-02
2659  -1.06928429e+00  4.90366075e-02
2660  -1.08787693e+00  4.42836680e-02
2661  -1.10647785e+00  3.95657458e-02
2662  -1.12505132e+00  3.47460668e-02
2663  -1.14361025e+00  2.98653061e-02
2664  -1.16216916e+00  2.49822707e-02
2665  -1.18072098e+00  2.00797732e-02
2666  -1.19923400e+00  1.50389482e-02
2667  -1.21761266e+00  9.89393446e-03
2668  -3.07999857e-01  1.93110735e-01
2669  -3.08010345e-01  1.73969870e-01
2670  -3.08020834e-01  1.54829006e-01
2671  -3.08031322e-01  1.35688141e-01
2672  -3.08041811e-01  1.16547277e-01
2673  -3.08052299e-01  9.74064122e-02
2674  -3.08062788e-01  7.82655476e-02
2675  -3.08073277e-01  5.91246832e-02
2676  -3.08083765e-01  3.99838187e-02
2677  -3.08094254e-01  2.08429542e-02
2678  -3.08104742e-01  1.70208974e-03
2679  -3.08115231e-01  -1.74387747e-02
2680  -3.08125719e-01  -3.65796392e-02
2681  -3.08136208e-01  -5.57205037e-02
2682  -3.08146696e-01  -7.48613681e-02
2683  -3.08157185e-01  -9.40022326e-02
2684  -3.08167673e-01  -1.13143097e-01
2685  1.78874619e-01  1.83937437e-01
2686  1.78861572e-01  1.64806901e-01
2687  1.78848524e-01  1.45676365e-01
2688  1.78835477e-01  1.26545829e-01
2689  1.78822430e-01  1.07415293e-01
2690  1.78809382e-01  8.82847567e-02
2691  1.78796335e-01  6.91542206e-02
2692  1.78783288e-01  5.00236846e-02
2693  1.78770240e-01  3.08931485e-02
2694  1.78757193e-01  1.17626125e-02
2695  1.78744146e-01  -7.36792358e-03
2696  1.78731098e-01  -2.64984596e-02
2697  1.78718051e-01  -4.56289957e-02
2698  1.78705004e-01  -6.47595317e-02
2699  1.78691957e-01  -8.38900678e-02
2700  1.78678909e-01  -1.03020604e-01
2701  1.78665862e-01  -1.22151140e-01
2702  1.78652815e-01  -1.41281676e-01
4937  -1.22683361e+00  -5.71352361e-04
4938  -1.21816958e+00  7.35714574e-04
4939  -1.19968171e+00  3.28051735e-03
4940  -1.18116031e+00  5.58709164e-03
4941  -1.16261104e+00  7.63364430e-03
4942  -1.14403638e+00  9.47578866e-03
4943  -1.12543203e+00  1.10047055e-02
4944  -1.10680974e+00  1.23093757e-02
4945  -1.08815906e+00  1.32894917e-02
4946  -1.06949484e+00  1.39232408e-02
4947  -1.05081505e+00  1.42560110e-02
4948  -1.02474545e+00  1.40797011e-02
4949  -1.00564426e+00  1.35579246e-02
4950  -9.86560156e-01  1.27337242e-02
4951  -9.67484320e-01  1.16142383e-02
4952  -9.48439065e-01  1.00926768e-02
4953  -9.29423244e-01  8.30986734e-03
4954  -9.10433846e-01  6.23087762e-03
4955  -8.91484607e-01  3.83470711e-03
4956  -8.72572371e-01  1.18384601e-03
4957  -8.53696782e-01  -1.74036351e-03
4958  -8.34872568e-01  -4.97348499e-03
4959  -8.16105151e-01  -8.45877355e-03
4960  -7.97367549e-01  -1.20886359e-02
4961  -7.78668172e-01  -1.59407511e-02
4962  -7.60023878e-01  -2.00197254e-02
4963  -7.41417301e-01  -2.42267842e-02
4964  -7.22832699e-01  -2.85356920e-02
4965  -7.04275676e-01  -3.29940674e-02
4966  -6.85775675e-01  -3.76527297e-02
4967  -6.67299213e-01  -4.23541398e-02
4968  -6.48831627e-01  -4.70889011e-02
4969  -6.30372138e-01  -5.18653376e-02
4970  -6.11932009e-01  -5.67093990e-02
4971  -5.93501710e-01  -6.15702517e-02
4972  -5.75072671e-01  -6.64277621e-02
4973  -5.56639002e-01  -7.12758994e-02
4974  -5.38214999e-01  -7.61487384e-02
4975  -5.19783621e-01  -8.09688307e-02
4976  -5.01339148e-01  -8.57290187e-02
4977  -4.82874913e-01  -9.04058397e-02
4978  -4.64387740e-01  -9.50026463e-02
4979  -4.45888547e-01  -9.95543679e-02
4980  -4.27381936e-01  -1.04034408e-01
4981  -4.08835665e-01  -1.08337226e-01
4982  -3.90259644e-01  -1.12538703e-01
4983  -3.71664107e-01  -1.16650741e-01
4984  -3.53047734e-01  -1.20652897e-01
4985  -3.27459053e-01  -1.25964156e-01
4986  -3.02056931e-01  -1.30950973e-01
4987  -2.90556303e-01  -1.33074541e-01
4988  -2.72056055e-01  -1.36370799e-01
4989  -2.53527871e-01  -1.39491360e-01
4990  -2.34963614e-01  -1.42407085e-01
4991  -2.16373086e-01  -1.45187889e-01
4992  -1.97773770e-01  -1.47835972e-01
4993  -1.79137997e-01  -1.50202280e-01
4994  -1.60475615e-01  -1.52418986e-01
4995  -1.41801454e-01  -1.54467067e-01
4996  -1.23099052e-01  -1.56265823e-01
4997  -1.04379617e-01  -1.57924717e-01
4998  -8.56480056e-02  -1.59390370e-01
4999  -6.68995338e-02  -1.60670061e-01
5000  -4.81490825e-02  -1.61793610e-01
5001  -2.93853916e-02  -1.62618049e-01
5002  -1.06044721e-02  -1.63259387e-01
5003  8.18253915e-03  -1.63740654e-01
5004  2.69641697e-02  -1.64054153e-01
5005  4.57403113e-02  -1.64083745e-01
5006  6.45203941e-02  -1.63833344e-01
5007  8.33029749e-02  -1.63382555e-01
5008  1.02077050e-01  -1.62734580e-01
5009  1.20839834e-01  -1.61849883e-01
5010  1.39587286e-01  -1.60741757e-01
5011  1.58313142e-01  -1.59349188e-01
5012  1.84762617e-01  -1.56968776e-01
5013  1.95708098e-01  -1.55819950e-01
5014  2.16423284e-01  -1.53437835e-01
5015  2.34795990e-01  -1.51033572e-01
5016  2.53138706e-01  -1.48382795e-01
5017  2.71440413e-01  -1.45495703e-01
5018  2.89687334e-01  -1.42296780e-01
5019  3.07888376e-01  -1.38820080e-01
5020  3.26037120e-01  -1.35097731e-01
5021  3.44107501e-01  -1.31055423e-01
5022  3.62093777e-01  -1.26643437e-01
5023  3.80008177e-01  -1.21943893e-01
5024  3.97821823e-01  -1.16898103e-01
5025  4.15525293e-01  -1.11490760e-01
5026  4.35409877e-01  -1.04935931e-01
5027  4.53149216e-01  -9.85139915e-02
5028  4.70707995e-01  -9.16335635e-02
5029  4.88001539e-01  -8.41758638e-02
5030  5.04916429e-01  -7.59646828e-02
5031  5.21311356e-01  -6.68348221e-02
5032  5.37020438e-01  -5.66244805e-02
5033  5.51814505e-01  -4.52286417e-02
5034  5.65111242e-01  -3.24163512e-02
5035  5.75043130e-01  -1.73061712e-02
5036  5.78977757e-01  9.78091787e-05
5037  5.76340607e-01  1.71958924e-02
5038  5.68571908e-01  3.28516732e-02
5039  5.57373166e-01  4.66367272e-02
5040  5.44241279e-01  5.88740677e-02
5041  5.29971045e-01  6.99659884e-02
5042  5.15078153e-01  8.03306874e-02
5043  4.99786330e-01  9.01155055e-02
5044  4.84047387e-01  9.91740524e-02
5045  4.67988425e-01  1.07702454e-01
5046  4.51662138e-01  1.15753003e-01
5047  4.35183154e-01  1.23481087e-01
5048  4.15488168e-01  1.31957085e-01
5049  3.97916336e-01  1.39015104e-01
5050  3.80208631e-01  1.45746071e-01
5051  3.62375253e-01  1.52139959e-01
5052  3.44427673e-01  1.58214636e-01
5053  3.26380473e-01  1.63981614e-01
5054  3.08219280e-01  1.69405111e-01
5055  2.89995115e-01  1.74619511e-01
5056  2.71682061e-01  1.79505189e-01
5057  2.53310125e-01  1.84158200e-01
5058  2.34849633e-01  1.88456479e-01
5059  2.16339196e-01  1.92563961e-01
5060  1.95469270e-01  1.96861063e-01
5061  1.85005325e-01  1.98900658e-01
5062  1.58557467e-01  2.03755922e-01
5063  1.40034056e-01  2.06782861e-01
5064  1.21470991e-01  2.09596014e-01
5065  1.02869584e-01  2.12150809e-01
5066  8.42398289e-02  2.14506348e-01
5067  6.55861187e-02  2.16631837e-01
5068  4.69067927e-02  2.18511436e-01
5069  2.82089750e-02  2.20145186e-01
5070  9.48155345e-03  2.21466553e-01
5071  -9.26472377e-03  2.22612789e-01
5072  -2.80140816e-02  2.23545537e-01
5073  -4.67737871e-02  2.24189843e-01
5074  -6.55455313e-02  2.24586746e-01
5075  -8.43211030e-02  2.24765536e-01
5076  -1.03094546e-01  2.24710163e-01
5077  -1.21863174e-01  2.24402506e-01
5078  -1.40626234e-01  2.23816182e-01
5079  -1.59386345e-01  2.22991365e-01
5080  -1.78143666e-01  2.21980126e-01
5081  -1.96887817e-01  2.20812449e-01
5082  -2.15611465e-01  2.19399293e-01
5083  -2.34323326e-01  2.17780114e-01
5084  -2.53025737e-01  2.15989611e-01
5085  -2.71708223e-01  2.14072103e-01
5086  -2.90359512e-01  2.11883358e-01
5087  -3.01869845e-01  2.10466754e-01
5088  -3.27624119e-01  2.07097915e-01
5089  -3.53433674e-01  2.03305567e-01
5090  -3.72287387e-01  2.00410174e-01
5091  -3.91125309e-01  1.97401115e-01
5092  -4.09948754e-01  1.94298252e-01
5093  -4.28753410e-01  1.91092641e-01
5094  -4.47542031e-01  1.87770271e-01
5095  -4.66326658e-01  1.84402551e-01
5096  -4.85092541e-01  1.80975251e-01
5097  -5.03824960e-01  1.77397988e-01
5098  -5.22538390e-01  1.73683220e-01
5099  -5.41250705e-01  1.69922616e-01
5100  -5.59953448e-01  1.66133789e-01
5101  -5.78638302e-01  1.62248648e-01
5102  -5.97322372e-01  1.58359296e-01
5103  -6.15979045e-01  1.54376922e-01
5104  -6.34623675e-01  1.50286401e-01
5105  -6.53276361e-01  1.46251677e-01
5106  -6.71891292e-01  1.42056840e-01
5107  -6.90524562e-01  1.37882713e-01
5108  -7.09155284e-01  1.33732343e-01
5109  -7.27759003e-01  1.29502470e-01
5110  -7.46351507e-01  1.25170232e-01
5111  -7.64966866e-01  1.20920212e-01
5112  -7.83560499e-01  1.16625536e-01
5113  -8.02140238e-01  1.12261283e-01
5114  -8.20714792e-01  1.07879394e-01
5115  -8.39274685e-01  1.03413731e-01
5116  -8.57851941e-01  9.89992076e-02
5117  -8.76417061e-01  9.45723213e-02
5118  -8.94961433e-01  9.00767633e-02
5119  -9.13490532e-01  8.55106473e-02
5120  -9.32017881e-01  8.08987144e-02
5121  -9.50562434e-01  7.63424249e-02
5122  -9.69097625e-01  7.17916971e-02
5123  -9.87612566e-01  6.71558646e-02
5124  -1.00613817e+00  6.25309129e-02
5125  -1.02466679e+00  5.79265114e-02
5126  -1.05013718e+00  5.15749600e-02
5127  -1.06873678e+00  4.68810546e-02
5128  -1.08732813e+00  4.21284432e-02
5129  -1.10592516e+00  3.74115170e-02
5130  -1.12448919e+00  3.25942803e-02
5131  -1.14304448e+00  2.77144745e-02
5132  -1.16160210e+00  2.28317761e-02
5133  -1.18014472e+00  1.79317257e-02
5134  -1.19864148e+00  1.28953314e-02
5135  -1.21658455e+00  7.92183917e-03
5136  -3.01879358e-01  1.93107381e-01
5137  -3.01889846e-01  1.73966516e-01
5138  -3.01900335e-01  1.54825652e-01
5139  -3.01910823e-01  1.35684787e-01
5140  -3.01921312e-01  1.16543923e-01
5141  -3.01931800e-01  9.74030584e-02
5142  -3.01942289e-01  7.82621937e-02
5143  -3.01952778e-01  5.91213294e-02
5144  -3.01963266e-01  3.99804649e-02
5145  -3.01973755e-01  2.08396004e-02
5146  -3.01984243e-01  1.69873593e-03
5147  -3.01994732e-01  -1.74421285e-02
5148  -3.02005220e-01  -3.65829930e-02
5149  -3.02015709e-01  -5.57238575e-02
5150  -3.02026197e-01  -7.48647219e-02
5151  -3.02036686e-01  -9.40055864e-02
5152  -3.02047174e-01  -1.13146451e-01
5153  1.84995117e-01  1.83933263e-01
5154  1.84982070e-01  1.64802727e-01
5155  1.84969022e-01  1.45672191e-01
5156  1.84955975e-01  1.26541655e-01
5157  1.84942928e-01  1.07411119e-01
5158  1.84929880e-01  8.82805824e-02
5159  1.84916833e-01  6.91500464e-02
5160  1.84903786e-01  5.00195103e-02
5161  1.84890738e-01  3.08889742e-02
5162  1.84877691e-01  1.17584383e-02
5163  1.84864644e-01  -7.37209791e-03
5164  1.84851596e-01  -2.65026339e-02
5165  1.84838549e-01  -4.56331699e-02
5166  1.84825502e-01  -6.47637059e-02
5167  1.84812455e-01  -8.38942421e-02
5168  1.84799407e-01  -1.03024778e-01
5169  1.84786360e-01  -1.22155314e-01
5170  1.84773313e-01  -1.41285850e-01
7405  -1.22090569e+00  2.06648975e-03
7406  -1.21841572e+00  2.44205285e-03
7407  -1.19990579e+00  4.98989331e-03
7408  -1.18136137e+00  7.29932699e-03
7409  -1.16279064e+00  9.34826300e-03
7410  -1.14419206e+00  1.11927453e-02
7411  -1.12556287e+00  1.27237328e-02
7412  -1.10691522e+00  1.40301454e-02
7413  -1.08823355e+00  1.50118816e-02
7414  -1.06953945e+00  1.56466635e-02
7415  -1.05082458e+00  1.59799847e-02
7416  -1.02453688e+00  2.63189242e-02
7417  -1.00521302e+00  2.57913259e-02
7418  -9.85937503e-01  2.49588780e-02
7419  -9.66638271e-01  2.38259656e-02
7420  -9.47380276e-01  2.22878007e-02
7421  -9.28185799e-01  2.04881599e-02
7422  -9.08999852e-01  1.83875935e-02
7423  -8.89867144e-01  1.59683749e-02
7424  -8.70785739e-01  1.32937604e-02
7425  -8.51723655e-01  1.03405658e-02
7426  -8.32718923e-01  7.07657273e-03
7427  -8.13823574e-01  3.56771751e-03
7428  -7.94968583e-01  -8.50096868e-05
7429  -7.76125113e-01  -3.96682395e-03
7430  -7.57365945e-01  -8.07077248e-03
7431  -7.38685093e-01  -1.22945956e-02
7432  -7.20020515e-01  -1.66220989e-02
7433  -7.01351244e-01  -2.11075297e-02
7434  -6.82771768e-01  -2.57860274e-02
7435  -6.64269895e-01  -3.04938989e-02
7436  -6.45778401e-01  -3.52347924e-02
7437  -6.27283890e-01  -4.00203046e-02
7438  -6.08816102e-01  -4.48716116e-02
7439  -5.90380891e-01  -4.97337587e-02
7440  -5.71955937e-01  -5.45901928e-02
7441  -5.53517266e-01  -5.94396480e-02
7442  -5.35101509e-01  -6.43103155e-02
7443  -5.16705613e-01  -6.91211328e-02
7444  -4.98306857e-01  -7.38695377e-02
7445  -4.79895213e-01  -7.85330359e-02
7446  -4.61448522e-01  -8.31197561e-02
7447  -4.42986174e-01  -8.76624245e-02
7448  -4.24558618e-01  -9.21234486e-02
7449  -4.06102190e-01  -9.64053276e-02
7450  -3.87587918e-01  -1.00592827e-01
7451  -3.69056197e-01  -1.04690770e-01
7452  -3.50517449e-01  -1.08676264e-01
7453  -3.20351081e-01  -9.08840255e-02
7454  -2.95917103e-01  -9.56826325e-02
7455  -2.84115843e-01  -9.78657452e-02
7456  -2.65944443e-01  -1.01103434e-01
7457  -2.47778657e-01  -1.04163108e-01
7458  -2.29539215e-01  -1.07027504e-01
7459  -2.11202995e-01  -1.09770252e-01
7460  -1.92996721e-01  -1.12363184e-01
7461  -1.74772680e-01  -1.14676474e-01
7462  -1.56413622e-01  -1.16857222e-01
7463  -1.38136933e-01  -1.18862150e-01
7464  -1.19805891e-01  -1.20624640e-01
7465  -1.01403772e-01  -1.22255638e-01
7466  -8.30332153e-02  -1.23693007e-01
7467  -6.46104021e-02  -1.24950336e-01
7468  -4.62929942e-02  -1.26048767e-01
7469  -2.79889568e-02  -1.26852300e-01
7470  -9.53537205e-03  -1.27482357e-01
7471  8.93948281e-03  -1.27955659e-01
7472  2.72910212e-02  -1.28262645e-01
7473  4.55299504e-02  -1.28291363e-01
7474  6.38524231e-02  -1.28046578e-01
7475  8.22562277e-02  -1.27604864e-01
7476  1.00616779e-01  -1.26971380e-01
7477  1.18940879e-01  -1.26107292e-01
7478  1.37203989e-01  -1.25028192e-01
7479  1.55413742e-01  -1.23673814e-01
7480  1.90908035e-01  -1.20436733e-01
7481  1.91872545e-01  -1.20233051e-01
7482  2.14929869e-01  -1.41288276e-01
7483  2.33126396e-01  -1.38906967e-01
7484  2.51309537e-01  -1.36279233e-01
7485  2.69429733e-01  -1.33420967e-01
7486  2.87482043e-01  -1.30256067e-01
7487  3.05510228e-01  -1.26812312e-01
7488  3.23471141e-01  -1.23128695e-01
7489  3.41313124e-01  -1.19137640e-01
7490  3.59082510e-01  -1.14778600e-01
7491  3.76786914e-01  -1.10134340e-01
7492  3.94365695e-01  -1.05155136e-01
7493  4.15003582e-01  -1.09847594e-01
7494  4.34846524e-01  -1.03306572e-01
7495  4.52541244e-01  -9.69007506e-02
7496  4.70052047e-01  -9.00392273e-02
7497  4.87283547e-01  -8.26084890e-02
7498  5.04120258e-01  -7.44355369e-02
7499  5.20421651e-01  -6.53581359e-02
7500  5.36023752e-01  -5.52177847e-02
7501  5.50688124e-01  -4.39234815e-02
7502  5.63783416e-01  -3.13167816e-02
7503  5.73455946e-01  -1.66331016e-02
7504  5.77254868e-01  1.59711904e-04
7505  5.74676549e-01  1.66702977e-02
7506  5.67121984e-01  3.19189914e-02
7507  5.56112979e-01  4.54602464e-02
7508  5.43123285e-01  5.75617166e-02
7509  5.28949202e-01  6.85774599e-02
7510  5.14120967e-01  7.88968214e-02
7511  4.98891489e-01  8.86419263e-02
7512  4.83212953e-01  9.76654451e-02
7513  4.67202795e-01  1.06167865e-01
7514  4.50914877e-01  1.14199370e-01
7515  4.34476310e-01  1.21908653e-01
7516  4.10787007e-01  1.20654821e-01
7517  3.93460177e-01  1.27614020e-01
7518  3.75968092e-01  1.34263044e-01
7519  3.58347185e-01  1.40580687e-01
7520  3.40602299e-01  1.46586713e-01
7521  3.22765947e-01  1.52286432e-01
7522  3.04784204e-01  1.57655969e-01
7523  2.86733632e-01  1.62821002e-01
7524  2.68601641e-01  1.67658118e-01
7525  2.50419357e-01  1.72263431e-01
7526  2.32135737e-01  1.76520112e-01
7527  2.13778924e-01  1.80593703e-01
7528  1.93084300e-01  1.84854649e-01
7529  1.91100217e-01  1.61350120e-01
7530  1.52463243e-01  1.68485548e-01
7531  1.34466185e-01  1.71425575e-01
7532  1.16354220e-01  1.74170635e-01
7533  9.81894311e-02  1.76665107e-01
7534  7.99687151e-02  1.78969094e-01
7535  6.17681649e-02  1.81043046e-01
7536  4.35571777e-02  1.82875514e-01
7537  2.53914437e-02  1.84463252e-01
7538  7.12963441e-03  1.85750908e-01
7539  -1.12461649e-02  1.86874676e-01
7540  -2.95176281e-02  1.87784131e-01
7541  -4.77664508e-02  1.88410610e-01
7542  -6.60942704e-02  1.88797953e-01
7543  -8.44387159e-02  1.88972729e-01
7544  -1.02748410e-01  1.88918837e-01
7545  -1.21010863e-01  1.88619656e-01
7546  -1.39281186e-01  1.88048463e-01
7547  -1.57636834e-01  1.87241147e-01
7548  -1.76067477e-01  1.86247392e-01
7549  -1.94428135e-01  1.85104063e-01
7550  -2.12721696e-01  1.83723138e-01
7551  -2.31074907e-01  1.82134825e-01
7552  -2.49492887e-01  1.80371388e-01
7553  -2.67795021e-01  1.78493658e-01
7554  -2.86051815e-01  1.76350520e-01
7555  -2.95768690e-01  1.75163328e-01
7556  -3.25935003e-01  1.94974015e-01
7557  -3.51614870e-01  1.91200442e-01
7558  -3.70392924e-01  1.88316660e-01
7559  -3.89164419e-01  1.85318194e-01
7560  -4.07924755e-01  1.82225742e-01
7561  -4.26659137e-01  1.79032122e-01
7562  -4.45396218e-01  1.75718815e-01
7563  -4.64146956e-01  1.72357180e-01
7564  -4.82844828e-01  1.68942385e-01
7565  -5.01485171e-01  1.65382686e-01
7566  -5.20140756e-01  1.61679327e-01
7567  -5.38829566e-01  1.57923442e-01
7568  -5.57492241e-01  1.54142770e-01
7569  -5.76144987e-01  1.50264264e-01
7570  -5.94797358e-01  1.46381551e-01
7571  -6.13389757e-01  1.42412906e-01
7572  -6.32018075e-01  1.38325927e-01
7573  -6.50636849e-01  1.34298641e-01
7574  -6.69207874e-01  1.30113585e-01
7575  -6.87855794e-01  1.25936175e-01
7576  -7.06467465e-01  1.21790077e-01
7577  -7.25013095e-01  1.17573427e-01
7578  -7.43600271e-01  1.13242417e-01
7579  -7.62227143e-01  1.08989747e-01
7580  -7.80783502e-01  1.04703692e-01
7581  -7.99335365e-01  1.00345966e-01
7582  -8.17877702e-01  9.59717078e-02
7583  -8.36427888e-01  9.15083613e-02
7584  -8.55017283e-01  8.70909417e-02
7585  -8.73555437e-01  8.26705069e-02
7586  -8.92054993e-01  7.81858135e-02
7587  -9.10547637e-01  7.36286673e-02
7588  -9.29079104e-01  6.90157149e-02
7589  -9.47642739e-01  6.44547228e-02
7590  -9.66151682e-01  5.99104723e-02
7591  -9.84643493e-01  5.52803989e-02
7592  -1.00317961e+00  5.06528232e-02
7593  -1.02170981e+00  4.60480295e-02
7594  -1.04971768e+00  4.99027762e-02
7595  -1.06831236e+00  4.52101135e-02
7596  -1.08690271e+00  4.04577563e-02
7597  -1.10549672e+00  3.57416022e-02
7598  -1.12405344e+00  3.09262588e-02
7599  -1.14260590e+00  2.60471932e-02
7600  -1.16116253e+00  2.11647560e-02
7601  -1.17969802e+00  1.62666026e-02
7602  -1.19818217e+00  1.12336428e-02
7603  -1.21578757e+00  6.39311064e-03
7604  -2.95758859e-01  1.93104027e-01
7605  -2.95769347e-01  1.73963162e-01
7606  -2.95779836e-01  1.54822298e-01
7607  -2.95790324e-01  1.35681433e-01
7608  -2.95800813e-01  1.16540569e-01
7609  -2.95811301e-01  9.73997046e-02
7610  -2.95821790e-01  7.82588397e-02
7611  -2.95832279e-01  5.91179756e-02
7612  -2.95842767e-01  3.99771111e-02
7613  -2.95853256e-01  2.08362466e-02
7614  -2.95863744e-01  1.69538212e-03
7615  -2.95874233e-01  -1.74454823e-02
7616  -2.95884721e-01  -3.65863468e-02
7617  -2.95895210e-01  -5.57272113e-02
7618  -2.95905698e-01  -7.48680757e-02
7619  -2.95916187e-01  -9.40089402e-02
7620  -2.95926675e-01  -1.13149805e-01
7621  1.91115616e-01  1.83929089e-01
7622  1.91102569e-01  1.64798552e-01
7623  1.91089521e-01  1.45668016e-01
7624  1.91076474e-01  1.26537481e-01
7625  1.91063427e-01  1.07406944e-01
7626  1.91050379e-01  8.82764080e-02
7627  1.91037332e-01  6.91458723e-02
7628  1.91024285e-01  5.00153359e-02
7629  1.91011237e-01  3.08847998e-02
7630  1.90998190e-01  1.17542642e-02
7631  1.90985143e-01  -7.37627224e-03
7632  1.90972095e-01  -2.65068083e-02
7633  1.90959048e-01  -4.56373440e-02
7634  1.90946001e-01  -6.47678800e-02
7635  1.90932954e-01  -8.38984165e-02
7636  1.90919906e-01  -1.03028953e-01
7637  1.90906859e-01  -1.22159488e-01
7638  1.90893812e-01  -1.41290025e-01
9873  -1.21325854e+00  5.46936727e-03
9874  -1.21873325e+00  4.64326883e-03
9875  -1.20019485e+00  7.19502796e-03
9876  -1.18162075e+00  9.50815032e-03
9877  -1.16302234e+00  1.15601609e-02
9878  -1.14439289e+00  1.34076591e-02
9879  -1.12573167e+00  1.49413179e-02
9880  -1.10705130e+00  1.62499783e-02
9881  -1.08832965e+00  1.72338045e-02
9882  -1.06959700e+00  1.78699188e-02
9883  -1.05083687e+00  1.82039507e-02
9884  -1.02449899e+00  2.85426013e-02
9885  -1.00513467e+00  2.80139453e-02
9886  -9.85824377e-01  2.71799989e-02
9887  -9.66484557e-01  2.60446472e-02
9888  -9.47187911e-01  2.45034658e-02
9889  -9.27960974e-01  2.27007669e-02
9890  -9.08739317e-01  2.05962804e-02
9891  -8.89573276e-01  1.81728742e-02
9892  -8.70461136e-01  1.54939442e-02
9893  -8.51365169e-01  1.25354834e-02
9894  -8.32327639e-01  9.26588147e-03
9895  -8.13409047e-01  5.75274456e-03
9896  -7.94532728e-01  2.09586317e-03
9897  -7.75663078e-01  -1.79134696e-03
9898  -7.56883040e-01  -5.89983291e-03
9899  -7.38188693e-01  -1.01267019e-02
9900  -7.19509584e-01  -1.44575837e-02
9901  -7.00819920e-01  -1.89479301e-02
9902  -6.82226004e-01  -2.36300315e-02
9903  -6.63719515e-01  -2.83390770e-02
9904  -6.45223678e-01  -3.30810845e-02
9905  -6.26722803e-01  -3.78682457e-02
9906  -6.08249991e-01  -4.27208691e-02
9907  -5.89813886e-01  -4.75832513e-02
9908  -5.71389675e-01  -5.24394899e-02
9909  -5.52950095e-01  -5.72891845e-02
9910  -5.34535836e-01  -6.21594575e-02
9911  -5.16146387e-01  -6.69685896e-02
9912  -4.97755936e-01  -7.17148537e-02
9913  -4.79353848e-01  -7.63759314e-02
9914  -4.60914512e-01  -8.09608191e-02
9915  -4.42458858e-01  -8.55018427e-02
9916  -4.24045665e-01  -8.99594119e-02
9917  -4.05605560e-01  -9.42374866e-02
9918  -3.87102507e-01  -9.84224460e-02
9919  -3.68582381e-01  -1.02517829e-01
9920  -3.50057735e-01  -1.06500295e-01
9921  -3.19909427e-01  -8.87043197e-02
9922  -2.94554006e-01  -9.36803657e-02
9923  -2.83715665e-01  -9.56780447e-02
9924  -2.65564698e-01  -9.89120943e-02
9925  -2.47421429e-01  -1.01967986e-01
9926  -2.29202169e-01  -1.04829192e-01
9927  -2.10881751e-01  -1.07569575e-01
9928  -1.92699899e-01  -1.10159080e-01
9929  -1.74501441e-01  -1.12469076e-01
9930  -1.56161230e-01  -1.14647590e-01
9931  -1.37909237e-01  -1.16649836e-01
9932  -1.19601270e-01  -1.18410073e-01
9933  -1.01218868e-01  -1.20039338e-01
9934  -8.28707452e-02  -1.21474950e-01
9935  -6.44681668e-02  -1.22730889e-01
9936  -4.61776661e-02  -1.23827759e-01
9937  -2.79021893e-02  -1.24629993e-01
9938  -9.46894346e-03  -1.25259350e-01
9939  8.98651555e-03  -1.25732156e-01
9940  2.73113302e-02  -1.26038738e-01
9941  4.55168796e-02  -1.26067402e-01
9942  6.38109187e-02  -1.25822965e-01
9943  8.21911880e-02  -1.25381815e-01
9944  1.00526045e-01  -1.24749232e-01
9945  1.18822888e-01  -1.23886424e-01
9946  1.37055903e-01  -1.22809128e-01
9947  1.55233587e-01  -1.21457122e-01
9948  1.92271647e-01  -1.18074156e-01
9949  1.91634223e-01  -1.18021857e-01
9950  2.14658539e-01  -1.39080889e-01
9951  2.32823057e-01  -1.36703751e-01
9952  2.50977206e-01  -1.34080203e-01
9953  2.69064424e-01  -1.31227175e-01
9954  2.87081376e-01  -1.28068456e-01
9955  3.05078156e-01  -1.24630687e-01
9956  3.23004943e-01  -1.20954106e-01
9957  3.40805430e-01  -1.16972364e-01
9958  3.58535409e-01  -1.12622943e-01
9959  3.76201660e-01  -1.07988727e-01
9960  3.93737771e-01  -1.03021621e-01
9961  4.14330564e-01  -1.07727872e-01
9962  4.34119787e-01  -1.01204661e-01
9963  4.51756947e-01  -9.48196324e-02
9964  4.69205859e-01  -8.79824966e-02
9965  4.86357321e-01  -8.05865391e-02
9966  5.03093178e-01  -7.24629034e-02
9967  5.19273912e-01  -6.34531765e-02
9968  5.34738004e-01  -5.34031145e-02
9969  5.49235067e-01  -4.22397945e-02
9970  5.62070489e-01  -2.98983112e-02
9971  5.71408442e-01  -1.57648263e-02
9972  5.75032302e-01  2.39567856e-04
9973  5.72529875e-01  1.59922684e-02
9974  5.65251548e-01  3.07158102e-02
9975  5.54487310e-01  4.39425588e-02
9976  5.41681046e-01  5.58687533e-02
9977  5.27631000e-01  6.67862259e-02
9978  5.12886176e-01  7.70471011e-02
9979  4.97737123e-01  8.67409750e-02
9980  4.82136514e-01  9.57193067e-02
9981  4.66189313e-01  1.04188211e-01
9982  4.49950893e-01  1.12195146e-01
9983  4.33564465e-01  1.19880177e-01
9984  4.09932879e-01  1.18601375e-01
9985  3.92650561e-01  1.25542620e-01
9986  3.75197652e-01  1.32176756e-01
9987  3.57615348e-01  1.38480547e-01
9988  3.39907287e-01  1.44474099e-01
9989  3.22109243e-01  1.50161599e-01
9990  3.04160104e-01  1.55521332e-01
9991  2.86141071e-01  1.60677396e-01
9992  2.68041976e-01  1.65505689e-01
9993  2.49894149e-01  1.70102335e-01
9994  2.31642664e-01  1.74351460e-01
9995  2.13313763e-01  1.78418892e-01
9996  1.92650988e-01  1.82673269e-01
9997  1.92460501e-01  1.58833565e-01
9998  1.52084578e-01  1.66294021e-01
9999  1.34120225e-01  1.69228648e-01
10000  1.16036289e-01  1.71969477e-01
10001  9.78986295e-02  1.74460201e-01
10002  7.97033292e-02  1.76760985e-01
10003  6.15309361e-02  1.78831734e-01
10004  4.33490491e-02  1.80661274e-01
10005  2.52163763e-02  1.82246153e-01
10006  6.98349779e-03  1.83531714e-01
10007  -1.13692818e-02  1.84654086e-01
10008  -2.96110510e-02  1.85562094e-01
10009  -4.78281300e-02  1.86187466e-01
10010  -6.61283663e-02  1.86574214e-01
10011  -8.44460237e-02  1.86748741e-01
10012  -1.02726902e-01  1.86694941e-01
10013  -1.20957905e-01  1.86396286e-01
10014  -1.39197612e-01  1.85826034e-01
10015  -1.57528128e-01  1.85019806e-01
10016  -1.75938473e-01  1.84027137e-01
10017  -1.94275303e-01  1.82885320e-01
10018  -2.12542140e-01  1.81506398e-01
10019  -2.30873067e-01  1.79920003e-01
10020  -2.49273373e-01  1.78158248e-01
10021  -2.67551874e-01  1.76282990e-01
10022  -2.85784156e-01  1.74142685e-01
10023  -2.94407823e-01  1.73095827e-01
10024  -3.25628116e-01  1.92771290e-01
10025  -3.51284421e-01  1.89001129e-01
10026  -3.70048730e-01  1.86119456e-01
10027  -3.88808155e-01  1.83122914e-01
10028  -4.07557026e-01  1.80032354e-01
10029  -4.26278640e-01  1.76840913e-01
10030  -4.45006357e-01  1.73529253e-01
10031  -4.63750937e-01  1.70168722e-01
10032  -4.82436453e-01  1.66756200e-01
10033  -5.01060068e-01  1.63199692e-01
10034  -5.19705143e-01  1.59498406e-01
10035  -5.38389683e-01  1.55743378e-01
10036  -5.57045078e-01  1.51964188e-01
10037  -5.75691990e-01  1.48086887e-01
10038  -5.94338602e-01  1.44205380e-01
10039  -6.12919324e-01  1.40239230e-01
10040  -6.31544678e-01  1.36152894e-01
10041  -6.50157291e-01  1.32126960e-01
10042  -6.68720339e-01  1.27943680e-01
10043  -6.87370920e-01  1.23765675e-01
10044  -7.05979130e-01  1.19620352e-01
10045  -7.24514206e-01  1.15406105e-01
10046  -7.43100414e-01  1.11075317e-01
10047  -7.61729377e-01  1.06822166e-01
10048  -7.80278965e-01  1.02537677e-01
10049  -7.98825763e-01  9.81811377e-02
10050  -8.17362247e-01  9.38082657e-02
10051  -8.35910669e-01  8.93453401e-02
10052  -8.54502270e-01  8.49273944e-02
10053  -8.73035524e-01  8.05081317e-02
10054  -8.91526938e-01  7.60254123e-02
10055  -9.10012958e-01  7.14698957e-02
10056  -9.28545174e-01  6.68567581e-02
10057  -9.47112275e-01  6.22949115e-02
10058  -9.65616450e-01  5.77518379e-02
10059  -9.84104058e-01  5.31228108e-02
10060  -1.00264209e+00  4.84947584e-02
10061  -1.02117257e+00  4.38898934e-02
10062  -1.04917652e+00  4.77456204e-02
10063  -1.06776485e+00  4.30545606e-02
10064  -1.08635391e+00  3.83025314e-02
10065  -1.10494402e+00  3.35873734e-02
10066  -1.12349131e+00  2.87744723e-02
10067  -1.14204013e+00  2.38963616e-02
10068  -1.16059548e+00  1.90142615e-02
10069  -1.17912177e+00  1.41185552e-02
10070  -1.19758964e+00  9.09002591e-03
10071  -1.21475946e+00  4.42101536e-03
10072  -2.94396859e-01  1.93103281e-01
10073  -2.94407347e-01  1.73962416e-01
10074  -2.94417836e-01  1.54821552e-01
10075  -2.94428324e-01  1.35680687e-01
10076  -2.94438813e-01  1.16539823e-01
10077  -2.94449301e-01  9.73989582e-02
10078  -2.94459790e-01  7.82580933e-02
10079  -2.94470279e-01  5.91172292e-02
10080  -2.94480767e-01  3.99763647e-02
10081  -2.94491256e-01  2.08355002e-02
10082  -2.94501744e-01  1.69463579e-03
10083  -2.94512233e-01  -1.74462287e-02
10084  -2.94522721e-01  -3.65870932e-02
10085  -2.94533210e-01  -5.57279577e-02
10086  -2.94543698e-01  -7.48688221e-02
10087  -2.94554187e-01  -9.40096866e-02
10088  -2.94564675e-01  -1.13150551e-01
10089  1.92477616e-01  1.83928160e-01
10090  1.92464569e-01  1.64797624e-01
10091  1.92451521e-01  1.45667088e-01
10092  1.92438474e-01  1.26536552e-01
10093  1.92425427e-01  1.07406016e-01
10094  1.92412379e-01  8.82754791e-02
10095  1.92399332e-01  6.91449434e-02
10096  1.92386285e-01  5.00144070e-02
10097  1.92373237e-01  3.08838709e-02
10098  1.92360190e-01  1.17533353e-02
10099  1.92347143e-01  -7.37720116e-03
10100  1.92334095e-01  -2.65077372e-02
10101  1.92321048e-01  -4.56382729e-02
10102  1.92308001e-01  -6.47688089e-02
10103  1.92294954e-01  -8.38993454e-02
10104  1.92281906e-01  -1.03029881e-01
10105  1.92268859e-01  -1.22160417e-01
10106  1.92255812e-01  -1.41290953e-01
