1  2614  2613  1  2  0  0  0  0
309  5226  5225  2613  2614  0  0  0  0
617  7838  7837  5225  5226  0  0  0  0
2  2615  2614  2  3  0  0  0  0
310  5227  5226  2614  2615  0  0  0  0
618  7839  7838  5226  5227  0  0  0  0
3  2616  2615  3  4  0  0  0  0
311  5228  5227  2615  2616  0  0  0  0
619  7840  7839  5227  5228  0  0  0  0
4  2617  2616  4  5  0  0  0  0
312  5229  5228  2616  2617  0  0  0  0
620  7841  7840  5228  5229  0  0  0  0
5  2618  2617  5  6  0  0  0  0
313  5230  5229  2617  2618  0  0  0  0
621  7842  7841  5229  5230  0  0  0  0
6  2619  2618  6  7  0  0  0  0
314  5231  5230  2618  2619  0  0  0  0
622  7843  7842  5230  5231  0  0  0  0
7  2620  2619  7  8  0  0  0  0
315  5232  5231  2619  2620  0  0  0  0
623  7844  7843  5231  5232  0  0  0  0
8  2621  2620  8  9  0  0  0  0
316  5233  5232  2620  2621  0  0  0  0
624  7845  7844  5232  5233  0  0  0  0
9  2622  2621  9  10  0  0  0  0
317  5234  5233  2621  2622  0  0  0  0
625  7846  7845  5233  5234  0  0  0  0
10  2623  2622  10  11  0  0  0  0
318  5235  5234  2622  2623  0  0  0  0
626  7847  7846  5234  5235  0  0  0  0
11  2624  2623  11  12  0  0  0  0
319  5236  5235  2623  2624  0  0  0  0
627  7848  7847  5235  5236  0  0  0  0
12  2625  2624  12  13  0  0  0  0
320  5237  5236  2624  2625  0  0  0  0
628  7849  7848  5236  5237  0  0  0  0
13  2626  2625  13  14  0  0  0  0
321  5238  5237  2625  2626  0  0  0  0
629  7850  7849  5237  5238  0  0  0  0
14  2627  2626  14  15  0  0  0  0
322  5239  5238  2626  2627  0  0  0  0
630  7851  7850  5238  5239  0  0  0  0
15  2628  2627  15  16  0  0  0  0
323  5240  5239  2627  2628  0  0  0  0
631  7852  7851  5239  5240  0  0  0  0
16  2629  2628  16  17  0  0  0  0
324  5241  5240  2628  2629  0  0  0  0
632  7853  7852  5240  5241  0  0  0  0
17  2630  2629  17  18  0  0  0  0
325  5242  5241  2629  2630  0  0  0  0
633  7854  7853  5241  5242  0  0  0  0
18  2631  2630  18  19  0  0  0  0
326  5243  5242  2630  2631  0  0  0  0
634  7855  7854  5242  5243  0  0  0  0
19  2632  2631  19  20  0  0  0  0
327  5244  5243  2631  2632  0  0  0  0
635  7856  7855  5243  5244  0  0  0  0
20  2633  2632  20  21  0  0  0  0
328  5245  5244  2632  2633  0  0  0  0
636  7857  7856  5244  5245  0  0  0  0
21  2634  2633  21  22  0  0  0  0
329  5246  5245  2633  2634  0  0  0  0
637  7858  7857  5245  5246  0  0  0  0
22  2635  2634  22  23  0  0  0  0
330  5247  5246  2634  2635  0  0  0  0
638  7859  7858  5246  5247  0  0  0  0
23  2636  2635  23  24  0  0  0  0
331  5248  5247  2635  2636  0  0  0  0
639  7860  7859  5247  5248  0  0  0  0
24  2637  2636  24  25  0  0  0  0
332  5249  5248  2636  2637  0  0  0  0
640  7861  7860  5248  5249  0  0  0  0
25  2638  2637  25  26  0  0  0  0
333  5250  5249  2637  2638  0  0  0  0
641  7862  7861  5249  5250  0  0  0  0
26  2639  2638  26  27  0  0  0  0
334  5251  5250  2638  2639  0  0  0  0
642  7863  7862  5250  5251  0  0  0  0
27  2640  2639  27  28  0  0  0  0
335  5252  5251  2639  2640  0  0  0  0
643  7864  7863  5251  5252  0  0  0  0
28  2641  2640  28  29  0  0  0  0
336  5253  5252  2640  2641  0  0  0  0
644  7865  7864  5252  5253  0  0  0  0
29  2642  2641  29  30  0  0  0  0
337  5254  5253  2641  2642  0  0  0  0
645  7866  7865  5253  5254  0  0  0  0
30  2643  2642  30  31  0  0  0  0
338  5255  5254  2642  2643  0  0  0  0
646  7867  7866  5254  5255  0  0  0  0
31  2644  2643  31  32  0  0  0  0
339  5256  5255  2643  2644  0  0  0  0
647  7868  7867  5255  5256  0  0  0  0
32  2645  2644  32  33  0  0  0  0
340  5257  5256  2644  2645  0  0  0  0
648  7869  7868  5256  5257  0  0  0  0
33  2646  2645  33  34  0  0  0  0
341  5258  5257  2645  2646  0  0  0  0
649  7870  7869  5257  5258  0  0  0  0
34  2647  2646  34  35  0  0  0  0
342  5259  5258  2646  2647  0  0  0  0
650  7871  7870  5258  5259  0  0  0  0
35  2648  2647  35  36  0  0  0  0
343  5260  5259  2647  2648  0  0  0  0
651  7872  7871  5259  5260  0  0  0  0
36  2649  2648  36  37  0  0  0  0
344  5261  5260  2648  2649  0  0  0  0
652  7873  7872  5260  5261  0  0  0  0
37  2650  2649  37  38  0  0  0  0
345  5262  5261  2649  2650  0  0  0  0
653  7874  7873  5261  5262  0  0  0  0
38  2651  2650  38  39  0  0  0  0
346  5263  5262  2650  2651  0  0  0  0
654  7875  7874  5262  5263  0  0  0  0
39  2652  2651  39  40  0  0  0  0
347  5264  5263  2651  2652  0  0  0  0
655  7876  7875  5263  5264  0  0  0  0
40  2653  2652  40  41  0  0  0  0
348  5265  5264  2652  2653  0  0  0  0
656  7877  7876  5264  5265  0  0  0  0
41  2654  2653  41  42  0  0  0  0
349  5266  5265  2653  2654  0  0  0  0
657  7878  7877  5265  5266  0  0  0  0
42  2655  2654  42  43  0  0  0  0
350  5267  5266  2654  2655  0  0  0  0
658  7879  7878  5266  5267  0  0  0  0
43  2656  2655  43  44  0  0  0  0
351  5268  5267  2655  2656  0  0  0  0
659  7880  7879  5267  5268  0  0  0  0
44  2657  2656  44  45  0  0  0  0
352  5269  5268  2656  2657  0  0  0  0
660  7881  7880  5268  5269  0  0  0  0
45  2658  2657  45  46  0  0  0  0
353  5270  5269  2657  2658  0  0  0  0
661  7882  7881  5269  5270  0  0  0  0
46  2659  2658  46  47  0  0  0  0
354  5271  5270  2658  2659  0  0  0  0
662  7883  7882  5270  5271  0  0  0  0
47  2660  2659  47  48  0  0  0  0
355  5272  5271  2659  2660  0  0  0  0
663  7884  7883  5271  5272  0  0  0  0
48  2661  2660  48  49  0  0  0  0
356  5273  5272  2660  2661  0  0  0  0
664  7885  7884  5272  5273  0  0  0  0
49  2662  2661  49  50  0  0  0  0
357  5274  5273  2661  2662  0  0  0  0
665  7886  7885  5273  5274  0  0  0  0
50  2663  2662  50  51  0  0  0  0
358  5275  5274  2662  2663  0  0  0  0
666  7887  7886  5274  5275  0  0  0  0
51  2664  2663  51  52  0  0  0  0
359  5276  5275  2663  2664  0  0  0  0
667  7888  7887  5275  5276  0  0  0  0
52  2665  2664  52  53  0  0  0  0
360  5277  5276  2664  2665  0  0  0  0
668  7889  7888  5276  5277  0  0  0  0
53  2666  2665  53  54  0  0  0  0
361  5278  5277  2665  2666  0  0  0  0
669  7890  7889  5277  5278  0  0  0  0
54  2667  2666  54  55  0  0  0  0
362  5279  5278  2666  2667  0  0  0  0
670  7891  7890  5278  5279  0  0  0  0
55  2668  2667  55  56  0  0  0  0
363  5280  5279  2667  2668  0  0  0  0
671  7892  7891  5279  5280  0  0  0  0
56  2669  2668  56  57  0  0  0  0
364  5281  5280  2668  2669  0  0  0  0
672  7893  7892  5280  5281  0  0  0  0
57  2670  2669  57  58  0  0  0  0
365  5282  5281  2669  2670  0  0  0  0
673  7894  7893  5281  5282  0  0  0  0
58  2671  2670  58  59  0  0  0  0
366  5283  5282  2670  2671  0  0  0  0
674  7895  7894  5282  5283  0  0  0  0
59  2672  2671  59  60  0  0  0  0
367  5284  5283  2671  2672  0  0  0  0
675  7896  7895  5283  5284  0  0  0  0
60  2673  2672  60  61  0  0  0  0
368  5285  5284  2672  2673  0  0  0  0
676  7897  7896  5284  5285  0  0  0  0
61  2674  2673  61  62  0  0  0  0
369  5286  5285  2673  2674  0  0  0  0
677  7898  7897  5285  5286  0  0  0  0
62  2675  2674  62  63  0  0  0  0
370  5287  5286  2674  2675  0  0  0  0
678  7899  7898  5286  5287  0  0  0  0
63  2676  2675  63  64  0  0  0  0
371  5288  5287  2675  2676  0  0  0  0
679  7900  7899  5287  5288  0  0  0  0
64  2677  2676  64  65  0  0  0  0
372  5289  5288  2676  2677  0  0  0  0
680  7901  7900  5288  5289  0  0  0  0
65  2678  2677  65  66  0  0  0  0
373  5290  5289  2677  2678  0  0  0  0
681  7902  7901  5289  5290  0  0  0  0
66  2679  2678  66  67  0  0  0  0
374  5291  5290  2678  2679  0  0  0  0
682  7903  7902  5290  5291  0  0  0  0
67  2680  2679  67  68  0  0  0  0
375  5292  5291  2679  2680  0  0  0  0
683  7904  7903  5291  5292  0  0  0  0
68  2681  2680  68  69  0  0  0  0
376  5293  5292  2680  2681  0  0  0  0
684  7905  7904  5292  5293  0  0  0  0
69  2682  2681  69  70  0  0  0  0
377  5294  5293  2681  2682  0  0  0  0
685  7906  7905  5293  5294  0  0  0  0
70  2683  2682  70  71  0  0  0  0
378  5295  5294  2682  2683  0  0  0  0
686  7907  7906  5294  5295  0  0  0  0
71  2684  2683  71  72  0  0  0  0
379  5296  5295  2683  2684  0  0  0  0
687  7908  7907  5295  5296  0  0  0  0
72  2685  2684  72  73  0  0  0  0
380  5297  5296  2684  2685  0  0  0  0
688  7909  7908  5296  5297  0  0  0  0
73  2686  2685  73  74  0  0  0  0
381  5298  5297  2685  2686  0  0  0  0
689  7910  7909  5297  5298  0  0  0  0
74  2687  2686  74  75  0  0  0  0
382  5299  5298  2686  2687  0  0  0  0
690  7911  7910  5298  5299  0  0  0  0
75  2688  2687  75  76  0  0  0  0
383  5300  5299  2687  2688  0  0  0  0
691  7912  7911  5299  5300  0  0  0  0
76  2689  2688  76  77  0  0  0  0
384  5301  5300  2688  2689  0  0  0  0
692  7913  7912  5300  5301  0  0  0  0
77  2690  2689  77  78  0  0  0  0
385  5302  5301  2689  2690  0  0  0  0
693  7914  7913  5301  5302  0  0  0  0
78  2691  2690  78  79  0  0  0  0
386  5303  5302  2690  2691  0  0  0  0
694  7915  7914  5302  5303  0  0  0  0
79  2692  2691  79  80  0  0  0  0
387  5304  5303  2691  2692  0  0  0  0
695  7916  7915  5303  5304  0  0  0  0
80  2693  2692  80  81  0  0  0  0
388  5305  5304  2692  2693  0  0  0  0
696  7917  7916  5304  5305  0  0  0  0
81  2694  2693  81  82  0  0  0  0
389  5306  5305  2693  2694  0  0  0  0
697  7918  7917  5305  5306  0  0  0  0
82  2695  2694  82  83  0  0  0  0
390  5307  5306  2694  2695  0  0  0  0
698  7919  7918  5306  5307  0  0  0  0
83  2696  2695  83  84  0  0  0  0
391  5308  5307  2695  2696  0  0  0  0
699  7920  7919  5307  5308  0  0  0  0
84  2697  2696  84  85  0  0  0  0
392  5309  5308  2696  2697  0  0  0  0
700  7921  7920  5308  5309  0  0  0  0
85  2698  2697  85  86  0  0  0  0
393  5310  5309  2697  2698  0  0  0  0
701  7922  7921  5309  5310  0  0  0  0
86  2699  2698  86  87  0  0  0  0
394  5311  5310  2698  2699  0  0  0  0
702  7923  7922  5310  5311  0  0  0  0
87  2700  2699  87  88  0  0  0  0
395  5312  5311  2699  2700  0  0  0  0
703  7924  7923  5311  5312  0  0  0  0
88  2701  2700  88  89  0  0  0  0
396  5313  5312  2700  2701  0  0  0  0
704  7925  7924  5312  5313  0  0  0  0
89  2702  2701  89  90  0  0  0  0
397  5314  5313  2701  2702  0  0  0  0
705  7926  7925  5313  5314  0  0  0  0
90  2703  2702  90  91  0  0  0  0
398  5315  5314  2702  2703  0  0  0  0
706  7927  7926  5314  5315  0  0  0  0
91  2704  2703  91  92  0  0  0  0
399  5316  5315  2703  2704  0  0  0  0
707  7928  7927  5315  5316  0  0  0  0
92  2705  2704  92  93  0  0  0  0
400  5317  5316  2704  2705  0  0  0  0
708  7929  7928  5316  5317  0  0  0  0
93  2706  2705  93  94  0  0  0  0
401  5318  5317  2705  2706  0  0  0  0
709  7930  7929  5317  5318  0  0  0  0
94  2707  2706  94  95  0  0  0  0
402  5319  5318  2706  2707  0  0  0  0
710  7931  7930  5318  5319  0  0  0  0
95  2708  2707  95  96  0  0  0  0
403  5320  5319  2707  2708  0  0  0  0
711  7932  7931  5319  5320  0  0  0  0
96  2709  2708  96  97  0  0  0  0
404  5321  5320  2708  2709  0  0  0  0
712  7933  7932  5320  5321  0  0  0  0
97  2710  2709  97  98  0  0  0  0
405  5322  5321  2709  2710  0  0  0  0
713  7934  7933  5321  5322  0  0  0  0
98  2711  2710  98  99  0  0  0  0
406  5323  5322  2710  2711  0  0  0  0
714  7935  7934  5322  5323  0  0  0  0
99  2712  2711  99  100  0  0  0  0
407  5324  5323  2711  2712  0  0  0  0
715  7936  7935  5323  5324  0  0  0  0
100  2713  2712  100  101  0  0  0  0
408  5325  5324  2712  2713  0  0  0  0
716  7937  7936  5324  5325  0  0  0  0
101  2714  2713  101  102  0  0  0  0
409  5326  5325  2713  2714  0  0  0  0
717  7938  7937  5325  5326  0  0  0  0
102  2715  2714  102  103  0  0  0  0
410  5327  5326  2714  2715  0  0  0  0
718  7939  7938  5326  5327  0  0  0  0
103  2716  2715  103  104  0  0  0  0
411  5328  5327  2715  2716  0  0  0  0
719  7940  7939  5327  5328  0  0  0  0
104  2717  2716  104  105  0  0  0  0
412  5329  5328  2716  2717  0  0  0  0
720  7941  7940  5328  5329  0  0  0  0
105  2718  2717  105  106  0  0  0  0
413  5330  5329  2717  2718  0  0  0  0
721  7942  7941  5329  5330  0  0  0  0
106  2719  2718  106  107  0  0  0  0
414  5331  5330  2718  2719  0  0  0  0
722  7943  7942  5330  5331  0  0  0  0
107  2720  2719  107  108  0  0  0  0
415  5332  5331  2719  2720  0  0  0  0
723  7944  7943  5331  5332  0  0  0  0
108  2721  2720  108  109  0  0  0  0
416  5333  5332  2720  2721  0  0  0  0
724  7945  7944  5332  5333  0  0  0  0
109  2722  2721  109  110  0  0  0  0
417  5334  5333  2721  2722  0  0  0  0
725  7946  7945  5333  5334  0  0  0  0
110  2723  2722  110  111  0  0  0  0
418  5335  5334  2722  2723  0  0  0  0
726  7947  7946  5334  5335  0  0  0  0
111  2724  2723  111  112  0  0  0  0
419  5336  5335  2723  2724  0  0  0  0
727  7948  7947  5335  5336  0  0  0  0
112  2725  2724  112  113  0  0  0  0
420  5337  5336  2724  2725  0  0  0  0
728  7949  7948  5336  5337  0  0  0  0
113  2726  2725  113  114  0  0  0  0
421  5338  5337  2725  2726  0  0  0  0
729  7950  7949  5337  5338  0  0  0  0
114  2727  2726  114  115  0  0  0  0
422  5339  5338  2726  2727  0  0  0  0
730  7951  7950  5338  5339  0  0  0  0
115  2728  2727  115  116  0  0  0  0
423  5340  5339  2727  2728  0  0  0  0
731  7952  7951  5339  5340  0  0  0  0
116  2729  2728  116  117  0  0  0  0
424  5341  5340  2728  2729  0  0  0  0
732  7953  7952  5340  5341  0  0  0  0
117  2730  2729  117  118  0  0  0  0
425  5342  5341  2729  2730  0  0  0  0
733  7954  7953  5341  5342  0  0  0  0
118  2731  2730  118  119  0  0  0  0
426  5343  5342  2730  2731  0  0  0  0
734  7955  7954  5342  5343  0  0  0  0
119  2732  2731  119  120  0  0  0  0
427  5344  5343  2731  2732  0  0  0  0
735  7956  7955  5343  5344  0  0  0  0
120  2733  2732  120  121  0  0  0  0
428  5345  5344  2732  2733  0  0  0  0
736  7957  7956  5344  5345  0  0  0  0
121  2734  2733  121  122  0  0  0  0
429  5346  5345  2733  2734  0  0  0  0
737  7958  7957  5345  5346  0  0  0  0
122  2735  2734  122  123  0  0  0  0
430  5347  5346  2734  2735  0  0  0  0
738  7959  7958  5346  5347  0  0  0  0
123  2736  2735  123  124  0  0  0  0
431  5348  5347  2735  2736  0  0  0  0
739  7960  7959  5347  5348  0  0  0  0
124  2737  2736  124  125  0  0  0  0
432  5349  5348  2736  2737  0  0  0  0
740  7961  7960  5348  5349  0  0  0  0
125  2738  2737  125  126  0  0  0  0
433  5350  5349  2737  2738  0  0  0  0
741  7962  7961  5349  5350  0  0  0  0
126  2739  2738  126  127  0  0  0  0
434  5351  5350  2738  2739  0  0  0  0
742  7963  7962  5350  5351  0  0  0  0
127  2740  2739  127  128  0  0  0  0
435  5352  5351  2739  2740  0  0  0  0
743  7964  7963  5351  5352  0  0  0  0
128  2741  2740  128  129  0  0  0  0
436  5353  5352  2740  2741  0  0  0  0
744  7965  7964  5352  5353  0  0  0  0
129  2742  2741  129  130  0  0  0  0
437  5354  5353  2741  2742  0  0  0  0
745  7966  7965  5353  5354  0  0  0  0
130  2743  2742  130  131  0  0  0  0
438  5355  5354  2742  2743  0  0  0  0
746  7967  7966  5354  5355  0  0  0  0
131  2744  2743  131  132  0  0  0  0
439  5356  5355  2743  2744  0  0  0  0
747  7968  7967  5355  5356  0  0  0  0
132  2745  2744  132  133  0  0  0  0
440  5357  5356  2744  2745  0  0  0  0
748  7969  7968  5356  5357  0  0  0  0
133  2746  2745  133  134  0  0  0  0
441  5358  5357  2745  2746  0  0  0  0
749  7970  7969  5357  5358  0  0  0  0
134  2747  2746  134  135  0  0  0  0
442  5359  5358  2746  2747  0  0  0  0
750  7971  7970  5358  5359  0  0  0  0
135  2748  2747  135  136  0  0  0  0
443  5360  5359  2747  2748  0  0  0  0
751  7972  7971  5359  5360  0  0  0  0
136  2749  2748  136  137  0  0  0  0
444  5361  5360  2748  2749  0  0  0  0
752  7973  7972  5360  5361  0  0  0  0
137  2750  2749  137  138  0  0  0  0
445  5362  5361  2749  2750  0  0  0  0
753  7974  7973  5361  5362  0  0  0  0
138  2751  2750  138  139  0  0  0  0
446  5363  5362  2750  2751  0  0  0  0
754  7975  7974  5362  5363  0  0  0  0
139  2752  2751  139  140  0  0  0  0
447  5364  5363  2751  2752  0  0  0  0
755  7976  7975  5363  5364  0  0  0  0
140  2753  2752  140  141  0  0  0  0
448  5365  5364  2752  2753  0  0  0  0
756  7977  7976  5364  5365  0  0  0  0
141  2754  2753  141  142  0  0  0  0
449  5366  5365  2753  2754  0  0  0  0
757  7978  7977  5365  5366  0  0  0  0
142  2755  2754  142  143  0  0  0  0
450  5367  5366  2754  2755  0  0  0  0
758  7979  7978  5366  5367  0  0  0  0
143  2756  2755  143  144  0  0  0  0
451  5368  5367  2755  2756  0  0  0  0
759  7980  7979  5367  5368  0  0  0  0
144  2757  2756  144  145  0  0  0  0
452  5369  5368  2756  2757  0  0  0  0
760  7981  7980  5368  5369  0  0  0  0
145  2758  2757  145  146  0  0  0  0
453  5370  5369  2757  2758  0  0  0  0
761  7982  7981  5369  5370  0  0  0  0
146  2759  2758  146  147  0  0  0  0
454  5371  5370  2758  2759  0  0  0  0
762  7983  7982  5370  5371  0  0  0  0
147  2760  2759  147  148  0  0  0  0
455  5372  5371  2759  2760  0  0  0  0
763  7984  7983  5371  5372  0  0  0  0
148  2761  2760  148  149  0  0  0  0
456  5373  5372  2760  2761  0  0  0  0
764  7985  7984  5372  5373  0  0  0  0
149  2762  2761  149  150  0  0  0  0
457  5374  5373  2761  2762  0  0  0  0
765  7986  7985  5373  5374  0  0  0  0
150  2763  2762  150  151  0  0  0  0
458  5375  5374  2762  2763  0  0  0  0
766  7987  7986  5374  5375  0  0  0  0
151  2764  2763  151  152  0  0  0  0
459  5376  5375  2763  2764  0  0  0  0
767  7988  7987  5375  5376  0  0  0  0
152  2765  2764  152  153  0  0  0  0
460  5377  5376  2764  2765  0  0  0  0
768  7989  7988  5376  5377  0  0  0  0
153  2766  2765  153  154  0  0  0  0
461  5378  5377  2765  2766  0  0  0  0
769  7990  7989  5377  5378  0  0  0  0
154  2767  2766  154  155  0  0  0  0
462  5379  5378  2766  2767  0  0  0  0
770  7991  7990  5378  5379  0  0  0  0
155  2768  2767  155  156  0  0  0  0
463  5380  5379  2767  2768  0  0  0  0
771  7992  7991  5379  5380  0  0  0  0
156  2769  2768  156  157  0  0  0  0
464  5381  5380  2768  2769  0  0  0  0
772  7993  7992  5380  5381  0  0  0  0
157  2770  2769  157  158  0  0  0  0
465  5382  5381  2769  2770  0  0  0  0
773  7994  7993  5381  5382  0  0  0  0
158  2771  2770  158  159  0  0  0  0
466  5383  5382  2770  2771  0  0  0  0
774  7995  7994  5382  5383  0  0  0  0
159  2772  2771  159  160  0  0  0  0
467  5384  5383  2771  2772  0  0  0  0
775  7996  7995  5383  5384  0  0  0  0
160  2773  2772  160  161  0  0  0  0
468  5385  5384  2772  2773  0  0  0  0
776  7997  7996  5384  5385  0  0  0  0
161  2774  2773  161  162  0  0  0  0
469  5386  5385  2773  2774  0  0  0  0
777  7998  7997  5385  5386  0  0  0  0
162  2775  2774  162  163  0  0  0  0
470  5387  5386  2774  2775  0  0  0  0
778  7999  7998  5386  5387  0  0  0  0
163  2776  2775  163  164  0  0  0  0
471  5388  5387  2775  2776  0  0  0  0
779  8000  7999  5387  5388  0  0  0  0
164  2777  2776  164  165  0  0  0  0
472  5389  5388  2776  2777  0  0  0  0
780  8001  8000  5388  5389  0  0  0  0
165  2778  2777  165  166  0  0  0  0
473  5390  5389  2777  2778  0  0  0  0
781  8002  8001  5389  5390  0  0  0  0
166  2779  2778  166  167  0  0  0  0
474  5391  5390  2778  2779  0  0  0  0
782  8003  8002  5390  5391  0  0  0  0
167  2780  2779  167  168  0  0  0  0
475  5392  5391  2779  2780  0  0  0  0
783  8004  8003  5391  5392  0  0  0  0
168  2781  2780  168  169  0  0  0  0
476  5393  5392  2780  2781  0  0  0  0
784  8005  8004  5392  5393  0  0  0  0
169  2782  2781  169  170  0  0  0  0
477  5394  5393  2781  2782  0  0  0  0
785  8006  8005  5393  5394  0  0  0  0
170  2783  2782  170  171  0  0  0  0
478  5395  5394  2782  2783  0  0  0  0
786  8007  8006  5394  5395  0  0  0  0
171  2784  2783  171  172  0  0  0  0
479  5396  5395  2783  2784  0  0  0  0
787  8008  8007  5395  5396  0  0  0  0
172  2785  2784  172  173  0  0  0  0
480  5397  5396  2784  2785  0  0  0  0
788  8009  8008  5396  5397  0  0  0  0
173  2786  2785  173  174  0  0  0  0
481  5398  5397  2785  2786  0  0  0  0
789  8010  8009  5397  5398  0  0  0  0
174  2787  2786  174  175  0  0  0  0
482  5399  5398  2786  2787  0  0  0  0
790  8011  8010  5398  5399  0  0  0  0
175  2788  2787  175  176  0  0  0  0
483  5400  5399  2787  2788  0  0  0  0
791  8012  8011  5399  5400  0  0  0  0
176  2789  2788  176  177  0  0  0  0
484  5401  5400  2788  2789  0  0  0  0
792  8013  8012  5400  5401  0  0  0  0
177  2790  2789  177  178  0  0  0  0
485  5402  5401  2789  2790  0  0  0  0
793  8014  8013  5401  5402  0  0  0  0
178  2791  2790  178  179  0  0  0  0
486  5403  5402  2790  2791  0  0  0  0
794  8015  8014  5402  5403  0  0  0  0
179  2792  2791  179  180  0  0  0  0
487  5404  5403  2791  2792  0  0  0  0
795  8016  8015  5403  5404  0  0  0  0
180  2793  2792  180  181  0  0  0  0
488  5405  5404  2792  2793  0  0  0  0
796  8017  8016  5404  5405  0  0  0  0
181  2794  2793  181  182  0  0  0  0
489  5406  5405  2793  2794  0  0  0  0
797  8018  8017  5405  5406  0  0  0  0
182  2795  2794  182  183  0  0  0  0
490  5407  5406  2794  2795  0  0  0  0
798  8019  8018  5406  5407  0  0  0  0
183  2796  2795  183  184  0  0  0  0
491  5408  5407  2795  2796  0  0  0  0
799  8020  8019  5407  5408  0  0  0  0
184  2797  2796  184  185  0  0  0  0
492  5409  5408  2796  2797  0  0  0  0
800  8021  8020  5408  5409  0  0  0  0
185  2798  2797  185  186  0  0  0  0
493  5410  5409  2797  2798  0  0  0  0
801  8022  8021  5409  5410  0  0  0  0
186  2799  2798  186  187  0  0  0  0
494  5411  5410  2798  2799  0  0  0  0
802  8023  8022  5410  5411  0  0  0  0
187  2800  2799  187  188  0  0  0  0
495  5412  5411  2799  2800  0  0  0  0
803  8024  8023  5411  5412  0  0  0  0
188  2801  2800  188  189  0  0  0  0
496  5413  5412  2800  2801  0  0  0  0
804  8025  8024  5412  5413  0  0  0  0
189  2802  2801  189  190  0  0  0  0
497  5414  5413  2801  2802  0  0  0  0
805  8026  8025  5413  5414  0  0  0  0
190  2803  2802  190  191  0  0  0  0
498  5415  5414  2802  2803  0  0  0  0
806  8027  8026  5414  5415  0  0  0  0
191  2804  2803  191  192  0  0  0  0
499  5416  5415  2803  2804  0  0  0  0
807  8028  8027  5415  5416  0  0  0  0
192  2805  2804  192  193  0  0  0  0
500  5417  5416  2804  2805  0  0  0  0
808  8029  8028  5416  5417  0  0  0  0
193  2806  2805  193  194  0  0  0  0
501  5418  5417  2805  2806  0  0  0  0
809  8030  8029  5417  5418  0  0  0  0
194  2807  2806  194  195  0  0  0  0
502  5419  5418  2806  2807  0  0  0  0
810  8031  8030  5418  5419  0  0  0  0
195  2808  2807  195  196  0  0  0  0
503  5420  5419  2807  2808  0  0  0  0
811  8032  8031  5419  5420  0  0  0  0
196  2809  2808  196  197  0  0  0  0
504  5421  5420  2808  2809  0  0  0  0
812  8033  8032  5420  5421  0  0  0  0
197  2810  2809  197  198  0  0  0  0
505  5422  5421  2809  2810  0  0  0  0
813  8034  8033  5421  5422  0  0  0  0
198  2613  2810  198  1  0  0  0  0
506  5225  5422  2810  2613  0  0  0  0
814  7837  8034  5422  5225  0  0  0  0
199  2811  2777  165  199  0  0  0  0
507  5423  5389  2777  2811  0  0  0  0
815  8035  8001  5389  5423  0  0  0  0
200  2812  2811  199  200  0  0  0  0
508  5424  5423  2811  2812  0  0  0  0
816  8036  8035  5423  5424  0  0  0  0
201  2813  2812  200  201  0  0  0  0
509  5425  5424  2812  2813  0  0  0  0
817  8037  8036  5424  5425  0  0  0  0
202  2814  2813  201  202  0  0  0  0
510  5426  5425  2813  2814  0  0  0  0
818  8038  8037  5425  5426  0  0  0  0
203  2815  2814  202  203  0  0  0  0
511  5427  5426  2814  2815  0  0  0  0
819  8039  8038  5426  5427  0  0  0  0
204  2816  2815  203  204  0  0  0  0
512  5428  5427  2815  2816  0  0  0  0
820  8040  8039  5427  5428  0  0  0  0
205  2817  2816  204  205  0  0  0  0
513  5429  5428  2816  2817  0  0  0  0
821  8041  8040  5428  5429  0  0  0  0
206  2818  2817  205  206  0  0  0  0
514  5430  5429  2817  2818  0  0  0  0
822  8042  8041  5429  5430  0  0  0  0
207  2819  2818  206  207  0  0  0  0
515  5431  5430  2818  2819  0  0  0  0
823  8043  8042  5430  5431  0  0  0  0
208  2820  2819  207  208  0  0  0  0
516  5432  5431  2819  2820  0  0  0  0
824  8044  8043  5431  5432  0  0  0  0
209  2821  2820  208  209  0  0  0  0
517  5433  5432  2820  2821  0  0  0  0
825  8045  8044  5432  5433  0  0  0  0
210  2822  2821  209  210  0  0  0  0
518  5434  5433  2821  2822  0  0  0  0
826  8046  8045  5433  5434  0  0  0  0
211  2823  2822  210  211  0  0  0  0
519  5435  5434  2822  2823  0  0  0  0
827  8047  8046  5434  5435  0  0  0  0
212  2824  2823  211  212  0  0  0  0
520  5436  5435  2823  2824  0  0  0  0
828  8048  8047  5435  5436  0  0  0  0
213  2825  2824  212  213  0  0  0  0
521  5437  5436  2824  2825  0  0  0  0
829  8049  8048  5436  5437  0  0  0  0
214  2826  2825  213  214  0  0  0  0
522  5438  5437  2825  2826  0  0  0  0
830  8050  8049  5437  5438  0  0  0  0
215  2827  2826  214  215  0  0  0  0
523  5439  5438  2826  2827  0  0  0  0
831  8051  8050  5438  5439  0  0  0  0
216  2828  2827  215  216  0  0  0  0
524  5440  5439  2827  2828  0  0  0  0
832  8052  8051  5439  5440  0  0  0  0
217  2829  2828  216  217  0  0  0  0
525  5441  5440  2828  2829  0  0  0  0
833  8053  8052  5440  5441  0  0  0  0
218  2830  2829  217  218  0  0  0  0
526  5442  5441  2829  2830  0  0  0  0
834  8054  8053  5441  5442  0  0  0  0
219  2831  2830  218  219  0  0  0  0
527  5443  5442  2830  2831  0  0  0  0
835  8055  8054  5442  5443  0  0  0  0
220  2832  2831  219  220  0  0  0  0
528  5444  5443  2831  2832  0  0  0  0
836  8056  8055  5443  5444  0  0  0  0
221  2833  2832  220  221  0  0  0  0
529  5445  5444  2832  2833  0  0  0  0
837  8057  8056  5444  5445  0  0  0  0
222  2834  2833  221  222  0  0  0  0
530  5446  5445  2833  2834  0  0  0  0
838  8058  8057  5445  5446  0  0  0  0
223  2835  2834  222  223  0  0  0  0
531  5447  5446  2834  2835  0  0  0  0
839  8059  8058  5446  5447  0  0  0  0
224  2836  2835  223  224  0  0  0  0
532  5448  5447  2835  2836  0  0  0  0
840  8060  8059  5447  5448  0  0  0  0
225  2837  2836  224  225  0  0  0  0
533  5449  5448  2836  2837  0  0  0  0
841  8061  8060  5448  5449  0  0  0  0
226  2838  2837  225  226  0  0  0  0
534  5450  5449  2837  2838  0  0  0  0
842  8062  8061  5449  5450  0  0  0  0
227  2839  2838  226  227  0  0  0  0
535  5451  5450  2838  2839  0  0  0  0
843  8063  8062  5450  5451  0  0  0  0
228  2840  2839  227  228  0  0  0  0
536  5452  5451  2839  2840  0  0  0  0
844  8064  8063  5451  5452  0  0  0  0
229  2841  2840  228  229  0  0  0  0
537  5453  5452  2840  2841  0  0  0  0
845  8065  8064  5452  5453  0  0  0  0
230  2842  2841  229  230  0  0  0  0
538  5454  5453  2841  2842  0  0  0  0
846  8066  8065  5453  5454  0  0  0  0
231  2843  2842  230  231  0  0  0  0
539  5455  5454  2842  2843  0  0  0  0
847  8067  8066  5454  5455  0  0  0  0
232  2844  2843  231  232  0  0  0  0
540  5456  5455  2843  2844  0  0  0  0
848  8068  8067  5455  5456  0  0  0  0
233  2845  2844  232  233  0  0  0  0
541  5457  5456  2844  2845  0  0  0  0
849  8069  8068  5456  5457  0  0  0  0
234  2846  2845  233  234  0  0  0  0
542  5458  5457  2845  2846  0  0  0  0
850  8070  8069  5457  5458  0  0  0  0
235  2847  2846  234  235  0  0  0  0
543  5459  5458  2846  2847  0  0  0  0
851  8071  8070  5458  5459  0  0  0  0
236  2848  2847  235  236  0  0  0  0
544  5460  5459  2847  2848  0  0  0  0
852  8072  8071  5459  5460  0  0  0  0
237  2849  2848  236  237  0  0  0  0
545  5461  5460  2848  2849  0  0  0  0
853  8073  8072  5460  5461  0  0  0  0
238  2850  2849  237  238  0  0  0  0
546  5462  5461  2849  2850  0  0  0  0
854  8074  8073  5461  5462  0  0  0  0
239  2851  2850  238  239  0  0  0  0
547  5463  5462  2850  2851  0  0  0  0
855  8075  8074  5462  5463  0  0  0  0
240  2852  2851  239  240  0  0  0  0
548  5464  5463  2851  2852  0  0  0  0
856  8076  8075  5463  5464  0  0  0  0
241  2853  2852  240  241  0  0  0  0
549  5465  5464  2852  2853  0  0  0  0
857  8077  8076  5464  5465  0  0  0  0
242  2854  2853  241  242  0  0  0  0
550  5466  5465  2853  2854  0  0  0  0
858  8078  8077  5465  5466  0  0  0  0
243  2855  2854  242  243  0  0  0  0
551  5467  5466  2854  2855  0  0  0  0
859  8079  8078  5466  5467  0  0  0  0
244  2856  2855  243  244  0  0  0  0
552  5468  5467  2855  2856  0  0  0  0
860  8080  8079  5467  5468  0  0  0  0
245  2857  2856  244  245  0  0  0  0
553  5469  5468  2856  2857  0  0  0  0
861  8081  8080  5468  5469  0  0  0  0
246  2858  2857  245  246  0  0  0  0
554  5470  5469  2857  2858  0  0  0  0
862  8082  8081  5469  5470  0  0  0  0
247  2859  2858  246  247  0  0  0  0
555  5471  5470  2858  2859  0  0  0  0
863  8083  8082  5470  5471  0  0  0  0
248  2860  2859  247  248  0  0  0  0
556  5472  5471  2859  2860  0  0  0  0
864  8084  8083  5471  5472  0  0  0  0
249  2861  2860  248  249  0  0  0  0
557  5473  5472  2860  2861  0  0  0  0
865  8085  8084  5472  5473  0  0  0  0
250  2862  2861  249  250  0  0  0  0
558  5474  5473  2861  2862  0  0  0  0
866  8086  8085  5473  5474  0  0  0  0
251  2863  2862  250  251  0  0  0  0
559  5475  5474  2862  2863  0  0  0  0
867  8087  8086  5474  5475  0  0  0  0
252  2864  2863  251  252  0  0  0  0
560  5476  5475  2863  2864  0  0  0  0
868  8088  8087  5475  5476  0  0  0  0
253  2647  2864  252  35  0  0  0  0
561  5259  5476  2864  2647  0  0  0  0
869  7871  8088  5476  5259  0  0  0  0
254  2865  2746  134  253  0  0  0  0
562  5477  5358  2746  2865  0  0  0  0
870  8089  7970  5358  5477  0  0  0  0
255  2866  2865  253  254  0  0  0  0
563  5478  5477  2865  2866  0  0  0  0
871  8090  8089  5477  5478  0  0  0  0
256  2867  2866  254  255  0  0  0  0
564  5479  5478  2866  2867  0  0  0  0
872  8091  8090  5478  5479  0  0  0  0
257  2868  2867  255  256  0  0  0  0
565  5480  5479  2867  2868  0  0  0  0
873  8092  8091  5479  5480  0  0  0  0
258  2869  2868  256  257  0  0  0  0
566  5481  5480  2868  2869  0  0  0  0
874  8093  8092  5480  5481  0  0  0  0
259  2870  2869  257  258  0  0  0  0
567  5482  5481  2869  2870  0  0  0  0
875  8094  8093  5481  5482  0  0  0  0
260  2871  2870  258  259  0  0  0  0
568  5483  5482  2870  2871  0  0  0  0
876  8095  8094  5482  5483  0  0  0  0
261  2872  2871  259  260  0  0  0  0
569  5484  5483  2871  2872  0  0  0  0
877  8096  8095  5483  5484  0  0  0  0
262  2873  2872  260  261  0  0  0  0
570  5485  5484  2872  2873  0  0  0  0
878  8097  8096  5484  5485  0  0  0  0
263  2874  2873  261  262  0  0  0  0
571  5486  5485  2873  2874  0  0  0  0
879  8098  8097  5485  5486  0  0  0  0
264  2875  2874  262  263  0  0  0  0
572  5487  5486  2874  2875  0  0  0  0
880  8099  8098  5486  5487  0  0  0  0
265  2876  2875  263  264  0  0  0  0
573  5488  5487  2875  2876  0  0  0  0
881  8100  8099  5487  5488  0  0  0  0
266  2877  2876  264  265  0  0  0  0
574  5489  5488  2876  2877  0  0  0  0
882  8101  8100  5488  5489  0  0  0  0
267  2878  2877  265  266  0  0  0  0
575  5490  5489  2877  2878  0  0  0  0
883  8102  8101  5489  5490  0  0  0  0
268  2879  2878  266  267  0  0  0  0
576  5491  5490  2878  2879  0  0  0  0
884  8103  8102  5490  5491  0  0  0  0
269  2880  2879  267  268  0  0  0  0
577  5492  5491  2879  2880  0  0  0  0
885  8104  8103  5491  5492  0  0  0  0
270  2881  2880  268  269  0  0  0  0
578  5493  5492  2880  2881  0  0  0  0
886  8105  8104  5492  5493  0  0  0  0
271  2882  2881  269  270  0  0  0  0
579  5494  5493  2881  2882  0  0  0  0
887  8106  8105  5493  5494  0  0  0  0
272  2883  2882  270  271  0  0  0  0
580  5495  5494  2882  2883  0  0  0  0
888  8107  8106  5494  5495  0  0  0  0
273  2884  2883  271  272  0  0  0  0
581  5496  5495  2883  2884  0  0  0  0
889  8108  8107  5495  5496  0  0  0  0
274  2885  2884  272  273  0  0  0  0
582  5497  5496  2884  2885  0  0  0  0
890  8109  8108  5496  5497  0  0  0  0
275  2886  2885  273  274  0  0  0  0
583  5498  5497  2885  2886  0  0  0  0
891  8110  8109  5497  5498  0  0  0  0
276  2887  2886  274  275  0  0  0  0
584  5499  5498  2886  2887  0  0  0  0
892  8111  8110  5498  5499  0  0  0  0
277  2888  2887  275  276  0  0  0  0
585  5500  5499  2887  2888  0  0  0  0
893  8112  8111  5499  5500  0  0  0  0
278  2889  2888  276  277  0  0  0  0
586  5501  5500  2888  2889  0  0  0  0
894  8113  8112  5500  5501  0  0  0  0
279  2890  2889  277  278  0  0  0  0
587  5502  5501  2889  2890  0  0  0  0
895  8114  8113  5501  5502  0  0  0  0
280  2891  2890  278  279  0  0  0  0
588  5503  5502  2890  2891  0  0  0  0
896  8115  8114  5502  5503  0  0  0  0
281  2892  2891  279  280  0  0  0  0
589  5504  5503  2891  2892  0  0  0  0
897  8116  8115  5503  5504  0  0  0  0
282  2893  2892  280  281  0  0  0  0
590  5505  5504  2892  2893  0  0  0  0
898  8117  8116  5504  5505  0  0  0  0
283  2894  2893  281  282  0  0  0  0
591  5506  5505  2893  2894  0  0  0  0
899  8118  8117  5505  5506  0  0  0  0
284  2895  2894  282  283  0  0  0  0
592  5507  5506  2894  2895  0  0  0  0
900  8119  8118  5506  5507  0  0  0  0
285  2896  2895  283  284  0  0  0  0
593  5508  5507  2895  2896  0  0  0  0
901  8120  8119  5507  5508  0  0  0  0
286  2897  2896  284  285  0  0  0  0
594  5509  5508  2896  2897  0  0  0  0
902  8121  8120  5508  5509  0  0  0  0
287  2898  2897  285  286  0  0  0  0
595  5510  5509  2897  2898  0  0  0  0
903  8122  8121  5509  5510  0  0  0  0
288  2899  2898  286  287  0  0  0  0
596  5511  5510  2898  2899  0  0  0  0
904  8123  8122  5510  5511  0  0  0  0
289  2900  2899  287  288  0  0  0  0
597  5512  5511  2899  2900  0  0  0  0
905  8124  8123  5511  5512  0  0  0  0
290  2901  2900  288  289  0  0  0  0
598  5513  5512  2900  2901  0  0  0  0
906  8125  8124  5512  5513  0  0  0  0
291  2902  2901  289  290  0  0  0  0
599  5514  5513  2901  2902  0  0  0  0
907  8126  8125  5513  5514  0  0  0  0
292  2903  2902  290  291  0  0  0  0
600  5515  5514  2902  2903  0  0  0  0
908  8127  8126  5514  5515  0  0  0  0
293  2904  2903  291  292  0  0  0  0
601  5516  5515  2903  2904  0  0  0  0
909  8128  8127  5515  5516  0  0  0  0
294  2905  2904  292  293  0  0  0  0
602  5517  5516  2904  2905  0  0  0  0
910  8129  8128  5516  5517  0  0  0  0
295  2906  2905  293  294  0  0  0  0
603  5518  5517  2905  2906  0  0  0  0
911  8130  8129  5517  5518  0  0  0  0
296  2907  2906  294  295  0  0  0  0
604  5519  5518  2906  2907  0  0  0  0
912  8131  8130  5518  5519  0  0  0  0
297  2908  2907  295  296  0  0  0  0
605  5520  5519  2907  2908  0  0  0  0
913  8132  8131  5519  5520  0  0  0  0
298  2909  2908  296  297  0  0  0  0
606  5521  5520  2908  2909  0  0  0  0
914  8133  8132  5520  5521  0  0  0  0
299  2910  2909  297  298  0  0  0  0
607  5522  5521  2909  2910  0  0  0  0
915  8134  8133  5521  5522  0  0  0  0
300  2911  2910  298  299  0  0  0  0
608  5523  5522  2910  2911  0  0  0  0
916  8135  8134  5522  5523  0  0  0  0
301  2912  2911  299  300  0  0  0  0
609  5524  5523  2911  2912  0  0  0  0
917  8136  8135  5523  5524  0  0  0  0
302  2913  2912  300  301  0  0  0  0
610  5525  5524  2912  2913  0  0  0  0
918  8137  8136  5524  5525  0  0  0  0
303  2914  2913  301  302  0  0  0  0
611  5526  5525  2913  2914  0  0  0  0
919  8138  8137  5525  5526  0  0  0  0
304  2915  2914  302  303  0  0  0  0
612  5527  5526  2914  2915  0  0  0  0
920  8139  8138  5526  5527  0  0  0  0
305  2916  2915  303  304  0  0  0  0
613  5528  5527  2915  2916  0  0  0  0
921  8140  8139  5527  5528  0  0  0  0
306  2917  2916  304  305  0  0  0  0
614  5529  5528  2916  2917  0  0  0  0
922  8141  8140  5528  5529  0  0  0  0
307  2918  2917  305  306  0  0  0  0
615  5530  5529  2917  2918  0  0  0  0
923  8142  8141  5529  5530  0  0  0  0
308  2678  2918  306  66  0  0  0  0
616  5290  5530  2918  2678  0  0  0  0
924  7902  8142  5530  5290  0  0  0  0
