1  -9.40000000e-01  -0.00000000e+00
2  -9.38930893e-01  -2.95041072e-02
3  -9.37861787e-01  -5.90082145e-02
4  -9.35604790e-01  -8.84422069e-02
5  -9.32376705e-01  -1.17786847e-01
6  -9.28218091e-01  -1.47014187e-01
7  -9.23159891e-01  -1.76098644e-01
8  -9.17203282e-01  -2.05013156e-01
9  -9.10356347e-01  -2.33729733e-01
10  -9.02622231e-01  -2.62220856e-01
11  -8.93911718e-01  -2.90428218e-01
12  -8.84312913e-01  -3.18346379e-01
13  -8.73844188e-01  -3.45950035e-01
14  -8.62519617e-01  -3.73213002e-01
15  -8.50361370e-01  -4.00114324e-01
16  -8.37381545e-01  -4.26628708e-01
17  -8.23592020e-01  -4.52730820e-01
18  -8.09005465e-01  -4.78396482e-01
19  -7.93633960e-01  -5.03600294e-01
20  -7.77424204e-01  -5.28273204e-01
21  -7.60424936e-01  -5.52410519e-01
22  -7.42674729e-01  -5.76001083e-01
23  -7.24186519e-01  -5.99016746e-01
24  -7.05000000e-01  -6.21453190e-01
25  -6.82539938e-01  -6.46037248e-01
26  -6.61662457e-01  -6.67445755e-01
27  -6.40129634e-01  -6.88195217e-01
28  -6.17960742e-01  -7.08264755e-01
29  -5.95106801e-01  -7.27551395e-01
30  -5.71627687e-01  -7.46071773e-01
31  -5.47572359e-01  -7.63836695e-01
32  -5.22976698e-01  -7.80844385e-01
33  -4.97864198e-01  -7.97078488e-01
34  -4.70000000e-01  -8.13845525e-01
35  -4.43955779e-01  -8.28389215e-01
36  -4.17470697e-01  -8.42116052e-01
37  -3.90551089e-01  -8.54969765e-01
38  -3.63200789e-01  -8.66878585e-01
39  -3.35491577e-01  -8.77925853e-01
40  -3.07450052e-01  -8.88097798e-01
41  -2.79103938e-01  -8.97387343e-01
42  -2.50483338e-01  -9.05793910e-01
43  -2.21615245e-01  -9.13307745e-01
44  -1.92527386e-01  -9.19921473e-01
45  -1.63247944e-01  -9.25630265e-01
46  -1.33798138e-01  -9.30382828e-01
47  -1.04200424e-01  -9.34102407e-01
48  -7.45008238e-02  -9.36888761e-01
49  -4.47292111e-02  -9.38746391e-01
50  -1.49144520e-02  -9.39671600e-01
51  1.49144520e-02  -9.39671600e-01
52  4.47292111e-02  -9.38746391e-01
53  7.45008238e-02  -9.36888761e-01
54  1.04200424e-01  -9.34102407e-01
55  1.33798138e-01  -9.30382828e-01
56  1.63247944e-01  -9.25630265e-01
57  1.92527386e-01  -9.19921473e-01
58  2.21615245e-01  -9.13307745e-01
59  2.50483338e-01  -9.05793910e-01
60  2.79103938e-01  -8.97387343e-01
61  3.07450052e-01  -8.88097798e-01
62  3.35491577e-01  -8.77925853e-01
63  3.63200789e-01  -8.66878585e-01
64  3.90551089e-01  -8.54969765e-01
65  4.17470697e-01  -8.42116052e-01
66  4.43955779e-01  -8.28389215e-01
67  4.70000000e-01  -8.13845525e-01
68  4.97864198e-01  -7.97078488e-01
69  5.22976698e-01  -7.80844385e-01
70  5.47572359e-01  -7.63836695e-01
71  5.71627687e-01  -7.46071773e-01
72  5.95106801e-01  -7.27551395e-01
73  6.17960742e-01  -7.08264755e-01
74  6.40129634e-01  -6.88195217e-01
75  6.61662457e-01  -6.67445755e-01
76  6.82539938e-01  -6.46037248e-01
77  7.05000000e-01  -6.21453190e-01
78  7.24186519e-01  -5.99016746e-01
79  7.42674729e-01  -5.76001083e-01
80  7.60424936e-01  -5.52410519e-01
81  7.77424204e-01  -5.28273204e-01
82  7.93633960e-01  -5.03600294e-01
83  8.09005465e-01  -4.78396482e-01
84  8.23592020e-01  -4.52730820e-01
85  8.37381545e-01  -4.26628708e-01
86  8.50361370e-01  -4.00114324e-01
87  8.62519617e-01  -3.73213002e-01
88  8.73844188e-01  -3.45950035e-01
89  8.84312913e-01  -3.18346379e-01
90  8.93911718e-01  -2.90428218e-01
91  9.02622231e-01  -2.62220856e-01
92  9.10356347e-01  -2.33729733e-01
93  9.17203282e-01  -2.05013156e-01
94  9.23159891e-01  -1.76098644e-01
95  9.28218091e-01  -1.47014187e-01
96  9.32376705e-01  -1.17786847e-01
97  9.35604790e-01  -8.84422069e-02
98  9.37861787e-01  -5.90082145e-02
99  9.38930893e-01  -2.95041072e-02
100  9.40000000e-01  0.00000000e+00
101  9.38930893e-01  2.95041072e-02
102  9.37861787e-01  5.90082145e-02
103  9.35604790e-01  8.84422069e-02
104  9.32376705e-01  1.17786847e-01
105  9.28218091e-01  1.47014187e-01
106  9.23159891e-01  1.76098644e-01
107  9.17203282e-01  2.05013156e-01
108  9.10356347e-01  2.33729733e-01
109  9.02622231e-01  2.62220856e-01
110  8.93911718e-01  2.90428218e-01
111  8.84312913e-01  3.18346379e-01
112  8.73844188e-01  3.45950035e-01
113  8.62519617e-01  3.73213002e-01
114  8.50361370e-01  4.00114324e-01
115  8.37381545e-01  4.26628708e-01
116  8.23592020e-01  4.52730820e-01
117  8.09005465e-01  4.78396482e-01
118  7.93633960e-01  5.03600294e-01
119  7.77424204e-01  5.28273204e-01
120  7.60424936e-01  5.52410519e-01
121  7.42674729e-01  5.76001083e-01
122  7.24186519e-01  5.99016746e-01
123  7.05000000e-01  6.21453190e-01
124  6.82539938e-01  6.46037248e-01
125  6.61662457e-01  6.67445755e-01
126  6.40129634e-01  6.88195217e-01
127  6.17960742e-01  7.08264755e-01
128  5.95106801e-01  7.27551395e-01
129  5.71627687e-01  7.46071773e-01
130  5.47572359e-01  7.63836695e-01
131  5.22976698e-01  7.80844385e-01
132  4.97864198e-01  7.97078488e-01
133  4.70000000e-01  8.13845525e-01
134  4.43955779e-01  8.28389215e-01
135  4.17470697e-01  8.42116052e-01
136  3.90551089e-01  8.54969765e-01
137  3.63200789e-01  8.66878585e-01
138  3.35491577e-01  8.77925853e-01
139  3.07450052e-01  8.88097798e-01
140  2.79103938e-01  8.97387343e-01
141  2.50483338e-01  9.05793910e-01
142  2.21615245e-01  9.13307745e-01
143  1.92527386e-01  9.19921473e-01
144  1.63247944e-01  9.25630265e-01
145  1.33798138e-01  9.30382828e-01
146  1.04200424e-01  9.34102407e-01
147  7.45008238e-02  9.36888761e-01
148  4.47292111e-02  9.38746391e-01
149  1.49144520e-02  9.39671600e-01
150  -1.49144520e-02  9.39671600e-01
151  -4.47292111e-02  9.38746391e-01
152  -7.45008238e-02  9.36888761e-01
153  -1.04200424e-01  9.34102407e-01
154  -1.33798138e-01  9.30382828e-01
155  -1.63247944e-01  9.25630265e-01
156  -1.92527386e-01  9.19921473e-01
157  -2.21615245e-01  9.13307745e-01
158  -2.50483338e-01  9.05793910e-01
159  -2.79103938e-01  8.97387343e-01
160  -3.07450052e-01  8.88097798e-01
161  -3.35491577e-01  8.77925853e-01
162  -3.63200789e-01  8.66878585e-01
163  -3.90551089e-01  8.54969765e-01
164  -4.17470697e-01  8.42116052e-01
165  -4.43955779e-01  8.28389215e-01
166  -4.70000000e-01  8.13845525e-01
167  -4.97864198e-01  7.97078488e-01
168  -5.22976698e-01  7.80844385e-01
169  -5.47572359e-01  7.63836695e-01
170  -5.71627687e-01  7.46071773e-01
171  -5.95106801e-01  7.27551395e-01
172  -6.17960742e-01  7.08264755e-01
173  -6.40129634e-01  6.88195217e-01
174  -6.61662457e-01  6.67445755e-01
175  -6.82539938e-01  6.46037248e-01
176  -7.05000000e-01  6.21453190e-01
177  -7.24186519e-01  5.99016746e-01
178  -7.42674729e-01  5.76001083e-01
179  -7.60424936e-01  5.52410519e-01
180  -7.77424204e-01  5.28273204e-01
181  -7.93633960e-01  5.03600294e-01
182  -8.09005465e-01  4.78396482e-01
183  -8.23592020e-01  4.52730820e-01
184  -8.37381545e-01  4.26628708e-01
185  -8.50361370e-01  4.00114324e-01
186  -8.62519617e-01  3.73213002e-01
187  -8.73844188e-01  3.45950035e-01
188  -8.84312913e-01  3.18346379e-01
189  -8.93911718e-01  2.90428218e-01
190  -9.02622231e-01  2.62220856e-01
191  -9.10356347e-01  2.33729733e-01
192  -9.17203282e-01  2.05013156e-01
193  -9.23159891e-01  1.76098644e-01
194  -9.28218091e-01  1.47014187e-01
195  -9.32376705e-01  1.17786847e-01
196  -9.35604790e-01  8.84422069e-02
197  -9.37861787e-01  5.90082145e-02
198  -9.38930893e-01  2.95041072e-02
199  -4.43955779e-01  7.98265971e-01
200  -4.43955779e-01  7.68142727e-01
201  -4.43955779e-01  7.38019483e-01
202  -4.43955779e-01  7.07896238e-01
203  -4.43955779e-01  6.77772994e-01
204  -4.43955779e-01  6.47649750e-01
205  -4.43955779e-01  6.17526506e-01
206  -4.43955779e-01  5.87403262e-01
207  -4.43955779e-01  5.57280017e-01
208  -4.43955779e-01  5.27156773e-01
209  -4.43955779e-01  4.97033529e-01
210  -4.43955779e-01  4.66910285e-01
211  -4.43955779e-01  4.36787041e-01
212  -4.43955779e-01  4.06663797e-01
213  -4.43955779e-01  3.76540552e-01
214  -4.43955779e-01  3.46417308e-01
215  -4.43955779e-01  3.16294064e-01
216  -4.43955779e-01  2.86170820e-01
217  -4.43955779e-01  2.56047576e-01
218  -4.43955779e-01  2.25924331e-01
219  -4.43955779e-01  1.95801087e-01
220  -4.43955779e-01  1.65677843e-01
221  -4.43955779e-01  1.35554599e-01
222  -4.43955779e-01  1.05431355e-01
223  -4.43955779e-01  7.53081105e-02
224  -4.43955779e-01  4.51848663e-02
225  -4.43955779e-01  1.50616221e-02
226  -4.43955779e-01  -1.50616221e-02
227  -4.43955779e-01  -4.51848663e-02
228  -4.43955779e-01  -7.53081105e-02
229  -4.43955779e-01  -1.05431355e-01
230  -4.43955779e-01  -1.35554599e-01
231  -4.43955779e-01  -1.65677843e-01
232  -4.43955779e-01  -1.95801087e-01
233  -4.43955779e-01  -2.25924331e-01
234  -4.43955779e-01  -2.56047576e-01
235  -4.43955779e-01  -2.86170820e-01
236  -4.43955779e-01  -3.16294064e-01
237  -4.43955779e-01  -3.46417308e-01
238  -4.43955779e-01  -3.76540552e-01
239  -4.43955779e-01  -4.06663797e-01
240  -4.43955779e-01  -4.36787041e-01
241  -4.43955779e-01  -4.66910285e-01
242  -4.43955779e-01  -4.97033529e-01
243  -4.43955779e-01  -5.27156773e-01
244  -4.43955779e-01  -5.57280017e-01
245  -4.43955779e-01  -5.87403262e-01
246  -4.43955779e-01  -6.17526506e-01
247  -4.43955779e-01  -6.47649750e-01
248  -4.43955779e-01  -6.77772994e-01
249  -4.43955779e-01  -7.07896238e-01
250  -4.43955779e-01  -7.38019483e-01
251  -4.43955779e-01  -7.68142727e-01
252  -4.43955779e-01  -7.98265971e-01
253  4.43955779e-01  7.98265971e-01
254  4.43955779e-01  7.68142727e-01
255  4.43955779e-01  7.38019483e-01
256  4.43955779e-01  7.07896238e-01
257  4.43955779e-01  6.77772994e-01
258  4.43955779e-01  6.47649750e-01
259  4.43955779e-01  6.17526506e-01
260  4.43955779e-01  5.87403262e-01
261  4.43955779e-01  5.57280017e-01
262  4.43955779e-01  5.27156773e-01
263  4.43955779e-01  4.97033529e-01
264  4.43955779e-01  4.66910285e-01
265  4.43955779e-01  4.36787041e-01
266  4.43955779e-01  4.06663797e-01
267  4.43955779e-01  3.76540552e-01
268  4.43955779e-01  3.46417308e-01
269  4.43955779e-01  3.16294064e-01
270  4.43955779e-01  2.86170820e-01
271  4.43955779e-01  2.56047576e-01
272  4.43955779e-01  2.25924331e-01
273  4.43955779e-01  1.95801087e-01
274  4.43955779e-01  1.65677843e-01
275  4.43955779e-01  1.35554599e-01
276  4.43955779e-01  1.05431355e-01
277  4.43955779e-01  7.53081105e-02
278  4.43955779e-01  4.51848663e-02
279  4.43955779e-01  1.50616221e-02
280  4.43955779e-01  -1.50616221e-02
281  4.43955779e-01  -4.51848663e-02
282  4.43955779e-01  -7.53081105e-02
283  4.43955779e-01  -1.05431355e-01
284  4.43955779e-01  -1.35554599e-01
285  4.43955779e-01  -1.65677843e-01
286  4.43955779e-01  -1.95801087e-01
287  4.43955779e-01  -2.25924331e-01
288  4.43955779e-01  -2.56047576e-01
289  4.43955779e-01  -2.86170820e-01
290  4.43955779e-01  -3.16294064e-01
291  4.43955779e-01  -3.46417308e-01
292  4.43955779e-01  -3.76540552e-01
293  4.43955779e-01  -4.06663797e-01
294  4.43955779e-01  -4.36787041e-01
295  4.43955779e-01  -4.66910285e-01
296  4.43955779e-01  -4.97033529e-01
297  4.43955779e-01  -5.27156773e-01
298  4.43955779e-01  -5.57280017e-01
299  4.43955779e-01  -5.87403262e-01
300  4.43955779e-01  -6.17526506e-01
301  4.43955779e-01  -6.47649750e-01
302  4.43955779e-01  -6.77772994e-01
303  4.43955779e-01  -7.07896238e-01
304  4.43955779e-01  -7.38019483e-01
305  4.43955779e-01  -7.68142727e-01
306  4.43955779e-01  -7.98265971e-01
2613  -9.39499672e-01  -0.00000000e+00
2614  -9.38431221e-01  -2.94860012e-02
2615  -9.37362581e-01  -5.89800419e-02
2616  -9.35106953e-01  -8.83957501e-02
2617  -9.31880634e-01  -1.17724286e-01
2618  -9.27724222e-01  -1.46936126e-01
2619  -9.22668671e-01  -1.76005355e-01
2620  -9.16715182e-01  -2.04904718e-01
2621  -9.09871837e-01  -2.33606242e-01
2622  -9.02142021e-01  -2.62081578e-01
2623  -8.93436372e-01  -2.90273150e-01
2624  -8.83842685e-01  -3.18176422e-01
2625  -8.73379503e-01  -3.45765460e-01
2626  -8.62060875e-01  -3.73014115e-01
2627  -8.49908965e-01  -3.99901417e-01
2628  -8.36935904e-01  -4.26401982e-01
2629  -8.23153568e-01  -4.52490486e-01
2630  -8.08574627e-01  -4.78142753e-01
2631  -7.93211522e-01  -5.03332812e-01
2632  -7.77010812e-01  -5.27991944e-01
2633  -7.60020722e-01  -5.52116221e-01
2634  -7.42280008e-01  -5.75694170e-01
2635  -7.23801568e-01  -5.98697665e-01
2636  -7.04625378e-01  -6.21122042e-01
2637  -6.82176337e-01  -6.45694036e-01
2638  -6.61309960e-01  -6.67091148e-01
2639  -6.39788337e-01  -6.87829818e-01
2640  -6.17631673e-01  -7.07888306e-01
2641  -5.94790692e-01  -7.27163999e-01
2642  -5.71324303e-01  -7.45674334e-01
2643  -5.47281619e-01  -7.63429915e-01
2644  -5.22698752e-01  -7.80428758e-01
2645  -4.97599542e-01  -7.96654274e-01
2646  -4.69749180e-01  -8.13412987e-01
2647  -4.43955446e-01  -8.27821582e-01
2648  -4.17247907e-01  -8.41668431e-01
2649  -3.90343532e-01  -8.54514880e-01
2650  -3.63008377e-01  -8.66417090e-01
2651  -3.35313720e-01  -8.77458556e-01
2652  -3.07286926e-01  -8.87625157e-01
2653  -2.78955610e-01  -8.96909851e-01
2654  -2.50349895e-01  -9.05312046e-01
2655  -2.21496830e-01  -9.12821969e-01
2656  -1.92424102e-01  -9.19432257e-01
2657  -1.63160260e-01  -9.25138014e-01
2658  -1.33727125e-01  -9.29887897e-01
2659  -1.04145893e-01  -9.33605390e-01
2660  -7.44618984e-02  -9.36390278e-01
2661  -4.47058853e-02  -9.38246935e-01
2662  -1.49066968e-02  -9.39171660e-01
2663  1.49066968e-02  -9.39171660e-01
2664  4.47058853e-02  -9.38246935e-01
2665  7.44618984e-02  -9.36390278e-01
2666  1.04145893e-01  -9.33605390e-01
2667  1.33727125e-01  -9.29887897e-01
2668  1.63160260e-01  -9.25138014e-01
2669  1.92424102e-01  -9.19432257e-01
2670  2.21496830e-01  -9.12821969e-01
2671  2.50349895e-01  -9.05312046e-01
2672  2.78955610e-01  -8.96909851e-01
2673  3.07286926e-01  -8.87625157e-01
2674  3.35313720e-01  -8.77458556e-01
2675  3.63008377e-01  -8.66417090e-01
2676  3.90343532e-01  -8.54514880e-01
2677  4.17247907e-01  -8.41668431e-01
2678  4.43956112e-01  -8.27821223e-01
2679  4.69749180e-01  -8.13412987e-01
2680  4.97599542e-01  -7.96654274e-01
2681  5.22698752e-01  -7.80428758e-01
2682  5.47281619e-01  -7.63429915e-01
2683  5.71324303e-01  -7.45674334e-01
2684  5.94790692e-01  -7.27163999e-01
2685  6.17631673e-01  -7.07888306e-01
2686  6.39788337e-01  -6.87829818e-01
2687  6.61309960e-01  -6.67091148e-01
2688  6.82176337e-01  -6.45694036e-01
2689  7.04625378e-01  -6.21122042e-01
2690  7.23801568e-01  -5.98697665e-01
2691  7.42280008e-01  -5.75694170e-01
2692  7.60020722e-01  -5.52116221e-01
2693  7.77010812e-01  -5.27991944e-01
2694  7.93211522e-01  -5.03332812e-01
2695  8.08574627e-01  -4.78142753e-01
2696  8.23153568e-01  -4.52490486e-01
2697  8.36935904e-01  -4.26401982e-01
2698  8.49908965e-01  -3.99901417e-01
2699  8.62060875e-01  -3.73014115e-01
2700  8.73379503e-01  -3.45765460e-01
2701  8.83842685e-01  -3.18176422e-01
2702  8.93436372e-01  -2.90273150e-01
2703  9.02142021e-01  -2.62081578e-01
2704  9.09871837e-01  -2.33606242e-01
2705  9.16715182e-01  -2.04904718e-01
2706  9.22668671e-01  -1.76005355e-01
2707  9.27724222e-01  -1.46936126e-01
2708  9.31880634e-01  -1.17724286e-01
2709  9.35106953e-01  -8.83957501e-02
2710  9.37362581e-01  -5.89800419e-02
2711  9.38431221e-01  -2.94860012e-02
2712  9.39499672e-01  0.00000000e+00
2713  9.38431221e-01  2.94860012e-02
2714  9.37362581e-01  5.89800419e-02
2715  9.35106953e-01  8.83957501e-02
2716  9.31880634e-01  1.17724286e-01
2717  9.27724222e-01  1.46936126e-01
2718  9.22668671e-01  1.76005355e-01
2719  9.16715182e-01  2.04904718e-01
2720  9.09871837e-01  2.33606242e-01
2721  9.02142021e-01  2.62081578e-01
2722  8.93436372e-01  2.90273150e-01
2723  8.83842685e-01  3.18176422e-01
2724  8.73379503e-01  3.45765460e-01
2725  8.62060875e-01  3.73014115e-01
2726  8.49908965e-01  3.99901417e-01
2727  8.36935904e-01  4.26401982e-01
2728  8.23153568e-01  4.52490486e-01
2729  8.08574627e-01  4.78142753e-01
2730  7.93211522e-01  5.03332812e-01
2731  7.77010812e-01  5.27991944e-01
2732  7.60020722e-01  5.52116221e-01
2733  7.42280008e-01  5.75694170e-01
2734  7.23801568e-01  5.98697665e-01
2735  7.04625378e-01  6.21122042e-01
2736  6.82176337e-01  6.45694036e-01
2737  6.61309960e-01  6.67091148e-01
2738  6.39788337e-01  6.87829818e-01
2739  6.17631673e-01  7.07888306e-01
2740  5.94790692e-01  7.27163999e-01
2741  5.71324303e-01  7.45674334e-01
2742  5.47281619e-01  7.63429915e-01
2743  5.22698752e-01  7.80428758e-01
2744  4.97599542e-01  7.96654274e-01
2745  4.69749180e-01  8.13412987e-01
2746  4.43956112e-01  8.27821223e-01
2747  4.17247907e-01  8.41668431e-01
2748  3.90343532e-01  8.54514880e-01
2749  3.63008377e-01  8.66417090e-01
2750  3.35313720e-01  8.77458556e-01
2751  3.07286926e-01  8.87625157e-01
2752  2.78955610e-01  8.96909851e-01
2753  2.50349895e-01  9.05312046e-01
2754  2.21496830e-01  9.12821969e-01
2755  1.92424102e-01  9.19432257e-01
2756  1.63160260e-01  9.25138014e-01
2757  1.33727125e-01  9.29887897e-01
2758  1.04145893e-01  9.33605390e-01
2759  7.44618984e-02  9.36390278e-01
2760  4.47058853e-02  9.38246935e-01
2761  1.49066968e-02  9.39171660e-01
2762  -1.49066968e-02  9.39171660e-01
2763  -4.47058853e-02  9.38246935e-01
2764  -7.44618984e-02  9.36390278e-01
2765  -1.04145893e-01  9.33605390e-01
2766  -1.33727125e-01  9.29887897e-01
2767  -1.63160260e-01  9.25138014e-01
2768  -1.92424102e-01  9.19432257e-01
2769  -2.21496830e-01  9.12821969e-01
2770  -2.50349895e-01  9.05312046e-01
2771  -2.78955610e-01  8.96909851e-01
2772  -3.07286926e-01  8.87625157e-01
2773  -3.35313720e-01  8.77458556e-01
2774  -3.63008377e-01  8.66417090e-01
2775  -3.90343532e-01  8.54514880e-01
2776  -4.17247907e-01  8.41668431e-01
2777  -4.43955446e-01  8.27821582e-01
2778  -4.69749180e-01  8.13412987e-01
2779  -4.97599542e-01  7.96654274e-01
2780  -5.22698752e-01  7.80428758e-01
2781  -5.47281619e-01  7.63429915e-01
2782  -5.71324303e-01  7.45674334e-01
2783  -5.94790692e-01  7.27163999e-01
2784  -6.17631673e-01  7.07888306e-01
2785  -6.39788337e-01  6.87829818e-01
2786  -6.61309960e-01  6.67091148e-01
2787  -6.82176337e-01  6.45694036e-01
2788  -7.04625378e-01  6.21122042e-01
2789  -7.23801568e-01  5.98697665e-01
2790  -7.42280008e-01  5.75694170e-01
2791  -7.60020722e-01  5.52116221e-01
2792  -7.77010812e-01  5.27991944e-01
2793  -7.93211522e-01  5.03332812e-01
2794  -8.08574627e-01  4.78142753e-01
2795  -8.23153568e-01  4.52490486e-01
2796  -8.36935904e-01  4.26401982e-01
2797  -8.49908965e-01  3.99901417e-01
2798  -8.62060875e-01  3.73014115e-01
2799  -8.73379503e-01  3.45765460e-01
2800  -8.83842685e-01  3.18176422e-01
2801  -8.93436372e-01  2.90273150e-01
2802  -9.02142021e-01  2.62081578e-01
2803  -9.09871837e-01  2.33606242e-01
2804  -9.16715182e-01  2.04904718e-01
2805  -9.22668671e-01  1.76005355e-01
2806  -9.27724222e-01  1.46936126e-01
2807  -9.31880634e-01  1.17724286e-01
2808  -9.35106953e-01  8.83957501e-02
2809  -9.37362581e-01  5.89800419e-02
2810  -9.38431221e-01  2.94860012e-02
2811  -4.43955446e-01  7.98265971e-01
2812  -4.43955446e-01  7.68142727e-01
2813  -4.43955446e-01  7.38019483e-01
2814  -4.43955446e-01  7.07896238e-01
2815  -4.43955446e-01  6.77772994e-01
2816  -4.43955446e-01  6.47649750e-01
2817  -4.43955446e-01  6.17526506e-01
2818  -4.43955446e-01  5.87403262e-01
2819  -4.43955446e-01  5.57280017e-01
2820  -4.43955446e-01  5.27156773e-01
2821  -4.43955446e-01  4.97033529e-01
2822  -4.43955446e-01  4.66910285e-01
2823  -4.43955446e-01  4.36787041e-01
2824  -4.43955446e-01  4.06663797e-01
2825  -4.43955446e-01  3.76540552e-01
2826  -4.43955446e-01  3.46417308e-01
2827  -4.43955446e-01  3.16294064e-01
2828  -4.43955446e-01  2.86170820e-01
2829  -4.43955446e-01  2.56047576e-01
2830  -4.43955446e-01  2.25924331e-01
2831  -4.43955446e-01  1.95801087e-01
2832  -4.43955446e-01  1.65677843e-01
2833  -4.43955446e-01  1.35554599e-01
2834  -4.43955446e-01  1.05431355e-01
2835  -4.43955446e-01  7.53081105e-02
2836  -4.43955446e-01  4.51848663e-02
2837  -4.43955446e-01  1.50616221e-02
2838  -4.43955446e-01  -1.50616221e-02
2839  -4.43955446e-01  -4.51848663e-02
2840  -4.43955446e-01  -7.53081105e-02
2841  -4.43955446e-01  -1.05431355e-01
2842  -4.43955446e-01  -1.35554599e-01
2843  -4.43955446e-01  -1.65677843e-01
2844  -4.43955446e-01  -1.95801087e-01
2845  -4.43955446e-01  -2.25924331e-01
2846  -4.43955446e-01  -2.56047576e-01
2847  -4.43955446e-01  -2.86170820e-01
2848  -4.43955446e-01  -3.16294064e-01
2849  -4.43955446e-01  -3.46417308e-01
2850  -4.43955446e-01  -3.76540552e-01
2851  -4.43955446e-01  -4.06663797e-01
2852  -4.43955446e-01  -4.36787041e-01
2853  -4.43955446e-01  -4.66910285e-01
2854  -4.43955446e-01  -4.97033529e-01
2855  -4.43955446e-01  -5.27156773e-01
2856  -4.43955446e-01  -5.57280017e-01
2857  -4.43955446e-01  -5.87403262e-01
2858  -4.43955446e-01  -6.17526506e-01
2859  -4.43955446e-01  -6.47649750e-01
2860  -4.43955446e-01  -6.77772994e-01
2861  -4.43955446e-01  -7.07896238e-01
2862  -4.43955446e-01  -7.38019483e-01
2863  -4.43955446e-01  -7.68142727e-01
2864  -4.43955446e-01  -7.98265971e-01
2865  4.43956112e-01  7.98265971e-01
2866  4.43956112e-01  7.68142727e-01
2867  4.43956112e-01  7.38019483e-01
2868  4.43956112e-01  7.07896238e-01
2869  4.43956112e-01  6.77772994e-01
2870  4.43956112e-01  6.47649750e-01
2871  4.43956112e-01  6.17526506e-01
2872  4.43956112e-01  5.87403262e-01
2873  4.43956112e-01  5.57280017e-01
2874  4.43956112e-01  5.27156773e-01
2875  4.43956112e-01  4.97033529e-01
2876  4.43956112e-01  4.66910285e-01
2877  4.43956112e-01  4.36787041e-01
2878  4.43956112e-01  4.06663797e-01
2879  4.43956112e-01  3.76540552e-01
2880  4.43956112e-01  3.46417308e-01
2881  4.43956112e-01  3.16294064e-01
2882  4.43956112e-01  2.86170820e-01
2883  4.43956112e-01  2.56047576e-01
2884  4.43956112e-01  2.25924331e-01
2885  4.43956112e-01  1.95801087e-01
2886  4.43956112e-01  1.65677843e-01
2887  4.43956112e-01  1.35554599e-01
2888  4.43956112e-01  1.05431355e-01
2889  4.43956112e-01  7.53081105e-02
2890  4.43956112e-01  4.51848663e-02
2891  4.43956112e-01  1.50616221e-02
2892  4.43956112e-01  -1.50616221e-02
2893  4.43956112e-01  -4.51848663e-02
2894  4.43956112e-01  -7.53081105e-02
2895  4.43956112e-01  -1.05431355e-01
2896  4.43956112e-01  -1.35554599e-01
2897  4.43956112e-01  -1.65677843e-01
2898  4.43956112e-01  -1.95801087e-01
2899  4.43956112e-01  -2.25924331e-01
2900  4.43956112e-01  -2.56047576e-01
2901  4.43956112e-01  -2.86170820e-01
2902  4.43956112e-01  -3.16294064e-01
2903  4.43956112e-01  -3.46417308e-01
2904  4.43956112e-01  -3.76540552e-01
2905  4.43956112e-01  -4.06663797e-01
2906  4.43956112e-01  -4.36787041e-01
2907  4.43956112e-01  -4.66910285e-01
2908  4.43956112e-01  -4.97033529e-01
2909  4.43956112e-01  -5.27156773e-01
2910  4.43956112e-01  -5.57280017e-01
2911  4.43956112e-01  -5.87403262e-01
2912  4.43956112e-01  -6.17526506e-01
2913  4.43956112e-01  -6.47649750e-01
2914  4.43956112e-01  -6.77772994e-01
2915  4.43956112e-01  -7.07896238e-01
2916  4.43956112e-01  -7.38019483e-01
2917  4.43956112e-01  -7.68142727e-01
2918  4.43956112e-01  -7.98265971e-01
5225  -9.04476701e-01  -0.00000000e+00
5226  -9.03454176e-01  -2.82185781e-02
5227  -9.02418184e-01  -5.70079588e-02
5228  -9.00258357e-01  -8.51437745e-02
5229  -8.97155687e-01  -1.13345013e-01
5230  -8.93153405e-01  -1.41471825e-01
5231  -8.88283271e-01  -1.69475096e-01
5232  -8.82548213e-01  -1.97314052e-01
5233  -8.75956142e-01  -2.24961844e-01
5234  -8.68527331e-01  -2.52332085e-01
5235  -8.60162140e-01  -2.79418406e-01
5236  -8.50926706e-01  -3.06279433e-01
5237  -8.40851565e-01  -3.32845194e-01
5238  -8.29948944e-01  -3.59092051e-01
5239  -8.18240601e-01  -3.84997902e-01
5240  -8.05741068e-01  -4.10531187e-01
5241  -7.92461959e-01  -4.35667137e-01
5242  -7.78415958e-01  -4.60381708e-01
5243  -7.63640891e-01  -4.84609090e-01
5244  -7.48073360e-01  -5.08303779e-01
5245  -7.31725761e-01  -5.31515367e-01
5246  -7.14649563e-01  -5.54210258e-01
5247  -6.96855013e-01  -5.76361972e-01
5248  -6.78401873e-01  -5.97941711e-01
5249  -6.56724289e-01  -6.21669190e-01
5250  -6.36635177e-01  -6.42268677e-01
5251  -6.15897582e-01  -6.62251862e-01
5252  -5.94596873e-01  -6.81536874e-01
5253  -5.72663095e-01  -7.00046303e-01
5254  -5.50087405e-01  -7.17853583e-01
5255  -5.26929799e-01  -7.34955305e-01
5256  -5.03242524e-01  -7.51334854e-01
5257  -4.79073636e-01  -7.66959312e-01
5258  -4.52191799e-01  -7.83135299e-01
5259  -4.43955112e-01  -7.88074882e-01
5260  -4.01652625e-01  -8.10334947e-01
5261  -3.75814548e-01  -8.22672949e-01
5262  -3.49539530e-01  -8.34112444e-01
5263  -3.22863709e-01  -8.44747743e-01
5264  -2.95868087e-01  -8.54540264e-01
5265  -2.68572652e-01  -8.63485396e-01
5266  -2.41008876e-01  -8.71581565e-01
5267  -2.13207811e-01  -8.78817673e-01
5268  -1.85194256e-01  -8.85187121e-01
5269  -1.57022377e-01  -8.90680411e-01
5270  -1.28756232e-01  -8.95242692e-01
5271  -1.00328703e-01  -8.98814168e-01
5272  -7.17371203e-02  -9.01496503e-01
5273  -4.30730774e-02  -9.03285043e-01
5274  -1.43638343e-02  -9.04175870e-01
5275  1.43638343e-02  -9.04175870e-01
5276  4.30730774e-02  -9.03285043e-01
5277  7.17371203e-02  -9.01496503e-01
5278  1.00328703e-01  -8.98814168e-01
5279  1.28756232e-01  -8.95242692e-01
5280  1.57022377e-01  -8.90680411e-01
5281  1.85194256e-01  -8.85187121e-01
5282  2.13207811e-01  -8.78817673e-01
5283  2.41008876e-01  -8.71581565e-01
5284  2.68572652e-01  -8.63485396e-01
5285  2.95868087e-01  -8.54540264e-01
5286  3.22863709e-01  -8.44747743e-01
5287  3.49539530e-01  -8.34112444e-01
5288  3.75814548e-01  -8.22672949e-01
5289  4.01652625e-01  -8.10334947e-01
5290  4.43956446e-01  -7.88074165e-01
5291  4.52191799e-01  -7.83135299e-01
5292  4.79073636e-01  -7.66959312e-01
5293  5.03242524e-01  -7.51334854e-01
5294  5.26929799e-01  -7.34955305e-01
5295  5.50087405e-01  -7.17853583e-01
5296  5.72663095e-01  -7.00046303e-01
5297  5.94596873e-01  -6.81536874e-01
5298  6.15897582e-01  -6.62251862e-01
5299  6.36635177e-01  -6.42268677e-01
5300  6.56724289e-01  -6.21669190e-01
5301  6.78401873e-01  -5.97941711e-01
5302  6.96855013e-01  -5.76361972e-01
5303  7.14649563e-01  -5.54210258e-01
5304  7.31725761e-01  -5.31515367e-01
5305  7.48073360e-01  -5.08303779e-01
5306  7.63640891e-01  -4.84609090e-01
5307  7.78415958e-01  -4.60381708e-01
5308  7.92461959e-01  -4.35667137e-01
5309  8.05741068e-01  -4.10531187e-01
5310  8.18240601e-01  -3.84997902e-01
5311  8.29948944e-01  -3.59092051e-01
5312  8.40851565e-01  -3.32845194e-01
5313  8.50926706e-01  -3.06279433e-01
5314  8.60162140e-01  -2.79418406e-01
5315  8.68527331e-01  -2.52332085e-01
5316  8.75956142e-01  -2.24961844e-01
5317  8.82548213e-01  -1.97314052e-01
5318  8.88283271e-01  -1.69475096e-01
5319  8.93153405e-01  -1.41471825e-01
5320  8.97155687e-01  -1.13345013e-01
5321  9.00258357e-01  -8.51437745e-02
5322  9.02418184e-01  -5.70079588e-02
5323  9.03454176e-01  -2.82185781e-02
5324  9.04476701e-01  0.00000000e+00
5325  9.03454176e-01  2.82185781e-02
5326  9.02418184e-01  5.70079588e-02
5327  9.00258357e-01  8.51437745e-02
5328  8.97155687e-01  1.13345013e-01
5329  8.93153405e-01  1.41471825e-01
5330  8.88283271e-01  1.69475096e-01
5331  8.82548213e-01  1.97314052e-01
5332  8.75956142e-01  2.24961844e-01
5333  8.68527331e-01  2.52332085e-01
5334  8.60162140e-01  2.79418406e-01
5335  8.50926706e-01  3.06279433e-01
5336  8.40851565e-01  3.32845194e-01
5337  8.29948944e-01  3.59092051e-01
5338  8.18240601e-01  3.84997902e-01
5339  8.05741068e-01  4.10531187e-01
5340  7.92461959e-01  4.35667137e-01
5341  7.78415958e-01  4.60381708e-01
5342  7.63640891e-01  4.84609090e-01
5343  7.48073360e-01  5.08303779e-01
5344  7.31725761e-01  5.31515367e-01
5345  7.14649563e-01  5.54210258e-01
5346  6.96855013e-01  5.76361972e-01
5347  6.78401873e-01  5.97941711e-01
5348  6.56724289e-01  6.21669190e-01
5349  6.36635177e-01  6.42268677e-01
5350  6.15897582e-01  6.62251862e-01
5351  5.94596873e-01  6.81536874e-01
5352  5.72663095e-01  7.00046303e-01
5353  5.50087405e-01  7.17853583e-01
5354  5.26929799e-01  7.34955305e-01
5355  5.03242524e-01  7.51334854e-01
5356  4.79073636e-01  7.66959312e-01
5357  4.52191799e-01  7.83135299e-01
5358  4.43956446e-01  7.88074165e-01
5359  4.01652625e-01  8.10334947e-01
5360  3.75814548e-01  8.22672949e-01
5361  3.49539530e-01  8.34112444e-01
5362  3.22863709e-01  8.44747743e-01
5363  2.95868087e-01  8.54540264e-01
5364  2.68572652e-01  8.63485396e-01
5365  2.41008876e-01  8.71581565e-01
5366  2.13207811e-01  8.78817673e-01
5367  1.85194256e-01  8.85187121e-01
5368  1.57022377e-01  8.90680411e-01
5369  1.28756232e-01  8.95242692e-01
5370  1.00328703e-01  8.98814168e-01
5371  7.17371203e-02  9.01496503e-01
5372  4.30730774e-02  9.03285043e-01
5373  1.43638343e-02  9.04175870e-01
5374  -1.43638343e-02  9.04175870e-01
5375  -4.30730774e-02  9.03285043e-01
5376  -7.17371203e-02  9.01496503e-01
5377  -1.00328703e-01  8.98814168e-01
5378  -1.28756232e-01  8.95242692e-01
5379  -1.57022377e-01  8.90680411e-01
5380  -1.85194256e-01  8.85187121e-01
5381  -2.13207811e-01  8.78817673e-01
5382  -2.41008876e-01  8.71581565e-01
5383  -2.68572652e-01  8.63485396e-01
5384  -2.95868087e-01  8.54540264e-01
5385  -3.22863709e-01  8.44747743e-01
5386  -3.49539530e-01  8.34112444e-01
5387  -3.75814548e-01  8.22672949e-01
5388  -4.01652625e-01  8.10334947e-01
5389  -4.43955112e-01  7.88074882e-01
5390  -4.52191799e-01  7.83135299e-01
5391  -4.79073636e-01  7.66959312e-01
5392  -5.03242524e-01  7.51334854e-01
5393  -5.26929799e-01  7.34955305e-01
5394  -5.50087405e-01  7.17853583e-01
5395  -5.72663095e-01  7.00046303e-01
5396  -5.94596873e-01  6.81536874e-01
5397  -6.15897582e-01  6.62251862e-01
5398  -6.36635177e-01  6.42268677e-01
5399  -6.56724289e-01  6.21669190e-01
5400  -6.78401873e-01  5.97941711e-01
5401  -6.96855013e-01  5.76361972e-01
5402  -7.14649563e-01  5.54210258e-01
5403  -7.31725761e-01  5.31515367e-01
5404  -7.48073360e-01  5.08303779e-01
5405  -7.63640891e-01  4.84609090e-01
5406  -7.78415958e-01  4.60381708e-01
5407  -7.92461959e-01  4.35667137e-01
5408  -8.05741068e-01  4.10531187e-01
5409  -8.18240601e-01  3.84997902e-01
5410  -8.29948944e-01  3.59092051e-01
5411  -8.40851565e-01  3.32845194e-01
5412  -8.50926706e-01  3.06279433e-01
5413  -8.60162140e-01  2.79418406e-01
5414  -8.68527331e-01  2.52332085e-01
5415  -8.75956142e-01  2.24961844e-01
5416  -8.82548213e-01  1.97314052e-01
5417  -8.88283271e-01  1.69475096e-01
5418  -8.93153405e-01  1.41471825e-01
5419  -8.97155687e-01  1.13345013e-01
5420  -9.00258357e-01  8.51437745e-02
5421  -9.02418184e-01  5.70079588e-02
5422  -9.03454176e-01  2.82185781e-02
5423  -4.43955112e-01  7.98265971e-01
5424  -4.43955112e-01  7.68142727e-01
5425  -4.43955112e-01  7.38019483e-01
5426  -4.43955112e-01  7.07896238e-01
5427  -4.43955112e-01  6.77772994e-01
5428  -4.43955112e-01  6.47649750e-01
5429  -4.43955112e-01  6.17526506e-01
5430  -4.43955112e-01  5.87403262e-01
5431  -4.43955112e-01  5.57280017e-01
5432  -4.43955112e-01  5.27156773e-01
5433  -4.43955112e-01  4.97033529e-01
5434  -4.43955112e-01  4.66910285e-01
5435  -4.43955112e-01  4.36787041e-01
5436  -4.43955112e-01  4.06663797e-01
5437  -4.43955112e-01  3.76540552e-01
5438  -4.43955112e-01  3.46417308e-01
5439  -4.43955112e-01  3.16294064e-01
5440  -4.43955112e-01  2.86170820e-01
5441  -4.43955112e-01  2.56047576e-01
5442  -4.43955112e-01  2.25924331e-01
5443  -4.43955112e-01  1.95801087e-01
5444  -4.43955112e-01  1.65677843e-01
5445  -4.43955112e-01  1.35554599e-01
5446  -4.43955112e-01  1.05431355e-01
5447  -4.43955112e-01  7.53081105e-02
5448  -4.43955112e-01  4.51848663e-02
5449  -4.43955112e-01  1.50616221e-02
5450  -4.43955112e-01  -1.50616221e-02
5451  -4.43955112e-01  -4.51848663e-02
5452  -4.43955112e-01  -7.53081105e-02
5453  -4.43955112e-01  -1.05431355e-01
5454  -4.43955112e-01  -1.35554599e-01
5455  -4.43955112e-01  -1.65677843e-01
5456  -4.43955112e-01  -1.95801087e-01
5457  -4.43955112e-01  -2.25924331e-01
5458  -4.43955112e-01  -2.56047576e-01
5459  -4.43955112e-01  -2.86170820e-01
5460  -4.43955112e-01  -3.16294064e-01
5461  -4.43955112e-01  -3.46417308e-01
5462  -4.43955112e-01  -3.76540552e-01
5463  -4.43955112e-01  -4.06663797e-01
5464  -4.43955112e-01  -4.36787041e-01
5465  -4.43955112e-01  -4.66910285e-01
5466  -4.43955112e-01  -4.97033529e-01
5467  -4.43955112e-01  -5.27156773e-01
5468  -4.43955112e-01  -5.57280017e-01
5469  -4.43955112e-01  -5.87403262e-01
5470  -4.43955112e-01  -6.17526506e-01
5471  -4.43955112e-01  -6.47649750e-01
5472  -4.43955112e-01  -6.77772994e-01
5473  -4.43955112e-01  -7.07896238e-01
5474  -4.43955112e-01  -7.38019483e-01
5475  -4.43955112e-01  -7.68142727e-01
5476  -4.43955112e-01  -7.98265971e-01
5477  4.43956446e-01  7.98265971e-01
5478  4.43956446e-01  7.68142727e-01
5479  4.43956446e-01  7.38019483e-01
5480  4.43956446e-01  7.07896238e-01
5481  4.43956446e-01  6.77772994e-01
5482  4.43956446e-01  6.47649750e-01
5483  4.43956446e-01  6.17526506e-01
5484  4.43956446e-01  5.87403262e-01
5485  4.43956446e-01  5.57280017e-01
5486  4.43956446e-01  5.27156773e-01
5487  4.43956446e-01  4.97033529e-01
5488  4.43956446e-01  4.66910285e-01
5489  4.43956446e-01  4.36787041e-01
5490  4.43956446e-01  4.06663797e-01
5491  4.43956446e-01  3.76540552e-01
5492  4.43956446e-01  3.46417308e-01
5493  4.43956446e-01  3.16294064e-01
5494  4.43956446e-01  2.86170820e-01
5495  4.43956446e-01  2.56047576e-01
5496  4.43956446e-01  2.25924331e-01
5497  4.43956446e-01  1.95801087e-01
5498  4.43956446e-01  1.65677843e-01
5499  4.43956446e-01  1.35554599e-01
5500  4.43956446e-01  1.05431355e-01
5501  4.43956446e-01  7.53081105e-02
5502  4.43956446e-01  4.51848663e-02
5503  4.43956446e-01  1.50616221e-02
5504  4.43956446e-01  -1.50616221e-02
5505  4.43956446e-01  -4.51848663e-02
5506  4.43956446e-01  -7.53081105e-02
5507  4.43956446e-01  -1.05431355e-01
5508  4.43956446e-01  -1.35554599e-01
5509  4.43956446e-01  -1.65677843e-01
5510  4.43956446e-01  -1.95801087e-01
5511  4.43956446e-01  -2.25924331e-01
5512  4.43956446e-01  -2.56047576e-01
5513  4.43956446e-01  -2.86170820e-01
5514  4.43956446e-01  -3.16294064e-01
5515  4.43956446e-01  -3.46417308e-01
5516  4.43956446e-01  -3.76540552e-01
5517  4.43956446e-01  -4.06663797e-01
5518  4.43956446e-01  -4.36787041e-01
5519  4.43956446e-01  -4.66910285e-01
5520  4.43956446e-01  -4.97033529e-01
5521  4.43956446e-01  -5.27156773e-01
5522  4.43956446e-01  -5.57280017e-01
5523  4.43956446e-01  -5.87403262e-01
5524  4.43956446e-01  -6.17526506e-01
5525  4.43956446e-01  -6.47649750e-01
5526  4.43956446e-01  -6.77772994e-01
5527  4.43956446e-01  -7.07896238e-01
5528  4.43956446e-01  -7.38019483e-01
5529  4.43956446e-01  -7.68142727e-01
5530  4.43956446e-01  -7.98265971e-01
7837  -8.69453731e-01  -0.00000000e+00
7838  -8.68477132e-01  -2.69511551e-02
7839  -8.67473787e-01  -5.50358757e-02
7840  -8.65409761e-01  -8.18917989e-02
7841  -8.62430740e-01  -1.08965739e-01
7842  -8.58582587e-01  -1.36007525e-01
7843  -8.53897871e-01  -1.62944838e-01
7844  -8.48381244e-01  -1.89723385e-01
7845  -8.42040447e-01  -2.16317446e-01
7846  -8.34912641e-01  -2.42582593e-01
7847  -8.26887907e-01  -2.68563662e-01
7848  -8.18010727e-01  -2.94382444e-01
7849  -8.08323628e-01  -3.19924928e-01
7850  -7.97837013e-01  -3.45169986e-01
7851  -7.86572238e-01  -3.70094388e-01
7852  -7.74546231e-01  -3.94660391e-01
7853  -7.61770349e-01  -4.18843787e-01
7854  -7.48257290e-01  -4.42620663e-01
7855  -7.34070260e-01  -4.65885368e-01
7856  -7.19135908e-01  -4.88615613e-01
7857  -7.03430800e-01  -5.10914514e-01
7858  -6.87019117e-01  -5.32726346e-01
7859  -6.69908459e-01  -5.54026278e-01
7860  -6.52178368e-01  -5.74761379e-01
7861  -6.31272240e-01  -5.97644344e-01
7862  -6.11960394e-01  -6.17446206e-01
7863  -5.92006827e-01  -6.36673906e-01
7864  -5.71562073e-01  -6.55185442e-01
7865  -5.50535498e-01  -6.72928607e-01
7866  -5.28850507e-01  -6.90032832e-01
7867  -5.06577979e-01  -7.06480695e-01
7868  -4.83786297e-01  -7.22240951e-01
7869  -4.60547729e-01  -7.37264349e-01
7870  -4.34634419e-01  -7.52857611e-01
7871  -4.43954779e-01  -7.48328183e-01
7872  -3.86057343e-01  -7.79001464e-01
7873  -3.61285564e-01  -7.90831017e-01
7874  -3.36070683e-01  -8.01807798e-01
7875  -3.10413699e-01  -8.12036931e-01
7876  -2.84449249e-01  -8.21455371e-01
7877  -2.58189694e-01  -8.30060941e-01
7878  -2.31667857e-01  -8.37851083e-01
7879  -2.04918791e-01  -8.44813377e-01
7880  -1.77964409e-01  -8.50941986e-01
7881  -1.50884495e-01  -8.56222808e-01
7882  -1.23785339e-01  -8.60597487e-01
7883  -9.65115140e-02  -8.64022947e-01
7884  -6.90123422e-02  -8.66602727e-01
7885  -4.14402694e-02  -8.68323150e-01
7886  -1.38209719e-02  -8.69180081e-01
7887  1.38209719e-02  -8.69180081e-01
7888  4.14402694e-02  -8.68323150e-01
7889  6.90123422e-02  -8.66602727e-01
7890  9.65115140e-02  -8.64022947e-01
7891  1.23785339e-01  -8.60597487e-01
7892  1.50884495e-01  -8.56222808e-01
7893  1.77964409e-01  -8.50941986e-01
7894  2.04918791e-01  -8.44813377e-01
7895  2.31667857e-01  -8.37851083e-01
7896  2.58189694e-01  -8.30060941e-01
7897  2.84449249e-01  -8.21455371e-01
7898  3.10413699e-01  -8.12036931e-01
7899  3.36070683e-01  -8.01807798e-01
7900  3.61285564e-01  -7.90831017e-01
7901  3.86057343e-01  -7.79001464e-01
7902  4.43956779e-01  -7.48327106e-01
7903  4.34634419e-01  -7.52857611e-01
7904  4.60547729e-01  -7.37264349e-01
7905  4.83786297e-01  -7.22240951e-01
7906  5.06577979e-01  -7.06480695e-01
7907  5.28850507e-01  -6.90032832e-01
7908  5.50535498e-01  -6.72928607e-01
7909  5.71562073e-01  -6.55185442e-01
7910  5.92006827e-01  -6.36673906e-01
7911  6.11960394e-01  -6.17446206e-01
7912  6.31272240e-01  -5.97644344e-01
7913  6.52178368e-01  -5.74761379e-01
7914  6.69908459e-01  -5.54026278e-01
7915  6.87019117e-01  -5.32726346e-01
7916  7.03430800e-01  -5.10914514e-01
7917  7.19135908e-01  -4.88615613e-01
7918  7.34070260e-01  -4.65885368e-01
7919  7.48257290e-01  -4.42620663e-01
7920  7.61770349e-01  -4.18843787e-01
7921  7.74546231e-01  -3.94660391e-01
7922  7.86572238e-01  -3.70094388e-01
7923  7.97837013e-01  -3.45169986e-01
7924  8.08323628e-01  -3.19924928e-01
7925  8.18010727e-01  -2.94382444e-01
7926  8.26887907e-01  -2.68563662e-01
7927  8.34912641e-01  -2.42582593e-01
7928  8.42040447e-01  -2.16317446e-01
7929  8.48381244e-01  -1.89723385e-01
7930  8.53897871e-01  -1.62944838e-01
7931  8.58582587e-01  -1.36007525e-01
7932  8.62430740e-01  -1.08965739e-01
7933  8.65409761e-01  -8.18917989e-02
7934  8.67473787e-01  -5.50358757e-02
7935  8.68477132e-01  -2.69511551e-02
7936  8.69453731e-01  0.00000000e+00
7937  8.68477132e-01  2.69511551e-02
7938  8.67473787e-01  5.50358757e-02
7939  8.65409761e-01  8.18917989e-02
7940  8.62430740e-01  1.08965739e-01
7941  8.58582587e-01  1.36007525e-01
7942  8.53897871e-01  1.62944838e-01
7943  8.48381244e-01  1.89723385e-01
7944  8.42040447e-01  2.16317446e-01
7945  8.34912641e-01  2.42582593e-01
7946  8.26887907e-01  2.68563662e-01
7947  8.18010727e-01  2.94382444e-01
7948  8.08323628e-01  3.19924928e-01
7949  7.97837013e-01  3.45169986e-01
7950  7.86572238e-01  3.70094388e-01
7951  7.74546231e-01  3.94660391e-01
7952  7.61770349e-01  4.18843787e-01
7953  7.48257290e-01  4.42620663e-01
7954  7.34070260e-01  4.65885368e-01
7955  7.19135908e-01  4.88615613e-01
7956  7.03430800e-01  5.10914514e-01
7957  6.87019117e-01  5.32726346e-01
7958  6.69908459e-01  5.54026278e-01
7959  6.52178368e-01  5.74761379e-01
7960  6.31272240e-01  5.97644344e-01
7961  6.11960394e-01  6.17446206e-01
7962  5.92006827e-01  6.36673906e-01
7963  5.71562073e-01  6.55185442e-01
7964  5.50535498e-01  6.72928607e-01
7965  5.28850507e-01  6.90032832e-01
7966  5.06577979e-01  7.06480695e-01
7967  4.83786297e-01  7.22240951e-01
7968  4.60547729e-01  7.37264349e-01
7969  4.34634419e-01  7.52857611e-01
7970  4.43956779e-01  7.48327106e-01
7971  3.86057343e-01  7.79001464e-01
7972  3.61285564e-01  7.90831017e-01
7973  3.36070683e-01  8.01807798e-01
7974  3.10413699e-01  8.12036931e-01
7975  2.84449249e-01  8.21455371e-01
7976  2.58189694e-01  8.30060941e-01
7977  2.31667857e-01  8.37851083e-01
7978  2.04918791e-01  8.44813377e-01
7979  1.77964409e-01  8.50941986e-01
7980  1.50884495e-01  8.56222808e-01
7981  1.23785339e-01  8.60597487e-01
7982  9.65115140e-02  8.64022947e-01
7983  6.90123422e-02  8.66602727e-01
7984  4.14402694e-02  8.68323150e-01
7985  1.38209719e-02  8.69180081e-01
7986  -1.38209719e-02  8.69180081e-01
7987  -4.14402694e-02  8.68323150e-01
7988  -6.90123422e-02  8.66602727e-01
7989  -9.65115140e-02  8.64022947e-01
7990  -1.23785339e-01  8.60597487e-01
7991  -1.50884495e-01  8.56222808e-01
7992  -1.77964409e-01  8.50941986e-01
7993  -2.04918791e-01  8.44813377e-01
7994  -2.31667857e-01  8.37851083e-01
7995  -2.58189694e-01  8.30060941e-01
7996  -2.84449249e-01  8.21455371e-01
7997  -3.10413699e-01  8.12036931e-01
7998  -3.36070683e-01  8.01807798e-01
7999  -3.61285564e-01  7.90831017e-01
8000  -3.86057343e-01  7.79001464e-01
8001  -4.43954779e-01  7.48328183e-01
8002  -4.34634419e-01  7.52857611e-01
8003  -4.60547729e-01  7.37264349e-01
8004  -4.83786297e-01  7.22240951e-01
8005  -5.06577979e-01  7.06480695e-01
8006  -5.28850507e-01  6.90032832e-01
8007  -5.50535498e-01  6.72928607e-01
8008  -5.71562073e-01  6.55185442e-01
8009  -5.92006827e-01  6.36673906e-01
8010  -6.11960394e-01  6.17446206e-01
8011  -6.31272240e-01  5.97644344e-01
8012  -6.52178368e-01  5.74761379e-01
8013  -6.69908459e-01  5.54026278e-01
8014  -6.87019117e-01  5.32726346e-01
8015  -7.03430800e-01  5.10914514e-01
8016  -7.19135908e-01  4.88615613e-01
8017  -7.34070260e-01  4.65885368e-01
8018  -7.48257290e-01  4.42620663e-01
8019  -7.61770349e-01  4.18843787e-01
8020  -7.74546231e-01  3.94660391e-01
8021  -7.86572238e-01  3.70094388e-01
8022  -7.97837013e-01  3.45169986e-01
8023  -8.08323628e-01  3.19924928e-01
8024  -8.18010727e-01  2.94382444e-01
8025  -8.26887907e-01  2.68563662e-01
8026  -8.34912641e-01  2.42582593e-01
8027  -8.42040447e-01  2.16317446e-01
8028  -8.48381244e-01  1.89723385e-01
8029  -8.53897871e-01  1.62944838e-01
8030  -8.58582587e-01  1.36007525e-01
8031  -8.62430740e-01  1.08965739e-01
8032  -8.65409761e-01  8.18917989e-02
8033  -8.67473787e-01  5.50358757e-02
8034  -8.68477132e-01  2.69511551e-02
8035  -4.43954779e-01  7.98265971e-01
8036  -4.43954779e-01  7.68142727e-01
8037  -4.43954779e-01  7.38019483e-01
8038  -4.43954779e-01  7.07896238e-01
8039  -4.43954779e-01  6.77772994e-01
8040  -4.43954779e-01  6.47649750e-01
8041  -4.43954779e-01  6.17526506e-01
8042  -4.43954779e-01  5.87403262e-01
8043  -4.43954779e-01  5.57280017e-01
8044  -4.43954779e-01  5.27156773e-01
8045  -4.43954779e-01  4.97033529e-01
8046  -4.43954779e-01  4.66910285e-01
8047  -4.43954779e-01  4.36787041e-01
8048  -4.43954779e-01  4.06663797e-01
8049  -4.43954779e-01  3.76540552e-01
8050  -4.43954779e-01  3.46417308e-01
8051  -4.43954779e-01  3.16294064e-01
8052  -4.43954779e-01  2.86170820e-01
8053  -4.43954779e-01  2.56047576e-01
8054  -4.43954779e-01  2.25924331e-01
8055  -4.43954779e-01  1.95801087e-01
8056  -4.43954779e-01  1.65677843e-01
8057  -4.43954779e-01  1.35554599e-01
8058  -4.43954779e-01  1.05431355e-01
8059  -4.43954779e-01  7.53081105e-02
8060  -4.43954779e-01  4.51848663e-02
8061  -4.43954779e-01  1.50616221e-02
8062  -4.43954779e-01  -1.50616221e-02
8063  -4.43954779e-01  -4.51848663e-02
8064  -4.43954779e-01  -7.53081105e-02
8065  -4.43954779e-01  -1.05431355e-01
8066  -4.43954779e-01  -1.35554599e-01
8067  -4.43954779e-01  -1.65677843e-01
8068  -4.43954779e-01  -1.95801087e-01
8069  -4.43954779e-01  -2.25924331e-01
8070  -4.43954779e-01  -2.56047576e-01
8071  -4.43954779e-01  -2.86170820e-01
8072  -4.43954779e-01  -3.16294064e-01
8073  -4.43954779e-01  -3.46417308e-01
8074  -4.43954779e-01  -3.76540552e-01
8075  -4.43954779e-01  -4.06663797e-01
8076  -4.43954779e-01  -4.36787041e-01
8077  -4.43954779e-01  -4.66910285e-01
8078  -4.43954779e-01  -4.97033529e-01
8079  -4.43954779e-01  -5.27156773e-01
8080  -4.43954779e-01  -5.57280017e-01
8081  -4.43954779e-01  -5.87403262e-01
8082  -4.43954779e-01  -6.17526506e-01
8083  -4.43954779e-01  -6.47649750e-01
8084  -4.43954779e-01  -6.77772994e-01
8085  -4.43954779e-01  -7.07896238e-01
8086  -4.43954779e-01  -7.38019483e-01
8087  -4.43954779e-01  -7.68142727e-01
8088  -4.43954779e-01  -7.98265971e-01
8089  4.43956779e-01  7.98265971e-01
8090  4.43956779e-01  7.68142727e-01
8091  4.43956779e-01  7.38019483e-01
8092  4.43956779e-01  7.07896238e-01
8093  4.43956779e-01  6.77772994e-01
8094  4.43956779e-01  6.47649750e-01
8095  4.43956779e-01  6.17526506e-01
8096  4.43956779e-01  5.87403262e-01
8097  4.43956779e-01  5.57280017e-01
8098  4.43956779e-01  5.27156773e-01
8099  4.43956779e-01  4.97033529e-01
8100  4.43956779e-01  4.66910285e-01
8101  4.43956779e-01  4.36787041e-01
8102  4.43956779e-01  4.06663797e-01
8103  4.43956779e-01  3.76540552e-01
8104  4.43956779e-01  3.46417308e-01
8105  4.43956779e-01  3.16294064e-01
8106  4.43956779e-01  2.86170820e-01
8107  4.43956779e-01  2.56047576e-01
8108  4.43956779e-01  2.25924331e-01
8109  4.43956779e-01  1.95801087e-01
8110  4.43956779e-01  1.65677843e-01
8111  4.43956779e-01  1.35554599e-01
8112  4.43956779e-01  1.05431355e-01
8113  4.43956779e-01  7.53081105e-02
8114  4.43956779e-01  4.51848663e-02
8115  4.43956779e-01  1.50616221e-02
8116  4.43956779e-01  -1.50616221e-02
8117  4.43956779e-01  -4.51848663e-02
8118  4.43956779e-01  -7.53081105e-02
8119  4.43956779e-01  -1.05431355e-01
8120  4.43956779e-01  -1.35554599e-01
8121  4.43956779e-01  -1.65677843e-01
8122  4.43956779e-01  -1.95801087e-01
8123  4.43956779e-01  -2.25924331e-01
8124  4.43956779e-01  -2.56047576e-01
8125  4.43956779e-01  -2.86170820e-01
8126  4.43956779e-01  -3.16294064e-01
8127  4.43956779e-01  -3.46417308e-01
8128  4.43956779e-01  -3.76540552e-01
8129  4.43956779e-01  -4.06663797e-01
8130  4.43956779e-01  -4.36787041e-01
8131  4.43956779e-01  -4.66910285e-01
8132  4.43956779e-01  -4.97033529e-01
8133  4.43956779e-01  -5.27156773e-01
8134  4.43956779e-01  -5.57280017e-01
8135  4.43956779e-01  -5.87403262e-01
8136  4.43956779e-01  -6.17526506e-01
8137  4.43956779e-01  -6.47649750e-01
8138  4.43956779e-01  -6.77772994e-01
8139  4.43956779e-01  -7.07896238e-01
8140  4.43956779e-01  -7.38019483e-01
8141  4.43956779e-01  -7.68142727e-01
8142  4.43956779e-01  -7.98265971e-01
