1  -1.90670000e+00  -1.58762480e-02
2  -1.87853588e+00  -9.73926408e-03
3  -1.85023857e+00  -4.24937151e-03
4  -1.82179852e+00  4.45224394e-04
5  -1.79325510e+00  4.46375591e-03
6  -1.76463212e+00  7.86342675e-03
7  -1.73591710e+00  1.03738951e-02
8  -1.70715113e+00  1.22052999e-02
9  -1.67834424e+00  1.32105565e-02
10  -1.64952192e+00  1.35642132e-02
11  -1.62070000e+00  1.32271502e-02
12  -1.57800427e+00  1.13680270e-02
13  -1.54766347e+00  9.25483802e-03
14  -1.51738299e+00  6.39097230e-03
15  -1.48715225e+00  3.04144549e-03
16  -1.45704061e+00  -1.24459511e-03
17  -1.42697173e+00  -5.82810155e-03
18  -1.39704769e+00  -1.12696454e-02
19  -1.36719897e+00  -1.71171771e-02
20  -1.33747554e+00  -2.35672687e-02
21  -1.30787645e+00  -3.05673210e-02
22  -1.27836605e+00  -3.79340127e-02
23  -1.24896640e+00  -4.57261300e-02
24  -1.21967896e+00  -5.39347905e-02
25  -1.19046536e+00  -6.24027062e-02
26  -1.16138214e+00  -7.13083454e-02
27  -1.13235369e+00  -8.03910620e-02
28  -1.10341453e+00  -8.97535941e-02
29  -1.07453220e+00  -9.92906964e-02
30  -1.04569320e+00  -1.08957869e-01
31  -1.01691676e+00  -1.18809985e-01
32  -9.88199639e-01  -1.28833694e-01
33  -9.59504346e-01  -1.38919734e-01
34  -9.30825685e-01  -1.49052974e-01
35  -9.02169872e-01  -1.59250658e-01
36  -8.73542887e-01  -1.69528970e-01
37  -8.44902543e-01  -1.79769961e-01
38  -8.16245446e-01  -1.89964047e-01
39  -7.87580280e-01  -2.00135425e-01
40  -7.58890322e-01  -2.10236617e-01
41  -7.30177307e-01  -2.20272003e-01
42  -7.01433204e-01  -2.30217983e-01
43  -6.72638354e-01  -2.40016166e-01
44  -6.43803208e-01  -2.49695032e-01
45  -6.14933112e-01  -2.59268921e-01
46  -5.86021428e-01  -2.68716808e-01
47  -5.57021269e-01  -2.77889546e-01
48  -5.27990883e-01  -2.86966012e-01
49  -4.98913833e-01  -2.95891248e-01
50  -4.69723320e-01  -3.04438907e-01
51  -4.40479086e-01  -3.12800434e-01
52  -4.11161783e-01  -3.20899616e-01
53  -3.81764099e-01  -3.28704717e-01
54  -3.40000000e-01  -3.39395540e-01
55  -3.10474213e-01  -3.46461629e-01
56  -2.80848495e-01  -3.53093930e-01
57  -2.51155010e-01  -3.59415051e-01
58  -2.21395260e-01  -3.65417369e-01
59  -1.91545165e-01  -3.70955734e-01
60  -1.61594981e-01  -3.75919810e-01
61  -1.31585135e-01  -3.80508178e-01
62  -1.01513413e-01  -3.84665308e-01
63  -7.13655836e-02  -3.88244277e-01
64  -4.11484866e-02  -3.91180561e-01
65  -1.08809307e-02  -3.93521909e-01
66  1.94278846e-02  -3.95232760e-01
67  4.97670835e-02  -3.96295317e-01
68  8.01228483e-02  -3.96718116e-01
69  1.10480485e-01  -3.96378144e-01
70  1.40815166e-01  -3.95171758e-01
71  1.71108584e-01  -3.93208966e-01
72  2.01341907e-01  -3.90475059e-01
73  2.31500000e-01  -3.87002888e-01
74  2.65976380e-01  -3.82100481e-01
75  2.96079693e-01  -3.76943654e-01
76  3.26035081e-01  -3.70978048e-01
77  3.55844296e-01  -3.64318937e-01
78  3.85483459e-01  -3.56937067e-01
79  4.14951916e-01  -3.48900359e-01
80  4.44218338e-01  -3.40155903e-01
81  4.73281025e-01  -3.30756345e-01
82  5.02081571e-01  -3.20582348e-01
83  5.30664043e-01  -3.09812579e-01
84  5.58922452e-01  -2.98218923e-01
85  5.86889907e-01  -2.85941527e-01
86  6.14528196e-01  -2.72940097e-01
87  6.41835864e-01  -2.59258894e-01
88  6.73000000e-01  -2.42498718e-01
89  6.99910824e-01  -2.26775678e-01
90  7.26334299e-01  -2.10252107e-01
91  7.52099143e-01  -1.92716866e-01
92  7.77038215e-01  -1.74027380e-01
93  8.01077004e-01  -1.54194640e-01
94  8.23945677e-01  -1.33025238e-01
95  8.45312116e-01  -1.10348879e-01
96  8.64845985e-01  -8.60779309e-02
97  8.81372366e-01  -5.96948744e-02
98  8.92914885e-01  -3.08024059e-02
99  8.97300000e-01  0.00000000e+00
100  8.93053853e-01  2.90285028e-02
101  8.80471480e-01  5.55067873e-02
102  8.62966638e-01  7.91064712e-02
103  8.42975200e-01  1.00656959e-01
104  8.21244621e-01  1.20453087e-01
105  7.98333432e-01  1.38880277e-01
106  7.74542281e-01  1.56158216e-01
107  7.49973699e-01  1.72311085e-01
108  7.24767592e-01  1.87452794e-01
109  6.99100313e-01  2.01799148e-01
110  6.73000000e-01  2.15343065e-01
111  6.41417759e-01  2.30351047e-01
112  6.13751660e-01  2.42586252e-01
113  5.85798394e-01  2.54154205e-01
114  5.57610798e-01  2.65139444e-01
115  5.29184485e-01  2.75491814e-01
116  5.00507324e-01  2.85128420e-01
117  4.71674338e-01  2.94287980e-01
118  4.42654283e-01  3.02836651e-01
119  4.13465481e-01  3.10790617e-01
120  3.84129668e-01  3.18184219e-01
121  3.54653969e-01  3.24998492e-01
122  3.25089907e-01  3.31418073e-01
123  2.95416722e-01  3.37309791e-01
124  2.65624607e-01  3.42560350e-01
125  2.31500000e-01  3.47937513e-01
126  2.01614159e-01  3.52002163e-01
127  1.71663239e-01  3.55567589e-01
128  1.41667947e-01  3.58734423e-01
129  1.11624286e-01  3.61411387e-01
130  8.15329218e-02  3.63488749e-01
131  5.14148999e-02  3.65127674e-01
132  2.12769610e-02  3.66333394e-01
133  -8.87537498e-03  3.67090137e-01
134  -3.90362008e-02  3.67415995e-01
135  -6.91991552e-02  3.67351282e-01
136  -9.93573489e-02  3.66822914e-01
137  -1.29502213e-01  3.65821567e-01
138  -1.59634652e-01  3.64471816e-01
139  -1.89754958e-01  3.62872713e-01
140  -2.19848261e-01  3.60823175e-01
141  -2.49920809e-01  3.58492109e-01
142  -2.79973010e-01  3.55914025e-01
143  -3.10002790e-01  3.53084579e-01
144  -3.40000000e-01  3.49926198e-01
145  -3.81949615e-01  3.45159774e-01
146  -4.11562041e-01  3.41564642e-01
147  -4.41142448e-01  3.37718218e-01
148  -4.70696408e-01  3.33670297e-01
149  -5.00235070e-01  3.29511869e-01
150  -5.29736358e-01  3.25096421e-01
151  -5.59217771e-01  3.20550322e-01
152  -5.88679754e-01  3.15880059e-01
153  -6.18102820e-01  3.10970017e-01
154  -6.47510581e-01  3.05969309e-01
155  -6.76899170e-01  3.00857564e-01
156  -7.06262393e-01  2.95601642e-01
157  -7.35594738e-01  2.90176019e-01
158  -7.64917064e-01  2.84696420e-01
159  -7.94217336e-01  2.79101481e-01
160  -8.23484709e-01  2.73335595e-01
161  -8.52734075e-01  2.67478991e-01
162  -8.81959087e-01  2.61502291e-01
163  -9.11168216e-01  2.55448268e-01
164  -9.40363337e-01  2.49327041e-01
165  -9.69535362e-01  2.43096659e-01
166  -9.98694199e-01  2.36804838e-01
167  -1.02783662e+00  2.30437574e-01
168  -1.05696432e+00  2.24003082e-01
169  -1.08608395e+00  2.17532208e-01
170  -1.11518481e+00  2.10977499e-01
171  -1.14427809e+00  2.04389143e-01
172  -1.17336171e+00  1.97758336e-01
173  -1.20243271e+00  1.91072376e-01
174  -1.23149079e+00  1.84330496e-01
175  -1.26054091e+00  1.77554384e-01
176  -1.28957002e+00  1.70688853e-01
177  -1.31859531e+00  1.63807170e-01
178  -1.34760787e+00  1.56872054e-01
179  -1.37661035e+00  1.49894836e-01
180  -1.40561546e+00  1.42928615e-01
181  -1.43460517e+00  1.35899325e-01
182  -1.46356891e+00  1.28763027e-01
183  -1.49254607e+00  1.21681426e-01
184  -1.52152119e+00  1.14591572e-01
185  -1.55048212e+00  1.07443865e-01
186  -1.57943711e+00  1.00272118e-01
187  -1.62070000e+00  9.00124761e-02
188  -1.64937702e+00  8.28964297e-02
189  -1.67805506e+00  7.57845463e-02
190  -1.70670931e+00  6.85775449e-02
191  -1.73537537e+00  6.14175096e-02
192  -1.76401099e+00  5.41369245e-02
193  -1.79261540e+00  4.67344512e-02
194  -1.82120580e+00  3.92780368e-02
195  -1.84975262e+00  3.16566611e-02
196  -1.87823603e+00  2.38016174e-02
197  -3.10023286e-01  3.22669527e-01
198  -3.10043783e-01  2.92254474e-01
199  -3.10064280e-01  2.61839422e-01
200  -3.10084776e-01  2.31424369e-01
201  -3.10105273e-01  2.01009317e-01
202  -3.10125770e-01  1.70594264e-01
203  -3.10146266e-01  1.40179212e-01
204  -3.10166763e-01  1.09764159e-01
205  -3.10187260e-01  7.93491065e-02
206  -3.10207756e-01  4.89340539e-02
207  -3.10228253e-01  1.85190014e-02
208  -3.10248750e-01  -1.18960511e-02
209  -3.10269246e-01  -4.23111037e-02
210  -3.10289743e-01  -7.27261562e-02
211  -3.10310240e-01  -1.03141209e-01
212  -3.10330736e-01  -1.33556261e-01
213  -3.10351233e-01  -1.63971314e-01
214  -3.10371730e-01  -1.94386366e-01
215  -3.10392226e-01  -2.24801419e-01
216  -3.10412723e-01  -2.55216471e-01
217  -3.10433220e-01  -2.85631524e-01
218  -3.10453716e-01  -3.16046576e-01
219  2.01603269e-01  3.22303074e-01
220  2.01592379e-01  2.92603985e-01
221  2.01581488e-01  2.62904897e-01
222  2.01570598e-01  2.33205808e-01
223  2.01559708e-01  2.03506719e-01
224  2.01548818e-01  1.73807630e-01
225  2.01537928e-01  1.44108541e-01
226  2.01527038e-01  1.14409452e-01
227  2.01516148e-01  8.47103633e-02
228  2.01505258e-01  5.50112745e-02
229  2.01494368e-01  2.53121856e-02
230  2.01483478e-01  -4.38690329e-03
231  2.01472588e-01  -3.40859922e-02
232  2.01461698e-01  -6.37850810e-02
233  2.01450808e-01  -9.34841699e-02
234  2.01439918e-01  -1.23183259e-01
235  2.01429028e-01  -1.52882348e-01
236  2.01418138e-01  -1.82581437e-01
237  2.01407248e-01  -2.12280525e-01
238  2.01396358e-01  -2.41979614e-01
239  2.01385467e-01  -2.71678703e-01
240  2.01374577e-01  -3.01377792e-01
241  2.01363687e-01  -3.31076881e-01
242  2.01352797e-01  -3.60775970e-01
2485  -1.90553552e+00  -1.51107733e-02
2486  -1.87863673e+00  -9.24953978e-03
2487  -1.85032691e+00  -3.75723720e-03
2488  -1.82187409e+00  9.39479853e-04
2489  -1.79331944e+00  4.95959861e-03
2490  -1.76468339e+00  8.36079159e-03
2491  -1.73595476e+00  1.08724748e-02
2492  -1.70717574e+00  1.27046941e-02
2493  -1.67835603e+00  1.37104176e-02
2494  -1.64952206e+00  1.40642132e-02
2495  -1.62068620e+00  1.37269597e-02
2496  -1.57797602e+00  1.18672284e-02
2497  -1.54762256e+00  9.75316137e-03
2498  -1.51733192e+00  6.88835708e-03
2499  -1.48708948e+00  3.53748999e-03
2500  -1.45696771e+00  -7.49938598e-04
2501  -1.42688932e+00  -5.33493963e-03
2502  -1.39695490e+00  -1.07783313e-02
2503  -1.36709789e+00  -1.66275019e-02
2504  -1.33736498e+00  -2.30796450e-02
2505  -1.30775836e+00  -3.00814660e-02
2506  -1.27824145e+00  -3.74497871e-02
2507  -1.24883488e+00  -4.52437381e-02
2508  -1.21954189e+00  -5.34539461e-02
2509  -1.19032256e+00  -6.19235326e-02
2510  -1.16123429e+00  -7.08307057e-02
2511  -1.13220208e+00  -7.99146015e-02
2512  -1.10325919e+00  -8.92783378e-02
2513  -1.07437435e+00  -9.88162656e-02
2514  -1.04553276e+00  -1.08484308e-01
2515  -1.01675339e+00  -1.18337426e-01
2516  -9.88034351e-01  -1.28361804e-01
2517  -9.59338158e-01  -1.38448161e-01
2518  -9.30658579e-01  -1.48581725e-01
2519  -9.02001574e-01  -1.58779834e-01
2520  -8.73374233e-01  -1.69058273e-01
2521  -8.44734581e-01  -1.79299016e-01
2522  -8.16078056e-01  -1.89492899e-01
2523  -7.87413654e-01  -1.99664006e-01
2524  -7.58724813e-01  -2.09764805e-01
2525  -7.30013074e-01  -2.19799745e-01
2526  -7.01270920e-01  -2.29745052e-01
2527  -6.72478266e-01  -2.39542487e-01
2528  -6.43644963e-01  -2.49220734e-01
2529  -6.14776766e-01  -2.58793994e-01
2530  -5.85868378e-01  -2.68240808e-01
2531  -5.56871273e-01  -2.77412575e-01
2532  -5.27842921e-01  -2.86488406e-01
2533  -4.98770215e-01  -2.95412318e-01
2534  -4.69584337e-01  -3.03958611e-01
2535  -4.40343787e-01  -3.12319088e-01
2536  -4.11031058e-01  -3.20417008e-01
2537  -3.81637949e-01  -3.28220893e-01
2538  -3.39879813e-01  -3.38910200e-01
2539  -3.08974101e-01  -3.46295795e-01
2540  -2.80741825e-01  -3.52605441e-01
2541  -2.51053527e-01  -3.58925458e-01
2542  -2.21300223e-01  -3.64926484e-01
2543  -1.91458676e-01  -3.70463271e-01
2544  -1.61516316e-01  -3.75426037e-01
2545  -1.31513114e-01  -3.80013392e-01
2546  -1.01449704e-01  -3.84169383e-01
2547  -7.13119297e-02  -3.87747164e-01
2548  -4.11050240e-02  -3.90682454e-01
2549  -1.08475583e-02  -3.93023024e-01
2550  1.94507256e-02  -3.94733282e-01
2551  4.97793162e-02  -3.95795467e-01
2552  8.01235305e-02  -3.96218116e-01
2553  1.10467750e-01  -3.95878306e-01
2554  1.40789065e-01  -3.94672440e-01
2555  1.71069902e-01  -3.92710465e-01
2556  2.02842148e-01  -3.89818255e-01
2557  2.31436205e-01  -3.86506974e-01
2558  2.65898966e-01  -3.81606510e-01
2559  2.95988645e-01  -3.76452014e-01
2560  3.25931741e-01  -3.70488844e-01
2561  3.55729364e-01  -3.63832326e-01
2562  3.85357254e-01  -3.56453257e-01
2563  4.14814557e-01  -3.48419597e-01
2564  4.44069826e-01  -3.39678468e-01
2565  4.73120807e-01  -3.30282710e-01
2566  5.01910141e-01  -3.20112655e-01
2567  5.30480982e-01  -3.09347295e-01
2568  5.58727055e-01  -2.97758684e-01
2569  5.86682982e-01  -2.85486355e-01
2570  6.14309780e-01  -2.72490326e-01
2571  6.41605445e-01  -2.58815152e-01
2572  6.72755432e-01  -2.42062614e-01
2573  6.99652126e-01  -2.26347805e-01
2574  7.26061036e-01  -2.09833386e-01
2575  7.51808483e-01  -1.92310028e-01
2576  7.76729108e-01  -1.73634375e-01
2577  8.00747942e-01  -1.53818185e-01
2578  8.23593689e-01  -1.32670126e-01
2579  8.44935118e-01  -1.10020440e-01
2580  8.64438651e-01  -8.57879665e-02
2581  8.80926546e-01  -5.94685024e-02
2582  8.92431786e-01  -3.06735064e-02
2583  8.96794821e-01  -9.68056756e-07
2584  8.92575369e-01  2.88834072e-02
2585  8.80042857e-01  5.52493330e-02
2586  8.62581984e-01  7.87870317e-02
2587  8.42623248e-01  1.00301812e-01
2588  8.20919425e-01  1.20073287e-01
2589  7.98029752e-01  1.38483064e-01
2590  7.74257958e-01  1.55746925e-01
2591  7.49707566e-01  1.71887796e-01
2592  7.24516851e-01  1.87020210e-01
2593  6.98863161e-01  2.01358967e-01
2594  6.72777515e-01  2.14895292e-01
2595  6.41209323e-01  2.29896564e-01
2596  6.13554936e-01  2.42126579e-01
2597  5.85612009e-01  2.53690243e-01
2598  5.57434458e-01  2.64671572e-01
2599  5.29019289e-01  2.75019892e-01
2600  5.00351994e-01  2.84653160e-01
2601  4.71527995e-01  2.93809876e-01
2602  4.42517904e-01  3.02355610e-01
2603  4.13338649e-01  3.10306971e-01
2604  3.84012254e-01  3.17698201e-01
2605  3.54544607e-01  3.24510599e-01
2606  3.24988166e-01  3.30928534e-01
2607  2.95324637e-01  3.36818344e-01
2608  2.65542299e-01  3.42067171e-01
2609  2.31427391e-01  3.47442813e-01
2610  2.03113904e-01  3.51306874e-01
2611  1.71607437e-01  3.55070713e-01
2612  1.41619509e-01  3.58236775e-01
2613  1.11584879e-01  3.60912942e-01
2614  8.15021191e-02  3.62989699e-01
2615  5.13913215e-02  3.64628230e-01
2616  2.12606945e-02  3.65833659e-01
2617  -8.88434841e-03  3.66590218e-01
2618  -3.90383653e-02  3.66916000e-01
2619  -6.91942394e-02  3.66851306e-01
2620  -9.93446693e-02  3.66323075e-01
2621  -1.29482726e-01  3.65321947e-01
2622  -1.59610211e-01  3.63972414e-01
2623  -1.89724716e-01  3.62373628e-01
2624  -2.19811953e-01  3.60324495e-01
2625  -2.49880120e-01  3.57993767e-01
2626  -2.79928190e-01  3.55416038e-01
2627  -3.08503027e-01  3.52731702e-01
2628  -3.39945598e-01  3.49429166e-01
2629  -3.81891260e-01  3.44663191e-01
2630  -4.11499673e-01  3.41068547e-01
2631  -4.41076286e-01  3.37222615e-01
2632  -4.70627632e-01  3.33175050e-01
2633  -5.00163213e-01  3.29017059e-01
2634  -5.29661252e-01  3.24602094e-01
2635  -5.59140530e-01  3.20056324e-01
2636  -5.88599462e-01  3.15386548e-01
2637  -6.18019759e-01  3.10476964e-01
2638  -6.47425830e-01  3.05476544e-01
2639  -6.76812280e-01  3.00365172e-01
2640  -7.06172872e-01  2.95109721e-01
2641  -7.35503343e-01  2.89684443e-01
2642  -7.64824249e-01  2.84205110e-01
2643  -7.94122122e-01  2.78610630e-01
2644  -8.23387303e-01  2.72845175e-01
2645  -8.52634902e-01  2.66988925e-01
2646  -8.81858259e-01  2.61012563e-01
2647  -9.11066177e-01  2.54958791e-01
2648  -9.40259820e-01  2.48837874e-01
2649  -9.69430415e-01  2.42607797e-01
2650  -9.98588105e-01  2.36316224e-01
2651  -1.02772933e+00  2.29949221e-01
2652  -1.05685616e+00  2.23514920e-01
2653  -1.08597478e+00  2.17044271e-01
2654  -1.11507466e+00  2.10489783e-01
2655  -1.14416730e+00  2.03901571e-01
2656  -1.17325010e+00  1.97270951e-01
2657  -1.20232017e+00  1.90585205e-01
2658  -1.23137750e+00  1.83843500e-01
2659  -1.26042658e+00  1.77067631e-01
2660  -1.28945481e+00  1.70202308e-01
2661  -1.31847951e+00  1.63320764e-01
2662  -1.34749127e+00  1.56385839e-01
2663  -1.37649349e+00  1.49408683e-01
2664  -1.40549817e+00  1.42442568e-01
2665  -1.43448645e+00  1.35413624e-01
2666  -1.46344975e+00  1.28277433e-01
2667  -1.49242730e+00  1.21195737e-01
2668  -1.52140187e+00  1.14106019e-01
2669  -1.55036211e+00  1.06958481e-01
2670  -1.57931668e+00  9.97868378e-02
2671  -1.62057947e+00  8.95272219e-02
2672  -1.64925664e+00  8.24111386e-02
2673  -1.67793391e+00  7.52994468e-02
2674  -1.70658775e+00  6.80925473e-02
2675  -1.73525319e+00  6.09326686e-02
2676  -1.76388675e+00  5.36526050e-02
2677  -1.79248968e+00  4.62505157e-02
2678  -1.82107822e+00  3.87945864e-02
2679  -1.84962167e+00  3.11741136e-02
2680  -1.87795009e+00  2.33914487e-02
2681  -3.08523286e-01  3.22668516e-01
2682  -3.08543783e-01  2.92253463e-01
2683  -3.08564280e-01  2.61838411e-01
2684  -3.08584776e-01  2.31423358e-01
2685  -3.08605273e-01  2.01008306e-01
2686  -3.08625770e-01  1.70593253e-01
2687  -3.08646266e-01  1.40178201e-01
2688  -3.08666763e-01  1.09763148e-01
2689  -3.08687260e-01  7.93480957e-02
2690  -3.08707756e-01  4.89330431e-02
2691  -3.08728253e-01  1.85179905e-02
2692  -3.08748750e-01  -1.18970619e-02
2693  -3.08769246e-01  -4.23121145e-02
2694  -3.08789743e-01  -7.27271671e-02
2695  -3.08810240e-01  -1.03142220e-01
2696  -3.08830736e-01  -1.33557272e-01
2697  -3.08851233e-01  -1.63972325e-01
2698  -3.08871730e-01  -1.94387377e-01
2699  -3.08892226e-01  -2.24802430e-01
2700  -3.08912723e-01  -2.55217482e-01
2701  -3.08933220e-01  -2.85632535e-01
2702  -3.08953716e-01  -3.16047587e-01
2703  2.03103269e-01  3.22302524e-01
2704  2.03092379e-01  2.92603435e-01
2705  2.03081488e-01  2.62904347e-01
2706  2.03070598e-01  2.33205258e-01
2707  2.03059708e-01  2.03506169e-01
2708  2.03048818e-01  1.73807080e-01
2709  2.03037928e-01  1.44107991e-01
2710  2.03027038e-01  1.14408902e-01
2711  2.03016148e-01  8.47098133e-02
2712  2.03005258e-01  5.50107245e-02
2713  2.02994368e-01  2.53116356e-02
2714  2.02983478e-01  -4.38745331e-03
2715  2.02972588e-01  -3.40865422e-02
2716  2.02961698e-01  -6.37856310e-02
2717  2.02950808e-01  -9.34847199e-02
2718  2.02939918e-01  -1.23183809e-01
2719  2.02929028e-01  -1.52882898e-01
2720  2.02918138e-01  -1.82581987e-01
2721  2.02907248e-01  -2.12281075e-01
2722  2.02896358e-01  -2.41980164e-01
2723  2.02885467e-01  -2.71679253e-01
2724  2.02874577e-01  -3.01378342e-01
2725  2.02863687e-01  -3.31077431e-01
2726  2.02852797e-01  -3.60776520e-01
4969  -1.89971309e+00  -1.12833997e-02
4970  -1.87914096e+00  -6.80091828e-03
4971  -1.85076861e+00  -1.29656567e-03
4972  -1.82225197e+00  3.41075715e-03
4973  -1.79364116e+00  7.43881208e-03
4974  -1.76493972e+00  1.08476158e-02
4975  -1.73614306e+00  1.33653731e-02
4976  -1.70729876e+00  1.52016651e-02
4977  -1.67841496e+00  1.62097228e-02
4978  -1.64952278e+00  1.65642131e-02
4979  -1.62061720e+00  1.62260072e-02
4980  -1.57783478e+00  1.43632355e-02
4981  -1.54741799e+00  1.22447781e-02
4982  -1.51707656e+00  9.37528099e-03
4983  -1.48677564e+00  6.01771249e-03
4984  -1.45660319e+00  1.72334396e-03
4985  -1.42647727e+00  -2.86913001e-03
4986  -1.39649093e+00  -8.32176101e-03
4987  -1.36659246e+00  -1.41791257e-02
4988  -1.33681219e+00  -2.06415268e-02
4989  -1.30716792e+00  -2.76521909e-02
4990  -1.27761844e+00  -3.50286591e-02
4991  -1.24817727e+00  -4.28317784e-02
4992  -1.21885653e+00  -5.10497241e-02
4993  -1.18960854e+00  -5.95276645e-02
4994  -1.16049503e+00  -6.84425074e-02
4995  -1.13144403e+00  -7.75322991e-02
4996  -1.10248247e+00  -8.69020565e-02
4997  -1.07358512e+00  -9.64441119e-02
4998  -1.04473059e+00  -1.06116501e-01
4999  -1.01593656e+00  -1.15974634e-01
5000  -9.87207911e-01  -1.26002356e-01
5001  -9.58507217e-01  -1.36090294e-01
5002  -9.29823050e-01  -1.46225480e-01
5003  -9.01160082e-01  -1.56425711e-01
5004  -8.72530962e-01  -1.66704787e-01
5005  -8.43894771e-01  -1.76944294e-01
5006  -8.15241108e-01  -1.87137157e-01
5007  -7.86580522e-01  -1.97306912e-01
5008  -7.57897270e-01  -2.07405743e-01
5009  -7.29191909e-01  -2.17438456e-01
5010  -7.00459502e-01  -2.27380395e-01
5011  -6.71677826e-01  -2.37174092e-01
5012  -6.42853740e-01  -2.46849244e-01
5013  -6.13995035e-01  -2.56419358e-01
5014  -5.85103128e-01  -2.65860810e-01
5015  -5.56121294e-01  -2.75027721e-01
5016  -5.27103109e-01  -2.84100378e-01
5017  -4.98052123e-01  -2.93017669e-01
5018  -4.68889425e-01  -3.01557133e-01
5019  -4.39667294e-01  -3.09912356e-01
5020  -4.10377430e-01  -3.18003966e-01
5021  -3.81007198e-01  -3.25801770e-01
5022  -3.39278879e-01  -3.36483499e-01
5023  -2.96819266e-01  -3.46544466e-01
5024  -2.80208473e-01  -3.50162996e-01
5025  -2.50546114e-01  -3.56477493e-01
5026  -2.20825037e-01  -3.62472060e-01
5027  -1.91026232e-01  -3.68000957e-01
5028  -1.61122993e-01  -3.72957171e-01
5029  -1.31153008e-01  -3.77539463e-01
5030  -1.01131159e-01  -3.81689761e-01
5031  -7.10436600e-02  -3.85261599e-01
5032  -4.08877110e-02  -3.88191916e-01
5033  -1.06806965e-02  -3.90528599e-01
5034  1.95649305e-02  -3.92235892e-01
5035  4.98404794e-02  -3.93296215e-01
5036  8.01269415e-02  -3.93718119e-01
5037  1.10404073e-01  -3.93379117e-01
5038  1.40658561e-01  -3.92175848e-01
5039  1.70876490e-01  -3.90217957e-01
5040  2.14998528e-01  -3.86055849e-01
5041  2.31117231e-01  -3.84027407e-01
5042  2.65511896e-01  -3.79136657e-01
5043  2.95533405e-01  -3.73993812e-01
5044  3.25415042e-01  -3.68042822e-01
5045  3.55154706e-01  -3.61399268e-01
5046  3.84726230e-01  -3.54034206e-01
5047  4.14127763e-01  -3.46015784e-01
5048  4.43327265e-01  -3.37291293e-01
5049  4.72319718e-01  -3.27914534e-01
5050  5.01052993e-01  -3.17764188e-01
5051  5.29565679e-01  -3.07020878e-01
5052  5.57750067e-01  -2.95457490e-01
5053  5.85648356e-01  -2.83210492e-01
5054  6.13217699e-01  -2.70241468e-01
5055  6.40453348e-01  -2.56596442e-01
5056  6.71532589e-01  -2.39882097e-01
5057  6.98358636e-01  -2.24208440e-01
5058  7.24694722e-01  -2.07739780e-01
5059  7.50355184e-01  -1.90275840e-01
5060  7.75183570e-01  -1.71669353e-01
5061  7.99102631e-01  -1.51935912e-01
5062  8.21833747e-01  -1.30894568e-01
5063  8.43050125e-01  -1.08378245e-01
5064  8.62401983e-01  -8.43381446e-02
5065  8.78697444e-01  -5.83366422e-02
5066  8.90016289e-01  -3.00290088e-02
5067  8.94268925e-01  -5.80834054e-06
5068  8.90182947e-01  2.81579293e-02
5069  8.77899745e-01  5.39620613e-02
5070  8.60658716e-01  7.71898344e-02
5071  8.40863487e-01  9.85260744e-02
5072  8.19293448e-01  1.18174289e-01
5073  7.96511352e-01  1.36496997e-01
5074  7.72836342e-01  1.53690469e-01
5075  7.48376904e-01  1.69771352e-01
5076  7.23263144e-01  1.84857291e-01
5077  6.97677404e-01  1.99158063e-01
5078  6.71665090e-01  2.12656428e-01
5079  6.40167146e-01  2.27624150e-01
5080  6.12571314e-01  2.39828212e-01
5081  5.84680083e-01  2.51370434e-01
5082  5.56552760e-01  2.62332211e-01
5083  5.28193312e-01  2.72660282e-01
5084  4.99575342e-01  2.82276857e-01
5085  4.70796281e-01  2.91419354e-01
5086  4.41836010e-01  2.99950403e-01
5087  4.12704489e-01  3.07888740e-01
5088  3.83425185e-01  3.15268108e-01
5089  3.53997797e-01  3.22071132e-01
5090  3.24479460e-01  3.28480837e-01
5091  2.94864215e-01  3.34361107e-01
5092  2.65130758e-01  3.39601277e-01
5093  2.31064347e-01  3.44969314e-01
5094  2.15267413e-01  3.47236876e-01
5095  1.71328429e-01  3.52586331e-01
5096  1.41377320e-01  3.55748534e-01
5097  1.11387841e-01  3.58420719e-01
5098  8.13481055e-02  3.60494447e-01
5099  5.12734296e-02  3.62131011e-01
5100  2.11793620e-02  3.63334982e-01
5101  -8.92921557e-03  3.64090620e-01
5102  -3.90491880e-02  3.64416023e-01
5103  -6.91696604e-02  3.64351427e-01
5104  -9.92812715e-02  3.63823879e-01
5105  -1.29385288e-01  3.62823846e-01
5106  -1.59488003e-01  3.61475402e-01
5107  -1.89573506e-01  3.59878205e-01
5108  -2.19630411e-01  3.57831095e-01
5109  -2.49676673e-01  3.55502059e-01
5110  -2.79704089e-01  3.52926102e-01
5111  -2.96348901e-01  3.51431696e-01
5112  -3.39673587e-01  3.46944008e-01
5113  -3.81599486e-01  3.42180276e-01
5114  -4.11187835e-01  3.38588072e-01
5115  -4.40745475e-01  3.34744599e-01
5116  -4.70283750e-01  3.30698814e-01
5117  -4.99803928e-01  3.26543011e-01
5118  -5.29285724e-01  3.22130459e-01
5119  -5.58754323e-01  3.17586335e-01
5120  -5.88198003e-01  3.12918992e-01
5121  -6.17604457e-01  3.08011701e-01
5122  -6.47002074e-01  3.03012720e-01
5123  -6.76377829e-01  2.97903211e-01
5124  -7.05725268e-01  2.92650117e-01
5125  -7.35046368e-01  2.87226563e-01
5126  -7.64360177e-01  2.81748560e-01
5127  -7.93646051e-01  2.76156378e-01
5128  -8.22900271e-01  2.70393074e-01
5129  -8.52139035e-01  2.64538595e-01
5130  -8.81354120e-01  2.58563922e-01
5131  -9.10555982e-01  2.52511404e-01
5132  -9.39742234e-01  2.46392040e-01
5133  -9.68905682e-01  2.40163486e-01
5134  -9.98057635e-01  2.33873151e-01
5135  -1.02719288e+00  2.27507454e-01
5136  -1.05631537e+00  2.21074112e-01
5137  -1.08542896e+00  2.14604584e-01
5138  -1.11452391e+00  2.08051202e-01
5139  -1.14361336e+00  2.01463713e-01
5140  -1.17269208e+00  1.94834026e-01
5141  -1.20175749e+00  1.88149351e-01
5142  -1.23081104e+00  1.81408521e-01
5143  -1.25985494e+00  1.74633863e-01
5144  -1.28887874e+00  1.67769584e-01
5145  -1.31790053e+00  1.60888732e-01
5146  -1.34690829e+00  1.53954763e-01
5147  -1.37590920e+00  1.46977921e-01
5148  -1.40491169e+00  1.40012331e-01
5149  -1.43389285e+00  1.32985119e-01
5150  -1.46285396e+00  1.25849464e-01
5151  -1.49183346e+00  1.18767291e-01
5152  -1.52080525e+00  1.11678252e-01
5153  -1.54976207e+00  1.04531560e-01
5154  -1.57871454e+00  9.73604366e-02
5155  -1.61997680e+00  8.71009508e-02
5156  -1.64865471e+00  7.99846831e-02
5157  -1.67732813e+00  7.28739494e-02
5158  -1.70597994e+00  6.56675594e-02
5159  -1.73464226e+00  5.85084634e-02
5160  -1.76326557e+00  5.12310078e-02
5161  -1.79186106e+00  4.38308383e-02
5162  -1.82044034e+00  3.63773346e-02
5163  -1.84896692e+00  2.87613760e-02
5164  -1.87652039e+00  2.13406049e-02
5165  -2.96368289e-01  3.22660325e-01
5166  -2.96388786e-01  2.92245272e-01
5167  -2.96409283e-01  2.61830220e-01
5168  -2.96429779e-01  2.31415167e-01
5169  -2.96450276e-01  2.01000115e-01
5170  -2.96470773e-01  1.70585062e-01
5171  -2.96491269e-01  1.40170010e-01
5172  -2.96511766e-01  1.09754957e-01
5173  -2.96532263e-01  7.93399045e-02
5174  -2.96552759e-01  4.89248519e-02
5175  -2.96573256e-01  1.85097992e-02
5176  -2.96593753e-01  -1.19052531e-02
5177  -2.96614249e-01  -4.23203057e-02
5178  -2.96634746e-01  -7.27353584e-02
5179  -2.96655243e-01  -1.03150411e-01
5180  -2.96675739e-01  -1.33565463e-01
5181  -2.96696236e-01  -1.63980516e-01
5182  -2.96716733e-01  -1.94395568e-01
5183  -2.96737229e-01  -2.24810621e-01
5184  -2.96757726e-01  -2.55225673e-01
5185  -2.96778223e-01  -2.85640726e-01
5186  -2.96798719e-01  -3.16055778e-01
5187  2.15258268e-01  3.22298067e-01
5188  2.15247378e-01  2.92598978e-01
5189  2.15236487e-01  2.62899890e-01
5190  2.15225597e-01  2.33200801e-01
5191  2.15214707e-01  2.03501712e-01
5192  2.15203817e-01  1.73802623e-01
5193  2.15192927e-01  1.44103534e-01
5194  2.15182037e-01  1.14404445e-01
5195  2.15171147e-01  8.47053563e-02
5196  2.15160257e-01  5.50062675e-02
5197  2.15149367e-01  2.53071786e-02
5198  2.15138477e-01  -4.39191028e-03
5199  2.15127587e-01  -3.40909992e-02
5200  2.15116697e-01  -6.37900880e-02
5201  2.15105807e-01  -9.34891769e-02
5202  2.15094917e-01  -1.23188266e-01
5203  2.15084027e-01  -1.52887355e-01
5204  2.15073137e-01  -1.82586444e-01
5205  2.15062247e-01  -2.12285532e-01
5206  2.15051357e-01  -2.41984621e-01
5207  2.15040466e-01  -2.71683710e-01
5208  2.15029576e-01  -3.01382799e-01
5209  2.15018686e-01  -3.31081888e-01
5210  2.15007796e-01  -3.60780977e-01
7453  -1.89505515e+00  -8.22150075e-03
7454  -1.87954435e+00  -4.84202107e-03
7455  -1.85112196e+00  6.71971561e-04
7456  -1.82255427e+00  5.38777899e-03
7457  -1.79389853e+00  9.42218287e-03
7458  -1.76514478e+00  1.28370751e-02
7459  -1.73629371e+00  1.53596917e-02
7460  -1.70739719e+00  1.71992419e-02
7461  -1.67846211e+00  1.82091670e-02
7462  -1.64952336e+00  1.85642130e-02
7463  -1.62056199e+00  1.82252452e-02
7464  -1.57619832e+00  4.32829717e-02
7465  -1.54504785e+00  4.11136463e-02
7466  -1.51411784e+00  3.81897762e-02
7467  -1.48313935e+00  3.47545625e-02
7468  -1.45237974e+00  3.03797850e-02
7469  -1.42170313e+00  2.57007266e-02
7470  -1.39111527e+00  2.01410454e-02
7471  -1.36073641e+00  1.41887402e-02
7472  -1.33040732e+00  7.60748662e-03
7473  -1.30032681e+00  4.94361895e-04
7474  -1.27040002e+00  -6.97650141e-03
7475  -1.24055794e+00  -1.48858492e-02
7476  -1.21091569e+00  -2.31934459e-02
7477  -1.18133569e+00  -3.17681781e-02
7478  -1.15192964e+00  -4.07718859e-02
7479  -1.12266100e+00  -4.99299899e-02
7480  -1.09348314e+00  -5.93695103e-02
7481  -1.06444077e+00  -6.89593892e-02
7482  -1.03543622e+00  -7.86821451e-02
7483  -1.00647245e+00  -8.85983731e-02
7484  -9.77632447e-01  -9.86648425e-02
7485  -9.48879601e-01  -1.08771103e-01
7486  -9.20142272e-01  -1.18925083e-01
7487  -8.91410223e-01  -1.29149909e-01
7488  -8.62760486e-01  -1.39436363e-01
7489  -8.34164401e-01  -1.49661533e-01
7490  -8.05543891e-01  -1.59842595e-01
7491  -7.76927529e-01  -1.69996678e-01
7492  -7.48309026e-01  -1.80072709e-01
7493  -7.19677560e-01  -1.90079612e-01
7494  -6.91058084e-01  -1.99982539e-01
7495  -6.62403609e-01  -2.09732917e-01
7496  -6.33686313e-01  -2.19372209e-01
7497  -6.04937589e-01  -2.28905873e-01
7498  -5.76236631e-01  -2.38285198e-01
7499  -5.47431736e-01  -2.47395842e-01
7500  -5.18531353e-01  -2.56431729e-01
7501  -4.89732025e-01  -2.65272307e-01
7502  -4.60837891e-01  -2.73732649e-01
7503  -4.31829169e-01  -2.82027002e-01
7504  -4.02804245e-01  -2.90045496e-01
7505  -3.73699068e-01  -2.97772849e-01
7506  -3.30144686e-01  -2.99597641e-01
7507  -2.84639877e-01  -3.10359324e-01
7508  -2.72101523e-01  -3.13037838e-01
7509  -2.42833436e-01  -3.19268427e-01
7510  -2.13602215e-01  -3.25164811e-01
7511  -1.84453078e-01  -3.30573779e-01
7512  -1.55144474e-01  -3.35430417e-01
7513  -1.25679399e-01  -3.39935745e-01
7514  -9.62892713e-02  -3.43999495e-01
7515  -6.69659608e-02  -3.47481018e-01
7516  -3.75845530e-02  -3.50335753e-01
7517  -8.14439685e-03  -3.52613336e-01
7518  2.13008452e-02  -3.54275563e-01
7519  5.07701611e-02  -3.55307589e-01
7520  8.01787887e-02  -3.55718154e-01
7521  1.09436191e-01  -3.55391446e-01
7522  1.38674904e-01  -3.54227659e-01
7523  1.67936636e-01  -3.52331848e-01
7524  2.27167995e-01  -3.46605143e-01
7525  2.26268824e-01  -3.46337979e-01
7526  2.61027148e-01  -3.50519945e-01
7527  2.90258812e-01  -3.45512101e-01
7528  3.19428358e-01  -3.39702237e-01
7529  3.48496488e-01  -3.33208893e-01
7530  3.77414934e-01  -3.26006111e-01
7531  4.06170293e-01  -3.18164252e-01
7532  4.34723654e-01  -3.09632533e-01
7533  4.63037976e-01  -3.00475904e-01
7534  4.91121730e-01  -2.90553911e-01
7535  5.18960605e-01  -2.80066072e-01
7536  5.46430302e-01  -2.68794930e-01
7537  5.73660769e-01  -2.56841440e-01
7538  6.00564409e-01  -2.44185309e-01
7539  6.39531670e-01  -2.54821475e-01
7540  6.70554315e-01  -2.38137683e-01
7541  6.97323844e-01  -2.22496948e-01
7542  7.23601670e-01  -2.06064896e-01
7543  7.49192545e-01  -1.88648490e-01
7544  7.73947141e-01  -1.70097334e-01
7545  7.97786383e-01  -1.50430093e-01
7546  8.20425794e-01  -1.29474122e-01
7547  8.41542131e-01  -1.07064489e-01
7548  8.60772649e-01  -8.31782870e-02
7549  8.76914163e-01  -5.74311541e-02
7550  8.88083892e-01  -2.95134107e-02
7551  8.92248208e-01  -9.68056756e-06
7552  8.88269010e-01  2.75775469e-02
7553  8.76185255e-01  5.29322439e-02
7554  8.59120102e-01  7.59120765e-02
7555  8.39455679e-01  9.71054847e-02
7556  8.17992665e-01  1.16655090e-01
7557  7.95296632e-01  1.34908143e-01
7558  7.71699050e-01  1.52045305e-01
7559  7.47312374e-01  1.68078196e-01
7560  7.22260179e-01  1.83126956e-01
7561  6.96728797e-01  1.97397340e-01
7562  6.70775151e-01  2.10865337e-01
7563  6.28092058e-01  2.01295052e-01
7564  6.01174678e-01  2.13198420e-01
7565  5.73882420e-01  2.24492197e-01
7566  5.46337055e-01  2.35227442e-01
7567  5.18623202e-01  2.45320893e-01
7568  4.90576742e-01  2.54744071e-01
7569  4.62318343e-01  2.63721814e-01
7570  4.33935315e-01  2.72082712e-01
7571  4.05356858e-01  2.79870148e-01
7572  3.76623162e-01  2.87112085e-01
7573  3.47662234e-01  2.93806493e-01
7574  3.18585395e-01  3.00120845e-01
7575  2.89529573e-01  3.05890583e-01
7576  2.60362486e-01  3.11030440e-01
7577  2.26857975e-01  3.16310361e-01
7578  2.27407799e-01  3.07381098e-01
7579  1.67087500e-01  3.14823723e-01
7580  1.37696042e-01  3.17927267e-01
7581  1.08392873e-01  3.20538927e-01
7582  7.90070991e-02  3.22566625e-01
7583  4.94814723e-02  3.24173286e-01
7584  1.99431086e-02  3.25355097e-01
7585  -9.61119635e-03  3.26096740e-01
7586  -3.92136923e-02  3.26416379e-01
7587  -6.87960593e-02  3.26353264e-01
7588  -9.83176243e-02  3.25836099e-01
7589  -1.27904240e-01  3.24852719e-01
7590  -1.57630453e-01  3.23520831e-01
7591  -1.87275115e-01  3.21947777e-01
7592  -2.16870980e-01  3.19931418e-01
7593  -2.46584286e-01  3.17628095e-01
7594  -2.76297763e-01  3.15079082e-01
7595  -2.84218817e-01  3.14453107e-01
7596  -3.36521965e-01  3.18149974e-01
7597  -3.78218877e-01  3.13412227e-01
7598  -4.07574750e-01  3.09848295e-01
7599  -4.36912564e-01  3.06033313e-01
7600  -4.66299402e-01  3.02008151e-01
7601  -4.95641105e-01  2.97877700e-01
7602  -5.24934703e-01  2.93493110e-01
7603  -5.54279583e-01  2.88968057e-01
7604  -5.83546538e-01  2.84328906e-01
7605  -6.12792592e-01  2.79448173e-01
7606  -6.42092267e-01  2.74465864e-01
7607  -6.71344104e-01  2.69377945e-01
7608  -7.00539150e-01  2.64152164e-01
7609  -7.29751671e-01  2.58748583e-01
7610  -7.58983243e-01  2.53285993e-01
7611  -7.88130107e-01  2.47720423e-01
7612  -8.17257324e-01  2.41982049e-01
7613  -8.46393725e-01  2.36148094e-01
7614  -8.75512965e-01  2.30192985e-01
7615  -9.04644661e-01  2.24155004e-01
7616  -9.33745282e-01  2.18053626e-01
7617  -9.62825910e-01  2.11842725e-01
7618  -9.91911400e-01  2.05566740e-01
7619  -1.02097738e+00  1.99216171e-01
7620  -1.05004957e+00  1.92793926e-01
7621  -1.07910478e+00  1.86337395e-01
7622  -1.10814270e+00  1.79796834e-01
7623  -1.13719521e+00  1.73217715e-01
7624  -1.16622653e+00  1.66598838e-01
7625  -1.19523802e+00  1.59926565e-01
7626  -1.22424779e+00  1.53195882e-01
7627  -1.25323165e+00  1.46435259e-01
7628  -1.28220421e+00  1.39583067e-01
7629  -1.31119221e+00  1.32710237e-01
7630  -1.34015358e+00  1.25787351e-01
7631  -1.36913940e+00  1.18814134e-01
7632  -1.39811658e+00  1.11854639e-01
7633  -1.42701515e+00  1.04847484e-01
7634  -1.45595090e+00  9.77180426e-02
7635  -1.48495294e+00  9.06303457e-02
7636  -1.51389264e+00  8.35491753e-02
7637  -1.54280970e+00  7.64122825e-02
7638  -1.57173786e+00  6.92471822e-02
7639  -1.61949466e+00  8.51599340e-02
7640  -1.64817317e+00  7.80435187e-02
7641  -1.67684351e+00  7.09335515e-02
7642  -1.70549369e+00  6.37275691e-02
7643  -1.73415352e+00  5.65690993e-02
7644  -1.76276863e+00  4.92937299e-02
7645  -1.79135816e+00  4.18950964e-02
7646  -1.81993004e+00  3.44435332e-02
7647  -1.84844312e+00  2.68311860e-02
7648  -1.87537663e+00  1.96999299e-02
7649  -2.84213292e-01  3.22652134e-01
7650  -2.84233789e-01  2.92237080e-01
7651  -2.84254286e-01  2.61822029e-01
7652  -2.84274782e-01  2.31406976e-01
7653  -2.84295279e-01  2.00991923e-01
7654  -2.84315776e-01  1.70576871e-01
7655  -2.84336272e-01  1.40161819e-01
7656  -2.84356769e-01  1.09746765e-01
7657  -2.84377266e-01  7.93317133e-02
7658  -2.84397762e-01  4.89166607e-02
7659  -2.84418259e-01  1.85016078e-02
7660  -2.84438756e-01  -1.19134443e-02
7661  -2.84459252e-01  -4.23284969e-02
7662  -2.84479749e-01  -7.27435498e-02
7663  -2.84500246e-01  -1.03158602e-01
7664  -2.84520742e-01  -1.33573654e-01
7665  -2.84541239e-01  -1.63988708e-01
7666  -2.84561736e-01  -1.94403759e-01
7667  -2.84582232e-01  -2.24818812e-01
7668  -2.84602729e-01  -2.55233865e-01
7669  -2.84623226e-01  -2.85648917e-01
7670  -2.84643722e-01  -3.16063969e-01
7671  2.27413267e-01  3.22293610e-01
7672  2.27402377e-01  2.92594521e-01
7673  2.27391486e-01  2.62895433e-01
7674  2.27380596e-01  2.33196344e-01
7675  2.27369706e-01  2.03497255e-01
7676  2.27358816e-01  1.73798166e-01
7677  2.27347926e-01  1.44099077e-01
7678  2.27337036e-01  1.14399988e-01
7679  2.27326146e-01  8.47008993e-02
7680  2.27315256e-01  5.50018105e-02
7681  2.27304366e-01  2.53027216e-02
7682  2.27293476e-01  -4.39636725e-03
7683  2.27282586e-01  -3.40954562e-02
7684  2.27271696e-01  -6.37945450e-02
7685  2.27260806e-01  -9.34936339e-02
7686  2.27249916e-01  -1.23192723e-01
7687  2.27239026e-01  -1.52891812e-01
7688  2.27228136e-01  -1.82590901e-01
7689  2.27217246e-01  -2.12289989e-01
7690  2.27206356e-01  -2.41989078e-01
7691  2.27195465e-01  -2.71688167e-01
7692  2.27184575e-01  -3.01387256e-01
7693  2.27173685e-01  -3.31086345e-01
7694  2.27162795e-01  -3.60785434e-01
9937  -1.88923273e+00  -4.39412713e-03
9938  -1.88004858e+00  -2.39339957e-03
9939  -1.85156366e+00  3.13264310e-03
9940  -1.82293214e+00  7.85905628e-03
9941  -1.79422024e+00  1.19013963e-02
9942  -1.76540111e+00  1.53238993e-02
9943  -1.73648201e+00  1.78525900e-02
9944  -1.70752021e+00  1.96962129e-02
9945  -1.67852104e+00  2.07084723e-02
9946  -1.64952408e+00  2.10642129e-02
9947  -1.62049299e+00  2.07242927e-02
9948  -1.57605708e+00  4.57789788e-02
9949  -1.54484328e+00  4.36052630e-02
9950  -1.51386248e+00  4.06767001e-02
9951  -1.48282551e+00  3.72347850e-02
9952  -1.45201522e+00  3.28530676e-02
9953  -1.42129108e+00  2.81665362e-02
9954  -1.39065130e+00  2.25976158e-02
9955  -1.36023098e+00  1.66371164e-02
9956  -1.32985452e+00  1.00456049e-02
9957  -1.29973637e+00  2.92363698e-03
9958  -1.26977701e+00  -4.55537339e-03
9959  -1.23990033e+00  -1.24738896e-02
9960  -1.21023033e+00  -2.07892239e-02
9961  -1.18062168e+00  -2.93723100e-02
9962  -1.15119038e+00  -3.83836876e-02
9963  -1.12190295e+00  -4.75476875e-02
9964  -1.09270642e+00  -5.69932289e-02
9965  -1.06365154e+00  -6.65872354e-02
9966  -1.03463404e+00  -7.63143384e-02
9967  -1.00565562e+00  -8.62355804e-02
9968  -9.76806006e-01  -9.63053941e-02
9969  -9.48048660e-01  -1.06413236e-01
9970  -9.19306743e-01  -1.16568838e-01
9971  -8.90568731e-01  -1.26795787e-01
9972  -8.61917215e-01  -1.37082878e-01
9973  -8.33324591e-01  -1.47306810e-01
9974  -8.04706943e-01  -1.57486853e-01
9975  -7.76094398e-01  -1.67639584e-01
9976  -7.47481482e-01  -1.77713648e-01
9977  -7.18856395e-01  -1.87718323e-01
9978  -6.90246666e-01  -1.97617883e-01
9979  -6.61603169e-01  -2.07364522e-01
9980  -6.32895090e-01  -2.17000719e-01
9981  -6.04155858e-01  -2.26531237e-01
9982  -5.75471381e-01  -2.35905199e-01
9983  -5.46681757e-01  -2.45010987e-01
9984  -5.17791541e-01  -2.54043701e-01
9985  -4.89013933e-01  -2.62877658e-01
9986  -4.60142978e-01  -2.71331171e-01
9987  -4.31152676e-01  -2.79620271e-01
9988  -4.02150617e-01  -2.87632454e-01
9989  -3.73068318e-01  -2.95353727e-01
9990  -3.29543753e-01  -2.97170939e-01
9991  -2.83138382e-01  -3.08140880e-01
9992  -2.71568171e-01  -3.10595394e-01
9993  -2.42326023e-01  -3.16820462e-01
9994  -2.13127030e-01  -3.22710386e-01
9995  -1.84020633e-01  -3.28111465e-01
9996  -1.54751150e-01  -3.32961551e-01
9997  -1.25319293e-01  -3.37461817e-01
9998  -9.59707260e-02  -3.41519872e-01
9999  -6.66976911e-02  -3.44995453e-01
10000  -3.73672400e-02  -3.47845215e-01
10001  -7.97753503e-03  -3.50118910e-01
10002  2.14150501e-02  -3.51778173e-01
10003  5.08313244e-02  -3.52808337e-01
10004  8.01821997e-02  -3.53218156e-01
10005  1.09372515e-01  -3.52892257e-01
10006  1.38544400e-01  -3.51731067e-01
10007  1.67743225e-01  -3.49839341e-01
10008  2.28668973e-01  -3.43937731e-01
10009  2.25949850e-01  -3.43858412e-01
10010  2.60640078e-01  -3.48050091e-01
10011  2.89803572e-01  -3.43053899e-01
10012  3.18911659e-01  -3.37256215e-01
10013  3.47921829e-01  -3.30775835e-01
10014  3.76783910e-01  -3.23587060e-01
10015  4.05483499e-01  -3.15760440e-01
10016  4.33981093e-01  -3.07245358e-01
10017  4.62236886e-01  -2.98107729e-01
10018  4.90264582e-01  -2.88205444e-01
10019  5.18045301e-01  -2.77739654e-01
10020  5.45453315e-01  -2.66493736e-01
10021  5.72626144e-01  -2.54565577e-01
10022  5.99472328e-01  -2.41936452e-01
10023  6.38379574e-01  -2.52602765e-01
10024  6.69331473e-01  -2.35957165e-01
10025  6.96030354e-01  -2.20357582e-01
10026  7.22235355e-01  -2.03971290e-01
10027  7.47739245e-01  -1.86614302e-01
10028  7.72401603e-01  -1.68132311e-01
10029  7.96141073e-01  -1.48547820e-01
10030  8.18665853e-01  -1.27698564e-01
10031  8.39657139e-01  -1.05422295e-01
10032  8.58735981e-01  -8.17284650e-02
10033  8.74685062e-01  -5.62992940e-02
10034  8.85668396e-01  -2.88689130e-02
10035  8.89722312e-01  -1.45208513e-05
10036  8.85876588e-01  2.68520689e-02
10037  8.74042142e-01  5.16449722e-02
10038  8.57196833e-01  7.43148792e-02
10039  8.37695918e-01  9.53297475e-02
10040  8.16366687e-01  1.14756091e-01
10041  7.93778232e-01  1.32922077e-01
10042  7.70277434e-01  1.49988850e-01
10043  7.45981711e-01  1.65961752e-01
10044  7.21006472e-01  1.80964036e-01
10045  6.95543039e-01  1.95196436e-01
10046  6.69662726e-01  2.08626473e-01
10047  6.27049880e-01  1.99022638e-01
10048  6.00191056e-01  2.10900054e-01
10049  5.72950495e-01  2.22172388e-01
10050  5.45455357e-01  2.32888081e-01
10051  5.17797225e-01  2.42961283e-01
10052  4.89800090e-01  2.52367768e-01
10053  4.61586629e-01  2.61331292e-01
10054  4.33253422e-01  2.69677505e-01
10055  4.04722698e-01  2.77451917e-01
10056  3.76036092e-01  2.84681992e-01
10057  3.47115424e-01  2.91367026e-01
10058  3.18076690e-01  2.97673148e-01
10059  2.89069150e-01  3.03433347e-01
10060  2.59950946e-01  3.08564545e-01
10061  2.26494931e-01  3.13836861e-01
10062  2.28906805e-01  3.04669709e-01
10063  1.66808492e-01  3.12339341e-01
10064  1.37453853e-01  3.15439026e-01
10065  1.08195835e-01  3.18046704e-01
10066  7.88530855e-02  3.20071374e-01
10067  4.93635804e-02  3.21676068e-01
10068  1.98617762e-02  3.22856420e-01
10069  -9.65606351e-03  3.23597143e-01
10070  -3.92245150e-02  3.23916403e-01
10071  -6.87714802e-02  3.23853384e-01
10072  -9.82542264e-02  3.23336903e-01
10073  -1.27806803e-01  3.22354619e-01
10074  -1.57508246e-01  3.21023820e-01
10075  -1.87123905e-01  3.19452354e-01
10076  -2.16689438e-01  3.17438018e-01
10077  -2.46380840e-01  3.15136387e-01
10078  -2.76073662e-01  3.12589147e-01
10079  -2.82720409e-01  3.12090169e-01
10080  -3.36249955e-01  3.15664816e-01
10081  -3.77927103e-01  3.10929312e-01
10082  -4.07262912e-01  3.07367820e-01
10083  -4.36581753e-01  3.03555296e-01
10084  -4.65955520e-01  2.99531915e-01
10085  -4.95281820e-01  2.95403652e-01
10086  -5.24559175e-01  2.91021475e-01
10087  -5.53893376e-01  2.86498068e-01
10088  -5.83145079e-01  2.81861350e-01
10089  -6.12377289e-01  2.76982910e-01
10090  -6.41668511e-01  2.72002040e-01
10091  -6.70909653e-01  2.66915984e-01
10092  -7.00091546e-01  2.61692561e-01
10093  -7.29294696e-01  2.56290703e-01
10094  -7.58519170e-01  2.50829443e-01
10095  -7.87654036e-01  2.45266170e-01
10096  -8.16770292e-01  2.39529948e-01
10097  -8.45897858e-01  2.33697764e-01
10098  -8.75008826e-01  2.27744343e-01
10099  -9.04134467e-01  2.21707617e-01
10100  -9.33227696e-01  2.15607791e-01
10101  -9.62301177e-01  2.09398414e-01
10102  -9.91380930e-01  2.03123667e-01
10103  -1.02044093e+00  1.96774405e-01
10104  -1.04950878e+00  1.90353117e-01
10105  -1.07855895e+00  1.83897708e-01
10106  -1.10759195e+00  1.77358254e-01
10107  -1.13664127e+00  1.70779857e-01
10108  -1.16566850e+00  1.64161913e-01
10109  -1.19467533e+00  1.57490711e-01
10110  -1.22368133e+00  1.50760904e-01
10111  -1.25266001e+00  1.44001492e-01
10112  -1.28162814e+00  1.37150342e-01
10113  -1.31061323e+00  1.30278205e-01
10114  -1.33957060e+00  1.23356276e-01
10115  -1.36855511e+00  1.16383371e-01
10116  -1.39753011e+00  1.09424403e-01
10117  -1.42642155e+00  1.02418979e-01
10118  -1.45535511e+00  9.52900735e-02
10119  -1.48435910e+00  8.82018998e-02
10120  -1.51329603e+00  8.11214086e-02
10121  -1.54220965e+00  7.39853615e-02
10122  -1.57113571e+00  6.68207810e-02
10123  -1.61889200e+00  8.27336629e-02
10124  -1.64757125e+00  7.56170631e-02
10125  -1.67623774e+00  6.85080541e-02
10126  -1.70488588e+00  6.13025812e-02
10127  -1.73354260e+00  5.41448941e-02
10128  -1.76214745e+00  4.68721326e-02
10129  -1.79072954e+00  3.94754190e-02
10130  -1.81929215e+00  3.20262814e-02
10131  -1.84778837e+00  2.44184484e-02
10132  -1.87394693e+00  1.76490862e-02
10133  -2.82713292e-01  3.22651123e-01
10134  -2.82733789e-01  2.92236070e-01
10135  -2.82754286e-01  2.61821018e-01
10136  -2.82774782e-01  2.31405965e-01
10137  -2.82795279e-01  2.00990913e-01
10138  -2.82815776e-01  1.70575860e-01
10139  -2.82836272e-01  1.40160808e-01
10140  -2.82856769e-01  1.09745755e-01
10141  -2.82877266e-01  7.93307025e-02
10142  -2.82897762e-01  4.89156499e-02
10143  -2.82918259e-01  1.85005969e-02
10144  -2.82938756e-01  -1.19144551e-02
10145  -2.82959252e-01  -4.23295077e-02
10146  -2.82979749e-01  -7.27445607e-02
10147  -2.83000246e-01  -1.03159613e-01
10148  -2.83020742e-01  -1.33574665e-01
10149  -2.83041239e-01  -1.63989718e-01
10150  -2.83061736e-01  -1.94404770e-01
10151  -2.83082232e-01  -2.24819823e-01
10152  -2.83102729e-01  -2.55234875e-01
10153  -2.83123226e-01  -2.85649928e-01
10154  -2.83143722e-01  -3.16064980e-01
10155  2.28913267e-01  3.22293060e-01
10156  2.28902377e-01  2.92593971e-01
10157  2.28891486e-01  2.62894883e-01
10158  2.28880596e-01  2.33195794e-01
10159  2.28869706e-01  2.03496705e-01
10160  2.28858816e-01  1.73797616e-01
10161  2.28847926e-01  1.44098527e-01
10162  2.28837036e-01  1.14399438e-01
10163  2.28826146e-01  8.47003493e-02
10164  2.28815256e-01  5.50012605e-02
10165  2.28804366e-01  2.53021716e-02
10166  2.28793476e-01  -4.39691726e-03
10167  2.28782586e-01  -3.40960062e-02
10168  2.28771696e-01  -6.37950950e-02
10169  2.28760806e-01  -9.34941839e-02
10170  2.28749916e-01  -1.23193273e-01
10171  2.28739026e-01  -1.52892362e-01
10172  2.28728136e-01  -1.82591451e-01
10173  2.28717246e-01  -2.12290539e-01
10174  2.28706356e-01  -2.41989628e-01
10175  2.28695465e-01  -2.71688717e-01
10176  2.28684575e-01  -3.01387806e-01
10177  2.28673685e-01  -3.31086895e-01
10178  2.28662795e-01  -3.60785984e-01
