1  3  0  3.87821
231  5  0  3.87798
461  1  0  3.83709
691  5  0  -176.12
2  3  0  2.72817
232  5  0  2.72821
462  1  0  2.7283
692  5  0  2.72839
3  3  0  1.70088
233  5  0  1.7009
463  1  0  1.70096
693  5  0  1.70103
4  3  0  0.771598
234  5  0  0.771627
464  1  0  0.771713
694  5  0  0.7718
5  3  0  -0.00925174
235  5  0  -0.00925899
465  1  0  -0.00928074
695  5  0  -0.0093024
6  3  0  -0.829822
236  5  0  -0.829792
466  1  0  -0.829701
696  5  0  -0.829611
7  3  0  -1.46928
237  5  0  -1.46931
467  1  0  -1.46937
697  5  0  -1.46944
8  3  0  -2.24308
238  5  0  -2.24307
468  1  0  -2.24301
698  5  0  -2.24296
9  3  0  -2.9127
239  5  0  -2.9127
469  1  0  -2.9127
699  5  0  -2.9127
10  3  0  -3.5814
240  5  0  -3.58141
470  1  0  -3.58144
700  5  0  -3.58148
11  3  0  -4.3216
241  5  0  -4.32158
471  1  0  -4.32151
701  5  0  -4.32144
12  3  0  -4.91782
242  5  0  -4.91782
472  1  0  -4.91781
702  5  0  -4.9178
13  3  0  -5.48992
243  5  0  -5.48993
473  1  0  -5.48995
703  5  0  -5.48997
14  3  0  -6.12529
244  5  0  -6.12528
474  1  0  -6.12526
704  5  0  -6.12523
15  3  0  -6.7077
245  5  0  -6.70768
475  1  0  -6.70761
705  5  0  -6.70755
16  3  0  -7.09852
246  5  0  -7.09853
476  1  0  -7.09854
706  5  0  -7.09856
17  3  0  -7.5416
247  5  0  -7.5416
477  1  0  -7.5416
707  5  0  -7.54161
18  3  0  -7.99784
248  5  0  -7.99783
478  1  0  -7.9978
708  5  0  -7.99777
19  3  0  -8.34268
249  5  0  -8.34268
479  1  0  -8.34269
709  5  0  -8.3427
20  3  0  -8.7244
250  5  0  -8.72441
480  1  0  -8.72442
710  5  0  -8.72443
21  3  0  -9.1485
251  5  0  -9.14849
481  1  0  -9.14846
711  5  0  -9.14843
22  3  0  -9.46727
252  5  0  -9.46726
482  1  0  -9.46723
712  5  0  -9.46721
23  3  0  -9.61506
253  5  0  -9.61506
483  1  0  -9.61509
713  5  0  -9.61511
24  3  0  -9.92026
254  5  0  -9.92026
484  1  0  -9.92025
714  5  0  -9.92024
25  3  0  -10.1917
255  5  0  -10.1917
485  1  0  -10.1916
715  5  0  -10.1916
26  3  0  -10.3152
256  5  0  -10.3152
486  1  0  -10.3152
716  5  0  -10.3152
27  3  0  -10.4121
257  5  0  -10.4121
487  1  0  -10.4121
717  5  0  -10.4121
28  3  0  -10.5628
258  5  0  -10.5628
488  1  0  -10.5628
718  5  0  -10.5628
29  3  0  -10.7979
259  5  0  -10.7979
489  1  0  -10.7978
719  5  0  -10.7978
30  3  0  -10.7747
260  5  0  -10.7747
490  1  0  -10.7747
720  5  0  -10.7747
31  3  0  -10.7466
261  5  0  -10.7466
491  1  0  -10.7466
721  5  0  -10.7466
32  3  0  -10.7304
262  5  0  -10.7304
492  1  0  -10.7304
722  5  0  -10.7304
33  3  0  -10.7358
263  5  0  -10.7358
493  1  0  -10.7358
723  5  0  -10.7358
34  3  0  -10.6565
264  5  0  -10.6565
494  1  0  -10.6565
724  5  0  -10.6565
35  3  0  -10.5583
265  5  0  -10.5583
495  1  0  -10.5583
725  5  0  -10.5583
36  3  0  -10.468
266  5  0  -10.468
496  1  0  -10.468
726  5  0  -10.468
37  3  0  -10.4203
267  5  0  -10.4203
497  1  0  -10.4203
727  5  0  -10.4203
38  3  0  -10.2045
268  5  0  -10.2045
498  1  0  -10.2045
728  5  0  -10.2045
39  3  0  -10.0119
269  5  0  -10.0119
499  1  0  -10.0119
729  5  0  -10.0119
40  3  0  -9.80413
270  5  0  -9.80413
500  1  0  -9.80414
730  5  0  -9.80415
41  3  0  -9.53937
271  5  0  -9.53937
501  1  0  -9.53936
731  5  0  -9.53934
42  3  0  -9.36475
272  5  0  -9.36475
502  1  0  -9.36476
732  5  0  -9.36477
43  3  0  -9.13011
273  5  0  -9.13012
503  1  0  -9.13015
733  5  0  -9.13018
44  3  0  -8.75474
274  5  0  -8.75473
504  1  0  -8.75472
734  5  0  -8.75471
45  3  0  -8.43647
275  5  0  -8.43647
505  1  0  -8.43645
735  5  0  -8.43644
46  3  0  -8.18878
276  5  0  -8.18878
506  1  0  -8.18878
736  5  0  -8.18877
47  3  0  -7.94531
277  5  0  -7.94532
507  1  0  -7.94535
737  5  0  -7.94539
48  3  0  -7.54465
278  5  0  -7.54464
508  1  0  16.7285
738  5  0  34.5648
49  3  0  -7.18304
279  5  0  -7.16487
509  6  0  -7.15928
739  5  0  -7.16061
50  3  0  -6.66986
280  5  0  -6.64626
510  6  0  -6.63665
740  5  0  -6.63828
51  3  0  -6.31712
281  5  0  -6.31711
511  6  0  -6.31708
741  5  0  -6.31704
52  3  0  -5.99149
282  5  0  -5.99152
512  6  0  -5.99192
742  5  0  -5.99232
53  3  0  -5.40386
283  5  0  -5.40383
513  6  0  -5.40341
743  5  0  -5.40298
54  3  0  -5.09994
284  5  0  -5.09995
514  6  0  -5.09999
744  5  0  -5.10003
55  3  0  -4.759
285  5  0  -4.75902
515  6  0  -4.75928
745  5  0  -4.75954
56  3  0  -4.2384
286  5  0  -4.2384
516  6  0  -4.23834
746  5  0  -4.23828
57  3  0  -3.75368
287  5  0  -3.75367
517  6  0  -3.75359
747  5  0  -3.75351
58  3  0  -3.32147
288  5  0  -3.32147
518  6  0  -3.32144
748  5  0  -3.32142
59  3  0  -2.90523
289  5  0  -2.90523
519  6  0  -2.90515
749  5  0  -2.90508
60  3  0  -2.54392
290  5  0  -2.54394
520  6  0  -2.5443
750  5  0  -2.54467
61  3  0  -1.95504
291  5  0  -1.95501
521  6  0  -1.95463
751  5  0  -1.95424
62  3  0  -1.61343
292  5  0  -1.61343
522  6  0  -1.61345
752  5  0  -1.61347
63  3  0  -1.25709
293  5  0  -1.25711
523  6  0  -1.25742
753  5  0  -1.25774
64  3  0  -0.697692
294  5  0  -0.697679
524  6  0  -0.697487
754  5  0  -0.697293
65  3  0  -0.25194
295  5  0  -0.25193
525  6  0  -0.251786
755  5  0  -0.251641
66  3  0  0.0840742
296  5  0  0.0840687
526  6  0  0.0839878
756  5  0  0.0839061
67  3  0  0.485452
297  5  0  0.485441
527  6  0  0.485281
757  5  0  0.485119
68  3  0  0.991909
298  5  0  0.991887
528  6  0  0.991556
758  5  0  0.991221
69  3  0  1.66473
299  5  0  1.66476
529  6  0  1.66522
759  5  0  1.66568
70  3  0  2.08993
300  5  0  2.08992
530  6  0  2.08983
760  5  0  2.08972
71  3  0  2.57975
301  5  0  2.57975
531  6  0  2.57978
761  5  0  2.57981
72  3  0  3.05086
302  5  0  3.05086
532  6  0  3.05086
762  5  0  3.05085
73  3  0  3.52615
303  5  0  3.52614
533  6  0  3.52587
763  5  0  3.52561
74  3  0  4.14449
304  5  0  4.14449
534  6  0  4.14456
764  5  0  4.14463
75  3  0  4.73483
305  5  0  4.7553
535  6  0  4.78885
765  5  0  4.81023
76  3  0  5.25197
306  5  0  5.27938
536  6  0  5.35935
766  5  0  5.46968
77  3  0  5.90175
307  5  0  5.90175
537  1  0  -23.8031
767  5  0  -43.0076
78  3  0  6.55435
308  5  0  6.55436
538  1  0  6.55439
768  5  0  6.55443
79  3  0  7.1229
309  5  0  7.12289
539  1  0  7.12284
769  5  0  7.12279
80  3  0  7.80613
310  5  0  7.80612
540  1  0  7.8061
770  5  0  7.80607
81  3  0  8.54411
311  5  0  8.54413
541  1  0  8.54416
771  5  0  8.5442
82  3  0  9.21104
312  5  0  9.21103
542  1  0  9.21101
772  5  0  9.21099
83  3  0  9.92476
313  5  0  9.92472
543  1  0  9.92462
773  5  0  9.92451
84  3  0  10.8225
314  5  0  10.8225
544  1  0  10.8225
774  5  0  10.8226
85  3  0  11.6881
315  5  0  11.6881
545  1  0  11.6881
775  5  0  11.6881
86  3  0  12.5511
316  5  0  12.551
546  1  0  12.5509
776  5  0  12.5508
87  3  0  13.5627
317  5  0  13.5627
547  1  0  13.5626
777  5  0  13.5625
88  3  0  14.7102
318  5  0  14.7102
548  1  0  14.7102
778  5  0  14.7102
89  3  0  15.8845
319  5  0  15.8845
549  1  0  15.8844
779  5  0  15.8843
90  3  0  17.1486
320  5  0  17.1485
550  1  0  17.1481
780  5  0  17.1476
91  3  0  18.8122
321  5  0  18.8121
551  1  0  18.8118
781  5  0  18.8116
92  3  0  20.6704
322  5  0  20.6701
552  1  0  20.6692
782  5  0  20.6684
93  3  0  23.0953
323  5  0  23.0948
553  1  0  23.093
783  5  0  23.0913
94  3  0  26.3695
324  5  0  26.3689
554  1  0  26.3674
784  5  0  26.3658
95  3  0  30.2555
325  5  0  30.2534
555  1  0  30.2471
785  5  0  30.2406
96  3  0  35.9777
326  5  0  35.9673
556  1  0  35.9349
786  5  0  35.901
97  3  0  46.9901
327  5  0  46.9375
557  1  0  46.7684
787  5  0  46.5808
98  3  0  70.7329
328  5  0  70.6723
558  1  0  70.4686
788  5  0  70.2253
99  3  0  103.415
329  5  0  103.542
559  1  0  103.965
789  5  0  104.462
100  3  0  123.039
330  5  0  123.025
560  1  0  122.982
790  5  0  122.936
101  3  0  133.704
331  5  0  133.712
561  1  0  133.738
791  5  0  133.765
102  3  0  140.196
332  5  0  140.199
562  1  0  140.208
792  5  0  140.217
103  3  0  144.305
333  5  0  144.306
563  1  0  144.309
793  5  0  144.313
104  3  0  147.1
334  5  0  147.1
564  1  0  147.101
794  5  0  147.102
105  3  0  149.554
335  5  0  149.555
565  1  0  149.555
795  5  0  149.556
106  3  0  151.639
336  5  0  151.639
566  1  0  151.639
796  5  0  151.639
107  3  0  153.662
337  5  0  153.662
567  1  0  153.663
797  5  0  153.663
108  3  0  155.05
338  5  0  155.05
568  1  0  155.05
798  5  0  155.05
109  3  0  156.446
339  5  0  156.446
569  1  0  156.446
799  5  0  156.445
110  3  0  157.981
340  5  0  157.981
570  1  0  157.981
800  5  0  157.982
111  3  0  159.16
341  5  0  159.161
571  1  0  159.161
801  5  0  159.161
112  3  0  160.268
342  5  0  160.268
572  1  0  160.268
802  5  0  160.268
113  3  0  161.333
343  5  0  161.333
573  1  0  161.333
803  5  0  161.333
114  3  0  162.372
344  5  0  162.372
574  1  0  162.372
804  5  0  162.372
115  3  0  163.41
345  5  0  163.41
575  1  0  163.41
805  5  0  163.41
116  3  0  164.33
346  5  0  164.33
576  1  0  164.33
806  5  0  164.33
117  3  0  165.187
347  5  0  165.187
577  1  0  165.187
807  5  0  165.187
118  3  0  166.094
348  5  0  166.094
578  1  0  166.094
808  5  0  166.094
119  3  0  166.972
349  5  0  166.972
579  1  0  166.972
809  5  0  166.972
120  3  0  167.89
350  5  0  167.89
580  1  0  167.89
810  5  0  167.89
121  3  0  168.566
351  5  0  168.566
581  1  0  168.566
811  5  0  168.566
122  3  0  169.564
352  5  0  169.538
582  6  0  -145.798
812  5  0  -118.028
123  3  0  170.039
353  5  0  170.019
583  6  0  169.978
813  5  0  169.953
124  3  0  171.017
354  5  0  171.017
584  6  0  171.018
814  5  0  171.019
125  3  0  171.72
355  5  0  171.72
585  6  0  171.72
815  5  0  171.72
126  3  0  172.404
356  5  0  172.404
586  6  0  172.404
816  5  0  172.404
127  3  0  173.071
357  5  0  173.071
587  6  0  173.072
817  5  0  173.072
128  3  0  173.716
358  5  0  173.716
588  6  0  173.715
818  5  0  173.715
129  3  0  174.52
359  5  0  174.52
589  6  0  174.52
819  5  0  174.52
130  3  0  175.303
360  5  0  175.303
590  6  0  175.304
820  5  0  175.304
131  3  0  176.011
361  5  0  176.011
591  6  0  176.011
821  5  0  176.012
132  3  0  176.628
362  5  0  176.628
592  6  0  176.628
822  5  0  176.628
133  3  0  177.189
363  5  0  177.189
593  6  0  177.188
823  5  0  177.187
134  3  0  178.076
364  5  0  178.076
594  6  0  178.077
824  5  0  178.077
135  3  0  178.71
365  5  0  178.71
595  6  0  178.71
825  5  0  178.71
136  3  0  179.339
366  5  0  179.339
596  6  0  179.339
826  5  0  179.339
137  3  0  -179.945
367  5  0  -179.945
597  6  0  -179.947
827  5  0  -179.948
138  3  0  -178.755
368  5  0  -178.754
598  6  0  -178.754
828  5  0  -178.753
139  3  0  -177.807
369  5  0  -177.807
599  6  0  -177.807
829  5  0  -177.806
140  3  0  -177.031
370  5  0  -177.031
600  6  0  -177.031
830  5  0  -177.03
141  3  0  -176.314
371  5  0  -176.314
601  6  0  -176.314
831  5  0  -176.314
142  3  0  -175.564
372  5  0  -175.564
602  6  0  -175.564
832  5  0  -175.564
143  3  0  -174.91
373  5  0  -174.91
603  6  0  -174.91
833  5  0  -174.91
144  3  0  -174.361
374  5  0  -174.361
604  6  0  -174.361
834  5  0  -174.361
145  3  0  -173.817
375  5  0  -173.816
605  6  0  -173.816
835  5  0  -173.816
146  3  0  -173.308
376  5  0  -173.308
606  6  0  -173.308
836  5  0  -173.308
147  3  0  -172.806
377  5  0  -172.806
607  6  0  -172.806
837  5  0  -172.806
148  3  0  -172.4
378  5  0  -172.418
608  6  0  -172.422
838  5  0  -172.418
149  3  0  -172.003
379  5  0  -172.017
609  6  0  159.511
839  5  0  140.113
150  3  0  -171.424
380  5  0  -171.424
610  1  0  -171.424
840  5  0  -171.424
151  3  0  -171.02
381  5  0  -171.02
611  1  0  -171.02
841  5  0  -171.02
152  3  0  -170.78
382  5  0  -170.78
612  1  0  -170.78
842  5  0  -170.78
153  3  0  -170.535
383  5  0  -170.535
613  1  0  -170.535
843  5  0  -170.535
154  3  0  -170.238
384  5  0  -170.238
614  1  0  -170.238
844  5  0  -170.238
155  3  0  -169.978
385  5  0  -169.978
615  1  0  -169.978
845  5  0  -169.978
156  3  0  -169.815
386  5  0  -169.815
616  1  0  -169.815
846  5  0  -169.815
157  3  0  -169.675
387  5  0  -169.675
617  1  0  -169.675
847  5  0  -169.675
158  3  0  -169.295
388  5  0  -169.295
618  1  0  -169.295
848  5  0  -169.295
159  3  0  -169.07
389  5  0  -169.07
619  1  0  -169.07
849  5  0  -169.07
160  3  0  -168.912
390  5  0  -168.912
620  1  0  -168.912
850  5  0  -168.912
161  3  0  -168.818
391  5  0  -168.818
621  1  0  -168.818
851  5  0  -168.818
162  3  0  -168.623
392  5  0  -168.623
622  1  0  -168.623
852  5  0  -168.623
163  3  0  -168.553
393  5  0  -168.553
623  1  0  -168.553
853  5  0  -168.553
164  3  0  -168.427
394  5  0  -168.427
624  1  0  -168.428
854  5  0  -168.428
165  3  0  -168.122
395  5  0  -168.122
625  1  0  -168.122
855  5  0  -168.122
166  3  0  -168.175
396  5  0  -168.175
626  1  0  -168.175
856  5  0  -168.175
167  3  0  -167.968
397  5  0  -167.968
627  1  0  -167.968
857  5  0  -167.968
168  3  0  -167.87
398  5  0  -167.87
628  1  0  -167.87
858  5  0  -167.87
169  3  0  -167.95
399  5  0  -167.95
629  1  0  -167.95
859  5  0  -167.95
170  3  0  -167.769
400  5  0  -167.769
630  1  0  -167.769
860  5  0  -167.769
171  3  0  -167.592
401  5  0  -167.592
631  1  0  -167.592
861  5  0  -167.592
172  3  0  -167.637
402  5  0  -167.637
632  1  0  -167.637
862  5  0  -167.637
173  3  0  -167.646
403  5  0  -167.646
633  1  0  -167.646
863  5  0  -167.646
174  3  0  -167.464
404  5  0  -167.464
634  1  0  -167.464
864  5  0  -167.464
175  3  0  -167.451
405  5  0  -167.451
635  1  0  -167.451
865  5  0  -167.451
176  3  0  -167.29
406  5  0  -167.29
636  1  0  -167.29
866  5  0  -167.29
177  3  0  -167.349
407  5  0  -167.349
637  1  0  -167.349
867  5  0  -167.349
178  3  0  -167.348
408  5  0  -167.348
638  1  0  -167.348
868  5  0  -167.348
179  3  0  -167.264
409  5  0  -167.264
639  1  0  -167.264
869  5  0  -167.264
180  3  0  -167.15
410  5  0  -167.15
640  1  0  -167.15
870  5  0  -167.15
181  3  0  -167.068
411  5  0  -167.068
641  1  0  -167.068
871  5  0  -167.068
182  3  0  -167.109
412  5  0  -167.109
642  1  0  -167.109
872  5  0  -167.109
183  3  0  -167.241
413  5  0  -167.241
643  1  0  -167.241
873  5  0  -167.241
184  3  0  -167.073
414  5  0  -167.073
644  1  0  -167.073
874  5  0  -167.073
185  3  0  -167.105
415  5  0  -167.105
645  1  0  -167.105
875  5  0  -167.105
186  3  0  -167.184
416  5  0  -167.184
646  1  0  -167.184
876  5  0  -167.184
187  3  0  -167.201
417  5  0  -167.201
647  1  0  -167.201
877  5  0  -167.201
188  3  0  -167.183
418  5  0  -167.183
648  1  0  -167.183
878  5  0  -167.183
189  3  0  -167.094
419  5  0  -167.094
649  1  0  -167.094
879  5  0  -167.094
190  3  0  -167.236
420  5  0  -167.236
650  1  0  -167.236
880  5  0  -167.236
191  3  0  -167.158
421  5  0  -167.158
651  1  0  -167.158
881  5  0  -167.158
192  3  0  -167.119
422  5  0  -167.119
652  1  0  -167.119
882  5  0  -167.119
193  3  0  -167.213
423  5  0  -167.213
653  1  0  -167.213
883  5  0  -167.213
194  3  0  -167.297
424  5  0  -167.297
654  1  0  -167.297
884  5  0  -167.297
195  3  0  -167.218
425  5  0  -167.218
655  1  0  -167.218
885  5  0  -167.218
196  3  0  -167.192
426  5  0  -167.223
656  1  0  -167.319
886  5  0  -167.42
197  3  0  -150.549
427  5  0  -150.51
657  1  0  -149.484
887  5  0  29.0543
198  2  0  -90.0036
428  1  0  -90.0036
658  1  0  -90.0036
888  2  0  89.9964
199  2  0  -90.0036
429  1  0  -90.0036
659  1  0  -90.0036
889  2  0  -90.0036
200  2  0  -90.0036
430  1  0  -90.0036
660  1  0  -90.0036
890  2  0  -90.0036
201  2  0  -90.0036
431  1  0  -90.0036
661  1  0  -90.0036
891  2  0  -90.0036
202  2  0  -90.0036
432  1  0  -90.0036
662  1  0  -90.0036
892  2  0  -90.0036
203  2  0  -90.0036
433  1  0  -90.0036
663  1  0  -90.0036
893  2  0  -90.0036
204  2  0  -90.0036
434  1  0  -90.0036
664  1  0  -90.0036
894  2  0  -90.0036
205  2  0  -90.0036
435  1  0  -90.0036
665  1  0  -90.0036
895  2  0  -90.0036
206  2  0  -90.0036
436  1  0  -90.0036
666  1  0  -90.0036
896  2  0  -90.0036
207  2  0  -90.0036
437  1  0  -90.0036
667  1  0  -90.0036
897  2  0  -90.0036
208  2  0  -90.0036
438  1  0  -90.0036
668  1  0  -90.0036
898  2  0  -90.0036
209  2  0  -90.0036
439  1  0  -90.0036
669  1  0  -90.0036
899  2  0  -90.0036
210  2  0  -90.0036
440  1  0  -90.0036
670  1  0  -90.0036
900  2  0  -90.0036
211  2  0  -90.0036
441  1  0  -90.0036
671  1  0  -90.0036
901  2  0  -90.0036
212  2  0  -90.0036
442  1  0  -90.0036
672  1  0  -90.0036
902  2  0  -90.0036
213  2  0  -90.0036
443  1  0  -90.0036
673  1  0  -90.0036
903  2  0  89.9964
214  2  0  -90.0318
444  1  0  -90.0318
674  1  0  -90.0318
904  2  0  89.9682
215  2  0  -90.0318
445  1  0  -90.0318
675  1  0  -90.0318
905  2  0  -90.0318
216  2  0  -90.0318
446  1  0  -90.0318
676  1  0  -90.0318
906  2  0  -90.0318
217  2  0  -90.0318
447  1  0  -90.0318
677  1  0  -90.0318
907  2  0  -90.0318
218  2  0  -90.0318
448  1  0  -90.0318
678  1  0  -90.0318
908  2  0  -90.0318
219  2  0  -90.0318
449  1  0  -90.0318
679  1  0  -90.0318
909  2  0  -90.0318
220  2  0  -90.0318
450  1  0  -90.0318
680  1  0  -90.0318
910  2  0  -90.0318
221  2  0  -90.0318
451  1  0  -90.0318
681  1  0  -90.0318
911  2  0  -90.0318
222  2  0  -90.0318
452  1  0  -90.0318
682  1  0  -90.0318
912  2  0  -90.0318
223  2  0  -90.0318
453  1  0  -90.0318
683  1  0  -90.0318
913  2  0  -90.0318
224  2  0  -90.0318
454  1  0  -90.0318
684  1  0  -90.0318
914  2  0  -90.0318
225  2  0  -90.0318
455  1  0  -90.0318
685  1  0  -90.0318
915  2  0  -90.0318
226  2  0  -90.0318
456  1  0  -90.0318
686  1  0  -90.0318
916  2  0  -90.0318
227  2  0  -90.0318
457  1  0  -90.0318
687  1  0  -90.0318
917  2  0  -90.0318
228  2  0  -90.0318
458  1  0  -90.0318
688  1  0  -90.0318
918  2  0  -90.0318
229  2  0  -90.0318
459  1  0  -90.0318
689  1  0  -90.0318
919  2  0  -90.0318
230  2  0  -90.0318
460  1  0  -90.0318
690  1  0  -90.0318
920  2  0  89.9682
