1  3  0  8.27862
234  5  0  8.27848
467  4  0  8.27793
700  5  0  -171.711
2  3  0  7.51527
235  5  0  7.51527
468  4  0  7.51527
701  5  0  7.51527
3  3  0  6.76027
236  5  0  6.76026
469  4  0  6.76025
702  5  0  6.76024
4  3  0  5.97301
237  5  0  5.97304
470  4  0  5.97307
703  5  0  5.97311
5  3  0  5.29802
238  5  0  5.29797
471  4  0  5.29791
704  5  0  5.29784
6  3  0  4.42665
239  5  0  4.4267
472  4  0  4.42678
705  5  0  4.42686
7  3  0  3.79231
240  5  0  3.79224
473  4  0  3.79215
706  5  0  3.79206
8  3  0  2.87899
241  5  0  2.87896
474  4  0  2.87892
707  5  0  2.87888
9  3  0  1.8608
242  5  0  1.86085
475  4  0  1.86092
708  5  0  1.86098
10  3  0  1.00818
243  5  0  1.00801
476  4  0  1.00778
709  5  0  1.00754
11  3  0  -0.343477
244  5  0  -0.343423
477  1  0  9.7735
710  5  0  19.2353
12  3  0  -1.49949
245  5  0  -1.49939
478  1  0  -1.49886
711  5  0  -1.49835
13  3  0  -2.29566
246  5  0  -2.29568
479  1  0  -2.29578
712  5  0  -2.29587
14  3  0  -3.17111
247  5  0  -3.17118
480  1  0  -3.17155
713  5  0  -3.17191
15  3  0  -4.29455
248  5  0  -4.29445
481  1  0  -4.29397
714  5  0  -4.2935
16  3  0  -5.08235
249  5  0  -5.08235
482  1  0  -5.08235
715  5  0  -5.08235
17  3  0  -5.86856
250  5  0  -5.86859
483  1  0  -5.86875
716  5  0  -5.86891
18  3  0  -6.77849
251  5  0  -6.77846
484  1  0  -6.77827
717  5  0  -6.77809
19  3  0  -7.54109
252  5  0  -7.54108
485  1  0  -7.54103
718  5  0  -7.54098
20  3  0  -8.25775
253  5  0  -8.25781
486  1  0  -8.25809
719  5  0  -8.25837
21  3  0  -9.20355
254  5  0  -9.20352
487  1  0  -9.20337
720  5  0  -9.20323
22  3  0  -10.0418
255  5  0  -10.0417
488  1  0  -10.0412
721  5  0  -10.0408
23  3  0  -10.3702
256  5  0  -10.3703
489  1  0  -10.3706
722  5  0  -10.3708
24  3  0  -11.0437
257  5  0  -11.0437
490  1  0  -11.0437
723  5  0  -11.0436
25  3  0  -11.6653
258  5  0  -11.6653
491  1  0  -11.6651
724  5  0  -11.665
26  3  0  -12.1006
259  5  0  -12.1005
492  1  0  -12.1004
725  5  0  -12.1004
27  3  0  -12.3562
260  5  0  -12.3562
493  1  0  -12.3563
726  5  0  -12.3565
28  3  0  -12.8317
261  5  0  -12.8317
494  1  0  -12.8319
727  5  0  -12.832
29  3  0  -13.453
262  5  0  -13.4529
495  1  0  -13.4527
728  5  0  -13.4524
30  3  0  -13.6479
263  5  0  -13.6479
496  1  0  -13.6479
729  5  0  -13.6479
31  3  0  -13.7158
264  5  0  -13.7158
497  1  0  -13.7158
730  5  0  -13.7158
32  3  0  -13.8324
265  5  0  -13.8324
498  1  0  -13.8324
731  5  0  -13.8324
33  3  0  -14.0276
266  5  0  -14.0276
499  1  0  -14.0276
732  5  0  -14.0276
34  3  0  -14.0987
267  5  0  -14.0987
500  1  0  -14.0987
733  5  0  -14.0987
35  3  0  -14.1127
268  5  0  -14.1127
501  1  0  -14.1127
734  5  0  -14.1127
36  3  0  -14.0431
269  5  0  -14.0431
502  1  0  -14.0431
735  5  0  -14.0431
37  3  0  -14.1588
270  5  0  -14.1588
503  1  0  -14.1587
736  5  0  -14.1587
38  3  0  -14.0908
271  5  0  -14.0908
504  1  0  -14.0908
737  5  0  -14.0908
39  3  0  -13.9322
272  5  0  -13.9322
505  1  0  -13.9322
738  5  0  -13.9323
40  3  0  -13.5888
273  5  0  -13.5888
506  1  0  -13.5888
739  5  0  -13.5887
41  3  0  -13.4027
274  5  0  -13.4027
507  1  0  -13.4026
740  5  0  -13.4026
42  3  0  -13.2645
275  5  0  -13.2645
508  1  0  -13.2645
741  5  0  -13.2645
43  3  0  -13.1723
276  5  0  -13.1724
509  1  0  -13.1727
742  5  0  -13.1729
44  3  0  -12.5786
277  5  0  -12.5786
510  1  0  -12.5784
743  5  0  -12.5782
45  3  0  -12.2833
278  5  0  -12.2833
511  1  0  -12.2833
744  5  0  -12.2833
46  3  0  -12.0139
279  5  0  -12.014
512  1  0  -12.014
745  5  0  -12.014
47  3  0  -11.6753
280  5  0  -11.6753
513  1  0  -11.6753
746  5  0  -11.6753
48  3  0  -11.2867
281  5  0  -11.2867
514  1  0  14.2217
747  5  0  32.4662
49  3  0  -10.9092
282  5  0  -10.8847
515  6  0  -10.8724
748  5  0  -10.8729
50  3  0  -10.5433
283  5  0  -10.5042
516  6  0  -10.4713
749  5  0  -10.4744
51  3  0  -9.70498
284  5  0  -9.7049
517  6  0  -9.70381
750  5  0  -9.7027
52  3  0  -9.24541
285  5  0  -9.24541
518  6  0  -9.24546
751  5  0  -9.24552
53  3  0  -8.76019
286  5  0  -8.7602
519  6  0  -8.76027
752  5  0  -8.76035
54  3  0  -8.23882
287  5  0  -8.23881
520  6  0  -8.2387
753  5  0  -8.23859
55  3  0  -7.76896
288  5  0  -7.76899
521  6  0  -7.76937
754  5  0  -7.76975
56  3  0  -7.14107
289  5  0  -7.14105
522  6  0  -7.14073
755  5  0  -7.14041
57  3  0  -6.64216
290  5  0  -6.64216
523  6  0  -6.64209
756  5  0  -6.64202
58  3  0  -6.17658
291  5  0  -6.17668
524  6  0  -6.17809
757  5  0  -6.17953
59  3  0  -5.24579
292  5  0  -5.24567
525  6  0  -5.24399
758  5  0  -5.24228
60  3  0  -4.94161
293  5  0  -4.94163
526  6  0  -4.94194
759  5  0  -4.94225
61  3  0  -4.45747
294  5  0  -4.4575
527  6  0  -4.45801
760  5  0  -4.45852
62  3  0  -3.77397
295  5  0  -3.77393
528  6  0  -3.77334
761  5  0  -3.77274
63  3  0  -3.33228
296  5  0  -3.33235
529  6  0  -3.33326
762  5  0  -3.3342
64  3  0  -2.54602
297  5  0  -2.54598
530  6  0  -2.54539
763  5  0  -2.54478
65  3  0  -1.95752
298  5  0  -1.9575
531  6  0  -1.95724
764  5  0  -1.95699
66  3  0  -1.47849
299  5  0  -1.47849
532  6  0  -1.47844
765  5  0  -1.4784
67  3  0  -1.02196
300  5  0  -1.02204
533  6  0  -1.02317
766  5  0  -1.02433
68  3  0  -0.168047
301  5  0  -0.168039
534  6  0  -0.167921
767  5  0  -0.1678
69  3  0  0.65369
302  5  0  0.653734
535  6  0  0.65437
768  5  0  0.655023
70  3  0  1.27234
303  5  0  1.27235
536  6  0  1.27253
769  5  0  1.27272
71  3  0  1.81914
304  5  0  1.8191
537  6  0  1.81853
770  5  0  1.81795
72  3  0  2.56838
305  5  0  2.56841
538  6  0  2.56878
771  5  0  2.56917
73  3  0  3.1908
306  5  0  3.19075
539  6  0  3.18998
772  5  0  3.18919
74  3  0  4.05176
307  5  0  4.05179
540  6  0  4.05214
773  5  0  4.0525
75  3  0  4.82425
308  5  0  4.87201
541  6  0  4.93651
774  5  0  4.96729
76  3  0  5.48301
309  5  0  5.56303
542  6  0  5.96419
775  5  0  7.90085
77  3  0  6.26186
310  5  0  6.26184
543  1  0  -24.5206
776  5  0  -43.9754
78  3  0  7.13609
311  5  0  7.13613
544  1  0  7.13632
777  5  0  7.13651
79  3  0  7.85641
312  5  0  7.85642
545  1  0  7.85645
778  5  0  7.85648
80  3  0  8.55034
313  5  0  8.55027
546  1  0  8.54997
779  5  0  8.54965
81  3  0  9.49038
314  5  0  9.4904
547  1  0  9.4905
780  5  0  9.49059
82  3  0  10.3605
315  5  0  10.3606
548  1  0  10.3608
781  5  0  10.361
83  3  0  11.0425
316  5  0  11.0425
549  1  0  11.0421
782  5  0  11.0417
84  3  0  12.0295
317  5  0  12.0295
550  1  0  12.0293
783  5  0  12.029
85  3  0  13.166
318  5  0  13.166
551  1  0  13.1665
784  5  0  13.1669
86  3  0  14.0365
319  5  0  14.0365
552  1  0  14.0362
785  5  0  14.036
87  3  0  15.0857
320  5  0  15.0856
553  1  0  15.0855
786  5  0  15.0853
88  3  0  16.2365
321  5  0  16.2365
554  1  0  16.2363
787  5  0  16.2362
89  3  0  17.477
322  5  0  17.4769
555  1  0  4.98136
788  5  0  -6.52438
90  3  0  19.0148
323  5  0  19.0148
556  4  0  19.0149
789  5  0  19.0149
91  3  0  20.4746
324  5  0  20.4744
557  4  0  20.4742
790  5  0  20.474
92  3  0  22.2547
325  5  0  22.2542
558  4  0  22.2536
791  5  0  22.2529
93  3  0  24.7663
326  5  0  24.7659
559  4  0  24.7653
792  5  0  24.7647
94  3  0  27.77
327  5  0  27.7691
560  4  0  27.7677
793  5  0  27.7662
95  3  0  31.6918
328  5  0  31.6913
561  4  0  31.6905
794  5  0  31.6897
96  3  0  36.0377
329  5  0  36.0345
562  4  0  36.03
795  5  0  36.0254
97  3  0  42.3008
330  5  0  42.2819
563  4  0  42.2543
796  5  0  42.2257
98  3  0  54.9805
331  5  0  54.9332
564  4  0  54.8629
797  5  0  54.7881
99  3  0  76.4416
332  5  0  76.5153
565  4  0  76.6268
798  5  0  76.7482
100  3  0  99.5408
333  5  0  99.4876
566  4  0  99.4077
799  5  0  99.3219
101  3  0  118.525
334  5  0  118.554
567  4  0  118.595
800  5  0  118.639
102  3  0  131.488
335  5  0  131.504
568  4  0  131.526
801  5  0  131.549
103  3  0  139.377
336  5  0  139.383
569  4  0  139.391
802  5  0  139.4
104  3  0  143.877
337  5  0  143.879
570  4  0  143.881
803  5  0  143.884
105  3  0  146.76
338  5  0  146.76
571  4  0  146.761
804  5  0  146.761
106  3  0  149.264
339  5  0  149.264
572  4  0  149.264
805  5  0  149.264
107  3  0  151.785
340  5  0  151.785
573  4  0  151.786
806  5  0  151.786
108  3  0  153.775
341  5  0  153.776
574  4  0  153.776
807  5  0  153.777
109  3  0  154.998
342  5  0  154.998
575  4  0  154.997
808  5  0  154.997
110  3  0  156.88
343  5  0  156.88
576  1  0  169.077
809  5  0  -179.632
111  3  0  158.288
344  5  0  158.288
577  1  0  158.288
810  5  0  158.289
112  3  0  159.322
345  5  0  159.322
578  1  0  159.322
811  5  0  159.322
113  3  0  160.424
346  5  0  160.424
579  1  0  160.425
812  5  0  160.425
114  3  0  161.441
347  5  0  161.441
580  1  0  161.442
813  5  0  161.442
115  3  0  162.369
348  5  0  162.369
581  1  0  162.368
814  5  0  162.368
116  3  0  163.508
349  5  0  163.508
582  1  0  163.509
815  5  0  163.509
117  3  0  164.126
350  5  0  164.126
583  1  0  164.125
816  5  0  164.125
118  3  0  165.142
351  5  0  165.142
584  1  0  165.143
817  5  0  165.143
119  3  0  165.822
352  5  0  165.822
585  1  0  165.822
818  5  0  165.821
120  3  0  166.937
353  5  0  166.937
586  1  0  166.938
819  5  0  166.939
121  3  0  167.54
354  5  0  167.54
587  1  0  167.54
820  5  0  167.54
122  3  0  168.418
355  5  0  168.418
588  1  0  168.418
821  5  0  168.418
123  3  0  169.194
356  5  0  169.134
589  6  0  -125.334
822  5  0  -97.441
124  3  0  169.655
357  5  0  169.62
590  6  0  169.566
823  5  0  169.541
125  3  0  170.753
358  5  0  170.753
591  6  0  170.755
824  5  0  170.757
126  3  0  171.344
359  5  0  171.344
592  6  0  171.343
825  5  0  171.343
127  3  0  172.208
360  5  0  172.208
593  6  0  172.209
826  5  0  172.21
128  3  0  172.8
361  5  0  172.8
594  6  0  172.8
827  5  0  172.799
129  3  0  173.53
362  5  0  173.53
595  6  0  173.53
828  5  0  173.53
130  3  0  174.277
363  5  0  174.277
596  6  0  174.277
829  5  0  174.277
131  3  0  174.949
364  5  0  174.949
597  6  0  174.947
830  5  0  174.946
132  3  0  175.971
365  5  0  175.971
598  6  0  175.973
831  5  0  175.975
133  3  0  176.451
366  5  0  176.451
599  6  0  176.45
832  5  0  176.45
134  3  0  177.19
367  5  0  177.19
600  6  0  177.19
833  5  0  177.19
135  3  0  177.994
368  5  0  177.994
601  6  0  177.994
834  5  0  177.995
136  3  0  178.618
369  5  0  178.618
602  6  0  178.618
835  5  0  178.618
137  3  0  179.373
370  5  0  179.373
603  6  0  179.372
836  5  0  179.372
138  3  0  -179.808
371  5  0  -179.808
604  6  0  -179.808
837  5  0  -179.807
139  3  0  -179.057
372  5  0  -179.057
605  6  0  -179.056
838  5  0  -179.056
140  3  0  -178.419
373  5  0  -178.42
606  6  0  -178.421
839  5  0  -178.422
141  3  0  -177.408
374  5  0  -177.408
607  6  0  -177.406
840  5  0  -177.404
142  3  0  -176.917
375  5  0  -176.917
608  6  0  -176.917
841  5  0  -176.917
143  3  0  -176.436
376  5  0  -176.436
609  6  0  -176.437
842  5  0  -176.437
144  3  0  -175.824
377  5  0  -175.824
610  6  0  -175.825
843  5  0  -175.826
145  3  0  -174.885
378  5  0  -174.885
611  6  0  -174.883
844  5  0  -174.882
146  3  0  -174.502
379  5  0  -174.502
612  6  0  -174.503
845  5  0  -174.503
147  3  0  -174.091
380  5  0  -174.092
613  6  0  -174.093
846  5  0  -174.094
148  3  0  -173.249
381  5  0  -173.249
614  6  0  -173.248
847  5  0  -173.247
149  3  0  -172.742
382  5  0  -172.797
615  6  0  -172.876
848  5  0  -172.91
150  3  0  -172.236
383  5  0  -172.27
616  6  0  162.217
849  5  0  144.94
151  3  0  -171.578
384  5  0  -171.578
617  1  0  -171.578
850  5  0  -171.578
152  3  0  -171.208
385  5  0  -171.208
618  1  0  -171.208
851  5  0  -171.208
153  3  0  -170.836
386  5  0  -170.836
619  1  0  -170.836
852  5  0  -170.836
154  3  0  -170.531
387  5  0  -170.531
620  1  0  -170.531
853  5  0  -170.531
155  3  0  -170.266
388  5  0  -170.266
621  1  0  -170.266
854  5  0  -170.266
156  3  0  -169.929
389  5  0  -169.929
622  1  0  -169.929
855  5  0  -169.929
157  3  0  -169.829
390  5  0  -169.829
623  1  0  -169.829
856  5  0  -169.829
158  3  0  -169.495
391  5  0  -169.495
624  1  0  -169.496
857  5  0  -169.496
159  3  0  -169.098
392  5  0  -169.098
625  1  0  -169.098
858  5  0  -169.098
160  3  0  -168.67
393  5  0  -168.67
626  1  0  -168.67
859  5  0  -168.67
161  3  0  -168.619
394  5  0  -168.619
627  1  0  -168.619
860  5  0  -168.619
162  3  0  -168.478
395  5  0  -168.478
628  1  0  -168.478
861  5  0  -168.478
163  3  0  -168.272
396  5  0  -168.272
629  1  0  -168.272
862  5  0  -168.272
164  3  0  -168.28
397  5  0  -168.28
630  1  0  -168.28
863  5  0  -168.281
165  3  0  -167.793
398  5  0  -167.793
631  1  0  -167.793
864  5  0  -167.793
166  3  0  -167.66
399  5  0  -167.66
632  1  0  -167.66
865  5  0  -167.66
167  3  0  -167.772
400  5  0  -167.772
633  1  0  -167.772
866  5  0  -167.772
168  3  0  -167.201
401  5  0  -167.201
634  1  0  -167.201
867  5  0  -167.201
169  3  0  -167.459
402  5  0  -167.459
635  1  0  -167.458
868  5  0  -167.458
170  3  0  -167.413
403  5  0  -167.413
636  1  0  -167.413
869  5  0  -167.413
171  3  0  -167.152
404  5  0  -167.152
637  1  0  -167.152
870  5  0  -167.152
172  3  0  -166.854
405  5  0  -166.854
638  1  0  -166.854
871  5  0  -166.854
173  3  0  -167.218
406  5  0  -167.218
639  1  0  -167.218
872  5  0  -167.218
174  3  0  -166.94
407  5  0  -166.939
640  1  0  -166.939
873  5  0  -166.939
175  3  0  -166.781
408  5  0  -166.781
641  1  0  -166.781
874  5  0  -166.781
176  3  0  -166.69
409  5  0  -166.69
642  1  0  -166.69
875  5  0  -166.69
177  3  0  -166.472
410  5  0  -166.472
643  1  0  -166.472
876  5  0  -166.472
178  3  0  -166.654
411  5  0  -166.654
644  1  0  -166.654
877  5  0  -166.654
179  3  0  -166.606
412  5  0  -166.606
645  1  0  -166.606
878  5  0  -166.606
180  3  0  -166.358
413  5  0  -166.358
646  1  0  -166.358
879  5  0  -166.358
181  3  0  -166.124
414  5  0  -166.124
647  1  0  -166.124
880  5  0  -166.124
182  3  0  -165.997
415  5  0  -165.997
648  1  0  -165.997
881  5  0  -165.997
183  3  0  -166.239
416  5  0  -166.239
649  1  0  -166.239
882  5  0  -166.239
184  3  0  -166.204
417  5  0  -166.204
650  1  0  -166.204
883  5  0  -166.204
185  3  0  -165.923
418  5  0  -165.923
651  1  0  -165.923
884  5  0  -165.923
186  3  0  -165.98
419  5  0  -165.98
652  1  0  -165.98
885  5  0  -165.98
187  3  0  -166.061
420  5  0  -166.061
653  1  0  -166.061
886  5  0  -166.061
188  3  0  -166.015
421  5  0  -166.015
654  1  0  -176.075
887  5  0  174.446
189  3  0  -165.825
422  5  0  -165.825
655  4  0  -165.825
888  5  0  -165.825
190  3  0  -165.625
423  5  0  -165.625
656  4  0  -165.625
889  5  0  -165.625
191  3  0  -165.797
424  5  0  -165.797
657  4  0  -165.797
890  5  0  -165.797
192  3  0  -165.405
425  5  0  -165.405
658  4  0  -165.405
891  5  0  -165.405
193  3  0  -165.226
426  5  0  -165.226
659  4  0  -165.226
892  5  0  -165.226
194  3  0  -165.236
427  5  0  -165.236
660  4  0  -165.236
893  5  0  -165.236
195  3  0  -165.175
428  5  0  -165.175
661  4  0  -165.175
894  5  0  -165.175
196  3  0  -164.743
429  5  0  -164.743
662  4  0  -164.743
895  5  0  -164.743
197  3  0  -164.334
430  5  0  -164.415
663  4  0  -164.534
896  5  0  -164.658
198  3  0  -141.117
431  5  0  -141.026
664  4  0  -140.745
897  5  0  -139.218
199  2  0  -90.0287
432  1  0  -90.0287
665  1  0  -90.0287
898  2  0  89.9713
200  2  0  -90.0287
433  1  0  -90.0287
666  1  0  -90.0287
899  2  0  -90.0287
201  2  0  -90.0287
434  1  0  -90.0287
667  1  0  -90.0287
900  2  0  -90.0287
202  2  0  -90.0287
435  1  0  -90.0287
668  1  0  -90.0287
901  2  0  -90.0287
203  2  0  -90.0287
436  1  0  -90.0287
669  1  0  -90.0287
902  2  0  -90.0287
204  2  0  -90.0287
437  1  0  -90.0287
670  1  0  -90.0287
903  2  0  -90.0287
205  2  0  -90.0287
438  1  0  -90.0287
671  1  0  -90.0287
904  2  0  -90.0287
206  2  0  -90.0287
439  1  0  -90.0287
672  1  0  -90.0287
905  2  0  -90.0287
207  2  0  -90.0287
440  1  0  -90.0287
673  1  0  -90.0287
906  2  0  -90.0287
208  2  0  -90.0287
441  1  0  -90.0287
674  1  0  -90.0287
907  2  0  -90.0287
209  2  0  -90.0287
442  1  0  -90.0287
675  1  0  -90.0287
908  2  0  -90.0287
210  2  0  -90.0287
443  1  0  -90.0287
676  1  0  -90.0287
909  2  0  -90.0287
211  2  0  -90.0287
444  1  0  -90.0287
677  1  0  -90.0287
910  2  0  -90.0287
212  2  0  -90.0287
445  1  0  -90.0287
678  1  0  -90.0287
911  2  0  -90.0287
213  2  0  -90.0287
446  1  0  -90.0287
679  1  0  -90.0287
912  2  0  -90.0287
214  2  0  -90.0287
447  1  0  -90.0287
680  1  0  -90.0287
913  2  0  -90.0287
215  2  0  -90.0287
448  1  0  -90.0287
681  1  0  -90.0287
914  2  0  89.9713
216  2  0  -90.0406
449  1  0  -90.0406
682  1  0  89.9594
915  2  0  89.9594
217  2  0  -90.0406
450  1  0  -90.0406
683  1  0  -90.0406
916  2  0  -90.0406
218  2  0  -90.0406
451  1  0  -90.0406
684  1  0  -90.0406
917  2  0  -90.0406
219  2  0  -90.0406
452  1  0  -90.0406
685  1  0  -90.0406
918  2  0  -90.0406
220  2  0  -90.0406
453  1  0  -90.0406
686  1  0  -90.0406
919  2  0  -90.0406
221  2  0  -90.0406
454  1  0  -90.0406
687  1  0  -90.0406
920  2  0  -90.0406
222  2  0  -90.0406
455  1  0  -90.0406
688  1  0  -90.0406
921  2  0  -90.0406
223  2  0  -90.0406
456  1  0  -90.0406
689  1  0  -90.0406
922  2  0  -90.0406
224  2  0  -90.0406
457  1  0  -90.0406
690  1  0  -90.0406
923  2  0  -90.0406
225  2  0  -90.0406
458  1  0  -90.0406
691  1  0  -90.0406
924  2  0  -90.0406
226  2  0  -90.0406
459  1  0  -90.0406
692  1  0  -90.0406
925  2  0  -90.0406
227  2  0  -90.0406
460  1  0  -90.0406
693  1  0  -90.0406
926  2  0  -90.0406
228  2  0  -90.0406
461  1  0  -90.0406
694  1  0  -90.0406
927  2  0  -90.0406
229  2  0  -90.0406
462  1  0  -90.0406
695  1  0  -90.0406
928  2  0  -90.0406
230  2  0  -90.0406
463  1  0  -90.0406
696  1  0  -90.0406
929  2  0  -90.0406
231  2  0  -90.0406
464  1  0  -90.0406
697  1  0  -90.0406
930  2  0  -90.0406
232  2  0  -90.0406
465  1  0  -90.0406
698  1  0  -90.0406
931  2  0  -90.0406
233  2  0  -90.0406
466  1  0  -90.0406
699  1  0  89.9594
932  2  0  89.9594
