1  3  0  3.87821
231  5  0  3.87798
461  1  0  3.83677
691  5  0  -176.12
2  3  0  2.72818
232  5  0  2.72821
462  1  0  2.7283
692  5  0  2.72839
3  3  0  1.70088
233  5  0  1.7009
463  1  0  1.70096
693  5  0  1.70103
4  3  0  0.771598
234  5  0  0.771627
464  1  0  0.771714
694  5  0  0.7718
5  3  0  -0.00925173
235  5  0  -0.00925899
465  1  0  -0.00928074
695  5  0  -0.0093024
6  3  0  -0.829822
236  5  0  -0.829792
466  1  0  -0.829701
696  5  0  -0.829611
7  3  0  -1.46928
237  5  0  -1.46931
467  1  0  -1.46937
697  5  0  -1.46943
8  3  0  -2.24308
238  5  0  -2.24307
468  1  0  -2.24301
698  5  0  -2.24296
9  3  0  -2.9127
239  5  0  -2.9127
469  1  0  -2.9127
699  5  0  -2.9127
10  3  0  -3.5814
240  5  0  -3.58141
470  1  0  -3.58144
700  5  0  -3.58148
11  3  0  -4.3216
241  5  0  -4.32158
471  1  0  -4.32151
701  5  0  -4.32144
12  3  0  -4.91782
242  5  0  -4.91782
472  1  0  -4.91781
702  5  0  -4.9178
13  3  0  -5.4899
243  5  0  -5.48991
473  1  0  -5.48993
703  5  0  -5.48994
14  3  0  -6.12513
244  5  0  -6.12512
474  1  0  -6.1251
704  5  0  -6.12507
15  3  0  -6.70748
245  5  0  -6.70745
475  1  0  -6.70739
705  5  0  -6.70733
16  3  0  -7.09832
246  5  0  -7.09833
476  1  0  -7.09834
706  5  0  -7.09836
17  3  0  -7.54124
247  5  0  -7.54124
477  1  0  -7.54125
707  5  0  -7.54125
18  3  0  -7.99741
248  5  0  -7.9974
478  1  0  -7.99737
708  5  0  -7.99734
19  3  0  -8.34234
249  5  0  -8.34234
479  1  0  -8.34235
709  5  0  -8.34236
20  3  0  -8.72376
250  5  0  -8.72376
480  1  0  -8.72377
710  5  0  -8.72378
21  3  0  -9.14787
251  5  0  -9.14786
481  1  0  -9.14783
711  5  0  -9.14781
22  3  0  -9.46703
252  5  0  -9.46702
482  1  0  -9.46699
712  5  0  -9.46697
23  3  0  -9.61488
253  5  0  -9.61489
483  1  0  -9.61491
713  5  0  -9.61494
24  3  0  -9.91974
254  5  0  -9.91974
484  1  0  -9.91973
714  5  0  -9.91972
25  3  0  -10.1911
255  5  0  -10.1911
485  1  0  -10.1911
715  5  0  -10.1911
26  3  0  -10.315
256  5  0  -10.315
486  1  0  -10.315
716  5  0  -10.315
27  3  0  -10.4116
257  5  0  -10.4116
487  1  0  -10.4116
717  5  0  -10.4116
28  3  0  -10.5625
258  5  0  -10.5625
488  1  0  -10.5625
718  5  0  -10.5625
29  3  0  -10.7975
259  5  0  -10.7975
489  1  0  -10.7974
719  5  0  -10.7974
30  3  0  -10.7748
260  5  0  -10.7748
490  1  0  -10.7748
720  5  0  -10.7748
31  3  0  -10.7467
261  5  0  -10.7467
491  1  0  -10.7467
721  5  0  -10.7467
32  3  0  -10.7304
262  5  0  -10.7304
492  1  0  -10.7304
722  5  0  -10.7304
33  3  0  -10.736
263  5  0  -10.736
493  1  0  -10.736
723  5  0  -10.736
34  3  0  -10.6566
264  5  0  -10.6566
494  1  0  -10.6566
724  5  0  -10.6566
35  3  0  -10.5588
265  5  0  -10.5588
495  1  0  -10.5588
725  5  0  -10.5588
36  3  0  -10.4682
266  5  0  -10.4682
496  1  0  -10.4682
726  5  0  -10.4682
37  3  0  -10.4203
267  5  0  -10.4203
497  1  0  -10.4203
727  5  0  -10.4204
38  3  0  -10.2056
268  5  0  -10.2056
498  1  0  -10.2056
728  5  0  -10.2056
39  3  0  -10.0132
269  5  0  -10.0132
499  1  0  -10.0132
729  5  0  -10.0132
40  3  0  -9.80451
270  5  0  -9.80451
500  1  0  -9.80452
730  5  0  -9.80453
41  3  0  -9.54033
271  5  0  -9.54032
501  1  0  -9.54031
731  5  0  -9.5403
42  3  0  -9.36587
272  5  0  -9.36588
502  1  0  -9.36589
732  5  0  -9.36589
43  3  0  -9.13265
273  5  0  -9.13266
503  1  0  -9.13269
733  5  0  -9.13272
44  3  0  -8.75592
274  5  0  -8.75592
504  1  0  -8.75591
734  5  0  -8.75589
45  3  0  -8.43718
275  5  0  -8.43717
505  1  0  -8.43716
735  5  0  -8.43714
46  3  0  -8.19082
276  5  0  -8.19082
506  1  0  -8.19082
736  5  0  -8.19082
47  3  0  -7.94769
277  5  0  -7.9477
507  1  0  -7.94774
737  5  0  -7.94777
48  3  0  -7.54629
278  5  0  -7.54629
508  1  0  16.7329
738  5  0  34.5715
49  3  0  -7.18309
279  5  0  -7.16505
509  6  0  -7.15951
739  5  0  -7.16083
50  3  0  -6.67386
280  5  0  -6.65044
510  6  0  -6.64092
740  5  0  -6.64256
51  3  0  -6.31971
281  5  0  -6.31971
511  6  0  -6.31967
741  5  0  -6.31963
52  3  0  -5.99412
282  5  0  -5.99415
512  6  0  -5.99455
742  5  0  -5.99496
53  3  0  -5.40455
283  5  0  -5.40452
513  6  0  -5.40409
743  5  0  -5.40365
54  3  0  -5.10227
284  5  0  -5.10227
514  6  0  -5.10231
744  5  0  -5.10235
55  3  0  -4.76207
285  5  0  -4.76208
515  6  0  -4.76235
745  5  0  -4.76262
56  3  0  -4.23868
286  5  0  -4.23867
516  6  0  -4.2386
746  5  0  -4.23853
57  3  0  -3.75633
287  5  0  -3.75632
517  6  0  -3.75625
747  5  0  -3.75617
58  3  0  -3.32467
288  5  0  -3.32467
518  6  0  -3.32465
748  5  0  -3.32463
59  3  0  -2.90678
289  5  0  -2.90677
519  6  0  -2.9067
749  5  0  -2.90663
60  3  0  -2.54435
290  5  0  -2.54438
520  6  0  -2.54473
750  5  0  -2.54509
61  3  0  -1.95802
291  5  0  -1.958
521  6  0  -1.95762
751  5  0  -1.95723
62  3  0  -1.61528
292  5  0  -1.61528
522  6  0  -1.61529
752  5  0  -1.61531
63  3  0  -1.25981
293  5  0  -1.25983
523  6  0  -1.26015
753  5  0  -1.26047
64  3  0  -0.69846
294  5  0  -0.698447
524  6  0  -0.69825
754  5  0  -0.698051
65  3  0  -0.253169
295  5  0  -0.25316
525  6  0  -0.253016
755  5  0  -0.252871
66  3  0  0.0824653
296  5  0  0.0824598
526  6  0  0.0823796
756  5  0  0.0822985
67  3  0  0.483091
297  5  0  0.48308
527  6  0  0.482919
757  5  0  0.482756
68  3  0  0.989426
298  5  0  0.989403
528  6  0  0.989067
758  5  0  0.988725
69  3  0  1.66473
299  5  0  1.66476
529  6  0  1.66523
759  5  0  1.6657
70  3  0  2.08832
300  5  0  2.08832
530  6  0  2.08822
760  5  0  2.08811
71  3  0  2.57772
301  5  0  2.57772
531  6  0  2.57775
761  5  0  2.57778
72  3  0  3.04931
302  5  0  3.04931
532  6  0  3.04931
762  5  0  3.0493
73  3  0  3.52442
303  5  0  3.5244
533  6  0  3.52414
763  5  0  3.52387
74  3  0  4.14322
304  5  0  4.14322
534  6  0  4.14329
764  5  0  4.14336
75  3  0  4.73369
305  5  0  4.75416
535  6  0  4.78772
765  5  0  4.8091
76  3  0  5.25095
306  5  0  5.27837
536  6  0  5.35835
766  5  0  5.46869
77  3  0  5.90015
307  5  0  5.90015
537  1  0  -23.8003
767  5  0  -43.004
78  3  0  6.55299
308  5  0  6.553
538  1  0  6.55304
768  5  0  6.55307
79  3  0  7.12187
309  5  0  7.12185
539  1  0  7.12181
769  5  0  7.12176
80  3  0  7.80503
310  5  0  7.80502
540  1  0  7.80499
770  5  0  7.80496
81  3  0  8.54332
311  5  0  8.54333
541  1  0  8.54336
771  5  0  8.5434
82  3  0  9.21057
312  5  0  9.21056
542  1  0  9.21054
772  5  0  9.21051
83  3  0  9.92438
313  5  0  9.92435
543  1  0  9.92424
773  5  0  9.92414
84  3  0  10.8224
314  5  0  10.8224
544  1  0  10.8224
774  5  0  10.8224
85  3  0  11.6881
315  5  0  11.6881
545  1  0  11.6881
775  5  0  11.6881
86  3  0  12.5511
316  5  0  12.551
546  1  0  12.5509
776  5  0  12.5508
87  3  0  13.5627
317  5  0  13.5627
547  1  0  13.5626
777  5  0  13.5625
88  3  0  14.7102
318  5  0  14.7102
548  1  0  14.7102
778  5  0  14.7102
89  3  0  15.8845
319  5  0  15.8845
549  1  0  15.8844
779  5  0  15.8843
90  3  0  17.1486
320  5  0  17.1485
550  1  0  17.1481
780  5  0  17.1476
91  3  0  18.8122
321  5  0  18.8121
551  1  0  18.8118
781  5  0  18.8116
92  3  0  20.6704
322  5  0  20.6701
552  1  0  20.6692
782  5  0  20.6684
93  3  0  23.0953
323  5  0  23.0948
553  1  0  23.093
783  5  0  23.0913
94  3  0  26.3695
324  5  0  26.3689
554  1  0  26.3674
784  5  0  26.3658
95  3  0  30.2555
325  5  0  30.2534
555  1  0  30.2471
785  5  0  30.2406
96  3  0  35.9777
326  5  0  35.9673
556  1  0  35.9349
786  5  0  35.901
97  3  0  46.9901
327  5  0  46.9375
557  1  0  46.7684
787  5  0  46.5807
98  3  0  70.7329
328  5  0  70.6723
558  1  0  70.4686
788  5  0  70.2253
99  3  0  103.415
329  5  0  103.542
559  1  0  103.965
789  5  0  104.463
100  3  0  123.039
330  5  0  123.025
560  1  0  122.982
790  5  0  122.936
101  3  0  133.704
331  5  0  133.712
561  1  0  133.738
791  5  0  133.765
102  3  0  140.196
332  5  0  140.199
562  1  0  140.208
792  5  0  140.217
103  3  0  144.305
333  5  0  144.306
563  1  0  144.309
793  5  0  144.313
104  3  0  147.1
334  5  0  147.1
564  1  0  147.101
794  5  0  147.102
105  3  0  149.554
335  5  0  149.555
565  1  0  149.555
795  5  0  149.556
106  3  0  151.639
336  5  0  151.639
566  1  0  151.639
796  5  0  151.639
107  3  0  153.662
337  5  0  153.662
567  1  0  153.663
797  5  0  153.663
108  3  0  155.05
338  5  0  155.05
568  1  0  155.05
798  5  0  155.05
109  3  0  156.446
339  5  0  156.446
569  1  0  156.446
799  5  0  156.445
110  3  0  157.981
340  5  0  157.981
570  1  0  157.981
800  5  0  157.982
111  3  0  159.16
341  5  0  159.16
571  1  0  159.161
801  5  0  159.161
112  3  0  160.268
342  5  0  160.268
572  1  0  160.268
802  5  0  160.268
113  3  0  161.333
343  5  0  161.333
573  1  0  161.333
803  5  0  161.333
114  3  0  162.372
344  5  0  162.372
574  1  0  162.372
804  5  0  162.372
115  3  0  163.41
345  5  0  163.41
575  1  0  163.41
805  5  0  163.41
116  3  0  164.331
346  5  0  164.331
576  1  0  164.331
806  5  0  164.331
117  3  0  165.188
347  5  0  165.188
577  1  0  165.188
807  5  0  165.188
118  3  0  166.095
348  5  0  166.095
578  1  0  166.095
808  5  0  166.095
119  3  0  166.974
349  5  0  166.974
579  1  0  166.974
809  5  0  166.974
120  3  0  167.891
350  5  0  167.891
580  1  0  167.891
810  5  0  167.892
121  3  0  168.569
351  5  0  168.569
581  1  0  168.569
811  5  0  168.568
122  3  0  169.565
352  5  0  169.538
582  6  0  -145.798
812  5  0  -118.029
123  3  0  170.04
353  5  0  170.02
583  6  0  169.98
813  5  0  169.954
124  3  0  171.019
354  5  0  171.019
584  6  0  171.02
814  5  0  171.021
125  3  0  171.722
355  5  0  171.722
585  6  0  171.722
815  5  0  171.722
126  3  0  172.407
356  5  0  172.407
586  6  0  172.407
816  5  0  172.407
127  3  0  173.074
357  5  0  173.074
587  6  0  173.074
817  5  0  173.074
128  3  0  173.718
358  5  0  173.718
588  6  0  173.718
818  5  0  173.718
129  3  0  174.521
359  5  0  174.521
589  6  0  174.521
819  5  0  174.521
130  3  0  175.306
360  5  0  175.306
590  6  0  175.307
820  5  0  175.307
131  3  0  176.015
361  5  0  176.015
591  6  0  176.015
821  5  0  176.015
132  3  0  176.631
362  5  0  176.631
592  6  0  176.631
822  5  0  176.631
133  3  0  177.191
363  5  0  177.191
593  6  0  177.19
823  5  0  177.189
134  3  0  178.078
364  5  0  178.078
594  6  0  178.079
824  5  0  178.079
135  3  0  178.713
365  5  0  178.713
595  6  0  178.713
825  5  0  178.713
136  3  0  179.343
366  5  0  179.343
596  6  0  179.343
826  5  0  179.343
137  3  0  -179.939
367  5  0  -179.939
597  6  0  -179.941
827  5  0  -179.942
138  3  0  -178.754
368  5  0  -178.754
598  6  0  -178.753
828  5  0  -178.752
139  3  0  -177.803
369  5  0  -177.803
599  6  0  -177.802
829  5  0  -177.802
140  3  0  -177.025
370  5  0  -177.025
600  6  0  -177.025
830  5  0  -177.025
141  3  0  -176.31
371  5  0  -176.31
601  6  0  -176.31
831  5  0  -176.31
142  3  0  -175.564
372  5  0  -175.564
602  6  0  -175.564
832  5  0  -175.563
143  3  0  -174.906
373  5  0  -174.906
603  6  0  -174.906
833  5  0  -174.906
144  3  0  -174.357
374  5  0  -174.357
604  6  0  -174.357
834  5  0  -174.357
145  3  0  -173.816
375  5  0  -173.816
605  6  0  -173.816
835  5  0  -173.816
146  3  0  -173.305
376  5  0  -173.305
606  6  0  -173.305
836  5  0  -173.305
147  3  0  -172.802
377  5  0  -172.802
607  6  0  -172.802
837  5  0  -172.802
148  3  0  -172.397
378  5  0  -172.415
608  6  0  -172.419
838  5  0  -172.415
149  3  0  -172.003
379  5  0  -172.017
609  6  0  159.511
839  5  0  140.112
150  3  0  -171.422
380  5  0  -171.422
610  1  0  -171.422
840  5  0  -171.422
151  3  0  -171.018
381  5  0  -171.018
611  1  0  -171.018
841  5  0  -171.018
152  3  0  -170.778
382  5  0  -170.778
612  1  0  -170.778
842  5  0  -170.778
153  3  0  -170.535
383  5  0  -170.535
613  1  0  -170.535
843  5  0  -170.535
154  3  0  -170.237
384  5  0  -170.237
614  1  0  -170.237
844  5  0  -170.237
155  3  0  -169.977
385  5  0  -169.977
615  1  0  -169.977
845  5  0  -169.977
156  3  0  -169.814
386  5  0  -169.814
616  1  0  -169.814
846  5  0  -169.814
157  3  0  -169.674
387  5  0  -169.674
617  1  0  -169.674
847  5  0  -169.674
158  3  0  -169.294
388  5  0  -169.294
618  1  0  -169.294
848  5  0  -169.294
159  3  0  -169.068
389  5  0  -169.068
619  1  0  -169.068
849  5  0  -169.068
160  3  0  -168.912
390  5  0  -168.912
620  1  0  -168.912
850  5  0  -168.912
161  3  0  -168.818
391  5  0  -168.818
621  1  0  -168.818
851  5  0  -168.818
162  3  0  -168.622
392  5  0  -168.622
622  1  0  -168.622
852  5  0  -168.622
163  3  0  -168.552
393  5  0  -168.552
623  1  0  -168.552
853  5  0  -168.552
164  3  0  -168.427
394  5  0  -168.427
624  1  0  -168.427
854  5  0  -168.427
165  3  0  -168.122
395  5  0  -168.122
625  1  0  -168.122
855  5  0  -168.122
166  3  0  -168.175
396  5  0  -168.175
626  1  0  -168.175
856  5  0  -168.175
167  3  0  -167.967
397  5  0  -167.967
627  1  0  -167.967
857  5  0  -167.967
168  3  0  -167.871
398  5  0  -167.871
628  1  0  -167.871
858  5  0  -167.871
169  3  0  -167.949
399  5  0  -167.949
629  1  0  -167.949
859  5  0  -167.949
170  3  0  -167.769
400  5  0  -167.769
630  1  0  -167.769
860  5  0  -167.769
171  3  0  -167.591
401  5  0  -167.591
631  1  0  -167.591
861  5  0  -167.591
172  3  0  -167.638
402  5  0  -167.638
632  1  0  -167.638
862  5  0  -167.638
173  3  0  -167.646
403  5  0  -167.646
633  1  0  -167.646
863  5  0  -167.646
174  3  0  -167.464
404  5  0  -167.464
634  1  0  -167.464
864  5  0  -167.464
175  3  0  -167.451
405  5  0  -167.451
635  1  0  -167.451
865  5  0  -167.451
176  3  0  -167.29
406  5  0  -167.29
636  1  0  -167.29
866  5  0  -167.29
177  3  0  -167.349
407  5  0  -167.349
637  1  0  -167.349
867  5  0  -167.349
178  3  0  -167.348
408  5  0  -167.348
638  1  0  -167.348
868  5  0  -167.348
179  3  0  -167.264
409  5  0  -167.264
639  1  0  -167.264
869  5  0  -167.264
180  3  0  -167.15
410  5  0  -167.15
640  1  0  -167.15
870  5  0  -167.15
181  3  0  -167.068
411  5  0  -167.068
641  1  0  -167.068
871  5  0  -167.068
182  3  0  -167.109
412  5  0  -167.109
642  1  0  -167.109
872  5  0  -167.109
183  3  0  -167.241
413  5  0  -167.241
643  1  0  -167.241
873  5  0  -167.241
184  3  0  -167.073
414  5  0  -167.073
644  1  0  -167.073
874  5  0  -167.073
185  3  0  -167.105
415  5  0  -167.105
645  1  0  -167.105
875  5  0  -167.105
186  3  0  -167.184
416  5  0  -167.184
646  1  0  -167.184
876  5  0  -167.184
187  3  0  -167.201
417  5  0  -167.201
647  1  0  -167.201
877  5  0  -167.201
188  3  0  -167.183
418  5  0  -167.183
648  1  0  -167.183
878  5  0  -167.183
189  3  0  -167.094
419  5  0  -167.094
649  1  0  -167.094
879  5  0  -167.094
190  3  0  -167.236
420  5  0  -167.236
650  1  0  -167.236
880  5  0  -167.236
191  3  0  -167.158
421  5  0  -167.158
651  1  0  -167.158
881  5  0  -167.158
192  3  0  -167.119
422  5  0  -167.119
652  1  0  -167.119
882  5  0  -167.119
193  3  0  -167.213
423  5  0  -167.213
653  1  0  -167.213
883  5  0  -167.213
194  3  0  -167.297
424  5  0  -167.297
654  1  0  -167.297
884  5  0  -167.297
195  3  0  -167.218
425  5  0  -167.218
655  1  0  -167.218
885  5  0  -167.218
196  3  0  -167.192
426  5  0  -167.223
656  1  0  -167.319
886  5  0  -167.42
197  3  0  -150.549
427  5  0  -150.51
657  1  0  -149.483
887  5  0  29.0544
198  2  0  -90.0035
428  1  0  -90.0035
658  1  0  -90.0035
888  2  0  89.9965
199  2  0  -90.0035
429  1  0  -90.0035
659  1  0  -90.0035
889  2  0  -90.0035
200  2  0  -90.0035
430  1  0  -90.0035
660  1  0  -90.0035
890  2  0  -90.0035
201  2  0  -90.0035
431  1  0  -90.0035
661  1  0  -90.0035
891  2  0  -90.0035
202  2  0  -90.0035
432  1  0  -90.0035
662  1  0  -90.0035
892  2  0  -90.0035
203  2  0  -90.0035
433  1  0  -90.0035
663  1  0  -90.0035
893  2  0  -90.0035
204  2  0  -90.0035
434  1  0  -90.0035
664  1  0  -90.0035
894  2  0  -90.0035
205  2  0  -90.0035
435  1  0  -90.0035
665  1  0  -90.0035
895  2  0  -90.0035
206  2  0  -90.0035
436  1  0  -90.0035
666  1  0  -90.0035
896  2  0  -90.0035
207  2  0  -90.0035
437  1  0  -90.0035
667  1  0  -90.0035
897  2  0  -90.0035
208  2  0  -90.0035
438  1  0  -90.0035
668  1  0  -90.0035
898  2  0  -90.0035
209  2  0  -90.0035
439  1  0  -90.0035
669  1  0  -90.0035
899  2  0  -90.0035
210  2  0  -90.0035
440  1  0  -90.0035
670  1  0  -90.0035
900  2  0  -90.0035
211  2  0  -90.0035
441  1  0  -90.0035
671  1  0  -90.0035
901  2  0  -90.0035
212  2  0  -90.0035
442  1  0  -90.0035
672  1  0  -90.0035
902  2  0  -90.0035
213  2  0  -90.0035
443  1  0  -90.0035
673  1  0  -90.0035
903  2  0  89.9965
214  2  0  -90.0318
444  1  0  -90.0318
674  1  0  -90.0318
904  2  0  89.9682
215  2  0  -90.0318
445  1  0  -90.0318
675  1  0  -90.0318
905  2  0  -90.0318
216  2  0  -90.0318
446  1  0  -90.0318
676  1  0  -90.0318
906  2  0  -90.0318
217  2  0  -90.0318
447  1  0  -90.0318
677  1  0  -90.0318
907  2  0  -90.0318
218  2  0  -90.0318
448  1  0  -90.0318
678  1  0  -90.0318
908  2  0  -90.0318
219  2  0  -90.0318
449  1  0  -90.0318
679  1  0  -90.0318
909  2  0  -90.0318
220  2  0  -90.0318
450  1  0  -90.0318
680  1  0  -90.0318
910  2  0  -90.0318
221  2  0  -90.0318
451  1  0  -90.0318
681  1  0  -90.0318
911  2  0  -90.0318
222  2  0  -90.0318
452  1  0  -90.0318
682  1  0  -90.0318
912  2  0  -90.0318
223  2  0  -90.0318
453  1  0  -90.0318
683  1  0  -90.0318
913  2  0  -90.0318
224  2  0  -90.0318
454  1  0  -90.0318
684  1  0  -90.0318
914  2  0  -90.0318
225  2  0  -90.0318
455  1  0  -90.0318
685  1  0  -90.0318
915  2  0  -90.0318
226  2  0  -90.0318
456  1  0  -90.0318
686  1  0  -90.0318
916  2  0  -90.0318
227  2  0  -90.0318
457  1  0  -90.0318
687  1  0  -90.0318
917  2  0  -90.0318
228  2  0  -90.0318
458  1  0  -90.0318
688  1  0  -90.0318
918  2  0  -90.0318
229  2  0  -90.0318
459  1  0  -90.0318
689  1  0  -90.0318
919  2  0  -90.0318
230  2  0  -90.0318
460  1  0  -90.0318
690  1  0  -90.0318
920  2  0  89.9682
