1  -9.76000000e-01  -2.50944770e-03
2  -9.74656953e-01  -2.98447633e-02
3  -9.72847755e-01  -5.71427070e-02
4  -9.69359940e-01  -8.42840929e-02
5  -9.64373305e-01  -1.11189860e-01
6  -9.58037089e-01  -1.37810221e-01
7  -9.50386184e-01  -1.64084813e-01
8  -9.41343481e-01  -1.89912949e-01
9  -9.31085899e-01  -2.15280965e-01
10  -9.19632801e-01  -2.40134380e-01
11  -9.07031400e-01  -2.64426131e-01
12  -8.93432871e-01  -2.88173075e-01
13  -8.78928112e-01  -3.11378873e-01
14  -8.63511086e-01  -3.33989287e-01
15  -8.47242017e-01  -3.55994460e-01
16  -8.30211257e-01  -3.77414823e-01
17  -8.12458701e-01  -3.98240764e-01
18  -7.94037765e-01  -4.18479398e-01
19  -7.74979291e-01  -4.38119998e-01
20  -7.55376901e-01  -4.57217369e-01
21  -7.35262500e-01  -4.75774337e-01
22  -7.11241243e-01  -4.96723115e-01
23  -6.90405704e-01  -5.14000065e-01
24  -6.69179896e-01  -5.30795202e-01
25  -6.47574154e-01  -5.47099029e-01
26  -6.25602865e-01  -5.62907264e-01
27  -6.03297739e-01  -5.78241286e-01
28  -5.80676413e-01  -5.93105136e-01
29  -5.57765640e-01  -6.07519044e-01
30  -5.34609091e-01  -6.21534693e-01
31  -5.11176947e-01  -6.35084689e-01
32  -4.87500126e-01  -6.48202329e-01
33  -4.63576611e-01  -6.60864763e-01
34  -4.39411123e-01  -6.73058670e-01
35  -4.15032364e-01  -6.84820323e-01
36  -3.90418134e-01  -6.96080626e-01
37  -3.62000000e-01  -7.08398265e-01
38  -3.36256898e-01  -7.18887344e-01
39  -3.10305938e-01  -7.28850886e-01
40  -2.84167816e-01  -7.38312359e-01
41  -2.57841876e-01  -7.47237909e-01
42  -2.31338096e-01  -7.55620736e-01
43  -2.04642622e-01  -7.63371116e-01
44  -1.77774838e-01  -7.70501678e-01
45  -1.50754930e-01  -7.77031866e-01
46  -1.23573412e-01  -7.82851990e-01
47  -9.62415456e-02  -7.87920518e-01
48  -6.87905031e-02  -7.92297158e-01
49  -4.12283338e-02  -7.95906377e-01
50  -1.35738515e-02  -7.98725410e-01
51  1.41453407e-02  -8.00813184e-01
52  4.19156829e-02  -8.02047231e-01
53  6.97095743e-02  -8.02510339e-01
54  9.75046748e-02  -8.02154820e-01
55  1.25277038e-01  -8.00971746e-01
56  1.52998054e-01  -7.98911796e-01
57  1.80642451e-01  -7.96001118e-01
58  2.08190766e-01  -7.92288135e-01
59  2.35612813e-01  -7.87736392e-01
60  2.62889641e-01  -7.82385518e-01
61  2.90000000e-01  -7.76246943e-01
62  3.20905212e-01  -7.68196449e-01
63  3.47563635e-01  -7.60370826e-01
64  3.73992998e-01  -7.51805028e-01
65  4.00145864e-01  -7.42431341e-01
66  4.26000386e-01  -7.32261127e-01
67  4.51558136e-01  -7.21365733e-01
68  4.76786317e-01  -7.09728089e-01
69  5.01648479e-01  -6.97327566e-01
70  5.26136537e-01  -6.84203085e-01
71  5.50236990e-01  -6.70378273e-01
72  5.73912771e-01  -6.55837689e-01
73  5.97123294e-01  -6.40565523e-01
74  6.19818739e-01  -6.24537923e-01
75  6.41978432e-01  -6.07777954e-01
76  6.63600126e-01  -5.90330232e-01
77  6.84663695e-01  -5.72213470e-01
78  7.09162500e-01  -5.49596251e-01
79  7.29060040e-01  -5.29854826e-01
80  7.48309551e-01  -5.09480425e-01
81  7.66834384e-01  -4.88443768e-01
82  7.84606483e-01  -4.66768256e-01
83  8.01613894e-01  -4.44489986e-01
84  8.17781385e-01  -4.21594717e-01
85  8.33150691e-01  -3.98155791e-01
86  8.47714653e-01  -3.74208383e-01
87  8.61389419e-01  -3.49741572e-01
88  8.74197818e-01  -3.24809222e-01
89  8.86040778e-01  -2.99404070e-01
90  8.96947435e-01  -2.73584505e-01
91  9.06894263e-01  -2.47380298e-01
92  9.15820527e-01  -2.20812290e-01
93  9.23722993e-01  -1.93920198e-01
94  9.30581454e-01  -1.66742687e-01
95  9.36439202e-01  -1.39332732e-01
96  9.41142447e-01  -1.11700388e-01
97  9.44782355e-01  -8.39085375e-02
98  9.47485429e-01  -5.60091466e-02
99  9.48719918e-01  -2.80064099e-02
100  9.49900000e-01  0.00000000e+00
101  9.48712039e-01  2.82011266e-02
102  9.47454230e-01  5.63976228e-02
103  9.44811454e-01  8.44987318e-02
104  9.41289593e-01  1.12502245e-01
105  9.36647716e-01  1.40341811e-01
106  9.30892978e-01  1.67972744e-01
107  9.24137985e-01  1.95377496e-01
108  9.16301493e-01  2.22492269e-01
109  9.07453876e-01  2.49292116e-01
110  8.97579348e-01  2.75731757e-01
111  8.86759107e-01  3.01798586e-01
112  8.74990341e-01  3.27452072e-01
113  8.62275801e-01  3.52650710e-01
114  8.48610885e-01  3.77346613e-01
115  8.34060219e-01  4.01529823e-01
116  8.18646604e-01  4.25172174e-01
117  8.02398789e-01  4.48249101e-01
118  7.85307015e-01  4.70707769e-01
119  7.67419755e-01  4.92540335e-01
120  7.48740491e-01  5.13700373e-01
121  7.29293841e-01  5.34156285e-01
122  7.09162500e-01  5.53938090e-01
123  6.84699574e-01  5.76265911e-01
124  6.63664146e-01  5.94118662e-01
125  6.42061482e-01  6.11281697e-01
126  6.19900387e-01  6.27718043e-01
127  5.97172892e-01  6.43362480e-01
128  5.73929912e-01  6.58230579e-01
129  5.50236557e-01  6.72369895e-01
130  5.26101745e-01  6.85740991e-01
131  5.01560678e-01  6.98349271e-01
132  4.76647506e-01  7.10205653e-01
133  4.51398741e-01  7.21329254e-01
134  4.25832807e-01  7.31702303e-01
135  3.99972724e-01  7.41319033e-01
136  3.73833769e-01  7.50146547e-01
137  3.47439618e-01  7.58182334e-01
138  3.20831427e-01  7.65478891e-01
139  2.90000000e-01  7.72972042e-01
140  2.62952898e-01  7.78671912e-01
141  2.35759569e-01  7.83628233e-01
142  2.08444113e-01  7.87863563e-01
143  1.81027488e-01  7.91386620e-01
144  1.53528584e-01  7.94193135e-01
145  1.25963584e-01  7.96254662e-01
146  9.83528547e-02  7.97572131e-01
147  7.07184464e-02  7.98223358e-01
148  4.30764310e-02  7.98097849e-01
149  1.54449988e-02  7.97325491e-01
150  -1.21581291e-02  7.95858375e-01
151  -3.97195284e-02  7.93744712e-01
152  -6.72241968e-02  7.90990644e-01
153  -9.46526422e-02  7.87558369e-01
154  -1.22000372e-01  7.83533623e-01
155  -1.49243347e-01  7.78853034e-01
156  -1.76358119e-01  7.73478195e-01
157  -2.03349005e-01  7.67512684e-01
158  -2.30205086e-01  7.60967018e-01
159  -2.56905746e-01  7.53813294e-01
160  -2.83450697e-01  7.46102111e-01
161  -3.09829832e-01  7.37841664e-01
162  -3.36013356e-01  7.28980771e-01
163  -3.62000000e-01  7.19557627e-01
164  -3.90648022e-01  7.08375143e-01
165  -4.15492327e-01  6.98044176e-01
166  -4.40080421e-01  6.87117166e-01
167  -4.64429301e-01  6.75667136e-01
168  -4.88515635e-01  6.63674149e-01
169  -5.12332630e-01  6.51154914e-01
170  -5.35875002e-01  6.38126825e-01
171  -5.59113266e-01  6.24563934e-01
172  -5.82027232e-01  6.10460060e-01
173  -6.04599782e-01  5.95816219e-01
174  -6.26819121e-01  5.80642046e-01
175  -6.48657590e-01  5.64925538e-01
176  -6.70062572e-01  5.48623563e-01
177  -6.91050391e-01  5.31788270e-01
178  -7.11593200e-01  5.14413048e-01
179  -7.35262500e-01  4.93218549e-01
180  -7.55634194e-01  4.73839406e-01
181  -7.75416912e-01  4.53858997e-01
182  -7.94541309e-01  4.33247270e-01
183  -8.12999140e-01  4.12037371e-01
184  -8.30749204e-01  3.90233839e-01
185  -8.47723495e-01  3.67820079e-01
186  -8.63914371e-01  3.44833210e-01
187  -8.79194195e-01  3.21230975e-01
188  -8.93558975e-01  2.97061547e-01
189  -9.07004533e-01  2.72369702e-01
190  -9.19470816e-01  2.47168432e-01
191  -9.30813630e-01  2.21442184e-01
192  -9.40986634e-01  1.95233172e-01
193  -9.49981600e-01  1.68595353e-01
194  -9.57688852e-01  1.41556269e-01
195  -9.64066904e-01  1.14174569e-01
196  -9.69164828e-01  8.65256186e-02
197  -9.72728998e-01  5.86375430e-02
198  -9.74628947e-01  3.05944445e-02
199  -3.36018040e-01  7.01137153e-01
200  -3.36022723e-01  6.73293535e-01
201  -3.36027407e-01  6.45449918e-01
202  -3.36032090e-01  6.17606300e-01
203  -3.36036774e-01  5.89762683e-01
204  -3.36041457e-01  5.61919065e-01
205  -3.36046141e-01  5.34075447e-01
206  -3.36050824e-01  5.06231830e-01
207  -3.36055507e-01  4.78388212e-01
208  -3.36060191e-01  4.50544595e-01
209  -3.36064874e-01  4.22700977e-01
210  -3.36069558e-01  3.94857359e-01
211  -3.36074241e-01  3.67013742e-01
212  -3.36078925e-01  3.39170124e-01
213  -3.36083608e-01  3.11326507e-01
214  -3.36088292e-01  2.83482889e-01
215  -3.36092975e-01  2.55639271e-01
216  -3.36097659e-01  2.27795654e-01
217  -3.36102342e-01  1.99952036e-01
218  -3.36107026e-01  1.72108419e-01
219  -3.36111709e-01  1.44264801e-01
220  -3.36116393e-01  1.16421183e-01
221  -3.36121076e-01  8.85775659e-02
222  -3.36125760e-01  6.07339483e-02
223  -3.36130443e-01  3.28903307e-02
224  -3.36135127e-01  5.04671309e-03
225  -3.36139810e-01  -2.27969045e-02
226  -3.36144494e-01  -5.06405221e-02
227  -3.36149177e-01  -7.84841397e-02
228  -3.36153861e-01  -1.06327757e-01
229  -3.36158544e-01  -1.34171375e-01
230  -3.36163228e-01  -1.62014992e-01
231  -3.36167911e-01  -1.89858610e-01
232  -3.36172595e-01  -2.17702228e-01
233  -3.36177278e-01  -2.45545845e-01
234  -3.36181962e-01  -2.73389463e-01
235  -3.36186645e-01  -3.01233080e-01
236  -3.36191329e-01  -3.29076698e-01
237  -3.36196012e-01  -3.56920316e-01
238  -3.36200696e-01  -3.84763933e-01
239  -3.36205379e-01  -4.12607551e-01
240  -3.36210063e-01  -4.40451168e-01
241  -3.36214746e-01  -4.68294786e-01
242  -3.36219430e-01  -4.96138404e-01
243  -3.36224113e-01  -5.23982021e-01
244  -3.36228797e-01  -5.51825639e-01
245  -3.36233480e-01  -5.79669256e-01
246  -3.36238164e-01  -6.07512874e-01
247  -3.36242847e-01  -6.35356492e-01
248  -3.36247531e-01  -6.63200109e-01
249  -3.36252214e-01  -6.91043727e-01
250  2.62951769e-01  7.50795886e-01
251  2.62950639e-01  7.22919861e-01
252  2.62949510e-01  6.95043835e-01
253  2.62948380e-01  6.67167810e-01
254  2.62947250e-01  6.39291784e-01
255  2.62946121e-01  6.11415759e-01
256  2.62944991e-01  5.83539733e-01
257  2.62943862e-01  5.55663707e-01
258  2.62942732e-01  5.27787682e-01
259  2.62941602e-01  4.99911656e-01
260  2.62940473e-01  4.72035631e-01
261  2.62939343e-01  4.44159605e-01
262  2.62938214e-01  4.16283580e-01
263  2.62937084e-01  3.88407554e-01
264  2.62935954e-01  3.60531529e-01
265  2.62934825e-01  3.32655503e-01
266  2.62933695e-01  3.04779478e-01
267  2.62932566e-01  2.76903452e-01
268  2.62931436e-01  2.49027427e-01
269  2.62930306e-01  2.21151401e-01
270  2.62929177e-01  1.93275376e-01
271  2.62928047e-01  1.65399350e-01
272  2.62926918e-01  1.37523325e-01
273  2.62925788e-01  1.09647299e-01
274  2.62924658e-01  8.17712735e-02
275  2.62923529e-01  5.38952480e-02
276  2.62922399e-01  2.60192225e-02
277  2.62921270e-01  -1.85680303e-03
278  2.62920140e-01  -2.97328286e-02
279  2.62919010e-01  -5.76088541e-02
280  2.62917881e-01  -8.54848796e-02
281  2.62916751e-01  -1.13360905e-01
282  2.62915622e-01  -1.41236931e-01
283  2.62914492e-01  -1.69112956e-01
284  2.62913362e-01  -1.96988982e-01
285  2.62912233e-01  -2.24865007e-01
286  2.62911103e-01  -2.52741033e-01
287  2.62909974e-01  -2.80617058e-01
288  2.62908844e-01  -3.08493084e-01
289  2.62907714e-01  -3.36369109e-01
290  2.62906585e-01  -3.64245135e-01
291  2.62905455e-01  -3.92121160e-01
292  2.62904326e-01  -4.19997186e-01
293  2.62903196e-01  -4.47873211e-01
294  2.62902066e-01  -4.75749237e-01
295  2.62900937e-01  -5.03625262e-01
296  2.62899807e-01  -5.31501288e-01
297  2.62898678e-01  -5.59377314e-01
298  2.62897548e-01  -5.87253339e-01
299  2.62896418e-01  -6.15129365e-01
300  2.62895289e-01  -6.43005390e-01
301  2.62894159e-01  -6.70881416e-01
302  2.62893030e-01  -6.98757441e-01
303  2.62891900e-01  -7.26633467e-01
304  2.62890770e-01  -7.54509492e-01
10433  -9.42519988e-01  -2.38055218e-03
10434  -9.41266490e-01  -2.79181364e-02
10435  -9.39558953e-01  -5.39037936e-02
10436  -9.36317654e-01  -7.91031400e-02
10437  -9.31651423e-01  -1.04267915e-01
10438  -9.25702470e-01  -1.29259940e-01
10439  -9.18535090e-01  -1.53879779e-01
10440  -9.10047518e-01  -1.78114746e-01
10441  -9.00385750e-01  -2.02009350e-01
10442  -8.89592186e-01  -2.25430763e-01
10443  -8.77668540e-01  -2.48411844e-01
10444  -8.64734740e-01  -2.70995992e-01
10445  -8.50925038e-01  -2.93090549e-01
10446  -8.36242392e-01  -3.14622995e-01
10447  -8.20701104e-01  -3.35642191e-01
10448  -8.04390952e-01  -3.56155783e-01
10449  -7.87361446e-01  -3.76132785e-01
10450  -7.69665922e-01  -3.95574198e-01
10451  -7.51305850e-01  -4.14493675e-01
10452  -7.32365609e-01  -4.32945670e-01
10453  -7.12929386e-01  -4.50877210e-01
10454  -6.89573743e-01  -4.71244607e-01
10455  -6.69353171e-01  -4.88011111e-01
10456  -6.48728703e-01  -5.04330440e-01
10457  -6.27732948e-01  -5.20173921e-01
10458  -6.06361201e-01  -5.35550486e-01
10459  -5.84639757e-01  -5.50483141e-01
10460  -5.62587120e-01  -5.64973083e-01
10461  -5.40200645e-01  -5.79056685e-01
10462  -5.17577664e-01  -5.92749881e-01
10463  -4.94700485e-01  -6.05978657e-01
10464  -4.71572003e-01  -6.18792640e-01
10465  -4.48219177e-01  -6.31153079e-01
10466  -4.24610292e-01  -6.43065832e-01
10467  -4.00808139e-01  -6.54549771e-01
10468  -3.76809964e-01  -6.65528169e-01
10469  -3.48657916e-01  -6.76660653e-01
10470  -3.29251136e-01  -6.84634457e-01
10471  -2.98276330e-01  -6.96592930e-01
10472  -2.72780940e-01  -7.05821957e-01
10473  -2.47122991e-01  -7.14521053e-01
10474  -2.21346790e-01  -7.22674401e-01
10475  -1.95426879e-01  -7.30199482e-01
10476  -1.69314807e-01  -7.37129308e-01
10477  -1.43106231e-01  -7.43464254e-01
10478  -1.16829876e-01  -7.49090890e-01
10479  -9.03920880e-02  -7.53993080e-01
10480  -6.38446865e-02  -7.58226260e-01
10481  -3.72471555e-02  -7.61709339e-01
10482  -1.05350040e-02  -7.64431787e-01
10483  1.62026530e-02  -7.66446708e-01
10484  4.29667622e-02  -7.67635279e-01
10485  6.97762040e-02  -7.68082403e-01
10486  9.65517737e-02  -7.67740010e-01
10487  1.23268497e-01  -7.66602385e-01
10488  1.49919537e-01  -7.64621711e-01
10489  1.76540194e-01  -7.61818393e-01
10490  2.03072087e-01  -7.58242778e-01
10491  2.29479702e-01  -7.53859082e-01
10492  2.69891126e-01  -7.45718596e-01
10493  2.81858163e-01  -7.42795520e-01
10494  3.11978355e-01  -7.35963762e-01
10495  3.37696451e-01  -7.28413455e-01
10496  3.63193437e-01  -7.20150575e-01
10497  3.88380492e-01  -7.11123020e-01
10498  4.13319457e-01  -7.01312315e-01
10499  4.37993776e-01  -6.90793800e-01
10500  4.62315737e-01  -6.79574528e-01
10501  4.86283084e-01  -6.67619999e-01
10502  5.09914122e-01  -6.54954698e-01
10503  5.33162288e-01  -6.41619110e-01
10504  5.55966712e-01  -6.27614048e-01
10505  5.78281831e-01  -6.12931591e-01
10506  6.00081583e-01  -5.97536449e-01
10507  6.21386296e-01  -5.81422711e-01
10508  6.42190848e-01  -5.64634362e-01
10509  6.62411807e-01  -5.47243720e-01
10510  6.86036801e-01  -5.25433532e-01
10511  7.05122881e-01  -5.06495731e-01
10512  7.23599551e-01  -4.86940442e-01
10513  7.41348081e-01  -4.66785438e-01
10514  7.58378271e-01  -4.46014563e-01
10515  7.74656437e-01  -4.24692753e-01
10516  7.90132203e-01  -4.02775640e-01
10517  8.04873831e-01  -3.80293706e-01
10518  8.18823954e-01  -3.57357198e-01
10519  8.31912247e-01  -3.33938685e-01
10520  8.44160330e-01  -3.10099217e-01
10521  8.55473684e-01  -2.85828809e-01
10522  8.65902661e-01  -2.61140354e-01
10523  8.75401652e-01  -2.36117511e-01
10524  8.83917868e-01  -2.10769617e-01
10525  8.91457727e-01  -1.85111820e-01
10526  8.98007606e-01  -1.59154581e-01
10527  9.03592356e-01  -1.33030381e-01
10528  9.08069070e-01  -1.06721770e-01
10529  9.11551202e-01  -8.01236501e-02
10530  9.14122090e-01  -5.36591436e-02
10531  9.15304954e-01  -2.65658801e-02
10532  9.16424330e-01  1.92912547e-07
10533  9.15297445e-01  2.67520500e-02
10534  9.14088219e-01  5.40858638e-02
10535  9.11565543e-01  8.08457441e-02
10536  9.08195364e-01  1.07664174e-01
10537  9.03774133e-01  1.34180445e-01
10538  8.98278889e-01  1.60559503e-01
10539  8.91829117e-01  1.86730416e-01
10540  8.84350380e-01  2.12604838e-01
10541  8.75901942e-01  2.38196605e-01
10542  8.66463012e-01  2.63467641e-01
10543  8.56108904e-01  2.88412026e-01
10544  8.44855194e-01  3.12943184e-01
10545  8.32707986e-01  3.37018077e-01
10546  8.19644578e-01  3.60625729e-01
10547  8.05717611e-01  3.83772248e-01
10548  7.90959583e-01  4.06408812e-01
10549  7.75412747e-01  4.28490850e-01
10550  7.59059352e-01  4.49978681e-01
10551  7.41942598e-01  4.70871246e-01
10552  7.24079135e-01  4.91107179e-01
10553  7.05449284e-01  5.10702670e-01
10554  6.86164024e-01  5.29654247e-01
10555  6.62601357e-01  5.51160061e-01
10556  6.42437673e-01  5.68271578e-01
10557  6.21693875e-01  5.84752553e-01
10558  6.00453266e-01  6.00506935e-01
10559  5.78676848e-01  6.15496169e-01
10560  5.56346676e-01  6.29779486e-01
10561  5.33560497e-01  6.43377759e-01
10562  5.10353535e-01  6.56234571e-01
10563  4.86730584e-01  6.68370891e-01
10564  4.62717536e-01  6.79798567e-01
10565  4.38367809e-01  6.90526174e-01
10566  4.13715287e-01  7.00528586e-01
10567  3.88791845e-01  7.09797249e-01
10568  3.63611252e-01  7.18301060e-01
10569  3.38145525e-01  7.26053612e-01
10570  3.12458654e-01  7.33097853e-01
10571  2.82601357e-01  7.40354639e-01
10572  2.69951421e-01  7.42210842e-01
10573  2.30034896e-01  7.49679517e-01
10574  2.03612175e-01  7.53776329e-01
10575  1.77085413e-01  7.57185052e-01
10576  1.50496726e-01  7.59898893e-01
10577  1.23859133e-01  7.61891041e-01
10578  9.71267695e-02  7.63165970e-01
10579  7.03910246e-02  7.63796915e-01
10580  4.36356094e-02  7.63674390e-01
10581  1.68397302e-02  7.62925754e-01
10582  -9.92807160e-03  7.61502676e-01
10583  -3.66879822e-02  7.59450443e-01
10584  -6.33714114e-02  7.56778903e-01
10585  -9.00085811e-02  7.53445030e-01
10586  -1.16578793e-01  7.49535187e-01
10587  -1.42980896e-01  7.44999395e-01
10588  -1.69295598e-01  7.39782380e-01
10589  -1.95557318e-01  7.33977974e-01
10590  -2.21673369e-01  7.27612903e-01
10591  -2.47648261e-01  7.20653286e-01
10592  -2.73503959e-01  7.13142293e-01
10593  -2.99166946e-01  7.05106514e-01
10594  -3.29019081e-01  6.94950898e-01
10595  -3.50217521e-01  6.88255740e-01
10596  -3.78145551e-01  6.77353809e-01
10597  -4.02279157e-01  6.67318827e-01
10598  -4.26171911e-01  6.56700258e-01
10599  -4.49858196e-01  6.45562023e-01
10600  -4.73280046e-01  6.33899802e-01
10601  -4.96453665e-01  6.21718654e-01
10602  -5.19347160e-01  6.09049938e-01
10603  -5.41916673e-01  5.95877489e-01
10604  -5.64158687e-01  5.82187281e-01
10605  -5.86065892e-01  5.67975066e-01
10606  -6.07618154e-01  5.53256689e-01
10607  -6.28755110e-01  5.38045691e-01
10608  -6.49464834e-01  5.22272697e-01
10609  -6.69785258e-01  5.05972983e-01
10610  -6.89635819e-01  4.89183932e-01
10611  -7.12578138e-01  4.68641026e-01
10612  -7.32221888e-01  4.49954288e-01
10613  -7.51271174e-01  4.30715570e-01
10614  -7.69664167e-01  4.10891896e-01
10615  -7.87411824e-01  3.90498472e-01
10616  -8.04444862e-01  3.69576722e-01
10617  -8.20716034e-01  3.48091116e-01
10618  -8.36199060e-01  3.26111660e-01
10619  -8.50775322e-01  3.03595711e-01
10620  -8.64491464e-01  2.80517220e-01
10621  -8.77322755e-01  2.56954549e-01
10622  -8.89172406e-01  2.33003642e-01
10623  -8.99914289e-01  2.08641183e-01
10624  -9.09544946e-01  1.83828999e-01
10625  -9.18045925e-01  1.58658173e-01
10626  -9.25309787e-01  1.33175871e-01
10627  -9.31325264e-01  1.07346692e-01
10628  -9.36118366e-01  8.13713729e-02
10629  -9.39441457e-01  5.53856962e-02
10630  -9.41232643e-01  2.87718606e-02
10631  -3.29018040e-01  7.01135976e-01
10632  -3.29022723e-01  6.73292358e-01
10633  -3.29027407e-01  6.45448741e-01
10634  -3.29032090e-01  6.17605123e-01
10635  -3.29036774e-01  5.89761506e-01
10636  -3.29041457e-01  5.61917888e-01
10637  -3.29046141e-01  5.34074270e-01
10638  -3.29050824e-01  5.06230653e-01
10639  -3.29055507e-01  4.78387035e-01
10640  -3.29060191e-01  4.50543418e-01
10641  -3.29064874e-01  4.22699800e-01
10642  -3.29069558e-01  3.94856182e-01
10643  -3.29074241e-01  3.67012565e-01
10644  -3.29078925e-01  3.39168947e-01
10645  -3.29083608e-01  3.11325330e-01
10646  -3.29088292e-01  2.83481712e-01
10647  -3.29092975e-01  2.55638094e-01
10648  -3.29097659e-01  2.27794477e-01
10649  -3.29102342e-01  1.99950859e-01
10650  -3.29107026e-01  1.72107242e-01
10651  -3.29111709e-01  1.44263624e-01
10652  -3.29116393e-01  1.16420006e-01
10653  -3.29121076e-01  8.85763884e-02
10654  -3.29125760e-01  6.07327708e-02
10655  -3.29130443e-01  3.28891532e-02
10656  -3.29135127e-01  5.04553564e-03
10657  -3.29139810e-01  -2.27980820e-02
10658  -3.29144494e-01  -5.06416996e-02
10659  -3.29149177e-01  -7.84853172e-02
10660  -3.29153861e-01  -1.06328934e-01
10661  -3.29158544e-01  -1.34172552e-01
10662  -3.29163228e-01  -1.62016169e-01
10663  -3.29167911e-01  -1.89859787e-01
10664  -3.29172595e-01  -2.17703405e-01
10665  -3.29177278e-01  -2.45547022e-01
10666  -3.29181962e-01  -2.73390640e-01
10667  -3.29186645e-01  -3.01234257e-01
10668  -3.29191329e-01  -3.29077875e-01
10669  -3.29196012e-01  -3.56921493e-01
10670  -3.29200696e-01  -3.84765110e-01
10671  -3.29205379e-01  -4.12608728e-01
10672  -3.29210063e-01  -4.40452345e-01
10673  -3.29214746e-01  -4.68295963e-01
10674  -3.29219430e-01  -4.96139581e-01
10675  -3.29224113e-01  -5.23983198e-01
10676  -3.29228797e-01  -5.51826816e-01
10677  -3.29233480e-01  -5.79670433e-01
10678  -3.29238164e-01  -6.07514051e-01
10679  -3.29242847e-01  -6.35357669e-01
10680  -3.29247531e-01  -6.63201286e-01
10681  -3.29252214e-01  -6.91044904e-01
10682  2.69951769e-01  7.50795602e-01
10683  2.69950639e-01  7.22919577e-01
10684  2.69949510e-01  6.95043551e-01
10685  2.69948380e-01  6.67167526e-01
10686  2.69947250e-01  6.39291500e-01
10687  2.69946121e-01  6.11415475e-01
10688  2.69944991e-01  5.83539449e-01
10689  2.69943862e-01  5.55663423e-01
10690  2.69942732e-01  5.27787398e-01
10691  2.69941602e-01  4.99911372e-01
10692  2.69940473e-01  4.72035347e-01
10693  2.69939343e-01  4.44159321e-01
10694  2.69938214e-01  4.16283296e-01
10695  2.69937084e-01  3.88407270e-01
10696  2.69935954e-01  3.60531245e-01
10697  2.69934825e-01  3.32655219e-01
10698  2.69933695e-01  3.04779194e-01
10699  2.69932566e-01  2.76903168e-01
10700  2.69931436e-01  2.49027143e-01
10701  2.69930306e-01  2.21151117e-01
10702  2.69929177e-01  1.93275092e-01
10703  2.69928047e-01  1.65399066e-01
10704  2.69926918e-01  1.37523041e-01
10705  2.69925788e-01  1.09647015e-01
10706  2.69924658e-01  8.17709899e-02
10707  2.69923529e-01  5.38949644e-02
10708  2.69922399e-01  2.60189389e-02
10709  2.69921270e-01  -1.85708666e-03
10710  2.69920140e-01  -2.97331124e-02
10711  2.69919010e-01  -5.76091377e-02
10712  2.69917881e-01  -8.54851632e-02
10713  2.69916751e-01  -1.13361189e-01
10714  2.69915622e-01  -1.41237215e-01
10715  2.69914492e-01  -1.69113240e-01
10716  2.69913362e-01  -1.96989266e-01
10717  2.69912233e-01  -2.24865291e-01
10718  2.69911103e-01  -2.52741317e-01
10719  2.69909974e-01  -2.80617342e-01
10720  2.69908844e-01  -3.08493368e-01
10721  2.69907714e-01  -3.36369393e-01
10722  2.69906585e-01  -3.64245419e-01
10723  2.69905455e-01  -3.92121444e-01
10724  2.69904326e-01  -4.19997470e-01
10725  2.69903196e-01  -4.47873495e-01
10726  2.69902066e-01  -4.75749521e-01
10727  2.69900937e-01  -5.03625546e-01
10728  2.69899807e-01  -5.31501572e-01
10729  2.69898678e-01  -5.59377598e-01
10730  2.69897548e-01  -5.87253623e-01
10731  2.69896418e-01  -6.15129649e-01
10732  2.69895289e-01  -6.43005674e-01
10733  2.69894159e-01  -6.70881700e-01
10734  2.69893030e-01  -6.98757725e-01
10735  2.69891900e-01  -7.26633751e-01
10736  2.69890770e-01  -7.54509776e-01
2609  -9.75499492e-01  -2.50752078e-03
2610  -9.74157783e-01  -2.98159612e-02
2611  -9.72350105e-01  -5.70942870e-02
2612  -9.68865975e-01  -8.42066404e-02
2613  -9.63884130e-01  -1.11086381e-01
2614  -9.57553704e-01  -1.37682399e-01
2615  -9.49910027e-01  -1.63932253e-01
2616  -9.40875623e-01  -1.89736572e-01
2617  -9.30626948e-01  -2.15082561e-01
2618  -9.19183710e-01  -2.39914569e-01
2619  -9.06592441e-01  -2.64186726e-01
2620  -8.93003849e-01  -2.87916287e-01
2621  -8.78509481e-01  -3.11105472e-01
2622  -8.63103433e-01  -3.33699771e-01
2623  -8.46845244e-01  -3.55690204e-01
2624  -8.29825257e-01  -3.77097012e-01
2625  -8.12083510e-01  -3.97910261e-01
2626  -7.93673419e-01  -4.18136977e-01
2627  -7.74625386e-01  -4.37766797e-01
2628  -7.55032894e-01  -4.56854520e-01
2629  -7.34928632e-01  -4.75402138e-01
2630  -7.10917325e-01  -4.96342225e-01
2631  -6.90090980e-01  -5.13611544e-01
2632  -6.68874161e-01  -5.30399568e-01
2633  -6.47277538e-01  -5.46696513e-01
2634  -6.25315212e-01  -5.62498295e-01
2635  -6.03018812e-01  -5.77826316e-01
2636  -5.80405988e-01  -5.92684577e-01
2637  -5.57503053e-01  -6.07093547e-01
2638  -5.34354480e-01  -6.21104375e-01
2639  -5.10930633e-01  -6.34649569e-01
2640  -4.87262009e-01  -6.47762670e-01
2641  -4.63347025e-01  -6.60420589e-01
2642  -4.39189858e-01  -6.72610293e-01
2643  -4.14819719e-01  -6.84367794e-01
2644  -3.90214699e-01  -6.95623883e-01
2645  -3.61806232e-01  -7.07937338e-01
2646  -3.35256874e-01  -7.18745289e-01
2647  -3.10131231e-01  -7.28382402e-01
2648  -2.84002444e-01  -7.37840499e-01
2649  -2.57686205e-01  -7.46762760e-01
2650  -2.31192992e-01  -7.55142254e-01
2651  -2.04508781e-01  -7.62889362e-01
2652  -1.77651972e-01  -7.70017009e-01
2653  -1.50643847e-01  -7.76544361e-01
2654  -1.23475475e-01  -7.82361675e-01
2655  -9.61565936e-02  -7.87427788e-01
2656  -6.87186747e-02  -7.91802344e-01
2657  -4.11705149e-02  -7.95409731e-01
2658  -1.35297181e-02  -7.98227362e-01
2659  1.41752192e-02  -8.00314078e-01
2660  4.19309478e-02  -8.01547464e-01
2661  6.97105420e-02  -8.02010340e-01
2662  9.74908358e-02  -8.01655012e-01
2663  1.25247868e-01  -8.00472598e-01
2664  1.52953345e-01  -7.98413799e-01
2665  1.80582874e-01  -7.95504680e-01
2666  2.08116427e-01  -7.91793692e-01
2667  2.35523741e-01  -7.87244390e-01
2668  2.63889670e-01  -7.81663224e-01
2669  2.89881756e-01  -7.75761126e-01
2670  3.20771760e-01  -7.67714587e-01
2671  3.47416126e-01  -7.59893080e-01
2672  3.73831550e-01  -7.51331811e-01
2673  3.99969978e-01  -7.41963298e-01
2674  4.25810813e-01  -7.31798459e-01
2675  4.51355356e-01  -7.20908699e-01
2676  4.76569989e-01  -7.09277309e-01
2677  5.01418774e-01  -6.96883454e-01
2678  5.25894020e-01  -6.83765837e-01
2679  5.49981732e-01  -6.69948339e-01
2680  5.73644487e-01  -6.55415761e-01
2681  5.96841624e-01  -6.40152410e-01
2682  6.19523679e-01  -6.24134265e-01
2683  6.41670590e-01  -6.07383957e-01
2684  6.63280069e-01  -5.89946092e-01
2685  6.84331041e-01  -5.71840185e-01
2686  7.08816783e-01  -5.49235031e-01
2687  7.28702192e-01  -5.29505620e-01
2688  7.47940150e-01  -5.09143464e-01
2689  7.66453377e-01  -4.88119987e-01
2690  7.84214385e-01  -4.66457999e-01
2691  8.01210894e-01  -4.44194028e-01
2692  8.17368044e-01  -4.21313382e-01
2693  8.32727967e-01  -3.97888762e-01
2694  8.47282752e-01  -3.73956467e-01
2695  8.60948751e-01  -3.49505327e-01
2696  8.73748773e-01  -3.24589315e-01
2697  8.85583816e-01  -2.99201127e-01
2698  8.96483332e-01  -2.73398472e-01
2699  9.06423465e-01  -2.47211925e-01
2700  9.15343599e-01  -2.20662157e-01
2701  9.23240644e-01  -1.93788517e-01
2702  9.30094492e-01  -1.66629249e-01
2703  9.35948159e-01  -1.39238515e-01
2704  9.40648018e-01  -1.11625960e-01
2705  9.44285567e-01  -8.38519554e-02
2706  9.46986665e-01  -5.59740153e-02
2707  9.48220382e-01  -2.79848747e-02
2708  9.49399556e-01  2.88394049e-09
2709  9.48212509e-01  2.81794637e-02
2710  9.46955426e-01  5.63630632e-02
2711  9.44314445e-01  8.44441216e-02
2712  9.40794852e-01  1.12429918e-01
2713  9.36156273e-01  1.40249702e-01
2714  9.30405415e-01  1.67861920e-01
2715  9.23654985e-01  1.95248227e-01
2716  9.15823841e-01  2.22344457e-01
2717  9.06982191e-01  2.49126244e-01
2718  8.97114175e-01  2.75548415e-01
2719  8.86300903e-01  3.01598464e-01
2720  8.74539836e-01  3.27235172e-01
2721  8.61833778e-01  3.52417010e-01
2722  8.48177854e-01  3.77096645e-01
2723  8.33636512e-01  4.01264357e-01
2724  8.18232698e-01  4.24891672e-01
2725  8.01995362e-01  4.47953726e-01
2726  7.84914626e-01  4.70397880e-01
2727  7.67038885e-01  4.92216394e-01
2728  7.48371817e-01  5.13362617e-01
2729  7.28937377e-01  5.33805666e-01
2730  7.08818685e-01  5.53575059e-01
2731  6.84369217e-01  5.75890592e-01
2732  6.63346821e-01  5.93732262e-01
2733  6.41756997e-01  6.10885100e-01
2734  6.19609663e-01  6.27311251e-01
2735  5.96896386e-01  6.42945893e-01
2736  5.73667052e-01  6.57805250e-01
2737  5.49987259e-01  6.71936478e-01
2738  5.25866318e-01  6.85299886e-01
2739  5.01338976e-01  6.97901110e-01
2740  4.76439260e-01  7.09751083e-01
2741  4.51203935e-01  7.20868764e-01
2742  4.25651656e-01  7.31236272e-01
2743  3.99805576e-01  7.40847799e-01
2744  3.73680948e-01  7.49670474e-01
2745  3.47300676e-01  7.57702027e-01
2746  3.20706258e-01  7.64994812e-01
2747  2.89889394e-01  7.72484429e-01
2748  2.63952869e-01  7.77965897e-01
2749  2.35676429e-01  7.83135194e-01
2750  2.08373938e-01  7.87368512e-01
2751  1.80970237e-01  7.90889908e-01
2752  1.53484552e-01  7.93695078e-01
2753  1.25933021e-01  7.95755597e-01
2754  9.83350482e-02  7.97072448e-01
2755  7.07136912e-02  7.97723381e-01
2756  4.30845520e-02  7.97597915e-01
2757  1.54652546e-02  7.96825901e-01
2758  -1.21257418e-02  7.95359425e-01
2759  -3.96755011e-02  7.93246654e-01
2760  -6.71682426e-02  7.90493785e-01
2761  -9.45851962e-02  7.87062939e-01
2762  -1.21921634e-01  7.83039862e-01
2763  -1.49152397e-01  7.78361375e-01
2764  -1.76255550e-01  7.72988829e-01
2765  -2.03235846e-01  7.67025657e-01
2766  -2.30081179e-01  7.60482614e-01
2767  -2.56771299e-01  7.53331709e-01
2768  -2.83306240e-01  7.45623434e-01
2769  -3.09674974e-01  7.37366249e-01
2770  -3.35013386e-01  7.28801412e-01
2771  -3.61823858e-01  7.19089680e-01
2772  -3.90461117e-01  7.07911390e-01
2773  -4.15294797e-01  6.97584848e-01
2774  -4.39872496e-01  6.86662449e-01
2775  -4.64211471e-01  6.75217080e-01
2776  -4.88287871e-01  6.63229038e-01
2777  -5.12095248e-01  6.50714857e-01
2778  -5.35627920e-01  6.37692141e-01
2779  -5.58856186e-01  6.24135087e-01
2780  -5.81760107e-01  6.10037397e-01
2781  -6.04322710e-01  5.95400008e-01
2782  -6.26532077e-01  5.80232649e-01
2783  -6.48360058e-01  5.64523699e-01
2784  -6.69754647e-01  5.48229632e-01
2785  -6.90732489e-01  5.31402345e-01
2786  -7.11264949e-01  5.14035886e-01
2787  -7.34923381e-01  4.92851128e-01
2788  -7.55284192e-01  4.73482336e-01
2789  -7.75055946e-01  4.53513015e-01
2790  -7.94169409e-01  4.32913069e-01
2791  -8.12616623e-01  4.11715376e-01
2792  -8.30355968e-01  3.89925026e-01
2793  -8.47319748e-01  3.67525141e-01
2794  -8.63500042e-01  3.44553333e-01
2795  -8.78769348e-01  3.20967337e-01
2796  -8.93124431e-01  2.96814218e-01
2797  -9.06560806e-01  2.72139254e-01
2798  -9.19017871e-01  2.46956676e-01
2799  -9.30351701e-01  2.21250816e-01
2800  -9.40516597e-01  1.95062686e-01
2801  -9.49504179e-01  1.68446797e-01
2802  -9.57204802e-01  1.41430986e-01
2803  -9.63577434e-01  1.14072496e-01
2804  -9.68670801e-01  8.64485654e-02
2805  -9.72231367e-01  5.85889296e-02
2806  -9.74129690e-01  3.05671978e-02
2807  -3.35018040e-01  7.01136985e-01
2808  -3.35022723e-01  6.73293367e-01
2809  -3.35027407e-01  6.45449750e-01
2810  -3.35032090e-01  6.17606132e-01
2811  -3.35036774e-01  5.89762515e-01
2812  -3.35041457e-01  5.61918897e-01
2813  -3.35046141e-01  5.34075279e-01
2814  -3.35050824e-01  5.06231662e-01
2815  -3.35055507e-01  4.78388044e-01
2816  -3.35060191e-01  4.50544427e-01
2817  -3.35064874e-01  4.22700809e-01
2818  -3.35069558e-01  3.94857191e-01
2819  -3.35074241e-01  3.67013574e-01
2820  -3.35078925e-01  3.39169956e-01
2821  -3.35083608e-01  3.11326339e-01
2822  -3.35088292e-01  2.83482721e-01
2823  -3.35092975e-01  2.55639103e-01
2824  -3.35097659e-01  2.27795486e-01
2825  -3.35102342e-01  1.99951868e-01
2826  -3.35107026e-01  1.72108251e-01
2827  -3.35111709e-01  1.44264633e-01
2828  -3.35116393e-01  1.16421015e-01
2829  -3.35121076e-01  8.85773977e-02
2830  -3.35125760e-01  6.07337801e-02
2831  -3.35130443e-01  3.28901625e-02
2832  -3.35135127e-01  5.04654488e-03
2833  -3.35139810e-01  -2.27970727e-02
2834  -3.35144494e-01  -5.06406903e-02
2835  -3.35149177e-01  -7.84843079e-02
2836  -3.35153861e-01  -1.06327925e-01
2837  -3.35158544e-01  -1.34171543e-01
2838  -3.35163228e-01  -1.62015160e-01
2839  -3.35167911e-01  -1.89858778e-01
2840  -3.35172595e-01  -2.17702396e-01
2841  -3.35177278e-01  -2.45546013e-01
2842  -3.35181962e-01  -2.73389631e-01
2843  -3.35186645e-01  -3.01233248e-01
2844  -3.35191329e-01  -3.29076866e-01
2845  -3.35196012e-01  -3.56920484e-01
2846  -3.35200696e-01  -3.84764101e-01
2847  -3.35205379e-01  -4.12607719e-01
2848  -3.35210063e-01  -4.40451336e-01
2849  -3.35214746e-01  -4.68294954e-01
2850  -3.35219430e-01  -4.96138572e-01
2851  -3.35224113e-01  -5.23982189e-01
2852  -3.35228797e-01  -5.51825807e-01
2853  -3.35233480e-01  -5.79669424e-01
2854  -3.35238164e-01  -6.07513042e-01
2855  -3.35242847e-01  -6.35356660e-01
2856  -3.35247531e-01  -6.63200277e-01
2857  -3.35252214e-01  -6.91043895e-01
2858  2.63951769e-01  7.50795845e-01
2859  2.63950639e-01  7.22919820e-01
2860  2.63949510e-01  6.95043794e-01
2861  2.63948380e-01  6.67167769e-01
2862  2.63947250e-01  6.39291743e-01
2863  2.63946121e-01  6.11415718e-01
2864  2.63944991e-01  5.83539692e-01
2865  2.63943862e-01  5.55663666e-01
2866  2.63942732e-01  5.27787641e-01
2867  2.63941602e-01  4.99911615e-01
2868  2.63940473e-01  4.72035590e-01
2869  2.63939343e-01  4.44159564e-01
2870  2.63938214e-01  4.16283539e-01
2871  2.63937084e-01  3.88407513e-01
2872  2.63935954e-01  3.60531488e-01
2873  2.63934825e-01  3.32655462e-01
2874  2.63933695e-01  3.04779437e-01
2875  2.63932566e-01  2.76903411e-01
2876  2.63931436e-01  2.49027386e-01
2877  2.63930306e-01  2.21151360e-01
2878  2.63929177e-01  1.93275335e-01
2879  2.63928047e-01  1.65399309e-01
2880  2.63926918e-01  1.37523284e-01
2881  2.63925788e-01  1.09647258e-01
2882  2.63924658e-01  8.17712330e-02
2883  2.63923529e-01  5.38952075e-02
2884  2.63922399e-01  2.60191820e-02
2885  2.63921270e-01  -1.85684355e-03
2886  2.63920140e-01  -2.97328691e-02
2887  2.63919010e-01  -5.76088946e-02
2888  2.63917881e-01  -8.54849201e-02
2889  2.63916751e-01  -1.13360946e-01
2890  2.63915622e-01  -1.41236972e-01
2891  2.63914492e-01  -1.69112997e-01
2892  2.63913362e-01  -1.96989023e-01
2893  2.63912233e-01  -2.24865048e-01
2894  2.63911103e-01  -2.52741074e-01
2895  2.63909974e-01  -2.80617099e-01
2896  2.63908844e-01  -3.08493125e-01
2897  2.63907714e-01  -3.36369150e-01
2898  2.63906585e-01  -3.64245176e-01
2899  2.63905455e-01  -3.92121201e-01
2900  2.63904326e-01  -4.19997227e-01
2901  2.63903196e-01  -4.47873252e-01
2902  2.63902066e-01  -4.75749278e-01
2903  2.63900937e-01  -5.03625303e-01
2904  2.63899807e-01  -5.31501329e-01
2905  2.63898678e-01  -5.59377355e-01
2906  2.63897548e-01  -5.87253380e-01
2907  2.63896418e-01  -6.15129406e-01
2908  2.63895289e-01  -6.43005431e-01
2909  2.63894159e-01  -6.70881457e-01
2910  2.63893030e-01  -6.98757482e-01
2911  2.63891900e-01  -7.26633508e-01
2912  2.63890770e-01  -7.54509533e-01
5217  -9.61645417e-01  -2.45418364e-03
5218  -9.60340765e-01  -2.90187204e-02
5219  -9.58575154e-01  -5.57540202e-02
5220  -9.55193033e-01  -8.20627551e-02
5221  -9.50343771e-01  -1.08222070e-01
5222  -9.44173594e-01  -1.34144281e-01
5223  -9.36730001e-01  -1.59709396e-01
5224  -9.27925311e-01  -1.84854460e-01
5225  -9.17923185e-01  -2.09590749e-01
5226  -9.06752862e-01  -2.33830192e-01
5227  -8.94442050e-01  -2.57559992e-01
5228  -8.81128524e-01  -2.80808387e-01
5229  -8.66921771e-01  -3.03537739e-01
5230  -8.51819611e-01  -3.25685973e-01
5231  -8.35862579e-01  -3.47268408e-01
5232  -8.19140780e-01  -3.68299992e-01
5233  -8.01698232e-01  -3.88761950e-01
5234  -7.83588317e-01  -4.08658775e-01
5235  -7.64829284e-01  -4.27990193e-01
5236  -7.45510791e-01  -4.46810858e-01
5237  -7.25687159e-01  -4.65099673e-01
5238  -7.01951284e-01  -4.85799184e-01
5239  -6.81379413e-01  -5.02857279e-01
5240  -6.60411430e-01  -5.19448414e-01
5241  -6.39067221e-01  -5.35554867e-01
5242  -6.17352986e-01  -5.51178023e-01
5243  -5.95298114e-01  -5.66339959e-01
5244  -5.72920614e-01  -5.81043495e-01
5245  -5.50234634e-01  -5.95315784e-01
5246  -5.27306853e-01  -6.09193181e-01
5247  -5.04112650e-01  -6.22605454e-01
5248  -4.80670930e-01  -6.35592901e-01
5249  -4.56992099e-01  -6.48125854e-01
5250  -4.33065254e-01  -6.60199216e-01
5251  -4.08933716e-01  -6.71841799e-01
5252  -3.84583620e-01  -6.82981235e-01
5253  -3.56442736e-01  -6.95178869e-01
5254  -3.32754537e-01  -7.04851463e-01
5255  -3.05295348e-01  -7.15414756e-01
5256  -2.79424938e-01  -7.24779410e-01
5257  -2.53377231e-01  -7.33610637e-01
5258  -2.27176503e-01  -7.41897881e-01
5259  -2.00804068e-01  -7.49554420e-01
5260  -1.74251054e-01  -7.56601371e-01
5261  -1.47569083e-01  -7.63050236e-01
5262  -1.20764585e-01  -7.68789768e-01
5263  -9.38051211e-02  -7.73789013e-01
5264  -6.67304645e-02  -7.78105899e-01
5265  -3.95700877e-02  -7.81662578e-01
5266  -1.23081064e-02  -7.84441381e-01
5267  1.50022554e-02  -7.86498810e-01
5268  4.23534800e-02  -7.87713915e-01
5269  6.97373270e-02  -7.88170366e-01
5270  9.71077711e-02  -7.87820314e-01
5271  1.24440438e-01  -7.86656171e-01
5272  1.51715786e-01  -7.84629241e-01
5273  1.78933773e-01  -7.81763280e-01
5274  2.06058727e-01  -7.78107514e-01
5275  2.33058241e-01  -7.73625766e-01
5276  2.66390265e-01  -7.66989513e-01
5277  2.86608750e-01  -7.62313708e-01
5278  3.17077815e-01  -7.54376658e-01
5279  3.43333072e-01  -7.46669077e-01
5280  3.69362677e-01  -7.38233155e-01
5281  3.95101451e-01  -7.29007873e-01
5282  4.20563427e-01  -7.18991798e-01
5283  4.45742406e-01  -7.08257992e-01
5284  4.70582044e-01  -6.96799725e-01
5285  4.95060553e-01  -6.84590422e-01
5286  5.19181163e-01  -6.71662815e-01
5287  5.42916198e-01  -6.58047758e-01
5288  5.66218383e-01  -6.43736780e-01
5289  5.89045001e-01  -6.28717452e-01
5290  6.11356417e-01  -6.12961019e-01
5291  6.33149537e-01  -5.96478122e-01
5292  6.54420881e-01  -5.79313107e-01
5293  6.75123180e-01  -5.61507669e-01
5294  6.99247338e-01  -5.39236465e-01
5295  7.18796963e-01  -5.19839595e-01
5296  7.37715118e-01  -4.99816389e-01
5297  7.55907110e-01  -4.79157741e-01
5298  7.73361115e-01  -4.57870093e-01
5299  7.90055862e-01  -4.36001906e-01
5300  8.05926776e-01  -4.13526022e-01
5301  8.21026964e-01  -3.90497407e-01
5302  8.35327742e-01  -3.66983423e-01
5303  8.48751057e-01  -3.42966071e-01
5304  8.61319220e-01  -3.18502295e-01
5305  8.72935111e-01  -2.93583666e-01
5306  8.83636962e-01  -2.68249065e-01
5307  8.93391780e-01  -2.42551369e-01
5308  9.02142236e-01  -2.16506485e-01
5309  9.09889234e-01  -1.90143599e-01
5310  9.16615390e-01  -1.63489280e-01
5311  9.22356090e-01  -1.36630594e-01
5312  9.26962209e-01  -1.09565801e-01
5313  9.30534471e-01  -8.22857639e-02
5314  9.33180870e-01  -5.50015809e-02
5315  9.34393225e-01  -2.73887816e-02
5316  9.35547279e-01  8.27114131e-08
5317  9.34385504e-01  2.75798338e-02
5318  9.33148525e-01  5.54064542e-02
5319  9.30557242e-01  8.29325103e-02
5320  9.27100415e-01  1.10427918e-01
5321  9.22553140e-01  1.37700120e-01
5322  9.16909661e-01  1.64794311e-01
5323  9.10285531e-01  1.91670053e-01
5324  9.02602427e-01  2.18253025e-01
5325  8.93925958e-01  2.44534907e-01
5326  8.84238193e-01  2.70473507e-01
5327  8.73617807e-01  2.96059087e-01
5328  8.62069872e-01  3.21231375e-01
5329  8.49598576e-01  3.45948206e-01
5330  8.36191557e-01  3.70177520e-01
5331  8.21908302e-01  3.93916248e-01
5332  8.06775771e-01  4.17127367e-01
5333  7.90828501e-01  4.39777735e-01
5334  7.74053308e-01  4.61820155e-01
5335  7.56496403e-01  4.83249695e-01
5336  7.38166914e-01  5.04013522e-01
5337  7.19070468e-01  5.24100528e-01
5338  6.99301885e-01  5.43526372e-01
5339  6.75224945e-01  5.65501757e-01
5340  6.54563278e-01  5.83036703e-01
5341  6.33328854e-01  5.99907305e-01
5342  6.11562418e-01  6.16051258e-01
5343  5.89242698e-01  6.31414776e-01
5344  5.66391085e-01  6.46032149e-01
5345  5.43086682e-01  6.59939493e-01
5346  5.19349687e-01  6.73090089e-01
5347  4.95202263e-01  6.85496016e-01
5348  4.70675020e-01  6.97168590e-01
5349  4.45811718e-01  7.08122408e-01
5350  4.20637410e-01  7.18336546e-01
5351  3.95178913e-01  7.27804042e-01
5352  3.69450857e-01  7.36492768e-01
5353  3.43454768e-01  7.44407118e-01
5354  3.17241594e-01  7.51595495e-01
5355  2.86827826e-01  7.58987304e-01
5356  2.66452278e-01  7.63370293e-01
5357  2.33375120e-01  7.69487865e-01
5358  2.06431507e-01  7.73665499e-01
5359  1.79385529e-01  7.77140934e-01
5360  1.52265750e-01  7.79908848e-01
5361  1.25087035e-01  7.81941477e-01
5362  9.78421639e-02  7.83241228e-01
5363  7.05820682e-02  7.83884007e-01
5364  4.33093408e-02  7.83759741e-01
5365  1.60259343e-02  7.82997263e-01
5366  -1.12292623e-02  7.81548490e-01
5367  -3.84568244e-02  7.79460414e-01
5368  -6.56194291e-02  7.76740720e-01
5369  -9.27182912e-02  7.73349432e-01
5370  -1.19742168e-01  7.69372546e-01
5371  -1.46634902e-01  7.64752268e-01
5372  -1.73416427e-01  7.59443166e-01
5373  -2.00103600e-01  7.53544758e-01
5374  -2.26651443e-01  7.47074314e-01
5375  -2.53049805e-01  7.40001440e-01
5376  -2.79307667e-01  7.32373640e-01
5377  -3.05388511e-01  7.24206772e-01
5378  -3.32515706e-01  7.15011408e-01
5379  -3.56948252e-01  7.06136917e-01
5380  -3.85287577e-01  6.95074721e-01
5381  -4.09827169e-01  6.84870658e-01
5382  -4.34117136e-01  6.74075892e-01
5383  -4.58181928e-01  6.62759544e-01
5384  -4.81983364e-01  6.50908373e-01
5385  -5.05524511e-01  6.38534093e-01
5386  -5.28788676e-01  6.25660086e-01
5387  -5.51740213e-01  6.12264597e-01
5388  -5.74366079e-01  5.98338083e-01
5389  -5.96653361e-01  5.83879302e-01
5390  -6.18586690e-01  5.68900552e-01
5391  -6.40124385e-01  5.53400781e-01
5392  -6.61231275e-01  5.37325608e-01
5393  -6.81932948e-01  5.20719945e-01
5394  -7.02178955e-01  5.03596044e-01
5395  -7.25536561e-01  4.82680916e-01
5396  -7.45596149e-01  4.63598642e-01
5397  -7.65064407e-01  4.43936233e-01
5398  -7.83875214e-01  4.23662385e-01
5399  -8.02028557e-01  4.02802550e-01
5400  -8.19471196e-01  3.81377083e-01
5401  -8.36144024e-01  3.59361270e-01
5402  -8.52031408e-01  3.36806330e-01
5403  -8.67009580e-01  3.13669841e-01
5404  -8.81096256e-01  2.89968153e-01
5405  -8.94278446e-01  2.65760442e-01
5406  -9.06480348e-01  2.41095267e-01
5407  -9.17565512e-01  2.15953744e-01
5408  -9.27505984e-01  1.90343623e-01
5409  -9.36289153e-01  1.64334779e-01
5410  -9.43806301e-01  1.37963166e-01
5411  -9.50028899e-01  1.11247111e-01
5412  -9.54996130e-01  8.43157315e-02
5413  -9.58456937e-01  5.72433110e-02
5414  -9.60310254e-01  2.98130102e-02
5415  -3.32518040e-01  7.01136564e-01
5416  -3.32522723e-01  6.73292946e-01
5417  -3.32527407e-01  6.45449329e-01
5418  -3.32532090e-01  6.17605711e-01
5419  -3.32536774e-01  5.89762094e-01
5420  -3.32541457e-01  5.61918476e-01
5421  -3.32546141e-01  5.34074858e-01
5422  -3.32550824e-01  5.06231241e-01
5423  -3.32555507e-01  4.78387623e-01
5424  -3.32560191e-01  4.50544006e-01
5425  -3.32564874e-01  4.22700388e-01
5426  -3.32569558e-01  3.94856770e-01
5427  -3.32574241e-01  3.67013153e-01
5428  -3.32578925e-01  3.39169535e-01
5429  -3.32583608e-01  3.11325918e-01
5430  -3.32588292e-01  2.83482300e-01
5431  -3.32592975e-01  2.55638682e-01
5432  -3.32597659e-01  2.27795065e-01
5433  -3.32602342e-01  1.99951447e-01
5434  -3.32607026e-01  1.72107830e-01
5435  -3.32611709e-01  1.44264212e-01
5436  -3.32616393e-01  1.16420594e-01
5437  -3.32621076e-01  8.85769772e-02
5438  -3.32625760e-01  6.07333596e-02
5439  -3.32630443e-01  3.28897420e-02
5440  -3.32635127e-01  5.04612436e-03
5441  -3.32639810e-01  -2.27974932e-02
5442  -3.32644494e-01  -5.06411108e-02
5443  -3.32649177e-01  -7.84847284e-02
5444  -3.32653861e-01  -1.06328346e-01
5445  -3.32658544e-01  -1.34171964e-01
5446  -3.32663228e-01  -1.62015581e-01
5447  -3.32667911e-01  -1.89859199e-01
5448  -3.32672595e-01  -2.17702817e-01
5449  -3.32677278e-01  -2.45546434e-01
5450  -3.32681962e-01  -2.73390052e-01
5451  -3.32686645e-01  -3.01233669e-01
5452  -3.32691329e-01  -3.29077287e-01
5453  -3.32696012e-01  -3.56920905e-01
5454  -3.32700696e-01  -3.84764522e-01
5455  -3.32705379e-01  -4.12608140e-01
5456  -3.32710063e-01  -4.40451757e-01
5457  -3.32714746e-01  -4.68295375e-01
5458  -3.32719430e-01  -4.96138993e-01
5459  -3.32724113e-01  -5.23982610e-01
5460  -3.32728797e-01  -5.51826228e-01
5461  -3.32733480e-01  -5.79669845e-01
5462  -3.32738164e-01  -6.07513463e-01
5463  -3.32742847e-01  -6.35357081e-01
5464  -3.32747531e-01  -6.63200698e-01
5465  -3.32752214e-01  -6.91044316e-01
5466  2.66451769e-01  7.50795744e-01
5467  2.66450639e-01  7.22919719e-01
5468  2.66449510e-01  6.95043693e-01
5469  2.66448380e-01  6.67167668e-01
5470  2.66447250e-01  6.39291642e-01
5471  2.66446121e-01  6.11415617e-01
5472  2.66444991e-01  5.83539591e-01
5473  2.66443862e-01  5.55663565e-01
5474  2.66442732e-01  5.27787540e-01
5475  2.66441602e-01  4.99911514e-01
5476  2.66440473e-01  4.72035489e-01
5477  2.66439343e-01  4.44159463e-01
5478  2.66438214e-01  4.16283438e-01
5479  2.66437084e-01  3.88407412e-01
5480  2.66435954e-01  3.60531387e-01
5481  2.66434825e-01  3.32655361e-01
5482  2.66433695e-01  3.04779336e-01
5483  2.66432566e-01  2.76903310e-01
5484  2.66431436e-01  2.49027285e-01
5485  2.66430306e-01  2.21151259e-01
5486  2.66429177e-01  1.93275234e-01
5487  2.66428047e-01  1.65399208e-01
5488  2.66426918e-01  1.37523183e-01
5489  2.66425788e-01  1.09647157e-01
5490  2.66424658e-01  8.17711317e-02
5491  2.66423529e-01  5.38951062e-02
5492  2.66422399e-01  2.60190807e-02
5493  2.66421270e-01  -1.85694485e-03
5494  2.66420140e-01  -2.97329705e-02
5495  2.66419010e-01  -5.76089959e-02
5496  2.66417881e-01  -8.54850214e-02
5497  2.66416751e-01  -1.13361047e-01
5498  2.66415622e-01  -1.41237073e-01
5499  2.66414492e-01  -1.69113098e-01
5500  2.66413362e-01  -1.96989124e-01
5501  2.66412233e-01  -2.24865149e-01
5502  2.66411103e-01  -2.52741175e-01
5503  2.66409974e-01  -2.80617200e-01
5504  2.66408844e-01  -3.08493226e-01
5505  2.66407714e-01  -3.36369251e-01
5506  2.66406585e-01  -3.64245277e-01
5507  2.66405455e-01  -3.92121302e-01
5508  2.66404326e-01  -4.19997328e-01
5509  2.66403196e-01  -4.47873353e-01
5510  2.66402066e-01  -4.75749379e-01
5511  2.66400937e-01  -5.03625404e-01
5512  2.66399807e-01  -5.31501430e-01
5513  2.66398678e-01  -5.59377456e-01
5514  2.66397548e-01  -5.87253481e-01
5515  2.66396418e-01  -6.15129507e-01
5516  2.66395289e-01  -6.43005532e-01
5517  2.66394159e-01  -6.70881558e-01
5518  2.66393030e-01  -6.98757583e-01
5519  2.66391900e-01  -7.26633609e-01
5520  2.66390770e-01  -7.54509634e-01
7825  -9.56374062e-01  -2.43388932e-03
7826  -9.55083509e-01  -2.87153772e-02
7827  -9.53333904e-01  -5.52440603e-02
7828  -9.49990597e-01  -8.12470253e-02
7829  -9.45191782e-01  -1.07132225e-01
7830  -9.39082579e-01  -1.32798058e-01
7831  -9.31715116e-01  -1.58102636e-01
7832  -9.22997830e-01  -1.82996858e-01
7833  -9.13089513e-01  -2.07501162e-01
7834  -9.02023033e-01  -2.31515140e-01
7835  -8.89818931e-01  -2.55038577e-01
7836  -8.76610065e-01  -2.78103892e-01
7837  -8.62512748e-01  -3.00658282e-01
7838  -8.47526215e-01  -3.22636793e-01
7839  -8.31683770e-01  -3.44063987e-01
7840  -8.15075429e-01  -3.64952802e-01
7841  -7.97746724e-01  -3.85281097e-01
7842  -7.79751024e-01  -4.05052401e-01
7843  -7.61101952e-01  -4.24270280e-01
7844  -7.41887713e-01  -4.42989332e-01
7845  -7.22170859e-01  -4.61179675e-01
7846  -6.98539784e-01  -4.81787648e-01
7847  -6.78064737e-01  -4.98765375e-01
7848  -6.57191434e-01  -5.15281594e-01
7849  -6.35943266e-01  -5.31315567e-01
7850  -6.14323428e-01  -5.46870758e-01
7851  -5.92360455e-01  -5.61969499e-01
7852  -5.70072494e-01  -5.76614165e-01
7853  -5.47469064e-01  -5.90834448e-01
7854  -5.24625291e-01  -6.04661075e-01
7855  -5.01518467e-01  -6.18022772e-01
7856  -4.78163082e-01  -6.30962409e-01
7857  -4.54574104e-01  -6.43447814e-01
7858  -4.30734896e-01  -6.55476909e-01
7859  -4.06694143e-01  -6.67075766e-01
7860  -3.82441043e-01  -6.78170817e-01
7861  -3.54021412e-01  -6.89419122e-01
7862  -3.30253573e-01  -6.99121714e-01
7863  -3.03112213e-01  -7.09560576e-01
7864  -2.77358446e-01  -7.18883046e-01
7865  -2.51431965e-01  -7.27673176e-01
7866  -2.25363279e-01  -7.35918774e-01
7867  -1.99131593e-01  -7.43534425e-01
7868  -1.72715725e-01  -7.50544947e-01
7869  -1.46180995e-01  -7.56958379e-01
7870  -1.19540766e-01  -7.62662797e-01
7871  -9.27435605e-02  -7.67631855e-01
7872  -6.58328967e-02  -7.71922706e-01
7873  -3.88475827e-02  -7.75456493e-01
7874  -1.17566158e-02  -7.78217768e-01
7875  1.53756168e-02  -7.80261976e-01
7876  4.25442300e-02  -7.81468828e-01
7877  6.97494190e-02  -7.81922378e-01
7878  9.69348384e-02  -7.81574708e-01
7879  1.24075927e-01  -7.80418812e-01
7880  1.51157096e-01  -7.78406270e-01
7881  1.78189295e-01  -7.75559793e-01
7882  2.05129788e-01  -7.71928956e-01
7883  2.31945202e-01  -7.67477706e-01
7884  2.68890545e-01  -7.60075426e-01
7885  2.85131168e-01  -7.56242938e-01
7886  3.15672301e-01  -7.49301691e-01
7887  3.41779505e-01  -7.41637458e-01
7888  3.67662310e-01  -7.33249230e-01
7889  3.93249019e-01  -7.24078446e-01
7890  4.18566842e-01  -7.14118975e-01
7891  4.43606727e-01  -7.03444507e-01
7892  4.68303683e-01  -6.92052112e-01
7893  4.92641305e-01  -6.79913030e-01
7894  5.16626979e-01  -6.67057720e-01
7895  5.40227823e-01  -6.53519690e-01
7896  5.63392816e-01  -6.39293029e-01
7897  5.86078454e-01  -6.24366550e-01
7898  6.08248845e-01  -6.08709696e-01
7899  6.29907350e-01  -5.92328546e-01
7900  6.51050036e-01  -5.75267348e-01
7901  6.71619668e-01  -5.57576237e-01
7902  6.95606247e-01  -5.35432098e-01
7903  7.15028110e-01  -5.16161756e-01
7904  7.33824583e-01  -4.96267517e-01
7905  7.51894347e-01  -4.75747684e-01
7906  7.69231540e-01  -4.54602469e-01
7907  7.85811469e-01  -4.32884875e-01
7908  8.01573472e-01  -4.10562999e-01
7909  8.16574834e-01  -3.87685061e-01
7910  8.30778965e-01  -3.64330241e-01
7911  8.44109941e-01  -3.40477941e-01
7912  8.56589883e-01  -3.16186237e-01
7913  8.68122389e-01  -2.91446271e-01
7914  8.78749030e-01  -2.66289760e-01
7915  8.88433337e-01  -2.40778067e-01
7916  8.97119232e-01  -2.14925288e-01
7917  9.04809138e-01  -1.88756739e-01
7918  9.11486708e-01  -1.62294550e-01
7919  9.17184425e-01  -1.35638302e-01
7920  9.21754878e-01  -1.08781929e-01
7921  9.25302298e-01  -8.16898416e-02
7922  9.27927885e-01  -5.46315780e-02
7923  9.29132112e-01  -2.71619733e-02
7924  9.30276608e-01  1.13085074e-07
7925  9.29124449e-01  2.73516798e-02
7926  9.27895119e-01  5.50424728e-02
7927  9.25322746e-01  8.23573553e-02
7928  9.21889801e-01  1.09666175e-01
7929  9.17377266e-01  1.36730027e-01
7930  9.11774643e-01  1.63627112e-01
7931  9.05198570e-01  1.90308589e-01
7932  8.97571794e-01  2.16696270e-01
7933  8.88958175e-01  2.42787942e-01
7934  8.79338994e-01  2.68542549e-01
7935  8.68792000e-01  2.93951402e-01
7936  8.57325158e-01  3.18946982e-01
7937  8.44943188e-01  3.43486882e-01
7938  8.31630875e-01  3.67544854e-01
7939  8.17445820e-01  3.91120357e-01
7940  8.02416509e-01  4.14173116e-01
7941  7.86579608e-01  4.36666841e-01
7942  7.69920670e-01  4.58556406e-01
7943  7.52485080e-01  4.79837945e-01
7944  7.34284037e-01  5.00456273e-01
7945  7.15316194e-01  5.20407808e-01
7946  6.95680824e-01  5.39702934e-01
7947  6.71745629e-01  5.61548896e-01
7948  6.51221216e-01  5.78967136e-01
7949  6.30122018e-01  5.95730349e-01
7950  6.08500511e-01  6.11766928e-01
7951  5.86330536e-01  6.27027286e-01
7952  5.63622643e-01  6.41552586e-01
7953  5.40461073e-01  6.55374744e-01
7954  5.16870166e-01  6.68444368e-01
7955  4.92867297e-01  6.80775985e-01
7956  4.68481777e-01  6.92381060e-01
7957  4.43760026e-01  7.03272530e-01
7958  4.18729533e-01  7.13428312e-01
7959  3.93418508e-01  7.22841006e-01
7960  3.67841344e-01  7.31478765e-01
7961  3.41991433e-01  7.39348521e-01
7962  3.15923319e-01  7.46497171e-01
7963  2.85662926e-01  7.53851764e-01
7964  2.68952001e-01  7.56511755e-01
7965  2.32336205e-01  7.63326846e-01
7966  2.05554606e-01  7.67479341e-01
7967  1.78670121e-01  7.70934027e-01
7968  1.51715528e-01  7.73685123e-01
7969  1.24705119e-01  7.75705161e-01
7970  9.76196538e-02  7.76997191e-01
7971  7.05226476e-02  7.77636289e-01
7972  4.34108206e-02  7.77512565e-01
7973  1.62790504e-02  7.76754392e-01
7974  -1.08245511e-02  7.75313611e-01
7975  -3.79066589e-02  7.73236683e-01
7976  -6.49202249e-02  7.70531967e-01
7977  -9.18754861e-02  7.67158537e-01
7978  -1.18758259e-01  7.63202503e-01
7979  -1.45498391e-01  7.58608503e-01
7980  -1.72134720e-01  7.53328043e-01
7981  -1.98689564e-01  7.47458873e-01
7982  -2.25103105e-01  7.41021203e-01
7983  -2.51369755e-01  7.33983555e-01
7984  -2.77502531e-01  7.26392086e-01
7985  -3.03453409e-01  7.18265991e-01
7986  -3.30016672e-01  7.09266636e-01
7987  -3.55093127e-01  7.01208503e-01
7988  -3.83319091e-01  6.90190479e-01
7989  -4.07746784e-01  6.80033018e-01
7990  -4.31927271e-01  6.69286816e-01
7991  -4.55887739e-01  6.58019560e-01
7992  -4.79584553e-01  6.46220467e-01
7993  -5.03024402e-01  6.33899418e-01
7994  -5.26186403e-01  6.21081993e-01
7995  -5.49032646e-01  6.07747979e-01
7996  -5.71552715e-01  5.93886595e-01
7997  -5.93735241e-01  5.79495772e-01
7998  -6.15563540e-01  5.64588787e-01
7999  -6.36990783e-01  5.49168608e-01
8000  -6.57988206e-01  5.33176721e-01
8001  -6.78584799e-01  5.16655384e-01
8002  -6.98721813e-01  4.99623774e-01
8003  -7.21964957e-01  4.78811238e-01
8004  -7.41909932e-01  4.59837982e-01
8005  -7.61262713e-01  4.40292351e-01
8006  -7.79958362e-01  4.20142580e-01
8007  -7.97999890e-01  3.99411297e-01
8008  -8.15329634e-01  3.78124665e-01
8009  -8.31891758e-01  3.56254988e-01
8010  -8.47667693e-01  3.33858663e-01
8011  -8.62535090e-01  3.10893207e-01
8012  -8.76519640e-01  2.87363285e-01
8013  -8.89605115e-01  2.63333360e-01
8014  -9.01709929e-01  2.38865051e-01
8015  -9.12700478e-01  2.13938255e-01
8016  -9.22555559e-01  1.88548061e-01
8017  -9.31260950e-01  1.62770191e-01
8018  -9.38708288e-01  1.36643691e-01
8019  -9.44873799e-01  1.10172077e-01
8020  -9.49793036e-01  8.35042067e-02
8021  -9.53215886e-01  5.67313148e-02
8022  -9.55052079e-01  2.95260483e-02
8023  -3.30018040e-01  7.01136144e-01
8024  -3.30022723e-01  6.73292526e-01
8025  -3.30027407e-01  6.45448909e-01
8026  -3.30032090e-01  6.17605291e-01
8027  -3.30036774e-01  5.89761674e-01
8028  -3.30041457e-01  5.61918056e-01
8029  -3.30046141e-01  5.34074438e-01
8030  -3.30050824e-01  5.06230821e-01
8031  -3.30055507e-01  4.78387203e-01
8032  -3.30060191e-01  4.50543586e-01
8033  -3.30064874e-01  4.22699968e-01
8034  -3.30069558e-01  3.94856350e-01
8035  -3.30074241e-01  3.67012733e-01
8036  -3.30078925e-01  3.39169115e-01
8037  -3.30083608e-01  3.11325498e-01
8038  -3.30088292e-01  2.83481880e-01
8039  -3.30092975e-01  2.55638262e-01
8040  -3.30097659e-01  2.27794645e-01
8041  -3.30102342e-01  1.99951027e-01
8042  -3.30107026e-01  1.72107410e-01
8043  -3.30111709e-01  1.44263792e-01
8044  -3.30116393e-01  1.16420174e-01
8045  -3.30121076e-01  8.85765567e-02
8046  -3.30125760e-01  6.07329391e-02
8047  -3.30130443e-01  3.28893215e-02
8048  -3.30135127e-01  5.04570385e-03
8049  -3.30139810e-01  -2.27979137e-02
8050  -3.30144494e-01  -5.06415313e-02
8051  -3.30149177e-01  -7.84851489e-02
8052  -3.30153861e-01  -1.06328766e-01
8053  -3.30158544e-01  -1.34172384e-01
8054  -3.30163228e-01  -1.62016001e-01
8055  -3.30167911e-01  -1.89859619e-01
8056  -3.30172595e-01  -2.17703237e-01
8057  -3.30177278e-01  -2.45546854e-01
8058  -3.30181962e-01  -2.73390472e-01
8059  -3.30186645e-01  -3.01234089e-01
8060  -3.30191329e-01  -3.29077707e-01
8061  -3.30196012e-01  -3.56921325e-01
8062  -3.30200696e-01  -3.84764942e-01
8063  -3.30205379e-01  -4.12608560e-01
8064  -3.30210063e-01  -4.40452177e-01
8065  -3.30214746e-01  -4.68295795e-01
8066  -3.30219430e-01  -4.96139413e-01
8067  -3.30224113e-01  -5.23983030e-01
8068  -3.30228797e-01  -5.51826648e-01
8069  -3.30233480e-01  -5.79670265e-01
8070  -3.30238164e-01  -6.07513883e-01
8071  -3.30242847e-01  -6.35357501e-01
8072  -3.30247531e-01  -6.63201118e-01
8073  -3.30252214e-01  -6.91044736e-01
8074  2.68951769e-01  7.50795643e-01
8075  2.68950639e-01  7.22919618e-01
8076  2.68949510e-01  6.95043592e-01
8077  2.68948380e-01  6.67167567e-01
8078  2.68947250e-01  6.39291541e-01
8079  2.68946121e-01  6.11415516e-01
8080  2.68944991e-01  5.83539490e-01
8081  2.68943862e-01  5.55663464e-01
8082  2.68942732e-01  5.27787439e-01
8083  2.68941602e-01  4.99911413e-01
8084  2.68940473e-01  4.72035388e-01
8085  2.68939343e-01  4.44159362e-01
8086  2.68938214e-01  4.16283337e-01
8087  2.68937084e-01  3.88407311e-01
8088  2.68935954e-01  3.60531286e-01
8089  2.68934825e-01  3.32655260e-01
8090  2.68933695e-01  3.04779235e-01
8091  2.68932566e-01  2.76903209e-01
8092  2.68931436e-01  2.49027184e-01
8093  2.68930306e-01  2.21151158e-01
8094  2.68929177e-01  1.93275133e-01
8095  2.68928047e-01  1.65399107e-01
8096  2.68926918e-01  1.37523082e-01
8097  2.68925788e-01  1.09647056e-01
8098  2.68924658e-01  8.17710304e-02
8099  2.68923529e-01  5.38950049e-02
8100  2.68922399e-01  2.60189794e-02
8101  2.68921270e-01  -1.85704614e-03
8102  2.68920140e-01  -2.97330718e-02
8103  2.68919010e-01  -5.76090972e-02
8104  2.68917881e-01  -8.54851227e-02
8105  2.68916751e-01  -1.13361148e-01
8106  2.68915622e-01  -1.41237174e-01
8107  2.68914492e-01  -1.69113199e-01
8108  2.68913362e-01  -1.96989225e-01
8109  2.68912233e-01  -2.24865250e-01
8110  2.68911103e-01  -2.52741276e-01
8111  2.68909974e-01  -2.80617301e-01
8112  2.68908844e-01  -3.08493327e-01
8113  2.68907714e-01  -3.36369352e-01
8114  2.68906585e-01  -3.64245378e-01
8115  2.68905455e-01  -3.92121403e-01
8116  2.68904326e-01  -4.19997429e-01
8117  2.68903196e-01  -4.47873454e-01
8118  2.68902066e-01  -4.75749480e-01
8119  2.68900937e-01  -5.03625505e-01
8120  2.68899807e-01  -5.31501531e-01
8121  2.68898678e-01  -5.59377557e-01
8122  2.68897548e-01  -5.87253582e-01
8123  2.68896418e-01  -6.15129608e-01
8124  2.68895289e-01  -6.43005633e-01
8125  2.68894159e-01  -6.70881659e-01
8126  2.68893030e-01  -6.98757684e-01
8127  2.68891900e-01  -7.26633710e-01
8128  2.68890770e-01  -7.54509735e-01
