%------------------------------%
%     AIRFOIL  5  DATASET      %
%------------------------------%

%  Synthesized data for airfoil DU 00-W-350 based on wind tunnel measurements and RFOIL-calculations					
%  Note that the airfoil tested has a trailing edge thickness of 1.4 % instead of the original 1 %					
%  Extended
%  Writing from here with Matlab. 26-Nov-2008 14:27:01.

% Airfoil NAME

     35            0             0                 0

% Percentage    Reyolds    Chordwise origin    Aileron deployment
% Thickness     Number     for pitch moments   angle

    35           3e+6            25                0

% Angle of   Lift            Drag              Pitch moment
% Attack     Coefficient     coefficient       coefficient
% (deg)



-1.80000e+002   +0.00000e+000   +4.07000e-002   +0.00000e+000
-1.70000e+002   +4.05000e-001   +1.05500e-001   +1.70200e-001
-1.60000e+002   +6.58000e-001   +2.98200e-001   +2.81900e-001
-1.50000e+002   +7.78000e-001   +5.30800e-001   +3.52000e-001
-1.40000e+002   +7.87000e-001   +7.67200e-001   +3.92600e-001
-1.30000e+002   +7.08000e-001   +9.81900e-001   +4.12100e-001
-1.20000e+002   +5.60000e-001   +1.15800e+000   +4.16700e-001
-1.10000e+002   +3.65000e-001   +1.28470e+000   +4.10400e-001
-1.00000e+002   +1.39000e-001   +1.35570e+000   +3.96100e-001
-9.00000e+001   -9.80000e-002   +1.36800e+000   +3.75900e-001
-8.00000e+001   -3.31000e-001   +1.32180e+000   +3.50800e-001
-7.00000e+001   -5.44000e-001   +1.21930e+000   +3.21600e-001
-6.00000e+001   -7.20000e-001   +1.06600e+000   +2.88400e-001
-5.00000e+001   -8.40000e-001   +8.70500e-001   +2.51200e-001
-4.90000e+001   -8.48461e-001   +8.49127e-001   +2.47264e-001
-4.80000e+001   -8.56239e-001   +8.27488e-001   +2.43287e-001
-4.70000e+001   -8.63286e-001   +8.05595e-001   +2.39269e-001
-4.60000e+001   -8.69556e-001   +7.83461e-001   +2.35207e-001
-4.50000e+001   -8.75000e-001   +7.61100e-001   +2.31100e-001
-4.40000e+001   -8.79578e-001   +7.38526e-001   +2.26948e-001
-4.30000e+001   -8.83275e-001   +7.15763e-001   +2.22750e-001
-4.20000e+001   -8.86084e-001   +6.92837e-001   +2.18509e-001
-4.10000e+001   -8.87995e-001   +6.69774e-001   +2.14225e-001
-4.00000e+001   -8.89000e-001   +6.46600e-001   +2.09900e-001
-3.90000e+001   -8.89090e-001   +6.23340e-001   +2.05533e-001
-3.80000e+001   -8.88251e-001   +6.00017e-001   +2.01123e-001
-3.70000e+001   -8.86467e-001   +5.76654e-001   +1.96666e-001
-3.60000e+001   -8.83722e-001   +5.53274e-001   +1.92160e-001
-3.50000e+001   -8.80000e-001   +5.29900e-001   +1.87600e-001
-3.40000e+001   -8.75284e-001   +5.06556e-001   +1.82986e-001
-3.30000e+001   -8.69552e-001   +4.83272e-001   +1.78322e-001
-3.20000e+001   -8.62776e-001   +4.60080e-001   +1.73616e-001
-3.10000e+001   -8.54934e-001   +4.37012e-001   +1.68873e-001
-3.00000e+001   -8.46000e-001   +4.14100e-001   +1.64100e-001
-2.90000e+001   -8.35948e-001   +3.91375e-001   +1.59301e-001
-2.80000e+001   -8.24751e-001   +3.68870e-001   +1.54465e-001
-2.70000e+001   -8.12379e-001   +3.46617e-001   +1.49579e-001
-2.60000e+001   -7.98805e-001   +3.24650e-001   +1.44628e-001
-2.50000e+001   -7.84000e-001   +3.03000e-001   +1.39600e-001
-2.40000e+001   -7.68000e-001   +2.81700e-001   +1.34500e-001
-2.30000e+001   -7.51000e-001   +2.60800e-001   +1.29400e-001
-2.20000e+001   -7.33000e-001   +2.40400e-001   +1.24300e-001
-2.10000e+001   -7.14000e-001   +2.20500e-001   +1.19100e-001
-2.00000e+001   -6.93000e-001   +2.01100e-001   +1.13900e-001
-1.90000e+001   -6.71000e-001   +1.82200e-001   +1.08600e-001
-1.80000e+001   -6.48000e-001   +1.64000e-001   +1.03200e-001
-1.70000e+001   -6.24000e-001   +1.46500e-001   +9.75000e-002
-1.60000e+001   -6.01000e-001   +1.30000e-001   +8.98000e-002
-1.50000e+001   -5.79000e-001   +1.14500e-001   +7.99000e-002
-1.40000e+001   -5.59000e-001   +1.00000e-001   +6.82000e-002
-1.30000e+001   -5.39000e-001   +8.67000e-002   +5.47000e-002
-1.20000e+001   -5.19000e-001   +7.44000e-002   +3.97000e-002
-1.10000e+001   -4.99000e-001   +6.33000e-002   +2.34000e-002
-1.00000e+001   -4.80000e-001   +5.34000e-002   +6.00000e-003
-9.00000e+000   -4.69291e-001   +4.48716e-002   -1.62756e-002
-8.00000e+000   -4.60764e-001   +3.76491e-002   -4.07100e-002
-7.00000e+000   -4.44292e-001   +3.15839e-002   -6.25608e-002
-6.00000e+000   -4.09747e-001   +2.65278e-002   -7.70850e-002
-5.00000e+000   -3.58103e-001   +2.23500e-002   -7.98776e-002
-4.00000e+000   -3.52604e-001   +1.80367e-002   -7.86351e-002
-3.50000e+000   -3.02503e-001   +1.32800e-002   -8.50877e-002
-3.00000e+000   -2.40000e-001   +2.40000e-002   -6.23000e-002
-2.50000e+000   -1.63000e-001   +1.88000e-002   -6.74000e-002
-2.00000e+000   -9.10000e-002   +1.60000e-002   -7.12000e-002
-1.50000e+000   -1.90000e-002   +1.37000e-002   -7.46000e-002
-1.00000e+000   +5.20000e-002   +1.18000e-002   -7.78000e-002
-5.00000e-001   +1.21000e-001   +1.04000e-002   -8.06000e-002
+0.00000e+000   +1.96000e-001   +9.40000e-003   -8.31000e-002
+5.00000e-001   +2.65000e-001   +9.60000e-003   -8.63000e-002
+1.00000e+000   +3.35000e-001   +9.80000e-003   -8.95000e-002
+1.50000e+000   +4.04000e-001   +9.90000e-003   -9.24000e-002
+2.00000e+000   +4.72000e-001   +1.00000e-002   -9.49000e-002
+2.50000e+000   +5.40000e-001   +1.02000e-002   -9.73000e-002
+3.00000e+000   +6.08000e-001   +1.03000e-002   -9.96000e-002
+3.50000e+000   +6.74000e-001   +1.04000e-002   -1.01600e-001
+4.00000e+000   +7.42000e-001   +1.05000e-002   -1.03700e-001
+5.00000e+000   +8.75000e-001   +1.08000e-002   -1.07600e-001
+6.00000e+000   +1.00700e+000   +1.10000e-002   -1.10900e-001
+7.00000e+000   +1.13400e+000   +1.15000e-002   -1.12700e-001
+8.00000e+000   +1.26000e+000   +1.20000e-002   -1.14400e-001
+9.00000e+000   +1.36800e+000   +1.33000e-002   -1.11200e-001
+1.00000e+001   +1.47500e+000   +1.56000e-002   -1.08600e-001
+1.10000e+001   +1.57000e+000   +1.94000e-002   -1.04400e-001
+1.20000e+001   +1.64200e+000   +2.69000e-002   -9.80000e-002
+1.30000e+001   +1.70000e+000   +3.98000e-002   -9.25000e-002
+1.40000e+001   +1.71200e+000   +6.14000e-002   -8.64000e-002
+1.50000e+001   +1.68920e+000   +9.76303e-002   -8.27873e-002
+1.60000e+001   +1.64900e+000   +1.37700e-001   -8.48000e-002
+1.70000e+001   +1.59800e+000   +1.81400e-001   -9.26000e-002
+1.80000e+001   +1.54900e+000   +2.31600e-001   -1.05200e-001
+1.90000e+001   +1.54400e+000   +2.71900e-001   -1.15800e-001
+2.00000e+001   +1.56500e+000   +3.08500e-001   -1.24800e-001
+2.10000e+001   +1.56500e+000   +3.44700e-001   -1.31700e-001
+2.20000e+001   +1.56300e+000   +3.82000e-001   -1.38500e-001
+2.30000e+001   +1.55800e+000   +4.20300e-001   -1.45200e-001
+2.40000e+001   +1.55200e+000   +4.59300e-001   -1.51800e-001
+2.50000e+001   +1.54600e+000   +4.98800e-001   -1.58300e-001
+2.60000e+001   +1.53900e+000   +5.38700e-001   -1.64700e-001
+2.70000e+001   +1.53244e+000   +5.78726e-001   -1.70935e-001
+2.80000e+001   +1.52700e+000   +6.18700e-001   -1.77000e-001
+2.90000e+001   +1.52316e+000   +6.58465e-001   -1.82899e-001
+3.00000e+001   +1.52200e+000   +6.97800e-001   -1.88600e-001
+3.10000e+001   +1.52429e+000   +7.36524e-001   -1.94083e-001
+3.20000e+001   +1.52900e+000   +7.74700e-001   -1.99400e-001
+3.30000e+001   +1.53468e+000   +8.12439e-001   -2.04612e-001
+3.40000e+001   +1.54009e+000   +8.49817e-001   -2.09742e-001
+3.50000e+001   +1.54400e+000   +8.86900e-001   -2.14800e-001
+3.60000e+001   +1.54546e+000   +9.23731e-001   -2.19797e-001
+3.70000e+001   +1.54445e+000   +9.60250e-001   -2.24735e-001
+3.80000e+001   +1.54122e+000   +9.96374e-001   -2.29614e-001
+3.90000e+001   +1.53599e+000   +1.03202e+000   -2.34436e-001
+4.00000e+001   +1.52900e+000   +1.06710e+000   -2.39200e-001
+4.10000e+001   +1.52044e+000   +1.10154e+000   -2.43908e-001
+4.20000e+001   +1.51037e+000   +1.13529e+000   -2.48561e-001
+4.30000e+001   +1.49876e+000   +1.16829e+000   -2.53159e-001
+4.40000e+001   +1.48564e+000   +1.20051e+000   -2.57705e-001
+4.50000e+001   +1.47100e+000   +1.23190e+000   -2.62200e-001
+4.60000e+001   +1.45485e+000   +1.26240e+000   -2.66644e-001
+4.70000e+001   +1.43723e+000   +1.29198e+000   -2.71038e-001
+4.80000e+001   +1.41819e+000   +1.32059e+000   -2.75379e-001
+4.90000e+001   +1.39776e+000   +1.34818e+000   -2.79667e-001
+5.00000e+001   +1.37600e+000   +1.37470e+000   -2.83900e-001
+6.00000e+001   +1.09700e+000   +1.57280e+000   -3.23600e-001
+7.00000e+001   +7.50000e-001   +1.63020e+000   -3.58600e-001
+8.00000e+001   +3.96000e-001   +1.54230e+000   -3.89200e-001
+9.00000e+001   +1.01000e-001   +1.40410e+000   -4.15100e-001
+1.00000e+002   -1.43000e-001   +1.39140e+000   -4.35700e-001
+1.10000e+002   -3.74000e-001   +1.31880e+000   -4.49800e-001
+1.20000e+002   -5.75000e-001   +1.18910e+000   -4.55300e-001
+1.30000e+002   -7.27000e-001   +1.00860e+000   -4.49200e-001
+1.40000e+002   -8.09000e-001   +7.88300e-001   -4.27000e-001
+1.50000e+002   -8.00000e-001   +5.45700e-001   -3.82100e-001
+1.60000e+002   -6.77000e-001   +3.06600e-001   -3.05400e-001
+1.70000e+002   -4.17000e-001   +1.08500e-001   -1.84200e-001
+1.80000e+002   +0.00000e+000   +4.07000e-002   +0.00000e+000
