1  3  0  11.1564
266  5  0  11.1559
531  4  0  11.155
796  5  0  11.1539
2  3  0  8.2887
267  5  0  8.2886
532  4  0  8.28849
797  5  0  8.28837
3  3  0  5.16169
268  5  0  5.16183
533  4  0  5.16199
798  5  0  5.16216
4  3  0  2.40114
269  5  0  2.40105
534  4  0  2.40094
799  5  0  2.40083
5  3  0  -0.608847
270  5  0  -0.608651
535  4  0  -0.608412
800  5  0  -0.608173
6  3  0  -3.04488
271  5  0  -3.04462
536  4  0  -3.0443
801  5  0  -3.04399
7  3  0  -4.38389
272  5  0  -4.38421
537  4  0  -4.3846
802  5  0  -4.38499
8  3  0  -7.0087
273  5  0  -7.00834
538  4  0  -7.0079
803  5  0  -7.00746
9  3  0  -8.08496
274  5  0  -8.08529
539  4  0  -8.08568
804  5  0  -8.08607
10  3  0  -10.596
275  5  0  -10.5959
540  1  0  4.71599
805  5  0  17.9889
11  3  0  -12.292
276  5  0  -12.292
541  1  0  -12.291
806  5  0  -12.29
12  3  0  -13.6394
277  5  0  -13.6395
542  1  0  -13.641
807  5  0  -13.6425
13  3  0  -15.4935
278  5  0  -15.4933
543  1  0  -15.4913
808  5  0  -15.4893
14  3  0  -16.5965
279  5  0  -16.5964
544  1  0  -16.5961
809  5  0  -16.5957
15  3  0  -17.5111
280  5  0  -17.5112
545  1  0  -17.5124
810  5  0  -17.5136
16  3  0  -18.9744
281  5  0  -18.9743
546  1  0  -18.9732
811  5  0  -18.9721
17  3  0  -19.9528
282  5  0  -19.9527
547  1  0  -19.9525
812  5  0  -19.9522
18  3  0  -20.7595
283  5  0  -20.7595
548  1  0  -20.7596
813  5  0  -20.7596
19  3  0  -21.5923
284  5  0  -21.5923
549  1  0  -21.5925
814  5  0  -21.5926
20  3  0  -22.4944
285  5  0  -22.4944
550  1  0  -22.4942
815  5  0  -22.494
21  3  0  -23.2659
286  5  0  -23.2658
551  1  0  -23.2656
816  5  0  -23.2653
22  3  0  -23.8218
287  5  0  -23.8218
552  1  0  -23.8218
817  5  0  -23.8218
23  3  0  -24.3343
288  5  0  -24.3343
553  1  0  -24.3342
818  5  0  -24.3341
24  3  0  -24.7313
289  5  0  -24.7313
554  1  0  -24.7313
819  5  0  -24.7314
25  3  0  -25.152
290  5  0  -25.152
555  1  0  -25.152
820  5  0  -25.152
26  3  0  -25.5317
291  5  0  -25.5317
556  1  0  -25.5317
821  5  0  -25.5316
27  3  0  -25.8873
292  5  0  -25.8873
557  1  0  -25.8873
822  5  0  -25.8873
28  3  0  -26.2252
293  5  0  -26.2252
558  1  0  -26.2251
823  5  0  -26.225
29  3  0  -26.3606
294  5  0  -26.3606
559  1  0  -26.3606
824  5  0  -26.3606
30  3  0  -26.421
295  5  0  -26.421
560  1  0  -26.4209
825  5  0  -26.4209
31  3  0  -26.4525
296  5  0  -26.4525
561  1  0  -26.4525
826  5  0  -26.4525
32  3  0  -26.4745
297  5  0  -26.4745
562  1  0  -26.4745
827  5  0  -26.4745
33  3  0  -26.5267
298  5  0  -26.5267
563  1  0  -26.5267
828  5  0  -26.5267
34  3  0  -26.459
299  5  0  -26.459
564  1  0  -26.459
829  5  0  -26.4591
35  3  0  -26.3711
300  5  0  -26.3711
565  1  0  -26.3711
830  5  0  -26.3712
36  3  0  -26.2183
301  5  0  -26.2184
566  1  0  -26.2185
831  5  0  -26.2187
37  3  0  -25.7918
302  5  0  -25.7917
567  1  0  -25.7917
832  5  0  -25.7916
38  3  0  -25.4756
303  5  0  -25.4756
568  1  0  -25.4756
833  5  0  -25.4756
39  3  0  -25.1735
304  5  0  -25.1735
569  1  0  -25.1736
834  5  0  -25.1738
40  3  0  -24.6667
305  5  0  -24.6667
570  1  0  -24.6667
835  5  0  -24.6667
41  3  0  -24.1603
306  5  0  -24.1603
571  1  0  -24.1604
836  5  0  -24.1604
42  3  0  -23.6168
307  5  0  -23.6168
572  1  0  -23.6172
837  5  0  -23.6176
43  3  0  -22.7649
308  5  0  -22.7649
573  1  0  -22.7649
838  5  0  -22.765
44  3  0  -21.8654
309  5  0  -21.8654
574  1  0  -21.8652
839  5  0  -21.865
45  3  0  -21.0918
310  5  0  -21.0918
575  1  0  -21.0918
840  5  0  -21.0919
46  3  0  -20.2954
311  5  0  -20.2954
576  1  0  -20.2964
841  5  0  -20.2974
47  3  0  -19.0132
312  5  0  -19.0132
577  1  0  -19.0127
842  5  0  -19.0122
48  3  0  -17.9518
313  5  0  -17.9518
578  1  0  -17.9515
843  5  0  -17.9512
49  3  0  -17.0558
314  5  0  -17.0558
579  1  0  -17.056
844  5  0  -17.0561
50  3  0  -16.0565
315  5  0  -16.0566
580  1  0  -16.0575
845  5  0  -16.0584
51  3  0  -14.6611
316  5  0  -14.661
581  1  0  -14.6606
846  5  0  -14.6601
52  3  0  -13.4481
317  5  0  -13.4481
582  1  0  -13.4478
847  5  0  -13.4474
53  3  0  -12.3845
318  5  0  -12.3845
583  1  0  -12.3848
848  5  0  -12.3851
54  3  0  -11.1909
319  5  0  -11.1909
584  1  0  -11.1923
849  5  0  -11.1936
55  3  0  -9.51225
320  5  0  -9.51221
585  1  0  -9.73791
850  5  0  -9.96728
56  3  0  -8.11176
321  5  0  -8.01249
586  6  0  -7.90031
851  5  0  -7.86103
57  3  0  -6.57348
322  5  0  -6.43245
587  6  0  -6.06647
852  5  0  -5.78043
58  3  0  -5.06066
323  5  0  -5.06061
588  6  0  -5.05993
853  5  0  -5.05924
59  3  0  -3.80812
324  5  0  -3.80812
589  6  0  -3.80806
854  5  0  -3.80799
60  3  0  -2.58289
325  5  0  -2.58289
590  6  0  -2.5829
855  5  0  -2.5829
61  3  0  -1.3553
326  5  0  -1.3553
591  6  0  -1.35527
856  5  0  -1.35524
62  3  0  -0.141884
327  5  0  -0.141948
592  6  0  -0.14287
857  5  0  -0.143812
63  3  0  1.43436
328  5  0  1.43447
593  6  0  1.43598
858  5  0  1.43752
64  3  0  2.34323
329  5  0  2.34319
594  6  0  2.34261
859  5  0  2.34202
65  3  0  3.55387
330  5  0  3.55387
595  6  0  3.55389
860  5  0  3.55391
66  3  0  4.75727
331  5  0  4.75727
596  6  0  4.75734
861  5  0  4.7574
67  3  0  5.92977
332  5  0  5.92979
597  6  0  5.92999
862  5  0  5.93019
68  3  0  7.01119
333  5  0  7.07662
598  6  0  7.17141
863  5  0  7.21165
69  3  0  7.98583
334  5  0  8.08069
599  6  0  8.50117
864  5  0  9.33148
70  3  0  9.43557
335  5  0  9.43558
600  1  0  9.71381
865  5  0  9.99714
71  3  0  10.7997
336  5  0  10.7997
601  1  0  10.8003
866  5  0  10.8009
72  3  0  11.9169
337  5  0  11.9169
602  1  0  11.9168
867  5  0  11.9168
73  3  0  13.0601
338  5  0  13.0601
603  1  0  13.0601
868  5  0  13.0602
74  3  0  14.177
339  5  0  14.1769
604  1  0  14.176
869  5  0  14.175
75  3  0  15.6875
340  5  0  15.6875
605  1  0  15.6878
870  5  0  15.6881
76  3  0  17.0915
341  5  0  17.0916
606  1  0  17.0919
871  5  0  17.0923
77  3  0  18.3552
342  5  0  18.3551
607  1  0  18.3544
872  5  0  18.3537
78  3  0  19.8955
343  5  0  19.8955
608  1  0  19.8958
873  5  0  19.8961
79  3  0  21.328
344  5  0  21.328
609  1  0  21.328
874  5  0  21.3281
80  3  0  22.7494
345  5  0  22.7492
610  1  0  22.7472
875  5  0  22.7451
81  3  0  24.8012
346  5  0  24.8012
611  1  0  24.8023
876  5  0  24.8033
82  3  0  26.5654
347  5  0  26.5654
612  1  0  26.5654
877  5  0  26.5653
83  3  0  28.3407
348  5  0  28.3406
613  1  0  28.3395
878  5  0  28.3383
84  3  0  30.4207
349  5  0  30.4207
614  1  0  30.4202
879  5  0  30.4198
85  3  0  32.6168
350  5  0  32.6168
615  1  0  14.1737
880  5  0  -1.2893
86  3  0  35.1391
351  5  0  35.1389
616  4  0  35.1388
881  5  0  35.1387
87  3  0  37.9989
352  5  0  37.9992
617  4  0  37.9995
882  5  0  37.9998
88  3  0  40.0306
353  5  0  40.0302
618  4  0  40.0297
883  5  0  40.0292
89  3  0  43.2349
354  5  0  43.2351
619  4  0  43.2353
884  5  0  43.2356
90  3  0  45.9365
355  5  0  45.9363
620  4  0  45.936
885  5  0  45.9358
91  3  0  49.2265
356  5  0  49.2263
621  4  0  49.226
886  5  0  49.2257
92  3  0  53.0491
357  5  0  53.0488
622  4  0  53.0484
887  5  0  53.048
93  3  0  57.4381
358  5  0  57.4381
623  4  0  57.4382
888  5  0  57.4383
94  3  0  61.6953
359  5  0  61.6951
624  4  0  61.6949
889  5  0  61.6946
95  3  0  66.2965
360  5  0  66.2955
625  4  0  66.2944
890  5  0  66.2933
96  3  0  72.2293
361  5  0  72.2297
626  4  0  72.2301
891  5  0  72.2305
97  3  0  77.7227
362  5  0  77.7238
627  4  0  77.7251
892  5  0  77.7265
98  3  0  81.4048
363  5  0  81.4042
628  4  0  81.4035
893  5  0  81.4028
99  3  0  86.1322
364  5  0  86.1298
629  4  0  86.1268
894  5  0  86.1237
100  3  0  93.8857
365  5  0  93.8897
630  4  0  93.8946
895  5  0  93.8996
101  3  0  97.3617
366  5  0  97.3614
631  4  0  97.3611
896  5  0  97.3607
102  3  0  99.4888
367  5  0  99.4876
632  4  0  99.4863
897  5  0  99.4849
103  3  0  104.128
368  5  0  104.127
633  4  0  104.127
898  5  0  104.126
104  3  0  109.75
369  5  0  109.75
634  4  0  109.751
899  5  0  109.752
105  3  0  114.47
370  5  0  114.471
635  4  0  114.472
900  5  0  114.472
106  3  0  118.292
371  5  0  118.291
636  4  0  118.291
901  5  0  118.291
107  3  0  122.593
372  5  0  122.593
637  4  0  122.594
902  5  0  122.594
108  3  0  126.118
373  5  0  126.118
638  4  0  126.118
903  5  0  126.118
109  3  0  129.61
374  5  0  129.61
639  4  0  129.61
904  5  0  129.61
110  3  0  133.202
375  5  0  133.202
640  4  0  133.202
905  5  0  133.203
111  3  0  136.437
376  5  0  136.437
641  4  0  136.437
906  5  0  136.437
112  3  0  139.422
377  5  0  139.422
642  4  0  139.422
907  5  0  139.422
113  3  0  142.324
378  5  0  142.324
643  4  0  142.324
908  5  0  142.324
114  3  0  145.307
379  5  0  145.307
644  4  0  145.307
909  5  0  145.307
115  3  0  147.986
380  5  0  147.986
645  1  0  166.682
910  5  0  -177.671
116  3  0  150.685
381  5  0  150.685
646  1  0  150.687
911  5  0  150.688
117  3  0  153.129
382  5  0  153.129
647  1  0  153.131
912  5  0  153.132
118  3  0  155.231
383  5  0  155.231
648  1  0  155.231
913  5  0  155.231
119  3  0  157.338
384  5  0  157.338
649  1  0  157.338
914  5  0  157.338
120  3  0  159.426
385  5  0  159.426
650  1  0  159.427
915  5  0  159.428
121  3  0  161.274
386  5  0  161.274
651  1  0  161.274
916  5  0  161.275
122  3  0  162.93
387  5  0  162.93
652  1  0  162.929
917  5  0  162.929
123  3  0  164.736
388  5  0  164.736
653  1  0  164.736
918  5  0  164.736
124  3  0  166.541
389  5  0  166.541
654  1  0  166.542
919  5  0  166.542
125  3  0  168.081
390  5  0  168.081
655  1  0  168.081
920  5  0  168.081
126  3  0  169.556
391  5  0  169.556
656  1  0  169.556
921  5  0  169.556
127  3  0  171.001
392  5  0  171.001
657  1  0  171.001
922  5  0  171.001
128  3  0  172.5
393  5  0  172.5
658  1  0  172.5
923  5  0  172.501
129  3  0  173.872
394  5  0  173.872
659  1  0  173.873
924  5  0  173.873
130  3  0  175.05
395  5  0  175.05
660  1  0  174.769
925  5  0  174.483
131  3  0  176.242
396  5  0  176.126
661  6  0  175.682
926  5  0  175.03
132  3  0  177.469
397  5  0  177.388
662  6  0  177.278
927  5  0  177.232
133  3  0  178.542
398  5  0  178.542
663  6  0  178.542
928  5  0  178.542
134  3  0  179.582
399  5  0  179.582
664  6  0  179.582
929  5  0  179.583
135  3  0  -179.399
400  5  0  -179.399
665  6  0  -179.399
930  5  0  -179.398
136  3  0  -178.525
401  5  0  -178.525
666  6  0  -178.525
931  5  0  -178.525
137  3  0  -177.55
402  5  0  -177.55
667  6  0  -177.55
932  5  0  -177.551
138  3  0  -176.468
403  5  0  -176.468
668  6  0  -176.468
933  5  0  -176.468
139  3  0  -175.534
404  5  0  -175.534
669  6  0  -175.534
934  5  0  -175.534
140  3  0  -174.707
405  5  0  -174.707
670  6  0  -174.707
935  5  0  -174.707
141  3  0  -173.985
406  5  0  -173.985
671  6  0  -173.985
936  5  0  -173.984
142  3  0  -173.338
407  5  0  -173.338
672  6  0  -173.338
937  5  0  -173.339
143  3  0  -172.647
408  5  0  -172.736
673  6  0  -172.963
938  5  0  -173.129
144  3  0  -171.668
409  5  0  -171.731
674  6  0  -171.801
939  5  0  -171.825
145  3  0  -170.915
410  5  0  -170.915
675  1  0  -170.688
940  5  0  -170.46
146  3  0  -170.203
411  5  0  -170.203
676  1  0  -170.203
941  5  0  -170.203
147  3  0  -169.68
412  5  0  -169.68
677  1  0  -169.68
942  5  0  -169.68
148  3  0  -169.111
413  5  0  -169.111
678  1  0  -169.112
943  5  0  -169.112
149  3  0  -168.264
414  5  0  -168.264
679  1  0  -168.264
944  5  0  -168.263
150  3  0  -167.665
415  5  0  -167.665
680  1  0  -167.665
945  5  0  -167.665
151  3  0  -167.214
416  5  0  -167.214
681  1  0  -167.214
946  5  0  -167.214
152  3  0  -166.799
417  5  0  -166.799
682  1  0  -166.799
947  5  0  -166.799
153  3  0  -166.329
418  5  0  -166.329
683  1  0  -166.329
948  5  0  -166.329
154  3  0  -165.657
419  5  0  -165.656
684  1  0  -165.656
949  5  0  -165.656
155  3  0  -165.355
420  5  0  -165.355
685  1  0  -165.355
950  5  0  -165.355
156  3  0  -165.063
421  5  0  -165.063
686  1  0  -165.063
951  5  0  -165.063
157  3  0  -164.747
422  5  0  -164.747
687  1  0  -164.747
952  5  0  -164.747
158  3  0  -164.132
423  5  0  -164.131
688  1  0  -164.131
953  5  0  -164.131
159  3  0  -163.88
424  5  0  -163.88
689  1  0  -163.88
954  5  0  -163.88
160  3  0  -163.612
425  5  0  -163.612
690  1  0  -163.612
955  5  0  -163.612
161  3  0  -163.294
426  5  0  -163.294
691  1  0  -163.294
956  5  0  -163.294
162  3  0  -163.031
427  5  0  -163.031
692  1  0  -163.031
957  5  0  -163.031
163  3  0  -162.896
428  5  0  -162.896
693  1  0  -162.896
958  5  0  -162.896
164  3  0  -162.769
429  5  0  -162.769
694  1  0  -162.769
959  5  0  -162.769
165  3  0  -162.641
430  5  0  -162.641
695  1  0  -162.641
960  5  0  -162.641
166  3  0  -162.495
431  5  0  -162.495
696  1  0  -162.495
961  5  0  -162.495
167  3  0  -162.198
432  5  0  -162.198
697  1  0  -162.197
962  5  0  -162.197
168  3  0  -162.064
433  5  0  -162.064
698  1  0  -162.064
963  5  0  -162.064
169  3  0  -162.001
434  5  0  -162.001
699  1  0  -162.001
964  5  0  -162.001
170  3  0  -161.816
435  5  0  -161.816
700  1  0  -161.816
965  5  0  -161.816
171  3  0  -161.777
436  5  0  -161.777
701  1  0  -161.777
966  5  0  -161.777
172  3  0  -161.664
437  5  0  -161.664
702  1  0  -161.664
967  5  0  -161.664
173  3  0  -161.61
438  5  0  -161.61
703  1  0  -161.61
968  5  0  -161.61
174  3  0  -161.58
439  5  0  -161.58
704  1  0  -161.58
969  5  0  -161.58
175  3  0  -161.492
440  5  0  -161.492
705  1  0  -161.492
970  5  0  -161.492
176  3  0  -161.464
441  5  0  -161.464
706  1  0  -161.464
971  5  0  -161.464
177  3  0  -161.566
442  5  0  -161.566
707  1  0  -161.566
972  5  0  -161.566
178  3  0  -161.578
443  5  0  -161.578
708  1  0  -161.578
973  5  0  -161.578
179  3  0  -161.52
444  5  0  -161.52
709  1  0  -161.52
974  5  0  -161.52
180  3  0  -161.442
445  5  0  -161.442
710  1  0  -161.442
975  5  0  -161.442
181  3  0  -161.416
446  5  0  -161.416
711  1  0  -161.416
976  5  0  -161.416
182  3  0  -161.476
447  5  0  -161.476
712  1  0  -161.476
977  5  0  -161.476
183  3  0  -161.552
448  5  0  -161.552
713  1  0  -161.552
978  5  0  -161.552
184  3  0  -161.612
449  5  0  -161.612
714  1  0  -161.612
979  5  0  -161.612
185  3  0  -161.776
450  5  0  -161.776
715  1  0  -161.776
980  5  0  -161.776
186  3  0  -161.844
451  5  0  -161.844
716  1  0  -161.844
981  5  0  -161.844
187  3  0  -162.026
452  5  0  -162.026
717  1  0  -162.026
982  5  0  -162.026
188  3  0  -162.18
453  5  0  -162.18
718  1  0  -162.18
983  5  0  -162.18
189  3  0  -162.206
454  5  0  -162.206
719  1  0  -177.537
984  5  0  169.06
190  3  0  -162.243
455  5  0  -162.243
720  4  0  -162.243
985  5  0  -162.243
191  3  0  -162.485
456  5  0  -162.485
721  4  0  -162.485
986  5  0  -162.485
192  3  0  -162.785
457  5  0  -162.785
722  4  0  -162.785
987  5  0  -162.785
193  3  0  -162.861
458  5  0  -162.861
723  4  0  -162.861
988  5  0  -162.861
194  3  0  -162.831
459  5  0  -162.831
724  4  0  -162.831
989  5  0  -162.831
195  3  0  -162.794
460  5  0  -162.794
725  4  0  -162.794
990  5  0  -162.794
196  3  0  -162.807
461  5  0  -162.807
726  4  0  -162.807
991  5  0  -162.807
197  3  0  -162.834
462  5  0  -162.834
727  4  0  -162.834
992  5  0  -162.834
198  3  0  -162.897
463  5  0  -162.98
728  4  0  -163.083
993  5  0  -163.189
199  3  0  -127.88
464  5  0  -127.823
729  4  0  -127.742
994  5  0  -127.647
200  2  0  -89.998
465  1  0  -89.998
730  1  0  -89.998
995  2  0  -89.998
201  2  0  -89.998
466  1  0  -89.998
731  1  0  -89.998
996  2  0  -89.998
202  2  0  -89.998
467  1  0  -89.998
732  1  0  -89.998
997  2  0  -89.998
203  2  0  -89.998
468  1  0  -89.998
733  1  0  -89.998
998  2  0  -89.998
204  2  0  -89.998
469  1  0  -89.998
734  1  0  -89.998
999  2  0  -89.998
205  2  0  -89.998
470  1  0  -89.998
735  1  0  -89.998
1000  2  0  -89.998
206  2  0  -89.998
471  1  0  -89.998
736  1  0  -89.998
1001  2  0  -89.998
207  2  0  -89.998
472  1  0  -89.998
737  1  0  -89.998
1002  2  0  -89.998
208  2  0  -89.998
473  1  0  -89.998
738  1  0  -89.998
1003  2  0  -89.998
209  2  0  -89.998
474  1  0  -89.998
739  1  0  -89.998
1004  2  0  -89.998
210  2  0  -89.998
475  1  0  -89.998
740  1  0  -89.998
1005  2  0  -89.998
211  2  0  -89.998
476  1  0  -89.998
741  1  0  -89.998
1006  2  0  -89.998
212  2  0  -89.998
477  1  0  -89.998
742  1  0  -89.998
1007  2  0  -89.998
213  2  0  -89.998
478  1  0  -89.998
743  1  0  -89.998
1008  2  0  -89.998
214  2  0  -89.998
479  1  0  -89.998
744  1  0  -89.998
1009  2  0  -89.998
215  2  0  -89.998
480  1  0  -89.998
745  1  0  -89.998
1010  2  0  -89.998
216  2  0  -89.998
481  1  0  -89.998
746  1  0  -89.998
1011  2  0  -89.998
217  2  0  -89.998
482  1  0  -89.998
747  1  0  -89.998
1012  2  0  -89.998
218  2  0  -89.998
483  1  0  -89.998
748  1  0  -89.998
1013  2  0  -89.998
219  2  0  -89.998
484  1  0  -89.998
749  1  0  -89.998
1014  2  0  -89.998
220  2  0  -89.998
485  1  0  -89.998
750  1  0  -89.998
1015  2  0  -89.998
221  2  0  -89.998
486  1  0  -89.998
751  1  0  -89.998
1016  2  0  -89.998
222  2  0  -89.998
487  1  0  -89.998
752  1  0  -89.998
1017  2  0  -89.998
223  2  0  -89.998
488  1  0  -89.998
753  1  0  -89.998
1018  2  0  -89.998
224  2  0  -89.998
489  1  0  -89.998
754  1  0  -89.998
1019  2  0  -89.998
225  2  0  -89.998
490  1  0  -89.998
755  1  0  -89.998
1020  2  0  -89.998
226  2  0  -89.998
491  1  0  -89.998
756  1  0  -89.998
1021  2  0  -89.998
227  2  0  -89.998
492  1  0  -89.998
757  1  0  -89.998
1022  2  0  -89.998
228  2  0  -89.998
493  1  0  -89.998
758  1  0  -89.998
1023  2  0  -89.998
229  2  0  -89.998
494  1  0  -89.998
759  1  0  -89.998
1024  2  0  -89.998
230  2  0  -89.998
495  1  0  -89.998
760  1  0  -89.998
1025  2  0  -89.998
231  2  0  -89.998
496  1  0  -89.998
761  1  0  -89.998
1026  2  0  -89.998
232  2  0  -89.998
497  1  0  -89.998
762  1  0  -89.998
1027  2  0  -89.998
233  2  0  -89.9879
498  1  0  -89.9879
763  1  0  -89.9879
1028  2  0  -89.9879
234  2  0  -89.9879
499  1  0  -89.9879
764  1  0  -89.9879
1029  2  0  -89.9879
235  2  0  -89.9879
500  1  0  -89.9879
765  1  0  -89.9879
1030  2  0  -89.9879
236  2  0  -89.9879
501  1  0  -89.9879
766  1  0  -89.9879
1031  2  0  -89.9879
237  2  0  -89.9879
502  1  0  -89.9879
767  1  0  -89.9879
1032  2  0  -89.9879
238  2  0  -89.9879
503  1  0  -89.9879
768  1  0  -89.9879
1033  2  0  -89.9879
239  2  0  -89.9879
504  1  0  -89.9879
769  1  0  -89.9879
1034  2  0  -89.9879
240  2  0  -89.9879
505  1  0  -89.9879
770  1  0  -89.9879
1035  2  0  -89.9879
241  2  0  -89.9879
506  1  0  -89.9879
771  1  0  -89.9879
1036  2  0  -89.9879
242  2  0  -89.9879
507  1  0  -89.9879
772  1  0  -89.9879
1037  2  0  -89.9879
243  2  0  -89.9879
508  1  0  -89.9879
773  1  0  -89.9879
1038  2  0  -89.9879
244  2  0  -89.9879
509  1  0  -89.9879
774  1  0  -89.9879
1039  2  0  -89.9879
245  2  0  -89.9879
510  1  0  -89.9879
775  1  0  -89.9879
1040  2  0  -89.9879
246  2  0  -89.9879
511  1  0  -89.9879
776  1  0  -89.9879
1041  2  0  -89.9879
247  2  0  -89.9879
512  1  0  -89.9879
777  1  0  -89.9879
1042  2  0  -89.9879
248  2  0  -89.9879
513  1  0  -89.9879
778  1  0  -89.9879
1043  2  0  -89.9879
249  2  0  -89.9879
514  1  0  -89.9879
779  1  0  -89.9879
1044  2  0  -89.9879
250  2  0  -89.9879
515  1  0  -89.9879
780  1  0  -89.9879
1045  2  0  -89.9879
251  2  0  -89.9879
516  1  0  -89.9879
781  1  0  -89.9879
1046  2  0  -89.9879
252  2  0  -89.9879
517  1  0  -89.9879
782  1  0  -89.9879
1047  2  0  -89.9879
253  2  0  -89.9879
518  1  0  -89.9879
783  1  0  -89.9879
1048  2  0  -89.9879
254  2  0  -89.9879
519  1  0  -89.9879
784  1  0  -89.9879
1049  2  0  -89.9879
255  2  0  -89.9879
520  1  0  -89.9879
785  1  0  -89.9879
1050  2  0  -89.9879
256  2  0  -89.9879
521  1  0  -89.9879
786  1  0  -89.9879
1051  2  0  -89.9879
257  2  0  -89.9879
522  1  0  -89.9879
787  1  0  -89.9879
1052  2  0  -89.9879
258  2  0  -89.9879
523  1  0  -89.9879
788  1  0  -89.9879
1053  2  0  -89.9879
259  2  0  -89.9879
524  1  0  -89.9879
789  1  0  -89.9879
1054  2  0  -89.9879
260  2  0  -89.9879
525  1  0  -89.9879
790  1  0  -89.9879
1055  2  0  -89.9879
261  2  0  -89.9879
526  1  0  -89.9879
791  1  0  -89.9879
1056  2  0  -89.9879
262  2  0  -89.9879
527  1  0  -89.9879
792  1  0  -89.9879
1057  2  0  -89.9879
263  2  0  -89.9879
528  1  0  -89.9879
793  1  0  -89.9879
1058  2  0  -89.9879
264  2  0  -89.9879
529  1  0  -89.9879
794  1  0  -89.9879
1059  2  0  -89.9879
265  2  0  -89.9879
530  1  0  -89.9879
795  1  0  -89.9879
1060  2  0  -89.9879
