1  -1.16390000e+00  -2.53261710e-03
2  -1.14654867e+00  -1.65288216e-03
3  -1.12918297e+00  -1.14291568e-03
4  -1.11181036e+00  -9.64130706e-04
5  -1.09443721e+00  -1.07319286e-03
6  -1.07706724e+00  -1.42702402e-03
7  -1.05970389e+00  -2.02408309e-03
8  -1.04234820e+00  -2.81318185e-03
9  -1.02500404e+00  -3.82275796e-03
10  -1.00767157e+00  -5.01842629e-03
11  -9.90352551e-01  -6.39513843e-03
12  -9.73050139e-01  -7.96703013e-03
13  -9.55762500e-01  -9.69358236e-03
14  -9.32600502e-01  -1.22084430e-02
15  -9.15592583e-01  -1.42131457e-02
16  -8.98601746e-01  -1.63578384e-02
17  -8.81623255e-01  -1.85983529e-02
18  -8.64658535e-01  -2.09406403e-02
19  -8.47708718e-01  -2.33884292e-02
20  -8.30770573e-01  -2.59159890e-02
21  -8.13844811e-01  -2.85247555e-02
22  -7.96933908e-01  -3.12285331e-02
23  -7.80034976e-01  -3.40063878e-02
24  -7.63140689e-01  -3.68123532e-02
25  -7.46256515e-01  -3.96784826e-02
26  -7.29381689e-01  -4.25990699e-02
27  -7.12511529e-01  -4.55466352e-02
28  -6.95643630e-01  -4.85071016e-02
29  -6.78780098e-01  -5.14923467e-02
30  -6.61924322e-01  -5.45210776e-02
31  -6.45067014e-01  -5.75412580e-02
32  -6.28206812e-01  -6.05452552e-02
33  -6.11343763e-01  -6.35332393e-02
34  -5.94478661e-01  -6.65096122e-02
35  -5.77609188e-01  -6.94610689e-02
36  -5.60734606e-01  -7.23831544e-02
37  -5.43853448e-01  -7.52670654e-02
38  -5.26967312e-01  -7.81216871e-02
39  -5.10073014e-01  -8.09273246e-02
40  -4.93170132e-01  -8.36808919e-02
41  -4.76255421e-01  -8.63609957e-02
42  -4.59329557e-01  -8.89696294e-02
43  -4.42395768e-01  -9.15262342e-02
44  -4.25453123e-01  -9.40234053e-02
45  -4.08493295e-01  -9.64013195e-02
46  -3.91522705e-01  -9.87007352e-02
47  -3.74543335e-01  -1.00934372e-01
48  -3.57552829e-01  -1.03082188e-01
49  -3.40549795e-01  -1.05128022e-01
50  -3.17400000e-01  -1.07789565e-01
51  -3.00245880e-01  -1.09634467e-01
52  -2.83079198e-01  -1.11360486e-01
53  -2.65900609e-01  -1.12963969e-01
54  -2.48711405e-01  -1.14447754e-01
55  -2.31514012e-01  -1.15834216e-01
56  -2.14308578e-01  -1.17117896e-01
57  -1.97091903e-01  -1.18240205e-01
58  -1.79868576e-01  -1.19253896e-01
59  -1.62639176e-01  -1.20159135e-01
60  -1.45402217e-01  -1.20909058e-01
61  -1.28160814e-01  -1.21547621e-01
62  -1.10915546e-01  -1.22066201e-01
63  -9.36669658e-02  -1.22466566e-01
64  -7.64162153e-02  -1.22761202e-01
65  -5.91635332e-02  -1.22897124e-01
66  -4.19104061e-02  -1.22927214e-01
67  -2.46573549e-02  -1.22858889e-01
68  -7.40490434e-03  -1.22691310e-01
69  9.84504331e-03  -1.22354303e-01
70  2.70911749e-02  -1.21863638e-01
71  4.43333728e-02  -1.21249115e-01
72  6.15708290e-02  -1.20513986e-01
73  7.88013517e-02  -1.19629092e-01
74  9.60244491e-02  -1.18609429e-01
75  1.13236658e-01  -1.17421309e-01
76  1.30437292e-01  -1.16077207e-01
77  1.47625898e-01  -1.14586650e-01
78  1.64800000e-01  -1.12937882e-01
79  1.84089649e-01  -1.10867897e-01
80  2.02124695e-01  -1.08735843e-01
81  2.20134736e-01  -1.06403064e-01
82  2.38112621e-01  -1.03833828e-01
83  2.56058069e-01  -1.01046711e-01
84  2.73967088e-01  -9.80350471e-02
85  2.93062500e-01  -9.45226112e-02
86  3.09677126e-01  -9.12081020e-02
87  3.26241522e-01  -8.76512076e-02
88  3.42743852e-01  -8.38162302e-02
89  3.59169329e-01  -7.96649701e-02
90  3.75507354e-01  -7.51831511e-02
91  3.91744160e-01  -7.03470948e-02
92  4.07841205e-01  -6.50656838e-02
93  4.23761729e-01  -5.92743278e-02
94  4.39438634e-01  -5.28556415e-02
95  4.54747293e-01  -4.56051562e-02
96  4.69539695e-01  -3.73566493e-02
97  4.83440948e-01  -2.76919002e-02
98  4.95313539e-01  -1.56786239e-02
99  5.01200000e-01  0.00000000e+00
100  4.96890458e-01  1.64749010e-02
101  4.87298864e-01  3.06044628e-02
102  4.75347152e-01  4.28453859e-02
103  4.62133703e-01  5.37240229e-02
104  4.48188507e-01  6.36531621e-02
105  4.33777938e-01  7.28957789e-02
106  4.18991021e-01  8.15239538e-02
107  4.03903841e-01  8.96168841e-02
108  3.88549969e-01  9.71922194e-02
109  3.73014821e-01  1.04389123e-01
110  3.57306258e-01  1.11198551e-01
111  3.41425014e-01  1.17596332e-01
112  3.25414880e-01  1.23664390e-01
113  3.09290482e-01  1.29421406e-01
114  2.93062500e-01  1.34879744e-01
115  2.74111612e-01  1.40861849e-01
116  2.56293500e-01  1.46115390e-01
117  2.38390252e-01  1.51072258e-01
118  2.20407311e-01  1.55730757e-01
119  2.02350169e-01  1.60093527e-01
120  1.84219437e-01  1.64138220e-01
121  1.64800000e-01  1.68179551e-01
122  1.47794818e-01  1.71438917e-01
123  1.30749764e-01  1.74485016e-01
124  1.13672058e-01  1.77340045e-01
125  9.65532522e-02  1.79940166e-01
126  7.94040685e-02  1.82332505e-01
127  6.22243986e-02  1.84494212e-01
128  4.50209209e-02  1.86456249e-01
129  2.77958499e-02  1.88216994e-01
130  1.05507413e-02  1.89771594e-01
131  -6.71217192e-03  1.91117185e-01
132  -2.39941261e-02  1.92190724e-01
133  -4.12851278e-02  1.93102448e-01
134  -5.85847598e-02  1.93827609e-01
135  -7.58920763e-02  1.94350271e-01
136  -9.32044747e-02  1.94665386e-01
137  -1.10519339e-01  1.94737099e-01
138  -1.27832638e-01  1.94548756e-01
139  -1.45141246e-01  1.94080200e-01
140  -1.62438503e-01  1.93290877e-01
141  -1.79720163e-01  1.92218342e-01
142  -1.96988959e-01  1.90955666e-01
143  -2.14244061e-01  1.89514529e-01
144  -2.31478802e-01  1.87846713e-01
145  -2.48694784e-01  1.85997272e-01
146  -2.65896816e-01  1.84021335e-01
147  -2.83084921e-01  1.81926700e-01
148  -3.00249734e-01  1.79649520e-01
149  -3.17400000e-01  1.77265870e-01
150  -3.40618651e-01  1.73852701e-01
151  -3.57684444e-01  1.71218813e-01
152  -3.74735264e-01  1.68489364e-01
153  -3.91772307e-01  1.65675575e-01
154  -4.08798878e-01  1.62799073e-01
155  -4.25813563e-01  1.59852761e-01
156  -4.42813829e-01  1.56824429e-01
157  -4.59805875e-01  1.53750324e-01
158  -4.76789097e-01  1.50627887e-01
159  -4.93756797e-01  1.47422031e-01
160  -5.10710603e-01  1.44143589e-01
161  -5.27658057e-01  1.40832426e-01
162  -5.44600241e-01  1.37494355e-01
163  -5.61531246e-01  1.34100031e-01
164  -5.78458327e-01  1.30686200e-01
165  -5.95376057e-01  1.27226578e-01
166  -6.12281826e-01  1.23708716e-01
167  -6.29188600e-01  1.20195686e-01
168  -6.46081920e-01  1.16618624e-01
169  -6.62972891e-01  1.13030400e-01
170  -6.79864896e-01  1.09447041e-01
171  -6.96748130e-01  1.05822570e-01
172  -7.13620776e-01  1.02149154e-01
173  -7.30497198e-01  9.84931261e-02
174  -7.47371519e-01  9.48274984e-02
175  -7.64237592e-01  9.11239931e-02
176  -7.81101726e-01  8.74116727e-02
177  -7.97958746e-01  8.36671848e-02
178  -8.14818320e-01  7.99342139e-02
179  -8.31677421e-01  7.61990969e-02
180  -8.48532213e-01  7.24446125e-02
181  -8.65381326e-01  6.86647156e-02
182  -8.82226674e-01  6.48680548e-02
183  -8.99074839e-01  6.10840010e-02
184  -9.15929333e-01  5.73281863e-02
185  -9.32776200e-01  5.35382694e-02
186  -9.55762500e-01  4.83831711e-02
187  -9.73097819e-01  4.45192727e-02
188  -9.90434775e-01  4.06627244e-02
189  -1.00777255e+00  3.68098810e-02
190  -1.02510720e+00  3.29429933e-02
191  -1.04245086e+00  2.91167582e-02
192  -1.05979316e+00  2.52842971e-02
193  -1.07713566e+00  2.14527971e-02
194  -1.09448588e+00  1.76563676e-02
195  -1.11184338e+00  1.38933609e-02
196  -1.12920073e+00  1.01296682e-02
197  -1.14656134e+00  6.38145106e-03
198  -3.00249493e-01  1.61569271e-01
199  -3.00249252e-01  1.43489022e-01
200  -3.00249011e-01  1.25408773e-01
201  -3.00248770e-01  1.07328523e-01
202  -3.00248529e-01  8.92482742e-02
203  -3.00248288e-01  7.11680250e-02
204  -3.00248048e-01  5.30877758e-02
205  -3.00247807e-01  3.50075266e-02
206  -3.00247566e-01  1.69272774e-02
207  -3.00247325e-01  -1.15297180e-03
208  -3.00247084e-01  -1.92332210e-02
209  -3.00246843e-01  -3.73134702e-02
210  -3.00246602e-01  -5.53937194e-02
211  -3.00246361e-01  -7.34739686e-02
212  -3.00246120e-01  -9.15542178e-02
213  1.47784260e-01  1.53562319e-01
214  1.47773703e-01  1.35685721e-01
215  1.47763145e-01  1.17809123e-01
216  1.47752588e-01  9.99325249e-02
217  1.47742030e-01  8.20559270e-02
218  1.47731473e-01  6.41793291e-02
219  1.47720915e-01  4.63027311e-02
220  1.47710358e-01  2.84261332e-02
221  1.47699800e-01  1.05495352e-02
222  1.47689243e-01  -7.32706271e-03
223  1.47678686e-01  -2.52036607e-02
224  1.47668128e-01  -4.30802586e-02
225  1.47657571e-01  -6.09568565e-02
226  1.47647013e-01  -7.88334545e-02
227  1.47636456e-01  -9.67100524e-02
2455  -1.16160648e+00  -1.91569021e-03
2456  -1.14656867e+00  -1.15328226e-03
2457  -1.12919288e+00  -6.43013928e-04
2458  -1.11181136e+00  -4.64131713e-04
2459  -1.09443055e+00  -5.73237232e-04
2460  -1.07705356e+00  -9.27211288e-04
2461  -1.05968394e+00  -1.52448112e-03
2462  -1.04232232e+00  -2.31385222e-03
2463  -1.02497231e+00  -3.32376597e-03
2464  -1.00763455e+00  -4.51979836e-03
2465  -9.90310121e-01  -5.89694198e-03
2466  -9.73002675e-01  -7.46928804e-03
2467  -9.55710669e-01  -9.19627602e-03
2468  -9.32544251e-01  -1.17116172e-02
2469  -9.15532010e-01  -1.37168284e-02
2470  -8.98537731e-01  -1.58619533e-02
2471  -8.81556355e-01  -1.81028487e-02
2472  -8.64588609e-01  -2.04455541e-02
2473  -8.47636088e-01  -2.28937325e-02
2474  -8.30695593e-01  -2.54216430e-02
2475  -8.13767258e-01  -2.80308065e-02
2476  -7.96853887e-01  -3.07349780e-02
2477  -7.79953464e-01  -3.35130768e-02
2478  -7.63057888e-01  -3.63192569e-02
2479  -7.46172041e-01  -3.91856702e-02
2480  -7.29296026e-01  -4.21064627e-02
2481  -7.12425284e-01  -4.50541296e-02
2482  -6.95556835e-01  -4.80146926e-02
2483  -6.78692306e-01  -5.10001144e-02
2484  -6.61836020e-01  -5.40289365e-02
2485  -6.44979074e-01  -5.70490523e-02
2486  -6.28119342e-01  -6.00529657e-02
2487  -6.11256696e-01  -6.30408784e-02
2488  -5.94392127e-01  -6.60171573e-02
2489  -5.77523446e-01  -6.89684754e-02
2490  -5.60649850e-01  -7.18903903e-02
2491  -5.43769677e-01  -7.47741329e-02
2492  -5.26884684e-01  -7.76285618e-02
2493  -5.09991861e-01  -8.04339544e-02
2494  -4.93090811e-01  -8.31872237e-02
2495  -4.76178216e-01  -8.58669922e-02
2496  -4.59254155e-01  -8.84753476e-02
2497  -4.42321993e-01  -9.10317069e-02
2498  -4.25381956e-01  -9.35284959e-02
2499  -4.08425015e-01  -9.59060035e-02
2500  -3.91456531e-01  -9.82051335e-02
2501  -3.74479375e-01  -1.00438480e-01
2502  -3.57491610e-01  -1.02585950e-01
2503  -3.40491375e-01  -1.04631447e-01
2504  -3.17344712e-01  -1.07292631e-01
2505  -2.99428886e-01  -1.09216772e-01
2506  -2.83030953e-01  -1.10862819e-01
2507  -2.65855874e-01  -1.12465974e-01
2508  -2.48669815e-01  -1.13949487e-01
2509  -2.31475321e-01  -1.15335715e-01
2510  -2.14273715e-01  -1.16619113e-01
2511  -1.97060952e-01  -1.17741164e-01
2512  -1.79840770e-01  -1.18754670e-01
2513  -1.62615192e-01  -1.19659711e-01
2514  -1.45382098e-01  -1.20409463e-01
2515  -1.28144047e-01  -1.21047902e-01
2516  -1.10902230e-01  -1.21566378e-01
2517  -9.36568952e-02  -1.21966667e-01
2518  -7.64099764e-02  -1.22261241e-01
2519  -5.91611277e-02  -1.22397130e-01
2520  -4.19109601e-02  -1.22427214e-01
2521  -2.46607732e-02  -1.22358901e-01
2522  -7.41221589e-03  -1.22191363e-01
2523  9.83305014e-03  -1.21854447e-01
2524  2.70751605e-02  -1.21363895e-01
2525  4.43138161e-02  -1.20749498e-01
2526  6.15473545e-02  -1.20014537e-01
2527  7.87737544e-02  -1.19129854e-01
2528  9.59924578e-02  -1.18110453e-01
2529  1.13199965e-01  -1.16922657e-01
2530  1.30396217e-01  -1.15578897e-01
2531  1.48443239e-01  -1.14009897e-01
2532  1.64749434e-01  -1.12440446e-01
2533  1.84033624e-01  -1.10371046e-01
2534  2.02063231e-01  -1.08239635e-01
2535  2.20067253e-01  -1.05907639e-01
2536  2.38038884e-01  -1.03339295e-01
2537  2.55978241e-01  -1.00553125e-01
2538  2.73880400e-01  -9.75426193e-02
2539  2.92968361e-01  -9.40315533e-02
2540  3.09575727e-01  -9.07184916e-02
2541  3.26132442e-01  -8.71632510e-02
2542  3.42626000e-01  -8.33303178e-02
2543  3.59041929e-01  -7.91814732e-02
2544  3.75369846e-01  -7.47024312e-02
2545  3.91594846e-01  -6.98699101e-02
2546  4.07677785e-01  -6.45931441e-02
2547  4.23581504e-01  -5.88079385e-02
2548  4.39236825e-01  -5.23981777e-02
2549  4.54518403e-01  -4.51606236e-02
2550  4.69274907e-01  -3.69325178e-02
2551  4.83119066e-01  -2.73092882e-02
2552  4.94892409e-01  -1.54090881e-02
2553  5.00700667e-01  2.58163118e-05
2554  4.96428488e-01  1.62652013e-02
2555  4.86911626e-01  3.02881608e-02
2556  4.75008876e-01  4.24771884e-02
2557  4.61829613e-01  5.33271231e-02
2558  4.47908453e-01  6.32389522e-02
2559  4.33516916e-01  7.24693193e-02
2560  4.18746812e-01  8.10876486e-02
2561  4.03675018e-01  8.91723167e-02
2562  3.88334250e-01  9.67411479e-02
2563  3.72810287e-01  1.03932871e-01
2564  3.57113393e-01  1.10737245e-01
2565  3.41242984e-01  1.17130644e-01
2566  3.25242207e-01  1.23195152e-01
2567  3.09126712e-01  1.28948987e-01
2568  2.92907537e-01  1.34404364e-01
2569  2.73965648e-01  1.40383629e-01
2570  2.56156086e-01  1.45634643e-01
2571  2.38260846e-01  1.50589294e-01
2572  2.20285901e-01  1.55245721e-01
2573  2.02237019e-01  1.59606498e-01
2574  1.84114066e-01  1.63649449e-01
2575  1.64702001e-01  1.67689249e-01
2576  1.48611429e-01  1.70779195e-01
2577  1.30664560e-01  1.73992329e-01
2578  1.13593292e-01  1.76846288e-01
2579  9.64811688e-02  1.79445389e-01
2580  7.93383149e-02  1.81836847e-01
2581  6.21648578e-02  1.83997770e-01
2582  4.49671689e-02  1.85959147e-01
2583  2.77479807e-02  1.87719291e-01
2584  1.05088669e-02  1.89273351e-01
2585  -6.74710070e-03  1.90618407e-01
2586  -2.40227901e-02  1.91691546e-01
2587  -4.13087621e-02  1.92603007e-01
2588  -5.86027766e-02  1.93327934e-01
2589  -7.59041725e-02  1.93850417e-01
2590  -9.32100599e-02  1.94165417e-01
2591  -1.10517655e-01  1.94237102e-01
2592  -1.27823153e-01  1.94048846e-01
2593  -1.45123084e-01  1.93580530e-01
2594  -1.62411620e-01  1.92791600e-01
2595  -1.79686446e-01  1.91719480e-01
2596  -1.96949920e-01  1.90457192e-01
2597  -2.14199172e-01  1.89016548e-01
2598  -2.31428018e-01  1.87349299e-01
2599  -2.48639552e-01  1.85500332e-01
2600  -2.65838044e-01  1.83524801e-01
2601  -2.83021799e-01  1.81430700e-01
2602  -2.99432729e-01  1.79255898e-01
2603  -3.17329224e-01  1.76770905e-01
2604  -3.40544158e-01  1.73358281e-01
2605  -3.57606795e-01  1.70724879e-01
2606  -3.74655010e-01  1.67995847e-01
2607  -3.91689924e-01  1.65182409e-01
2608  -4.08714577e-01  1.62306231e-01
2609  -4.25727063e-01  1.59360300e-01
2610  -4.42725479e-01  1.56332297e-01
2611  -4.59716163e-01  1.53258438e-01
2612  -4.76697477e-01  1.50136353e-01
2613  -4.93662919e-01  1.46930923e-01
2614  -5.10615200e-01  1.43652775e-01
2615  -5.27561791e-01  1.40341781e-01
2616  -5.44502771e-01  1.37003947e-01
2617  -5.61432679e-01  1.33609843e-01
2618  -5.78358815e-01  1.30196203e-01
2619  -5.95275039e-01  1.26736889e-01
2620  -6.12180035e-01  1.23219187e-01
2621  -6.29085951e-01  1.19706336e-01
2622  -6.45978183e-01  1.16129504e-01
2623  -6.62869063e-01  1.12541299e-01
2624  -6.79760543e-01  1.08958052e-01
2625  -6.96642473e-01  1.05333861e-01
2626  -7.13514662e-01  1.01660544e-01
2627  -7.30391197e-01  9.80044915e-02
2628  -7.47264831e-01  9.43390134e-02
2629  -7.64130228e-01  9.06356562e-02
2630  -7.80993768e-01  8.69234667e-02
2631  -7.97850489e-01  8.31790450e-02
2632  -8.14710199e-01  7.94460440e-02
2633  -8.31568989e-01  7.57109961e-02
2634  -8.48423132e-01  7.19566562e-02
2635  -8.65271635e-01  6.81768962e-02
2636  -8.82116922e-01  6.43802489e-02
2637  -8.98965679e-01  6.05960625e-02
2638  -9.15820088e-01  5.68402667e-02
2639  -9.32666622e-01  5.30504244e-02
2640  -9.55653404e-01  4.78952183e-02
2641  -9.72989146e-01  4.40312254e-02
2642  -9.90326258e-01  4.01746425e-02
2643  -1.00766389e+00  3.63218315e-02
2644  -1.02499891e+00  3.24548605e-02
2645  -1.04234306e+00  2.86285182e-02
2646  -1.05968528e+00  2.47960734e-02
2647  -1.07702829e+00  2.09644617e-02
2648  -1.09437947e+00  1.71678212e-02
2649  -1.11173743e+00  1.34047143e-02
2650  -1.12909499e+00  9.64097660e-03
2651  -1.14639283e+00  5.91070363e-03
2652  -2.99432493e-01  1.61569282e-01
2653  -2.99432252e-01  1.43489033e-01
2654  -2.99432011e-01  1.25408784e-01
2655  -2.99431770e-01  1.07328534e-01
2656  -2.99431529e-01  8.92482851e-02
2657  -2.99431288e-01  7.11680359e-02
2658  -2.99431048e-01  5.30877867e-02
2659  -2.99430807e-01  3.50075375e-02
2660  -2.99430566e-01  1.69272883e-02
2661  -2.99430325e-01  -1.15296091e-03
2662  -2.99430084e-01  -1.92332101e-02
2663  -2.99429843e-01  -3.73134593e-02
2664  -2.99429602e-01  -5.53937085e-02
2665  -2.99429361e-01  -7.34739577e-02
2666  -2.99429120e-01  -9.15542069e-02
2667  1.48601260e-01  1.53561836e-01
2668  1.48590703e-01  1.35685238e-01
2669  1.48580145e-01  1.17808640e-01
2670  1.48569588e-01  9.99320424e-02
2671  1.48559030e-01  8.20554445e-02
2672  1.48548473e-01  6.41788466e-02
2673  1.48537915e-01  4.63022486e-02
2674  1.48527358e-01  2.84256507e-02
2675  1.48516800e-01  1.05490527e-02
2676  1.48506243e-01  -7.32754519e-03
2677  1.48495686e-01  -2.52041432e-02
2678  1.48485128e-01  -4.30807411e-02
2679  1.48474571e-01  -6.09573390e-02
2680  1.48464013e-01  -7.88339370e-02
2681  1.48453456e-01  -9.67105349e-02
4909  -1.15640018e+00  -5.15266157e-04
4910  -1.14661407e+00  -1.91905018e-05
4911  -1.12921538e+00  4.91763049e-04
4912  -1.11181364e+00  6.70866002e-04
4913  -1.09441543e+00  5.61662045e-04
4914  -1.07702250e+00  2.07363613e-04
4915  -1.05963866e+00  -3.90384634e-04
4916  -1.04226356e+00  -1.18037397e-03
4917  -1.02490027e+00  -2.19105415e-03
4918  -1.00755053e+00  -3.38791296e-03
4919  -9.90213805e-01  -4.76603604e-03
4920  -9.72894932e-01  -6.33941349e-03
4921  -9.55593014e-01  -8.06739064e-03
4922  -9.32416562e-01  -1.05838227e-02
4923  -9.15394508e-01  -1.25901881e-02
4924  -8.98392416e-01  -1.47362941e-02
4925  -8.81404492e-01  -1.69780542e-02
4926  -8.64429878e-01  -1.93217083e-02
4927  -8.47471217e-01  -2.17707709e-02
4928  -8.30525388e-01  -2.42994776e-02
4929  -8.13591214e-01  -2.69095424e-02
4930  -7.96672240e-01  -2.96146078e-02
4931  -7.79768431e-01  -3.23932608e-02
4932  -7.62869930e-01  -3.51999282e-02
4933  -7.45980284e-01  -3.80669859e-02
4934  -7.29101571e-01  -4.09882443e-02
4935  -7.12229508e-01  -4.39361418e-02
4936  -6.95359810e-01  -4.68969242e-02
4937  -6.78493019e-01  -4.98827471e-02
4938  -6.61635576e-01  -5.29117763e-02
4939  -6.44779449e-01  -5.59317453e-02
4940  -6.27920784e-01  -5.89354687e-02
4941  -6.11059053e-01  -6.19232190e-02
4942  -5.94195695e-01  -6.48992846e-02
4943  -5.77328813e-01  -6.78502881e-02
4944  -5.60457455e-01  -7.07718157e-02
4945  -5.43579518e-01  -7.36551761e-02
4946  -5.26697118e-01  -7.65091673e-02
4947  -5.09807643e-01  -7.93140040e-02
4948  -4.92910754e-01  -8.20665970e-02
4949  -4.76002961e-01  -8.47456044e-02
4950  -4.59082993e-01  -8.73533278e-02
4951  -4.42154524e-01  -8.99091299e-02
4952  -4.25220408e-01  -9.24050516e-02
4953  -4.08270021e-01  -9.47816363e-02
4954  -3.91306318e-01  -9.70801176e-02
4955  -3.74334184e-01  -9.93128045e-02
4956  -3.57352643e-01  -1.01459489e-01
4957  -3.40358762e-01  -1.03504220e-01
4958  -3.17219209e-01  -1.06164591e-01
4959  -2.97841899e-01  -1.08240764e-01
4960  -2.82921437e-01  -1.09733115e-01
4961  -2.65754326e-01  -1.11335526e-01
4962  -2.48575405e-01  -1.12818420e-01
4963  -2.31387494e-01  -1.14204118e-01
4964  -2.14194575e-01  -1.15486875e-01
4965  -1.96990693e-01  -1.16608341e-01
4966  -1.79777652e-01  -1.17621426e-01
4967  -1.62560750e-01  -1.18526017e-01
4968  -1.45336427e-01  -1.19275382e-01
4969  -1.28105985e-01  -1.19913541e-01
4970  -1.10872004e-01  -1.20431781e-01
4971  -9.36340348e-02  -1.20831898e-01
4972  -7.63958142e-02  -1.21126329e-01
4973  -5.91556671e-02  -1.21262143e-01
4974  -4.19122178e-02  -1.21292215e-01
4975  -2.46685326e-02  -1.21223927e-01
4976  -7.42881312e-03  -1.21056485e-01
4977  9.80582566e-03  -1.20719773e-01
4978  2.70388078e-02  -1.20229477e-01
4979  4.42694223e-02  -1.19615366e-01
4980  6.14940674e-02  -1.18880789e-01
4981  7.87111085e-02  -1.17996584e-01
4982  9.59198376e-02  -1.16977779e-01
4983  1.13116673e-01  -1.15790718e-01
4984  1.30302977e-01  -1.14447733e-01
4985  1.50030998e-01  -1.12725115e-01
4986  1.64634648e-01  -1.11311265e-01
4987  1.83906446e-01  -1.09243193e-01
4988  2.01923707e-01  -1.07113244e-01
4989  2.19914066e-01  -1.04783024e-01
4990  2.37871500e-01  -1.02216705e-01
4991  2.55797031e-01  -9.94326837e-02
4992  2.73683618e-01  -9.64248081e-02
4993  2.92754666e-01  -9.29168518e-02
4994  3.09345552e-01  -8.96070761e-02
4995  3.25884831e-01  -8.60555897e-02
4996  3.42358475e-01  -8.22272966e-02
4997  3.58752731e-01  -7.80839352e-02
4998  3.75057704e-01  -7.36111969e-02
4999  3.91255903e-01  -6.87867007e-02
5000  4.07306820e-01  -6.35204789e-02
5001  4.23172394e-01  -5.77492348e-02
5002  4.38778718e-01  -5.13597349e-02
5003  4.53998822e-01  -4.41515347e-02
5004  4.68673840e-01  -3.59697392e-02
5005  4.82388394e-01  -2.64407590e-02
5006  4.93936444e-01  -1.47972417e-02
5007  4.99567181e-01  8.44193395e-05
5008  4.95379817e-01  1.57891830e-02
5009  4.86032597e-01  2.95701554e-02
5010  4.74240990e-01  4.16413800e-02
5011  4.61139330e-01  5.24261604e-02
5012  4.47272731e-01  6.22986958e-02
5013  4.32924398e-01  7.15012561e-02
5014  4.18192459e-01  8.00972359e-02
5015  4.03155591e-01  8.81631486e-02
5016  3.87844569e-01  9.57172157e-02
5017  3.72345994e-01  1.02897180e-01
5018  3.56675590e-01  1.09690081e-01
5019  3.40829776e-01  1.16073533e-01
5020  3.24850239e-01  1.22129983e-01
5021  3.08754955e-01  1.27876597e-01
5022  2.92555771e-01  1.33325250e-01
5023  2.73634310e-01  1.39298069e-01
5024  2.55844156e-01  1.44543348e-01
5025  2.37967096e-01  1.49492966e-01
5026  2.20010299e-01  1.54144691e-01
5027  2.01980167e-01  1.58500943e-01
5028  1.83874872e-01  1.62539940e-01
5029  1.64479542e-01  1.66576263e-01
5030  1.50197574e-01  1.69331174e-01
5031  1.30471146e-01  1.72873930e-01
5032  1.13414493e-01  1.75725460e-01
5033  9.63175395e-02  1.78322246e-01
5034  7.91890541e-02  1.80711705e-01
5035  6.20297002e-02  1.82870846e-01
5036  4.48451519e-02  1.84830724e-01
5037  2.76393177e-02  1.86589504e-01
5038  1.04138121e-02  1.88142338e-01
5039  -6.82638902e-03  1.89486179e-01
5040  -2.40878573e-02  1.90558413e-01
5041  -4.13624121e-02  1.91469276e-01
5042  -5.86436748e-02  1.92193671e-01
5043  -7.59316308e-02  1.92715750e-01
5044  -9.32227384e-02  1.93030488e-01
5045  -1.10513832e-01  1.93102108e-01
5046  -1.27801622e-01  1.92914050e-01
5047  -1.45081855e-01  1.92446279e-01
5048  -1.62350596e-01  1.91658242e-01
5049  -1.79609907e-01  1.90587064e-01
5050  -1.96861301e-01  1.89325657e-01
5051  -2.14097275e-01  1.87886131e-01
5052  -2.31312739e-01  1.86220168e-01
5053  -2.48514175e-01  1.84372278e-01
5054  -2.65704632e-01  1.82397669e-01
5055  -2.82878513e-01  1.80304781e-01
5056  -2.97845716e-01  1.78326032e-01
5057  -3.17168563e-01  1.75647333e-01
5058  -3.40375059e-01  1.72235949e-01
5059  -3.57430531e-01  1.69603650e-01
5060  -3.74472834e-01  1.66875562e-01
5061  -3.91502915e-01  1.64062921e-01
5062  -4.08523212e-01  1.61187480e-01
5063  -4.25530709e-01  1.58242414e-01
5064  -4.42524926e-01  1.55215156e-01
5065  -4.59512517e-01  1.52141857e-01
5066  -4.76489501e-01  1.49020570e-01
5067  -4.93449815e-01  1.45816108e-01
5068  -5.10398636e-01  1.42538627e-01
5069  -5.27343268e-01  1.39228016e-01
5070  -5.44281514e-01  1.35890722e-01
5071  -5.61208933e-01  1.32497115e-01
5072  -5.78132922e-01  1.29083909e-01
5073  -5.95045727e-01  1.25625295e-01
5074  -6.11948968e-01  1.22107957e-01
5075  -6.28852939e-01  1.18595512e-01
5076  -6.45742699e-01  1.15019201e-01
5077  -6.62633373e-01  1.11431040e-01
5078  -6.79523661e-01  1.07848046e-01
5079  -6.96402632e-01  1.04224491e-01
5080  -7.13273784e-01  1.00551399e-01
5081  -7.30150575e-01  9.68952909e-02
5082  -7.47022648e-01  9.32301525e-02
5083  -7.63886511e-01  8.95271315e-02
5084  -7.80748704e-01  8.58152390e-02
5085  -7.97604747e-01  8.20709675e-02
5086  -8.14464764e-01  7.83378983e-02
5087  -8.31322847e-01  7.46030073e-02
5088  -8.48175519e-01  7.08489953e-02
5089  -8.65022635e-01  6.70695461e-02
5090  -8.81867786e-01  6.32729295e-02
5091  -8.98717885e-01  5.94884419e-02
5092  -9.15572101e-01  5.57326893e-02
5093  -9.32417881e-01  5.19430162e-02
5094  -9.55405755e-01  4.67875653e-02
5095  -9.72742458e-01  4.29233581e-02
5096  -9.90079923e-01  3.90666965e-02
5097  -1.00741722e+00  3.52139590e-02
5098  -1.02475310e+00  3.13467992e-02
5099  -1.04209834e+00  2.75202133e-02
5100  -1.05944040e+00  2.36878058e-02
5101  -1.07678456e+00  1.98559402e-02
5102  -1.09413793e+00  1.60588208e-02
5103  -1.11149694e+00  1.22954866e-02
5104  -1.12885497e+00  8.53164667e-03
5105  -1.14601030e+00  4.84210698e-03
5106  -2.97845493e-01  1.61569303e-01
5107  -2.97845252e-01  1.43489054e-01
5108  -2.97845011e-01  1.25408805e-01
5109  -2.97844770e-01  1.07328555e-01
5110  -2.97844529e-01  8.92483062e-02
5111  -2.97844288e-01  7.11680570e-02
5112  -2.97844048e-01  5.30878078e-02
5113  -2.97843807e-01  3.50075586e-02
5114  -2.97843566e-01  1.69273094e-02
5115  -2.97843325e-01  -1.15293976e-03
5116  -2.97843084e-01  -1.92331890e-02
5117  -2.97842843e-01  -3.73134382e-02
5118  -2.97842602e-01  -5.53936874e-02
5119  -2.97842361e-01  -7.34739366e-02
5120  -2.97842120e-01  -9.15541858e-02
5121  1.50188260e-01  1.53560899e-01
5122  1.50177703e-01  1.35684301e-01
5123  1.50167145e-01  1.17807703e-01
5124  1.50156588e-01  9.99311052e-02
5125  1.50146030e-01  8.20545073e-02
5126  1.50135473e-01  6.41779094e-02
5127  1.50124915e-01  4.63013114e-02
5128  1.50114358e-01  2.84247135e-02
5129  1.50103800e-01  1.05481155e-02
5130  1.50093243e-01  -7.32848239e-03
5131  1.50082686e-01  -2.52050804e-02
5132  1.50072128e-01  -4.30816783e-02
5133  1.50061571e-01  -6.09582762e-02
5134  1.50051013e-01  -7.88348742e-02
5135  1.50040456e-01  -9.67114721e-02
7363  -1.14184088e+00  3.40098577e-03
7364  -1.14674102e+00  3.15226963e-03
7365  -1.12927830e+00  3.66513937e-03
7366  -1.11182001e+00  3.84485961e-03
7367  -1.09437314e+00  3.73538037e-03
7368  -1.07693563e+00  3.38017484e-03
7369  -1.05951204e+00  2.78108870e-03
7370  -1.04209926e+00  1.98937050e-03
7371  -1.02469883e+00  9.76547007e-04
7372  -1.00731555e+00  -2.22622855e-04
7373  -9.89944460e-01  -1.60348497e-03
7374  -9.72593632e-01  -3.17974669e-03
7375  -9.55263994e-01  -4.91049000e-03
7376  -9.32059481e-01  -7.42997279e-03
7377  -9.15009989e-01  -9.43956578e-03
7378  -8.97986046e-01  -1.15884155e-02
7379  -8.80979812e-01  -1.38325936e-02
7380  -8.63985989e-01  -1.61789009e-02
7381  -8.47010161e-01  -1.86304360e-02
7382  -8.30049413e-01  -2.11613692e-02
7383  -8.13098909e-01  -2.37739544e-02
7384  -7.96164269e-01  -2.64815197e-02
7385  -7.79250992e-01  -2.92617224e-02
7386  -7.62344309e-01  -3.20697526e-02
7387  -7.45444042e-01  -3.49386125e-02
7388  -7.28557783e-01  -3.78611738e-02
7389  -7.11682025e-01  -4.08097160e-02
7390  -6.94808835e-01  -4.37711119e-02
7391  -6.77935718e-01  -4.67580565e-02
7392  -6.61075038e-01  -4.97876648e-02
7393  -6.44221202e-01  -5.28072234e-02
7394  -6.27365521e-01  -5.58104152e-02
7395  -6.10506350e-01  -5.87977117e-02
7396  -5.93646377e-01  -6.17731807e-02
7397  -5.76784525e-01  -6.47233044e-02
7398  -5.59919427e-01  -6.76437489e-02
7399  -5.43047742e-01  -7.05260404e-02
7400  -5.26172594e-01  -7.33788078e-02
7401  -5.09292483e-01  -7.61820898e-02
7402  -4.92407227e-01  -7.89327916e-02
7403  -4.75512865e-01  -8.16096704e-02
7404  -4.58604341e-01  -8.42156266e-02
7405  -4.41686201e-01  -8.67698705e-02
7406  -4.24768642e-01  -8.92633668e-02
7407  -4.07836582e-01  -9.16373707e-02
7408  -3.90886248e-01  -9.39340379e-02
7409  -3.73928163e-01  -9.61648809e-02
7410  -3.56964025e-01  -9.83093701e-02
7411  -3.39987914e-01  -1.00351960e-01
7412  -3.15032352e-01  -8.65088699e-02
7413  -2.96255160e-01  -8.85220978e-02
7414  -2.81013159e-01  -9.00483949e-02
7415  -2.63984878e-01  -9.16378414e-02
7416  -2.46930340e-01  -9.31099577e-02
7417  -2.29857123e-01  -9.44864184e-02
7418  -2.12815594e-01  -9.57580097e-02
7419  -1.95766458e-01  -9.68692682e-02
7420  -1.78677827e-01  -9.78750312e-02
7421  -1.61612101e-01  -9.87717822e-02
7422  -1.44540628e-01  -9.95143996e-02
7423  -1.27442774e-01  -1.00147664e-01
7424  -1.10345314e-01  -1.00661795e-01
7425  -9.32357010e-02  -1.01058910e-01
7426  -7.61490423e-02  -1.01350869e-01
7427  -5.90605186e-02  -1.01485372e-01
7428  -4.19341319e-02  -1.01515227e-01
7429  -2.48037389e-02  -1.01447389e-01
7430  -7.71801425e-03  -1.01281599e-01
7431  9.33144795e-03  -1.00948464e-01
7432  2.64053736e-02  -1.00462624e-01
7433  4.34958750e-02  -9.98535000e-02
7434  6.05655576e-02  -9.91255972e-02
7435  7.76195250e-02  -9.82497321e-02
7436  9.46544541e-02  -9.72413019e-02
7437  1.11665333e-01  -9.60670429e-02
7438  1.28678295e-01  -9.47375801e-02
7439  1.51629813e-01  -9.27196877e-02
7440  1.62634551e-01  -9.16356621e-02
7441  1.83550798e-01  -1.06089182e-01
7442  2.01533532e-01  -1.03963317e-01
7443  2.19485682e-01  -1.01638066e-01
7444  2.37403415e-01  -9.90774105e-02
7445  2.55290281e-01  -9.62993978e-02
7446  2.73133321e-01  -9.32988763e-02
7447  2.92157072e-01  -8.97996162e-02
7448  3.08701873e-01  -8.64990296e-02
7449  3.25192392e-01  -8.29580415e-02
7450  3.41610350e-01  -7.91427246e-02
7451  3.57943996e-01  -7.50146969e-02
7452  3.74184806e-01  -7.05595868e-02
7453  3.90308056e-01  -6.57575321e-02
7454  4.06269428e-01  -6.05207969e-02
7455  4.22028326e-01  -5.47885955e-02
7456  4.37497635e-01  -4.84557548e-02
7457  4.52545826e-01  -4.13296419e-02
7458  4.66992968e-01  -3.32773523e-02
7459  4.80345086e-01  -2.40119380e-02
7460  4.91263111e-01  -1.30862282e-02
7461  4.96397415e-01  2.48301287e-04
7462  4.92447235e-01  1.44580093e-02
7463  4.83574411e-01  2.75622706e-02
7464  4.72093614e-01  3.93040622e-02
7465  4.59208969e-01  4.99066402e-02
7466  4.45494949e-01  5.96692916e-02
7467  4.31267433e-01  6.87940908e-02
7468  4.16642223e-01  7.73275708e-02
7469  4.01703025e-01  8.53410347e-02
7470  3.86475187e-01  9.28538140e-02
7471  3.71047610e-01  1.00000893e-01
7472  3.55451283e-01  1.06761711e-01
7473  3.39674249e-01  1.13117347e-01
7474  3.23754110e-01  1.19151262e-01
7475  3.07715344e-01  1.24877683e-01
7476  2.91572065e-01  1.30307536e-01
7477  2.72707733e-01  1.36262327e-01
7478  2.54971850e-01  1.41491569e-01
7479  2.37145629e-01  1.46427111e-01
7480  2.19239587e-01  1.51065685e-01
7481  2.01261888e-01  1.55409285e-01
7482  1.83205974e-01  1.59437223e-01
7483  1.63857443e-01  1.63463825e-01
7484  1.51772523e-01  1.48926284e-01
7485  1.27100974e-01  1.53386199e-01
7486  1.10298986e-01  1.56195397e-01
7487  9.34663527e-02  1.58751849e-01
7488  7.65882345e-02  1.61106464e-01
7489  5.96746232e-02  1.63234570e-01
7490  4.27190456e-02  1.65168339e-01
7491  2.57459008e-02  1.66903349e-01
7492  8.75751301e-03  1.68434816e-01
7493  -8.20796186e-03  1.69757495e-01
7494  -2.52216323e-02  1.70813938e-01
7495  -4.22972452e-02  1.71714382e-01
7496  -5.93563124e-02  1.72429514e-01
7497  -7.64100828e-02  1.72944538e-01
7498  -9.34436564e-02  1.73254722e-01
7499  -1.10447219e-01  1.73325220e-01
7500  -1.27426454e-01  1.73140609e-01
7501  -1.44363463e-01  1.72682331e-01
7502  -1.61287267e-01  1.71909848e-01
7503  -1.78276254e-01  1.70855082e-01
7504  -1.95317153e-01  1.69609031e-01
7505  -2.12321754e-01  1.68188993e-01
7506  -2.29304042e-01  1.66545442e-01
7507  -2.46329519e-01  1.64716312e-01
7508  -2.63379965e-01  1.62757770e-01
7509  -2.80381792e-01  1.60686012e-01
7510  -2.96258453e-01  1.58583029e-01
7511  -3.16719278e-01  1.72505292e-01
7512  -3.39902179e-01  1.69097373e-01
7513  -3.56937612e-01  1.66468158e-01
7514  -3.73963382e-01  1.63742715e-01
7515  -3.90979948e-01  1.60932301e-01
7516  -4.07988067e-01  1.58058918e-01
7517  -4.24981610e-01  1.55116271e-01
7518  -4.41964083e-01  1.52091099e-01
7519  -4.58943024e-01  1.49019365e-01
7520  -4.75907899e-01  1.45900311e-01
7521  -4.92853877e-01  1.42698556e-01
7522  -5.09793020e-01  1.39422940e-01
7523  -5.26732172e-01  1.36113399e-01
7524  -5.43662775e-01  1.32777615e-01
7525  -5.60583232e-01  1.29385399e-01
7526  -5.77501218e-01  1.25973406e-01
7527  -5.94404462e-01  1.22516750e-01
7528  -6.11302797e-01  1.19000427e-01
7529  -6.28201325e-01  1.15489119e-01
7530  -6.45084176e-01  1.11914266e-01
7531  -6.61974271e-01  1.08326228e-01
7532  -6.78861228e-01  1.04743943e-01
7533  -6.95731921e-01  1.01122166e-01
7534  -7.12600174e-01  9.74497017e-02
7535  -7.29477680e-01  9.37934385e-02
7536  -7.46345389e-01  9.01292499e-02
7537  -7.63204962e-01  8.64271691e-02
7538  -7.80063389e-01  8.27161071e-02
7539  -7.96917534e-01  7.89722559e-02
7540  -8.13778413e-01  7.52389958e-02
7541  -8.30634518e-01  7.15045433e-02
7542  -8.47483074e-01  6.77514485e-02
7543  -8.64326314e-01  6.39728683e-02
7544  -8.81171083e-01  6.01763378e-02
7545  -8.98024935e-01  5.63910080e-02
7546  -9.14878613e-01  5.26353760e-02
7547  -9.31722283e-01  4.88461760e-02
7548  -9.54713210e-01  4.36900408e-02
7549  -9.72052601e-01  3.98252338e-02
7550  -9.89391054e-01  3.59683525e-02
7551  -1.00672743e+00  3.21158206e-02
7552  -1.02406568e+00  2.82481325e-02
7553  -1.04141400e+00  2.44208657e-02
7554  -1.05875559e+00  2.05885620e-02
7555  -1.07610297e+00  1.67559869e-02
7556  -1.09346246e+00  1.29575281e-02
7557  -1.11082439e+00  9.19355822e-03
7558  -1.12818374e+00  5.42943241e-03
7559  -1.14494058e+00  1.85380232e-03
7560  -2.96258493e-01  1.61569324e-01
7561  -2.96258252e-01  1.43489075e-01
7562  -2.96258011e-01  1.25408826e-01
7563  -2.96257770e-01  1.07328576e-01
7564  -2.96257529e-01  8.92483274e-02
7565  -2.96257288e-01  7.11680781e-02
7566  -2.96257048e-01  5.30878289e-02
7567  -2.96256807e-01  3.50075798e-02
7568  -2.96256566e-01  1.69273306e-02
7569  -2.96256325e-01  -1.15291860e-03
7570  -2.96256084e-01  -1.92331678e-02
7571  -2.96255843e-01  -3.73134170e-02
7572  -2.96255602e-01  -5.53936662e-02
7573  -2.96255361e-01  -7.34739154e-02
7574  -2.96255120e-01  -9.15541647e-02
7575  1.51775259e-01  1.53559962e-01
7576  1.51764702e-01  1.35683364e-01
7577  1.51754144e-01  1.17806766e-01
7578  1.51743587e-01  9.99301679e-02
7579  1.51733029e-01  8.20535700e-02
7580  1.51722472e-01  6.41769721e-02
7581  1.51711914e-01  4.63003741e-02
7582  1.51701357e-01  2.84237762e-02
7583  1.51690799e-01  1.05471782e-02
7584  1.51680242e-01  -7.32941959e-03
7585  1.51669685e-01  -2.52060177e-02
7586  1.51659127e-01  -4.30826156e-02
7587  1.51648570e-01  -6.09592135e-02
7588  1.51638012e-01  -7.88358115e-02
7589  1.51627455e-01  -9.67124094e-02
9817  -1.13663458e+00  4.80140982e-03
9818  -1.14678641e+00  4.28636140e-03
9819  -1.12930080e+00  4.79991635e-03
9820  -1.11182229e+00  4.97985733e-03
9821  -1.09435802e+00  4.87027965e-03
9822  -1.07690457e+00  4.51474974e-03
9823  -1.05946676e+00  3.91518518e-03
9824  -1.04204050e+00  3.12284876e-03
9825  -1.02462680e+00  2.10925883e-03
9826  -1.00723152e+00  9.09262547e-04
9827  -9.89848144e-01  -4.72579025e-04
9828  -9.72485890e-01  -2.04987214e-03
9829  -9.55146338e-01  -3.78160462e-03
9830  -9.31931792e-01  -6.30217830e-03
9831  -9.14872488e-01  -8.31292548e-03
9832  -8.97840731e-01  -1.04627563e-02
9833  -8.80827949e-01  -1.27077991e-02
9834  -8.63827257e-01  -1.50550551e-02
9835  -8.46845290e-01  -1.75074744e-02
9836  -8.29879208e-01  -2.00392037e-02
9837  -8.12922864e-01  -2.26526903e-02
9838  -7.95982622e-01  -2.53611495e-02
9839  -7.79065959e-01  -2.81419064e-02
9840  -7.62156351e-01  -3.09504239e-02
9841  -7.45252285e-01  -3.38199283e-02
9842  -7.28363328e-01  -3.67429554e-02
9843  -7.11486248e-01  -3.96917282e-02
9844  -6.94611810e-01  -4.26533435e-02
9845  -6.77736431e-01  -4.56406892e-02
9846  -6.60874593e-01  -4.86705045e-02
9847  -6.44021577e-01  -5.16899164e-02
9848  -6.27166963e-01  -5.46929181e-02
9849  -6.10308708e-01  -5.76800524e-02
9850  -5.93449944e-01  -6.06553080e-02
9851  -5.76589892e-01  -6.36051171e-02
9852  -5.59727032e-01  -6.65251743e-02
9853  -5.42857582e-01  -6.94070836e-02
9854  -5.25985028e-01  -7.22594133e-02
9855  -5.09108266e-01  -7.50621394e-02
9856  -4.92227169e-01  -7.78121649e-02
9857  -4.75337610e-01  -8.04882826e-02
9858  -4.58433179e-01  -8.30936068e-02
9859  -4.41518732e-01  -8.56472935e-02
9860  -4.24607094e-01  -8.81399224e-02
9861  -4.07681587e-01  -9.05130034e-02
9862  -3.90736034e-01  -9.28090220e-02
9863  -3.73782973e-01  -9.50392057e-02
9864  -3.56825058e-01  -9.71829096e-02
9865  -3.39855301e-01  -9.92247336e-02
9866  -3.14906848e-01  -8.53808300e-02
9867  -2.95438174e-01  -8.74659745e-02
9868  -2.80903644e-01  -8.89186908e-02
9869  -2.63883329e-01  -9.05073933e-02
9870  -2.46835930e-01  -9.19788910e-02
9871  -2.29769296e-01  -9.33548216e-02
9872  -2.12736455e-01  -9.46257721e-02
9873  -1.95696200e-01  -9.57364448e-02
9874  -1.78614708e-01  -9.67417876e-02
9875  -1.61557658e-01  -9.76380887e-02
9876  -1.44494957e-01  -9.83803188e-02
9877  -1.27404713e-01  -9.90133023e-02
9878  -1.10315088e-01  -9.95271979e-02
9879  -9.32128407e-02  -9.99241398e-02
9880  -7.61348801e-02  -1.00215957e-01
9881  -5.90550580e-02  -1.00350385e-01
9882  -4.19353895e-02  -1.00380228e-01
9883  -2.48114984e-02  -1.00312416e-01
9884  -7.73461147e-03  -1.00146721e-01
9885  9.30422346e-03  -9.98137901e-02
9886  2.63690209e-02  -9.93282058e-02
9887  4.34514812e-02  -9.87193685e-02
9888  6.05122706e-02  -9.79918488e-02
9889  7.75568792e-02  -9.71164623e-02
9890  9.45818339e-02  -9.61086275e-02
9891  1.11582041e-01  -9.49351032e-02
9892  1.28585055e-01  -9.36064165e-02
9893  1.52447531e-01  -9.15052556e-02
9894  1.62519765e-01  -9.05064813e-02
9895  1.83423621e-01  -1.04961329e-01
9896  2.01394008e-01  -1.02836925e-01
9897  2.19332496e-01  -1.00513451e-01
9898  2.37236031e-01  -9.79548208e-02
9899  2.55109071e-01  -9.51789569e-02
9900  2.72936539e-01  -9.21810651e-02
9901  2.91943377e-01  -8.86849147e-02
9902  3.08471698e-01  -8.53876141e-02
9903  3.24944781e-01  -8.18503801e-02
9904  3.41342826e-01  -7.80397034e-02
9905  3.57654798e-01  -7.39171590e-02
9906  3.73872663e-01  -6.94683526e-02
9907  3.89969113e-01  -6.46743227e-02
9908  4.05898463e-01  -5.94481317e-02
9909  4.21619215e-01  -5.37298918e-02
9910  4.37039528e-01  -4.74173121e-02
9911  4.52026245e-01  -4.03205529e-02
9912  4.66391900e-01  -3.23145738e-02
9913  4.79614414e-01  -2.31434087e-02
9914  4.90307146e-01  -1.24743818e-02
9915  4.95263928e-01  3.06904314e-04
9916  4.91398564e-01  1.39819910e-02
9917  4.82695382e-01  2.68442652e-02
9918  4.71325728e-01  3.84682539e-02
9919  4.58518685e-01  4.90056775e-02
9920  4.44859226e-01  5.87290352e-02
9921  4.30674914e-01  6.78260276e-02
9922  4.16087870e-01  7.63371581e-02
9923  4.01183597e-01  8.43318666e-02
9924  3.85985506e-01  9.18298818e-02
9925  3.70583317e-01  9.89652017e-02
9926  3.55013479e-01  1.05714547e-01
9927  3.39261041e-01  1.12060236e-01
9928  3.23362142e-01  1.18086092e-01
9929  3.07343586e-01  1.23805292e-01
9930  2.91220299e-01  1.29228423e-01
9931  2.72376395e-01  1.35176767e-01
9932  2.54659920e-01  1.40400274e-01
9933  2.36851878e-01  1.45330782e-01
9934  2.18963985e-01  1.49964654e-01
9935  2.01005036e-01  1.54303730e-01
9936  1.82966781e-01  1.58327713e-01
9937  1.63634985e-01  1.62350840e-01
9938  1.52588752e-01  1.47620836e-01
9939  1.26907561e-01  1.52267800e-01
9940  1.10120187e-01  1.55074569e-01
9941  9.33027233e-02  1.57628705e-01
9942  7.64389738e-02  1.59981321e-01
9943  5.95394655e-02  1.62107646e-01
9944  4.25970285e-02  1.64039917e-01
9945  2.56372378e-02  1.65773563e-01
9946  8.66245817e-03  1.67303804e-01
9947  -8.28725018e-03  1.68625268e-01
9948  -2.52866995e-02  1.69680805e-01
9949  -4.23508951e-02  1.70580651e-01
9950  -5.93972106e-02  1.71295252e-01
9951  -7.64375411e-02  1.71809870e-01
9952  -9.34563348e-02  1.72119793e-01
9953  -1.10443396e-01  1.72190227e-01
9954  -1.27404923e-01  1.72005813e-01
9955  -1.44322234e-01  1.71548080e-01
9956  -1.61226242e-01  1.70776490e-01
9957  -1.78199716e-01  1.69722666e-01
9958  -1.95228534e-01  1.68477496e-01
9959  -2.12219857e-01  1.67058576e-01
9960  -2.29188763e-01  1.65416311e-01
9961  -2.46204142e-01  1.63588258e-01
9962  -2.63246552e-01  1.61630638e-01
9963  -2.80238506e-01  1.59560093e-01
9964  -2.95441439e-01  1.57548578e-01
9965  -3.16558617e-01  1.71381721e-01
9966  -3.39733080e-01  1.67975040e-01
9967  -3.56761348e-01  1.65346928e-01
9968  -3.73781206e-01  1.62622430e-01
9969  -3.90792939e-01  1.59812813e-01
9970  -4.07796702e-01  1.56940167e-01
9971  -4.24785256e-01  1.53998385e-01
9972  -4.41763529e-01  1.50973958e-01
9973  -4.58739378e-01  1.47902784e-01
9974  -4.75699922e-01  1.44784529e-01
9975  -4.92640773e-01  1.41583741e-01
9976  -5.09576456e-01  1.38308793e-01
9977  -5.26513648e-01  1.34999634e-01
9978  -5.43441518e-01  1.31664389e-01
9979  -5.60359486e-01  1.28272672e-01
9980  -5.77275325e-01  1.24861113e-01
9981  -5.94175150e-01  1.21405156e-01
9982  -6.11071730e-01  1.17889197e-01
9983  -6.27968312e-01  1.14378295e-01
9984  -6.44848693e-01  1.10803963e-01
9985  -6.61738581e-01  1.07215968e-01
9986  -6.78624346e-01  1.03633937e-01
9987  -6.95492080e-01  1.00012796e-01
9988  -7.12359296e-01  9.63405567e-02
9989  -7.29237057e-01  9.26842379e-02
9990  -7.46103207e-01  8.90203890e-02
9991  -7.62961245e-01  8.53186444e-02
9992  -7.79818325e-01  8.16078794e-02
9993  -7.96671791e-01  7.78641784e-02
9994  -8.13532978e-01  7.41308501e-02
9995  -8.30388376e-01  7.03965545e-02
9996  -8.47235460e-01  6.66437877e-02
9997  -8.64077315e-01  6.28655182e-02
9998  -8.80921947e-01  5.90690184e-02
9999  -8.97777141e-01  5.52833875e-02
10000  -9.14630627e-01  5.15277986e-02
10001  -9.31473542e-01  4.77387678e-02
10002  -9.54465562e-01  4.25823878e-02
10003  -9.71805913e-01  3.87173665e-02
10004  -9.89144719e-01  3.48604066e-02
10005  -1.00648076e+00  3.10079482e-02
10006  -1.02381987e+00  2.71400712e-02
10007  -1.04116929e+00  2.33125608e-02
10008  -1.05851071e+00  1.94802943e-02
10009  -1.07585923e+00  1.56474655e-02
10010  -1.09322092e+00  1.18485278e-02
10011  -1.11058390e+00  8.08433051e-03
10012  -1.12794372e+00  4.32010248e-03
10013  -1.14455805e+00  7.85205658e-04
10014  -2.95441493e-01  1.61569335e-01
10015  -2.95441252e-01  1.43489086e-01
10016  -2.95441011e-01  1.25408837e-01
10017  -2.95440770e-01  1.07328587e-01
10018  -2.95440529e-01  8.92483383e-02
10019  -2.95440288e-01  7.11680890e-02
10020  -2.95440048e-01  5.30878398e-02
10021  -2.95439807e-01  3.50075907e-02
10022  -2.95439566e-01  1.69273415e-02
10023  -2.95439325e-01  -1.15290771e-03
10024  -2.95439084e-01  -1.92331569e-02
10025  -2.95438843e-01  -3.73134061e-02
10026  -2.95438602e-01  -5.53936553e-02
10027  -2.95438361e-01  -7.34739045e-02
10028  -2.95438120e-01  -9.15541538e-02
10029  1.52592259e-01  1.53559480e-01
10030  1.52581702e-01  1.35682882e-01
10031  1.52571144e-01  1.17806284e-01
10032  1.52560587e-01  9.99296854e-02
10033  1.52550029e-01  8.20530875e-02
10034  1.52539472e-01  6.41764896e-02
10035  1.52528914e-01  4.62998916e-02
10036  1.52518357e-01  2.84232937e-02
10037  1.52507799e-01  1.05466957e-02
10038  1.52497242e-01  -7.32990207e-03
10039  1.52486685e-01  -2.52065002e-02
10040  1.52476127e-01  -4.30830981e-02
10041  1.52465570e-01  -6.09596960e-02
10042  1.52455012e-01  -7.88362940e-02
10043  1.52444455e-01  -9.67128919e-02
