1  3  0  -17.4713
270  5  0  -17.4872
539  1  0  -17.8903
808  5  0  165.547
2  3  0  -4.06397
271  5  0  -4.04957
540  1  0  -3.88856
809  5  0  -3.7116
3  3  0  -4.23051
272  5  0  -4.23064
541  1  0  -4.232
810  5  0  -4.23334
4  3  0  -5.50904
273  5  0  -5.50915
542  1  0  -5.51034
811  5  0  -5.51149
5  3  0  -7.2537
274  5  0  -7.25366
543  1  0  -7.25322
812  5  0  -7.2528
6  3  0  -8.84234
275  5  0  -8.84217
544  1  0  -8.84045
813  5  0  -8.83876
7  3  0  -9.53275
276  5  0  -9.53302
545  1  0  -9.53595
814  5  0  -9.53883
8  3  0  -11.5235
277  5  0  -11.5232
546  1  0  -11.5201
815  5  0  -11.5171
9  3  0  -12.0416
278  5  0  -12.0419
547  1  0  -12.0444
816  5  0  -12.0469
10  3  0  -13.8568
279  5  0  -13.8567
548  1  0  -13.8552
817  5  0  -13.8538
11  3  0  -15.0956
280  5  0  -15.0956
549  1  0  -15.0955
818  5  0  -15.0954
12  3  0  -16.2661
281  5  0  -16.2662
550  1  0  -16.267
819  5  0  -16.2679
13  3  0  -17.9415
282  5  0  -17.9414
551  1  0  -17.9399
820  5  0  -17.9384
14  3  0  -18.9566
283  5  0  -18.9565
552  1  0  -18.956
821  5  0  -18.9555
15  3  0  -19.6218
284  5  0  -19.6219
553  1  0  -19.6232
822  5  0  -19.6244
16  3  0  -20.9919
285  5  0  -20.9918
554  1  0  -20.9905
823  5  0  -20.9892
17  3  0  -21.5762
286  5  0  -21.5762
555  1  0  -21.5763
824  5  0  -21.5764
18  3  0  -22.2678
287  5  0  -22.2678
556  1  0  -22.2677
825  5  0  -22.2677
19  3  0  -22.906
288  5  0  -22.9061
557  1  0  -22.9066
826  5  0  -22.9071
20  3  0  -23.9101
289  5  0  -23.91
558  1  0  -23.9094
827  5  0  -23.9088
21  3  0  -24.4535
290  5  0  -24.4535
559  1  0  -24.4534
828  5  0  -24.4533
22  3  0  -24.8766
291  5  0  -24.8766
560  1  0  -24.8765
829  5  0  -24.8765
23  3  0  -25.2593
292  5  0  -25.2593
561  1  0  -25.2592
830  5  0  -25.2592
24  3  0  -25.6
293  5  0  -25.6
562  1  0  -25.5999
831  5  0  -25.5999
25  3  0  -25.8211
294  5  0  -25.8212
563  1  0  -25.8213
832  5  0  -25.8214
26  3  0  -26.2588
295  5  0  -26.2588
564  1  0  -26.2587
833  5  0  -26.2586
27  3  0  -26.5317
296  5  0  -26.5317
565  1  0  -26.5316
834  5  0  -26.5316
28  3  0  -26.6769
297  5  0  -26.6769
566  1  0  -26.6769
835  5  0  -26.6769
29  3  0  -26.7207
298  5  0  -26.7207
567  1  0  -26.7207
836  5  0  -26.7207
30  3  0  -26.711
299  5  0  -26.711
568  1  0  -26.711
837  5  0  -26.711
31  3  0  -26.6792
300  5  0  -26.6792
569  1  0  -26.6792
838  5  0  -26.6792
32  3  0  -26.7085
301  5  0  -26.7085
570  1  0  -26.7085
839  5  0  -26.7085
33  3  0  -26.7022
302  5  0  -26.7022
571  1  0  -26.7023
840  5  0  -26.7023
34  3  0  -26.5258
303  5  0  -26.5258
572  1  0  -26.5258
841  5  0  -26.5258
35  3  0  -26.3197
304  5  0  -26.3197
573  1  0  -26.3198
842  5  0  -26.3199
36  3  0  -25.9337
305  5  0  -25.9337
574  1  0  -25.9337
843  5  0  -25.9337
37  3  0  -25.512
306  5  0  -25.512
575  1  0  -25.512
844  5  0  -25.512
38  3  0  -25.0832
307  5  0  -25.0832
576  1  0  -25.0833
845  5  0  -25.0834
39  3  0  -24.5708
308  5  0  -24.5708
577  1  0  -24.5708
846  5  0  -24.5707
40  3  0  -24.0666
309  5  0  -24.0666
578  1  0  -24.0667
847  5  0  -24.0668
41  3  0  -23.4505
310  5  0  -23.4506
579  1  0  -23.451
848  5  0  -23.4514
42  3  0  -22.5294
311  5  0  -22.5294
580  1  0  -22.5295
849  5  0  -22.5296
43  3  0  -21.5373
312  5  0  -21.5373
581  1  0  -21.5372
850  5  0  -21.537
44  3  0  -20.6437
313  5  0  -20.6437
582  1  0  -20.6438
851  5  0  -20.644
45  3  0  -19.6673
314  5  0  -19.6674
583  1  0  -19.6678
852  5  0  -19.6683
46  3  0  -18.4443
315  5  0  -18.4443
584  1  0  -18.4442
853  5  0  -18.4442
47  3  0  -17.2458
316  5  0  -17.2458
585  1  0  -17.2455
854  5  0  -17.2452
48  3  0  -16.2064
317  5  0  -16.2065
586  1  0  -16.2066
855  5  0  -16.2067
49  3  0  -15.0891
318  5  0  -15.0891
587  1  0  -15.0898
856  5  0  -15.0904
50  3  0  -13.6855
319  5  0  -13.6855
588  1  0  -13.6851
857  5  0  -13.6847
51  3  0  -12.4407
320  5  0  -12.4407
589  1  0  -12.4408
858  5  0  -12.441
52  3  0  -11.1321
321  5  0  -11.1321
590  1  0  -11.1329
859  5  0  -11.1336
53  3  0  -9.53502
322  5  0  -9.53504
591  1  0  -9.90033
860  5  0  -10.2715
54  3  0  -7.85051
323  5  0  -7.78148
592  6  0  -7.70025
861  5  0  -7.67033
55  3  0  -6.55483
324  5  0  -6.46292
593  6  0  -6.26055
862  5  0  -6.12944
56  3  0  -5.17293
325  5  0  -5.17295
594  6  0  -5.17323
863  5  0  -5.1735
57  3  0  -3.67077
326  5  0  -3.67075
595  6  0  -3.67052
864  5  0  -3.67029
58  3  0  -2.26432
327  5  0  -2.26429
596  6  0  -2.26404
865  5  0  -2.26378
59  3  0  -0.971213
328  5  0  -0.971192
597  6  0  -0.970979
866  5  0  -0.970762
60  3  0  0.218048
329  5  0  0.217999
598  6  0  0.217493
867  5  0  0.216978
61  3  0  1.64112
330  5  0  1.64116
599  6  0  1.6416
868  5  0  1.64204
62  3  0  2.86609
331  5  0  2.86613
600  6  0  2.86659
869  5  0  2.86706
63  3  0  3.8363
332  5  0  3.83625
601  6  0  3.83572
870  5  0  3.83518
64  3  0  5.09532
333  5  0  5.0953
602  6  0  5.09511
871  5  0  5.09492
65  3  0  6.44329
334  5  0  6.4433
603  6  0  6.4435
872  5  0  6.4437
66  3  0  7.70697
335  5  0  7.76007
604  6  0  7.84228
873  5  0  7.88009
67  3  0  8.63898
336  5  0  8.71153
605  6  0  8.98545
874  5  0  9.38363
68  3  0  10.0729
337  5  0  10.0729
606  1  0  10.5397
875  5  0  11.0154
69  3  0  11.6346
338  5  0  11.6347
607  1  0  11.6357
876  5  0  11.6367
70  3  0  12.7619
339  5  0  12.7619
608  1  0  12.7621
877  5  0  12.7623
71  3  0  13.8014
340  5  0  13.8014
609  1  0  13.8013
878  5  0  13.8011
72  3  0  14.8951
341  5  0  14.895
610  1  0  14.8942
879  5  0  14.8934
73  3  0  16.3533
342  5  0  16.3533
611  1  0  16.353
880  5  0  16.3527
74  3  0  17.92
343  5  0  17.9201
612  1  0  17.9206
881  5  0  17.9211
75  3  0  19.2907
344  5  0  19.2907
613  1  0  19.2907
882  5  0  19.2908
76  3  0  20.6526
345  5  0  20.6525
614  1  0  20.6522
883  5  0  20.6518
77  3  0  22.1533
346  5  0  22.1533
615  1  0  22.1533
884  5  0  22.1533
78  3  0  23.6595
347  5  0  23.6594
616  1  0  23.658
885  5  0  23.6566
79  3  0  25.606
348  5  0  25.606
617  1  0  25.6057
886  5  0  25.6054
80  3  0  27.6442
349  5  0  27.6443
618  1  0  27.6453
887  5  0  27.6464
81  3  0  29.3713
350  5  0  29.3712
619  1  0  29.3696
888  5  0  29.3679
82  3  0  31.5755
351  5  0  31.5754
620  1  0  31.575
889  5  0  31.5746
83  3  0  33.8869
352  5  0  33.8869
621  1  0  33.8874
890  5  0  33.888
84  3  0  36.0649
353  5  0  36.0647
622  1  0  36.0626
891  5  0  36.0604
85  3  0  38.7428
354  5  0  38.743
623  1  0  38.7448
892  5  0  38.7466
86  3  0  41.0024
355  5  0  41.0022
624  1  0  40.9995
893  5  0  40.9967
87  3  0  43.8695
356  5  0  43.8693
625  1  0  43.8671
894  5  0  43.8647
88  3  0  47.1537
357  5  0  47.1541
626  1  0  47.1574
895  5  0  47.1609
89  3  0  49.7965
358  5  0  49.796
627  1  0  49.7911
896  5  0  49.786
90  3  0  53.3446
359  5  0  53.3444
628  1  0  53.3418
897  5  0  53.339
91  3  0  57.288
360  5  0  57.288
629  1  0  57.2875
898  5  0  57.287
92  3  0  61.2948
361  5  0  61.2947
630  1  0  61.2937
899  5  0  61.2927
93  3  0  65.4391
362  5  0  65.4393
631  1  0  65.4414
900  5  0  65.4436
94  3  0  69.2827
363  5  0  69.2809
632  1  0  69.2612
901  5  0  69.24
95  3  0  75.3642
364  5  0  75.3658
633  1  0  75.3833
902  5  0  75.4021
96  3  0  79.531
365  5  0  79.5312
634  1  0  79.5331
903  5  0  79.5352
97  3  0  83.4244
366  5  0  83.4252
635  1  0  83.4336
904  5  0  83.4425
98  3  0  85.7727
367  5  0  85.7673
636  1  0  85.7085
905  5  0  85.6451
99  3  0  94.2196
368  5  0  94.2254
637  1  0  94.29
906  5  0  94.3595
100  3  0  95.868
369  5  0  95.8676
638  1  0  95.8633
907  5  0  95.859
101  3  0  98.0617
370  5  0  98.061
639  1  0  98.0528
908  5  0  98.0442
102  3  0  101.807
371  5  0  101.806
640  1  0  101.794
909  5  0  101.781
103  3  0  107.008
372  5  0  107.009
641  1  0  107.02
910  5  0  107.032
104  3  0  110.856
373  5  0  110.856
642  1  0  110.853
911  5  0  110.851
105  3  0  115.021
374  5  0  115.022
643  1  0  115.026
912  5  0  115.031
106  3  0  118.524
375  5  0  118.524
644  1  0  118.524
913  5  0  118.523
107  3  0  122.079
376  5  0  122.079
645  1  0  122.079
914  5  0  122.078
108  3  0  125.732
377  5  0  125.732
646  1  0  125.734
915  5  0  125.737
109  3  0  128.998
378  5  0  128.999
647  1  0  128.999
916  5  0  129
110  3  0  132.149
379  5  0  132.149
648  1  0  132.149
917  5  0  132.148
111  3  0  135.38
380  5  0  135.38
649  1  0  135.38
918  5  0  135.38
112  3  0  138.644
381  5  0  138.645
650  1  0  138.647
919  5  0  138.65
113  3  0  141.467
382  5  0  141.467
651  1  0  141.468
920  5  0  141.47
114  3  0  144.022
383  5  0  144.022
652  1  0  144.022
921  5  0  144.022
115  3  0  146.519
384  5  0  146.519
653  1  0  146.517
922  5  0  146.516
116  3  0  149.343
385  5  0  149.344
654  1  0  149.345
923  5  0  149.346
117  3  0  151.9
386  5  0  151.9
655  1  0  151.902
924  5  0  151.905
118  3  0  153.967
387  5  0  153.967
656  1  0  153.966
925  5  0  153.966
119  3  0  156.208
388  5  0  156.208
657  1  0  156.208
926  5  0  156.209
120  3  0  158.332
389  5  0  158.332
658  1  0  158.334
927  5  0  158.335
121  3  0  160.111
390  5  0  160.111
659  1  0  160.11
928  5  0  160.11
122  3  0  161.982
391  5  0  161.982
660  1  0  161.981
929  5  0  161.981
123  3  0  163.908
392  5  0  163.908
661  1  0  163.908
930  5  0  163.909
124  3  0  165.615
393  5  0  165.615
662  1  0  165.616
931  5  0  165.616
125  3  0  167.142
394  5  0  167.142
663  1  0  167.142
932  5  0  167.142
126  3  0  168.664
395  5  0  168.664
664  1  0  168.664
933  5  0  168.664
127  3  0  170.2
396  5  0  170.2
665  1  0  170.2
934  5  0  170.2
128  3  0  171.7
397  5  0  171.7
666  1  0  171.701
935  5  0  171.701
129  3  0  173.041
398  5  0  173.041
667  1  0  173.041
936  5  0  173.041
130  3  0  174.217
399  5  0  174.217
668  1  0  173.745
937  5  0  173.265
131  3  0  175.373
400  5  0  175.266
669  6  0  174.912
938  5  0  174.493
132  3  0  176.788
401  5  0  176.71
670  6  0  176.596
939  5  0  176.545
133  3  0  177.883
402  5  0  177.883
671  6  0  177.883
940  5  0  177.882
134  3  0  179.156
403  5  0  179.156
672  6  0  179.156
941  5  0  179.157
135  3  0  -179.806
404  5  0  -179.806
673  6  0  -179.805
942  5  0  -179.805
136  3  0  -178.838
405  5  0  -178.838
674  6  0  -178.838
943  5  0  -178.838
137  3  0  -177.852
406  5  0  -177.852
675  6  0  -177.853
944  5  0  -177.853
138  3  0  -176.839
407  5  0  -176.839
676  6  0  -176.839
945  5  0  -176.839
139  3  0  -175.841
408  5  0  -175.841
677  6  0  -175.841
946  5  0  -175.841
140  3  0  -174.901
409  5  0  -174.901
678  6  0  -174.901
947  5  0  -174.901
141  3  0  -174.044
410  5  0  -174.044
679  6  0  -174.044
948  5  0  -174.044
142  3  0  -173.373
411  5  0  -173.373
680  6  0  -173.373
949  5  0  -173.373
143  3  0  -172.547
412  5  0  -172.606
681  6  0  -172.732
950  5  0  -172.808
144  3  0  -171.715
413  5  0  -171.759
682  6  0  -171.81
951  5  0  -171.828
145  3  0  -170.813
414  5  0  -170.813
683  1  0  -170.448
952  5  0  -170.079
146  3  0  -170.147
415  5  0  -170.147
684  1  0  -170.147
953  5  0  -170.147
147  3  0  -169.535
416  5  0  -169.535
685  1  0  -169.536
954  5  0  -169.536
148  3  0  -168.526
417  5  0  -168.526
686  1  0  -168.526
955  5  0  -168.525
149  3  0  -167.821
418  5  0  -167.821
687  1  0  -167.821
956  5  0  -167.821
150  3  0  -167.29
419  5  0  -167.29
688  1  0  -167.29
957  5  0  -167.29
151  3  0  -166.809
420  5  0  -166.809
689  1  0  -166.809
958  5  0  -166.809
152  3  0  -166.27
421  5  0  -166.27
690  1  0  -166.271
959  5  0  -166.271
153  3  0  -165.622
422  5  0  -165.622
691  1  0  -165.622
960  5  0  -165.622
154  3  0  -165.196
423  5  0  -165.196
692  1  0  -165.196
961  5  0  -165.196
155  3  0  -164.83
424  5  0  -164.83
693  1  0  -164.83
962  5  0  -164.83
156  3  0  -164.377
425  5  0  -164.377
694  1  0  -164.377
963  5  0  -164.377
157  3  0  -163.771
426  5  0  -163.771
695  1  0  -163.771
964  5  0  -163.77
158  3  0  -163.43
427  5  0  -163.43
696  1  0  -163.43
965  5  0  -163.43
159  3  0  -163.089
428  5  0  -163.089
697  1  0  -163.089
966  5  0  -163.089
160  3  0  -162.738
429  5  0  -162.738
698  1  0  -162.738
967  5  0  -162.738
161  3  0  -162.496
430  5  0  -162.496
699  1  0  -162.496
968  5  0  -162.496
162  3  0  -162.287
431  5  0  -162.287
700  1  0  -162.287
969  5  0  -162.287
163  3  0  -162.105
432  5  0  -162.105
701  1  0  -162.105
970  5  0  -162.105
164  3  0  -161.961
433  5  0  -161.961
702  1  0  -161.961
971  5  0  -161.961
165  3  0  -161.806
434  5  0  -161.806
703  1  0  -161.806
972  5  0  -161.806
166  3  0  -161.303
435  5  0  -161.303
704  1  0  -161.303
973  5  0  -161.302
167  3  0  -161.201
436  5  0  -161.201
705  1  0  -161.201
974  5  0  -161.201
168  3  0  -161.032
437  5  0  -161.032
706  1  0  -161.032
975  5  0  -161.032
169  3  0  -160.894
438  5  0  -160.894
707  1  0  -160.894
976  5  0  -160.894
170  3  0  -160.783
439  5  0  -160.783
708  1  0  -160.783
977  5  0  -160.783
171  3  0  -160.572
440  5  0  -160.572
709  1  0  -160.572
978  5  0  -160.572
172  3  0  -160.474
441  5  0  -160.474
710  1  0  -160.474
979  5  0  -160.474
173  3  0  -160.283
442  5  0  -160.283
711  1  0  -160.283
980  5  0  -160.283
174  3  0  -160.169
443  5  0  -160.169
712  1  0  -160.169
981  5  0  -160.169
175  3  0  -160.166
444  5  0  -160.166
713  1  0  -160.166
982  5  0  -160.166
176  3  0  -160.168
445  5  0  -160.168
714  1  0  -160.168
983  5  0  -160.168
177  3  0  -160.055
446  5  0  -160.055
715  1  0  -160.055
984  5  0  -160.055
178  3  0  -159.853
447  5  0  -159.853
716  1  0  -159.853
985  5  0  -159.853
179  3  0  -159.699
448  5  0  -159.699
717  1  0  -159.699
986  5  0  -159.699
180  3  0  -159.649
449  5  0  -159.649
718  1  0  -159.649
987  5  0  -159.649
181  3  0  -159.668
450  5  0  -159.668
719  1  0  -159.668
988  5  0  -159.668
182  3  0  -159.555
451  5  0  -159.555
720  1  0  -159.555
989  5  0  -159.555
183  3  0  -159.597
452  5  0  -159.597
721  1  0  -159.597
990  5  0  -159.597
184  3  0  -159.499
453  5  0  -159.499
722  1  0  -159.499
991  5  0  -159.499
185  3  0  -159.551
454  5  0  -159.551
723  1  0  -159.551
992  5  0  -159.551
186  3  0  -159.504
455  5  0  -159.504
724  1  0  -159.504
993  5  0  -159.504
187  3  0  -159.324
456  5  0  -159.324
725  1  0  -159.324
994  5  0  -159.324
188  3  0  -159.101
457  5  0  -159.101
726  1  0  -159.101
995  5  0  -159.101
189  3  0  -159.062
458  5  0  -159.062
727  1  0  -159.062
996  5  0  -159.062
190  3  0  -159.125
459  5  0  -159.125
728  1  0  -159.126
997  5  0  -159.126
191  3  0  -158.731
460  5  0  -158.731
729  1  0  -158.731
998  5  0  -158.731
192  3  0  -158.213
461  5  0  -158.213
730  1  0  -158.213
999  5  0  -158.213
193  3  0  -157.558
462  5  0  -157.558
731  1  0  -157.558
1000  5  0  -157.558
194  3  0  -156.696
463  5  0  -156.696
732  1  0  -156.697
1001  5  0  -156.698
195  3  0  -155.343
464  5  0  -155.344
733  1  0  -155.348
1002  5  0  -155.353
196  3  0  -152.707
465  5  0  -152.81
734  1  0  -154.074
1003  5  0  -155.787
197  3  0  -117.223
466  5  0  -117.158
735  1  0  -116.031
1004  5  0  -111.62
198  2  0  -89.9969
467  1  0  -89.9969
736  1  0  -89.9969
1005  2  0  -89.9969
199  2  0  -89.9969
468  1  0  -89.9969
737  1  0  -89.9969
1006  2  0  -89.9969
200  2  0  -89.9969
469  1  0  -89.9969
738  1  0  -89.9969
1007  2  0  -89.9969
201  2  0  -89.9969
470  1  0  -89.9969
739  1  0  -89.9969
1008  2  0  -89.9969
202  2  0  -89.9969
471  1  0  -89.9969
740  1  0  -89.9969
1009  2  0  -89.9969
203  2  0  -89.9969
472  1  0  -89.9969
741  1  0  -89.9969
1010  2  0  -89.9969
204  2  0  -89.9969
473  1  0  -89.9969
742  1  0  -89.9969
1011  2  0  -89.9969
205  2  0  -89.9969
474  1  0  -89.9969
743  1  0  -89.9969
1012  2  0  -89.9969
206  2  0  -89.9969
475  1  0  -89.9969
744  1  0  -89.9969
1013  2  0  -89.9969
207  2  0  -89.9969
476  1  0  -89.9969
745  1  0  -89.9969
1014  2  0  -89.9969
208  2  0  -89.9969
477  1  0  -89.9969
746  1  0  -89.9969
1015  2  0  -89.9969
209  2  0  -89.9969
478  1  0  -89.9969
747  1  0  -89.9969
1016  2  0  -89.9969
210  2  0  -89.9969
479  1  0  -89.9969
748  1  0  -89.9969
1017  2  0  -89.9969
211  2  0  -89.9969
480  1  0  -89.9969
749  1  0  -89.9969
1018  2  0  -89.9969
212  2  0  -89.9969
481  1  0  -89.9969
750  1  0  -89.9969
1019  2  0  -89.9969
213  2  0  -89.9969
482  1  0  -89.9969
751  1  0  -89.9969
1020  2  0  -89.9969
214  2  0  -89.9969
483  1  0  -89.9969
752  1  0  -89.9969
1021  2  0  -89.9969
215  2  0  -89.9969
484  1  0  -89.9969
753  1  0  -89.9969
1022  2  0  -89.9969
216  2  0  -89.9969
485  1  0  -89.9969
754  1  0  -89.9969
1023  2  0  -89.9969
217  2  0  -89.9969
486  1  0  -89.9969
755  1  0  -89.9969
1024  2  0  -89.9969
218  2  0  -89.9969
487  1  0  -89.9969
756  1  0  -89.9969
1025  2  0  -89.9969
219  2  0  -89.9969
488  1  0  -89.9969
757  1  0  -89.9969
1026  2  0  -89.9969
220  2  0  -89.9969
489  1  0  -89.9969
758  1  0  -89.9969
1027  2  0  -89.9969
221  2  0  -89.9969
490  1  0  -89.9969
759  1  0  -89.9969
1028  2  0  -89.9969
222  2  0  -89.9969
491  1  0  -89.9969
760  1  0  -89.9969
1029  2  0  -89.9969
223  2  0  -89.9969
492  1  0  -89.9969
761  1  0  -89.9969
1030  2  0  -89.9969
224  2  0  -89.9969
493  1  0  -89.9969
762  1  0  -89.9969
1031  2  0  -89.9969
225  2  0  -89.9969
494  1  0  -89.9969
763  1  0  -89.9969
1032  2  0  -89.9969
226  2  0  -89.9969
495  1  0  -89.9969
764  1  0  -89.9969
1033  2  0  -89.9969
227  2  0  -89.9969
496  1  0  -89.9969
765  1  0  -89.9969
1034  2  0  -89.9969
228  2  0  -89.9969
497  1  0  -89.9969
766  1  0  -89.9969
1035  2  0  -89.9969
229  2  0  -89.9969
498  1  0  -89.9969
767  1  0  -89.9969
1036  2  0  -89.9969
230  2  0  -89.9969
499  1  0  -89.9969
768  1  0  -89.9969
1037  2  0  -89.9969
231  2  0  -89.9969
500  1  0  -89.9969
769  1  0  -89.9969
1038  2  0  -89.9969
232  2  0  -89.9969
501  1  0  -89.9969
770  1  0  -89.9969
1039  2  0  -89.9969
233  2  0  -89.9969
502  1  0  -89.9969
771  1  0  -89.9969
1040  2  0  -89.9969
234  2  0  -89.9884
503  1  0  -89.9884
772  1  0  -89.9884
1041  2  0  -89.9884
235  2  0  -89.9884
504  1  0  -89.9884
773  1  0  -89.9884
1042  2  0  -89.9884
236  2  0  -89.9884
505  1  0  -89.9884
774  1  0  -89.9884
1043  2  0  -89.9884
237  2  0  -89.9884
506  1  0  -89.9884
775  1  0  -89.9884
1044  2  0  -89.9884
238  2  0  -89.9884
507  1  0  -89.9884
776  1  0  -89.9884
1045  2  0  -89.9884
239  2  0  -89.9884
508  1  0  -89.9884
777  1  0  -89.9884
1046  2  0  -89.9884
240  2  0  -89.9884
509  1  0  -89.9884
778  1  0  -89.9884
1047  2  0  -89.9884
241  2  0  -89.9884
510  1  0  -89.9884
779  1  0  -89.9884
1048  2  0  -89.9884
242  2  0  -89.9884
511  1  0  -89.9884
780  1  0  -89.9884
1049  2  0  -89.9884
243  2  0  -89.9884
512  1  0  -89.9884
781  1  0  -89.9884
1050  2  0  -89.9884
244  2  0  -89.9884
513  1  0  -89.9884
782  1  0  -89.9884
1051  2  0  -89.9884
245  2  0  -89.9884
514  1  0  -89.9884
783  1  0  -89.9884
1052  2  0  -89.9884
246  2  0  -89.9884
515  1  0  -89.9884
784  1  0  -89.9884
1053  2  0  -89.9884
247  2  0  -89.9884
516  1  0  -89.9884
785  1  0  -89.9884
1054  2  0  -89.9884
248  2  0  -89.9884
517  1  0  -89.9884
786  1  0  -89.9884
1055  2  0  -89.9884
249  2  0  -89.9884
518  1  0  -89.9884
787  1  0  -89.9884
1056  2  0  -89.9884
250  2  0  -89.9884
519  1  0  -89.9884
788  1  0  -89.9884
1057  2  0  -89.9884
251  2  0  -89.9884
520  1  0  -89.9884
789  1  0  -89.9884
1058  2  0  -89.9884
252  2  0  -89.9884
521  1  0  -89.9884
790  1  0  -89.9884
1059  2  0  -89.9884
253  2  0  -89.9884
522  1  0  -89.9884
791  1  0  -89.9884
1060  2  0  -89.9884
254  2  0  -89.9884
523  1  0  -89.9884
792  1  0  -89.9884
1061  2  0  -89.9884
255  2  0  -89.9884
524  1  0  -89.9884
793  1  0  -89.9884
1062  2  0  -89.9884
256  2  0  -89.9884
525  1  0  -89.9884
794  1  0  -89.9884
1063  2  0  -89.9884
257  2  0  -89.9884
526  1  0  -89.9884
795  1  0  -89.9884
1064  2  0  -89.9884
258  2  0  -89.9884
527  1  0  -89.9884
796  1  0  -89.9884
1065  2  0  -89.9884
259  2  0  -89.9884
528  1  0  -89.9884
797  1  0  -89.9884
1066  2  0  -89.9884
260  2  0  -89.9884
529  1  0  -89.9884
798  1  0  -89.9884
1067  2  0  -89.9884
261  2  0  -89.9884
530  1  0  -89.9884
799  1  0  -89.9884
1068  2  0  -89.9884
262  2  0  -89.9884
531  1  0  -89.9884
800  1  0  -89.9884
1069  2  0  -89.9884
263  2  0  -89.9884
532  1  0  -89.9884
801  1  0  -89.9884
1070  2  0  -89.9884
264  2  0  -89.9884
533  1  0  -89.9884
802  1  0  -89.9884
1071  2  0  -89.9884
265  2  0  -89.9884
534  1  0  -89.9884
803  1  0  -89.9884
1072  2  0  -89.9884
266  2  0  -89.9884
535  1  0  -89.9884
804  1  0  -89.9884
1073  2  0  -89.9884
267  2  0  -89.9884
536  1  0  -89.9884
805  1  0  -89.9884
1074  2  0  -89.9884
268  2  0  -89.9884
537  1  0  -89.9884
806  1  0  -89.9884
1075  2  0  -89.9884
269  2  0  -89.9884
538  1  0  -89.9884
807  1  0  -89.9884
1076  2  0  -89.9884
