1  -1.35140000e+00  -5.62036720e-03
2  -1.33127849e+00  -2.33607553e-03
3  -1.31112007e+00  7.10663244e-04
4  -1.29092475e+00  3.50495379e-03
5  -1.27069047e+00  6.00149174e-03
6  -1.25043463e+00  8.31665726e-03
7  -1.23013522e+00  1.02100048e-02
8  -1.20981049e+00  1.18098904e-02
9  -1.18945680e+00  1.29779695e-02
10  -1.16908357e+00  1.37424216e-02
11  -1.14870000e+00  1.41102450e-02
12  -1.12026698e+00  1.38646250e-02
13  -1.09970306e+00  1.32670315e-02
14  -1.07915447e+00  1.22472234e-02
15  -1.05862292e+00  1.09338752e-02
16  -1.03812840e+00  9.14011219e-03
17  -1.01766273e+00  7.03152537e-03
18  -9.97237026e-01  4.57649904e-03
19  -9.76860099e-01  1.73757560e-03
20  -9.56525732e-01  -1.39113532e-03
21  -9.36243674e-01  -4.84240817e-03
22  -9.16024561e-01  -8.64638254e-03
23  -8.95857239e-01  -1.27168072e-02
24  -8.75740611e-01  -1.70310757e-02
25  -8.55673843e-01  -2.15709767e-02
26  -8.35664347e-01  -2.63558346e-02
27  -8.15702008e-01  -3.13353827e-02
28  -7.95766119e-01  -3.64199678e-02
29  -7.75882924e-01  -4.17067495e-02
30  -7.56042779e-01  -4.71523277e-02
31  -7.36227887e-01  -5.26896420e-02
32  -7.16428815e-01  -5.82833569e-02
33  -6.96649194e-01  -6.39454688e-02
34  -6.76888955e-01  -6.96747535e-02
35  -6.57138850e-01  -7.54389654e-02
36  -6.37394347e-01  -8.12223537e-02
37  -6.17647697e-01  -8.69984018e-02
38  -5.97897558e-01  -9.27625084e-02
39  -5.78141130e-01  -9.85049615e-02
40  -5.58370144e-01  -1.04197141e-01
41  -5.38570160e-01  -1.09787531e-01
42  -5.18751584e-01  -1.15311537e-01
43  -4.98913504e-01  -1.20765256e-01
44  -4.79045826e-01  -1.26110108e-01
45  -4.59142594e-01  -1.31320317e-01
46  -4.39210902e-01  -1.36421182e-01
47  -4.19249790e-01  -1.41405855e-01
48  -3.99247836e-01  -1.46223559e-01
49  -3.79221087e-01  -1.50937067e-01
50  -3.59167159e-01  -1.55533925e-01
51  -3.31200000e-01  -1.61582159e-01
52  -3.10847311e-01  -1.65693035e-01
53  -2.90460763e-01  -1.69630431e-01
54  -2.70040285e-01  -1.73389648e-01
55  -2.49578416e-01  -1.76917369e-01
56  -2.29080902e-01  -1.80229887e-01
57  -2.08550126e-01  -1.83327090e-01
58  -1.87982080e-01  -1.86171001e-01
59  -1.67384231e-01  -1.88790169e-01
60  -1.46754559e-01  -1.91139274e-01
61  -1.26101956e-01  -1.93282937e-01
62  -1.05432591e-01  -1.95260308e-01
63  -8.47357064e-02  -1.96923899e-01
64  -6.40232798e-02  -1.98377064e-01
65  -4.32960440e-02  -1.99597863e-01
66  -2.25540802e-02  -2.00547269e-01
67  -1.80135554e-03  -2.01222713e-01
68  1.89576341e-02  -2.01654244e-01
69  3.97199387e-02  -2.01830772e-01
70  6.04828975e-02  -2.01730361e-01
71  8.12429457e-02  -2.01339146e-01
72  1.01994878e-01  -2.00639765e-01
73  1.22735144e-01  -1.99658934e-01
74  1.43460680e-01  -1.98407865e-01
75  1.64167394e-01  -1.96877472e-01
76  1.84849414e-01  -1.95044872e-01
77  2.05500000e-01  -1.92881047e-01
78  2.29031820e-01  -1.90021854e-01
79  2.49910557e-01  -1.87144729e-01
80  2.70736014e-01  -1.83904137e-01
81  2.91513261e-01  -1.80367679e-01
82  3.12217831e-01  -1.76428762e-01
83  3.32858000e-01  -1.72165176e-01
84  3.53422632e-01  -1.67551098e-01
85  3.73896639e-01  -1.62550298e-01
86  3.94251092e-01  -1.57083454e-01
87  4.14498052e-01  -1.51232080e-01
88  4.34607320e-01  -1.44923623e-01
89  4.54576297e-01  -1.38185955e-01
90  4.77000000e-01  -1.30034918e-01
91  4.96962897e-01  -1.22002070e-01
92  5.16692298e-01  -1.13415680e-01
93  5.36065621e-01  -1.04053568e-01
94  5.54986039e-01  -9.38067293e-02
95  5.73207102e-01  -8.23713695e-02
96  5.90592031e-01  -6.97017142e-02
97  6.06812511e-01  -5.55751829e-02
98  6.21280822e-01  -3.96832430e-02
99  6.31849632e-01  -2.10220804e-02
100  6.36000000e-01  0.00000000e+00
101  6.33008426e-01  1.98054973e-02
102  6.24011282e-01  3.76639553e-02
103  6.11389448e-01  5.32460808e-02
104  5.96843678e-01  6.70672943e-02
105  5.81143991e-01  7.95695977e-02
106  5.64791412e-01  9.12088242e-02
107  5.47984701e-01  1.02184939e-01
108  5.30680730e-01  1.12357261e-01
109  5.13034930e-01  1.21925113e-01
110  4.95112705e-01  1.30966210e-01
111  4.77000000e-01  1.39620427e-01
112  4.54713632e-01  1.49384563e-01
113  4.34836052e-01  1.57505063e-01
114  4.14796094e-01  1.65217772e-01
115  3.94614275e-01  1.72551474e-01
116  3.74295461e-01  1.79497049e-01
117  3.53844002e-01  1.86042214e-01
118  3.33284130e-01  1.92238564e-01
119  3.12641495e-01  1.98152931e-01
120  2.91888710e-01  2.03668836e-01
121  2.71060947e-01  2.08894659e-01
122  2.50127474e-01  2.13679422e-01
123  2.29163365e-01  2.18328281e-01
124  2.05500000e-01  2.23070040e-01
125  1.85117574e-01  2.26911073e-01
126  1.64675496e-01  2.30415813e-01
127  1.44185536e-01  2.33631498e-01
128  1.23658522e-01  2.36602242e-01
129  1.03098234e-01  2.39334323e-01
130  8.25046375e-02  2.41804537e-01
131  6.18722974e-02  2.43925596e-01
132  4.12145621e-02  2.45778384e-01
133  2.05337257e-02  2.47349381e-01
134  -1.67018667e-04  2.48641901e-01
135  -2.08812785e-02  2.49699100e-01
136  -4.16116482e-02  2.50360851e-01
137  -6.23482602e-02  2.50774825e-01
138  -8.30881606e-02  2.50944961e-01
139  -1.03829018e-01  2.50821333e-01
140  -1.24564953e-01  2.50355668e-01
141  -1.45294070e-01  2.49661361e-01
142  -1.66014097e-01  2.48736306e-01
143  -1.86721191e-01  2.47546907e-01
144  -2.07413315e-01  2.46120949e-01
145  -2.28091964e-01  2.44515821e-01
146  -2.48755276e-01  2.42723415e-01
147  -2.69395362e-01  2.40677620e-01
148  -2.90019391e-01  2.38476466e-01
149  -3.10621471e-01  2.36083498e-01
150  -3.31200000e-01  2.33490856e-01
151  -3.59899680e-01  2.29601639e-01
152  -3.80705913e-01  2.26532416e-01
153  -4.01495305e-01  2.23351436e-01
154  -4.22267797e-01  2.20062237e-01
155  -4.43019167e-01  2.16641655e-01
156  -4.63749713e-01  2.13096917e-01
157  -4.84462595e-01  2.09450837e-01
158  -5.05162878e-01  2.05733519e-01
159  -5.25853258e-01  2.01961386e-01
160  -5.46517104e-01  1.98046740e-01
161  -5.67155791e-01  1.94002069e-01
162  -5.87776905e-01  1.89868025e-01
163  -6.08391836e-01  1.85703301e-01
164  -6.28981515e-01  1.81415564e-01
165  -6.49565623e-01  1.77101020e-01
166  -6.70139234e-01  1.72737052e-01
167  -6.90685323e-01  1.68244940e-01
168  -7.11236098e-01  1.63774325e-01
169  -7.31762453e-01  1.59193402e-01
170  -7.52281289e-01  1.54578467e-01
171  -7.72806836e-01  1.49993459e-01
172  -7.93315784e-01  1.45334719e-01
173  -8.13803244e-01  1.40582459e-01
174  -8.34299750e-01  1.35869400e-01
175  -8.54791700e-01  1.31136708e-01
176  -8.75265964e-01  1.26327827e-01
177  -8.95736034e-01  1.21501140e-01
178  -9.16187976e-01  1.16598222e-01
179  -9.36645607e-01  1.11719078e-01
180  -9.57099459e-01  1.06824112e-01
181  -9.77539119e-01  1.01870310e-01
182  -9.97963397e-01  9.68534300e-02
183  -1.01837608e+00  9.17895608e-02
184  -1.03879513e+00  8.67515921e-02
185  -1.05921732e+00  8.17263002e-02
186  -1.07962305e+00  7.66344702e-02
187  -1.10002939e+00  7.15450609e-02
188  -1.12043655e+00  6.64589480e-02
189  -1.14870000e+00  5.93879387e-02
190  -1.16903780e+00  5.42668790e-02
191  -1.18936533e+00  4.91051171e-02
192  -1.20968776e+00  4.39232766e-02
193  -1.22999887e+00  3.86973567e-02
194  -1.25029016e+00  3.33949550e-02
195  -1.27057717e+00  2.80761274e-02
196  -1.29085995e+00  2.27413324e-02
197  -1.31110087e+00  1.72498738e-02
198  -1.33129523e+00  1.15911809e-02
199  -3.10633357e-01  2.14937365e-01
200  -3.10645244e-01  1.93791231e-01
201  -3.10657130e-01  1.72645098e-01
202  -3.10669016e-01  1.51498965e-01
203  -3.10680902e-01  1.30352831e-01
204  -3.10692789e-01  1.09206698e-01
205  -3.10704675e-01  8.80605647e-02
206  -3.10716561e-01  6.69144313e-02
207  -3.10728448e-01  4.57682980e-02
208  -3.10740334e-01  2.46221647e-02
209  -3.10752220e-01  3.47603136e-03
210  -3.10764107e-01  -1.76701020e-02
211  -3.10775993e-01  -3.88162353e-02
212  -3.10787879e-01  -5.99623686e-02
213  -3.10799765e-01  -8.11085020e-02
214  -3.10811652e-01  -1.02254635e-01
215  -3.10823538e-01  -1.23400769e-01
216  -3.10835424e-01  -1.44546902e-01
217  1.85104166e-01  2.05813275e-01
218  1.85090758e-01  1.84715478e-01
219  1.85077350e-01  1.63617681e-01
220  1.85063942e-01  1.42519884e-01
221  1.85050534e-01  1.21422087e-01
222  1.85037126e-01  1.00324289e-01
223  1.85023718e-01  7.92264920e-02
224  1.85010310e-01  5.81286948e-02
225  1.84996902e-01  3.70308975e-02
226  1.84983494e-01  1.59331003e-02
227  1.84970086e-01  -5.16469694e-03
228  1.84956678e-01  -2.62624942e-02
229  1.84943270e-01  -4.73602914e-02
230  1.84929862e-01  -6.84580887e-02
231  1.84916454e-01  -8.95558859e-02
232  1.84903046e-01  -1.10653683e-01
233  1.84889638e-01  -1.31751480e-01
234  1.84876230e-01  -1.52849278e-01
235  1.84862822e-01  -1.73947075e-01
2471  -1.34971886e+00  -4.83934931e-03
2472  -1.33135612e+00  -1.84213946e-03
2473  -1.31119170e+00  1.20550631e-03
2474  -1.29098963e+00  4.00072658e-03
2475  -1.27074947e+00  6.49799817e-03
2476  -1.25048624e+00  8.81398664e-03
2477  -1.23017806e+00  1.07081665e-02
2478  -1.20984443e+00  1.23087369e-02
2479  -1.18948050e+00  1.34774075e-02
2480  -1.16909746e+00  1.42422288e-02
2481  -1.14870235e+00  1.46102395e-02
2482  -1.12025756e+00  1.43645362e-02
2483  -1.09968340e+00  1.37666450e-02
2484  -1.07912612e+00  1.27464189e-02
2485  -1.05858516e+00  1.14324474e-02
2486  -1.03808098e+00  9.63785835e-03
2487  -1.01760727e+00  7.52844032e-03
2488  -9.97172693e-01  5.07234299e-03
2489  -9.76787582e-01  2.23228891e-03
2490  -9.56445773e-01  -8.97570177e-04
2491  -9.36155509e-01  -4.35024260e-03
2492  -9.15928875e-01  -8.15562381e-03
2493  -8.95755353e-01  -1.22272981e-02
2494  -8.75633020e-01  -1.65427887e-02
2495  -8.55560532e-01  -2.10839853e-02
2496  -8.35545695e-01  -2.58701169e-02
2497  -8.15579716e-01  -3.08505686e-02
2498  -7.95640093e-01  -3.59361111e-02
2499  -7.75752511e-01  -4.12240566e-02
2500  -7.55909323e-01  -4.66704674e-02
2501  -7.36092631e-01  -5.22082836e-02
2502  -7.16292043e-01  -5.78024272e-02
2503  -6.96510774e-01  -6.34650107e-02
2504  -6.76749295e-01  -6.91946545e-02
2505  -6.56998533e-01  -7.49590581e-02
2506  -6.37253886e-01  -8.07424884e-02
2507  -6.17507470e-01  -8.65184680e-02
2508  -5.97757739e-01  -9.22824556e-02
2509  -5.78002185e-01  -9.80246550e-02
2510  -5.58233047e-01  -1.03716304e-01
2511  -5.38435106e-01  -1.09306116e-01
2512  -5.18618191e-01  -1.14829659e-01
2513  -4.98782288e-01  -1.20282781e-01
2514  -4.78917568e-01  -1.25626838e-01
2515  -4.59017301e-01  -1.30836270e-01
2516  -4.39088350e-01  -1.35936434e-01
2517  -4.19130678e-01  -1.40920250e-01
2518  -3.99132019e-01  -1.45737157e-01
2519  -3.79107954e-01  -1.50450034e-01
2520  -3.59058456e-01  -1.55045884e-01
2521  -3.31097658e-01  -1.61092745e-01
2522  -3.09347191e-01  -1.65479729e-01
2523  -2.90368092e-01  -1.69139094e-01
2524  -2.69952547e-01  -1.72897406e-01
2525  -2.49496056e-01  -1.76424199e-01
2526  -2.29003725e-01  -1.79735879e-01
2527  -2.08478591e-01  -1.82832234e-01
2528  -1.87916302e-01  -1.85675347e-01
2529  -1.67324410e-01  -1.88293761e-01
2530  -1.46700463e-01  -1.90642209e-01
2531  -1.26052337e-01  -1.92785405e-01
2532  -1.05388752e-01  -1.94762234e-01
2533  -8.46981790e-02  -1.96425309e-01
2534  -6.39910834e-02  -1.97878102e-01
2535  -4.32699132e-02  -1.99098546e-01
2536  -2.25345162e-02  -2.00047652e-01
2537  -1.78802701e-03  -2.00722891e-01
2538  1.89649555e-02  -2.01154298e-01
2539  3.97208552e-02  -2.01330773e-01
2540  6.04769780e-02  -2.01230396e-01
2541  8.12298143e-02  -2.00839318e-01
2542  1.01974647e-01  -2.00140174e-01
2543  1.22708270e-01  -1.99159657e-01
2544  1.43427189e-01  -1.97908988e-01
2545  1.64126901e-01  -1.96379114e-01
2546  1.86349826e-01  -1.94397466e-01
2547  2.05443791e-01  -1.92384216e-01
2548  2.28967536e-01  -1.89526004e-01
2549  2.49837987e-01  -1.86650023e-01
2550  2.70655624e-01  -1.83410642e-01
2551  2.91424585e-01  -1.79875605e-01
2552  3.12120531e-01  -1.75938321e-01
2553  3.32752690e-01  -1.71676392e-01
2554  3.53308576e-01  -1.67064280e-01
2555  3.73772465e-01  -1.62065963e-01
2556  3.94116829e-01  -1.56601818e-01
2557  4.14353802e-01  -1.50753340e-01
2558  4.34452555e-01  -1.44448178e-01
2559  4.54410953e-01  -1.37714085e-01
2560  4.76821242e-01  -1.29567965e-01
2561  4.96769790e-01  -1.21540866e-01
2562  5.16483717e-01  -1.12961264e-01
2563  5.35837728e-01  -1.03608523e-01
2564  5.54733960e-01  -9.33749234e-02
2565  5.72926799e-01  -8.19573283e-02
2566  5.90280308e-01  -6.93107808e-02
2567  6.06462874e-01  -5.52177559e-02
2568  6.20875905e-01  -3.93899137e-02
2569  6.31380829e-01  -2.08482304e-02
2570  6.35492603e-01  1.14203368e-05
2571  6.32532001e-01  1.96537777e-02
2572  6.23591347e-01  3.73925613e-02
2573  6.11022202e-01  5.29067724e-02
2574  5.96515423e-01  6.66901360e-02
2575  5.80843175e-01  7.91702110e-02
2576  5.64509686e-01  9.07957498e-02
2577  5.47721233e-01  1.01759986e-01
2578  5.30434834e-01  1.11921905e-01
2579  5.12803141e-01  1.21482085e-01
2580  4.94892314e-01  1.30517403e-01
2581  4.76791869e-01  1.39165805e-01
2582  4.54518746e-01  1.48924107e-01
2583  4.34651700e-01  1.57040289e-01
2584  4.14620908e-01  1.64749467e-01
2585  3.94448021e-01  1.72079924e-01
2586  3.74138389e-01  1.79022361e-01
2587  3.53695655e-01  1.85564728e-01
2588  3.33143129e-01  1.91758857e-01
2589  3.12508413e-01  1.97670967e-01
2590  2.91763648e-01  2.03184729e-01
2591  2.70944394e-01  2.08408433e-01
2592  2.50017644e-01  2.13191634e-01
2593  2.29060117e-01  2.17839057e-01
2594  2.05404582e-01  2.22579229e-01
2595  1.86617080e-01  2.26133229e-01
2596  1.64594488e-01  2.29922419e-01
2597  1.44110966e-01  2.33137090e-01
2598  1.23589782e-01  2.36106990e-01
2599  1.03035528e-01  2.38838271e-01
2600  8.24492954e-02  2.41307609e-01
2601  6.18243977e-02  2.43427896e-01
2602  4.11732919e-02  2.45280090e-01
2603  2.04992093e-02  2.46850574e-01
2604  -1.95341098e-04  2.48142704e-01
2605  -2.09019986e-02  2.49199530e-01
2606  -4.16246147e-02  2.49861019e-01
2607  -6.23553009e-02  2.50274875e-01
2608  -8.30887213e-02  2.50444961e-01
2609  -1.03821915e-01  2.50321383e-01
2610  -1.24550971e-01  2.49855864e-01
2611  -1.45274551e-01  2.49161742e-01
2612  -1.65988610e-01  2.48236956e-01
2613  -1.86689667e-01  2.47047902e-01
2614  -2.07376780e-01  2.45622286e-01
2615  -2.28051011e-01  2.44017501e-01
2616  -2.48709012e-01  2.42225560e-01
2617  -2.69344172e-01  2.40180247e-01
2618  -2.89964015e-01  2.37979542e-01
2619  -3.09121652e-01  2.35761425e-01
2620  -3.31135178e-01  2.32995076e-01
2621  -3.59829623e-01  2.29106571e-01
2622  -3.80631617e-01  2.26037967e-01
2623  -4.01418393e-01  2.22857387e-01
2624  -4.22188037e-01  2.19568640e-01
2625  -4.42936370e-01  2.16148558e-01
2626  -4.63664236e-01  2.12604278e-01
2627  -4.84375066e-01  2.08958558e-01
2628  -5.05073851e-01  2.05241509e-01
2629  -5.25761885e-01  2.01469806e-01
2630  -5.46422491e-01  1.97555773e-01
2631  -5.67058570e-01  1.93511612e-01
2632  -5.87678258e-01  1.89377853e-01
2633  -6.08291361e-01  1.85213500e-01
2634  -6.28879260e-01  1.80926132e-01
2635  -6.49462461e-01  1.76611778e-01
2636  -6.70033961e-01  1.72248260e-01
2637  -6.90578783e-01  1.67756423e-01
2638  -7.11128502e-01  1.63286039e-01
2639  -7.31653142e-01  1.58705497e-01
2640  -7.52171929e-01  1.54090573e-01
2641  -7.72696956e-01  1.49505682e-01
2642  -7.93203915e-01  1.44847394e-01
2643  -8.13690730e-01  1.40095283e-01
2644  -8.34187468e-01  1.35382170e-01
2645  -8.54678279e-01  1.30649742e-01
2646  -8.75151426e-01  1.25841123e-01
2647  -8.95620378e-01  1.21014700e-01
2648  -9.16071697e-01  1.16111931e-01
2649  -9.36529422e-01  1.11232764e-01
2650  -9.56982387e-01  1.06338011e-01
2651  -9.77420598e-01  1.01384560e-01
2652  -9.97843567e-01  9.63680015e-02
2653  -1.01825600e+00  9.13041943e-02
2654  -1.03867551e+00  8.62661124e-02
2655  -1.05909706e+00  8.12409787e-02
2656  -1.07950203e+00  7.61493381e-02
2657  -1.09990843e+00  7.10599118e-02
2658  -1.12031542e+00  6.59738433e-02
2659  -1.14857828e+00  5.89029807e-02
2660  -1.16891523e+00  5.37821362e-02
2661  -1.18924203e+00  4.86205581e-02
2662  -1.20956370e+00  4.34389129e-02
2663  -1.22987337e+00  3.82133634e-02
2664  -1.25016355e+00  3.29112501e-02
2665  -1.27045018e+00  2.75925238e-02
2666  -1.29073090e+00  2.22582741e-02
2667  -1.31096795e+00  1.67678640e-02
2668  -1.33105965e+00  1.11501587e-02
2669  -3.09133357e-01  2.14936522e-01
2670  -3.09145244e-01  1.93790388e-01
2671  -3.09157130e-01  1.72644255e-01
2672  -3.09169016e-01  1.51498122e-01
2673  -3.09180902e-01  1.30351988e-01
2674  -3.09192789e-01  1.09205855e-01
2675  -3.09204675e-01  8.80597216e-02
2676  -3.09216561e-01  6.69135881e-02
2677  -3.09228448e-01  4.57674548e-02
2678  -3.09240334e-01  2.46213216e-02
2679  -3.09252220e-01  3.47518819e-03
2680  -3.09264107e-01  -1.76709452e-02
2681  -3.09275993e-01  -3.88170784e-02
2682  -3.09287879e-01  -5.99632117e-02
2683  -3.09299765e-01  -8.11093452e-02
2684  -3.09311652e-01  -1.02255478e-01
2685  -3.09323538e-01  -1.23401612e-01
2686  -3.09335424e-01  -1.44547745e-01
2687  1.86604166e-01  2.05812322e-01
2688  1.86590758e-01  1.84714525e-01
2689  1.86577350e-01  1.63616728e-01
2690  1.86563942e-01  1.42518931e-01
2691  1.86550534e-01  1.21421134e-01
2692  1.86537126e-01  1.00323336e-01
2693  1.86523718e-01  7.92255387e-02
2694  1.86510310e-01  5.81277415e-02
2695  1.86496902e-01  3.70299442e-02
2696  1.86483494e-01  1.59321470e-02
2697  1.86470086e-01  -5.16565021e-03
2698  1.86456678e-01  -2.62634475e-02
2699  1.86443270e-01  -4.73612447e-02
2700  1.86429862e-01  -6.84590420e-02
2701  1.86416454e-01  -8.95568392e-02
2702  1.86403046e-01  -1.10654636e-01
2703  1.86389638e-01  -1.31752433e-01
2704  1.86376230e-01  -1.52850231e-01
2705  1.86362822e-01  -1.73948028e-01
4941  -1.34131314e+00  -9.34259889e-04
4942  -1.33174430e+00  6.27540898e-04
4943  -1.31154983e+00  3.67972162e-03
4944  -1.29131403e+00  6.47959054e-03
4945  -1.27104449e+00  8.98053033e-03
4946  -1.25074428e+00  1.13006335e-02
4947  -1.23039224e+00  1.31989747e-02
4948  -1.21001415e+00  1.48029693e-02
4949  -1.18959899e+00  1.59745978e-02
4950  -1.16916688e+00  1.67412646e-02
4951  -1.14871411e+00  1.71102118e-02
4952  -1.12021045e+00  1.68640923e-02
4953  -1.09958513e+00  1.62647127e-02
4954  -1.07898436e+00  1.52423965e-02
4955  -1.05839636e+00  1.39253083e-02
4956  -1.03784387e+00  1.21265892e-02
4957  -1.01732999e+00  1.00130151e-02
4958  -9.96851026e-01  7.55156276e-03
4959  -9.76424996e-01  4.70585545e-03
4960  -9.56045978e-01  1.57025554e-03
4961  -9.35714685e-01  -1.88941474e-03
4962  -9.15450443e-01  -5.70183018e-03
4963  -8.95245921e-01  -9.77975249e-03
4964  -8.75095064e-01  -1.41013539e-02
4965  -8.54993977e-01  -1.86490282e-02
4966  -8.34952434e-01  -2.34415285e-02
4967  -8.14968256e-01  -2.84264983e-02
4968  -7.95009961e-01  -3.35168274e-02
4969  -7.75100447e-01  -3.88105918e-02
4970  -7.55242040e-01  -4.42611657e-02
4971  -7.35416353e-01  -4.98014917e-02
4972  -7.15608182e-01  -5.53977786e-02
4973  -6.95818677e-01  -6.10627199e-02
4974  -6.76050995e-01  -6.67941594e-02
4975  -6.56296946e-01  -7.25595214e-02
4976  -6.36551580e-01  -7.83431621e-02
4977  -6.16806336e-01  -8.41187991e-02
4978  -5.97058646e-01  -8.98821913e-02
4979  -5.77307461e-01  -9.56231224e-02
4980  -5.57547560e-01  -1.01312119e-01
4981  -5.37759837e-01  -1.06899041e-01
4982  -5.17951226e-01  -1.12420270e-01
4983  -4.98126206e-01  -1.17870405e-01
4984  -4.78276277e-01  -1.23210488e-01
4985  -4.58390835e-01  -1.28416034e-01
4986  -4.38475589e-01  -1.33512692e-01
4987  -4.18535118e-01  -1.38492224e-01
4988  -3.98552935e-01  -1.43305150e-01
4989  -3.78542288e-01  -1.48014871e-01
4990  -3.58514938e-01  -1.52605682e-01
4991  -3.30585947e-01  -1.58645675e-01
4992  -3.01501628e-01  -1.64481346e-01
4993  -2.89904736e-01  -1.66682409e-01
4994  -2.69513857e-01  -1.70436197e-01
4995  -2.49084258e-01  -1.73958348e-01
4996  -2.28617838e-01  -1.77265840e-01
4997  -2.08120917e-01  -1.80357952e-01
4998  -1.87587414e-01  -1.83197075e-01
4999  -1.67025302e-01  -1.85811718e-01
5000  -1.46429984e-01  -1.88156884e-01
5001  -1.25804243e-01  -1.90297746e-01
5002  -1.05169555e-01  -1.92271862e-01
5003  -8.45105423e-02  -1.93932361e-01
5004  -6.38301016e-02  -1.95383290e-01
5005  -4.31392595e-02  -1.96601963e-01
5006  -2.24366961e-02  -1.97549566e-01
5007  -1.72138436e-03  -1.98223779e-01
5008  1.90015627e-02  -1.98654566e-01
5009  3.97254378e-02  -1.98830777e-01
5010  6.04473807e-02  -1.98730571e-01
5011  8.11641574e-02  -1.98340181e-01
5012  1.01873493e-01  -1.97642222e-01
5013  1.22573902e-01  -1.96663270e-01
5014  1.43259734e-01  -1.95414602e-01
5015  1.63924433e-01  -1.93887327e-01
5016  1.94196906e-01  -1.91127079e-01
5017  2.05162746e-01  -1.89900064e-01
5018  2.28646116e-01  -1.87046752e-01
5019  2.49475138e-01  -1.84176496e-01
5020  2.70253674e-01  -1.80943166e-01
5021  2.90981206e-01  -1.77415236e-01
5022  3.11634031e-01  -1.73486114e-01
5023  3.32226142e-01  -1.69232471e-01
5024  3.52738298e-01  -1.64630193e-01
5025  3.73151592e-01  -1.59644286e-01
5026  3.93445514e-01  -1.54193637e-01
5027  4.13632551e-01  -1.48359641e-01
5028  4.33678729e-01  -1.42070954e-01
5029  4.53584235e-01  -1.35354734e-01
5030  4.75927449e-01  -1.27233198e-01
5031  4.95804252e-01  -1.19234843e-01
5032  5.15440812e-01  -1.10689184e-01
5033  5.34698265e-01  -1.01383299e-01
5034  5.53473567e-01  -9.12158940e-02
5035  5.71525282e-01  -7.98871226e-02
5036  5.88721694e-01  -6.73561138e-02
5037  6.04714690e-01  -5.34306211e-02
5038  6.18851319e-01  -3.79232675e-02
5039  6.29036815e-01  -1.99789803e-02
5040  6.32955620e-01  6.85220209e-05
5041  6.30149874e-01  1.88951800e-02
5042  6.21491673e-01  3.60355913e-02
5043  6.09185971e-01  5.12102302e-02
5044  5.94874146e-01  6.48043442e-02
5045  5.79339095e-01  7.71732777e-02
5046  5.63101056e-01  8.87303778e-02
5047  5.46403893e-01  9.96352238e-02
5048  5.29205353e-01  1.09745123e-01
5049  5.11644194e-01  1.19266946e-01
5050  4.93790358e-01  1.28273368e-01
5051  4.75751214e-01  1.36892693e-01
5052  4.53544318e-01  1.46621828e-01
5053  4.33729943e-01  1.54716421e-01
5054  4.13744975e-01  1.62407941e-01
5055  3.93616750e-01  1.69722173e-01
5056  3.73353026e-01  1.76648924e-01
5057  3.52953921e-01  1.83177296e-01
5058  3.32438124e-01  1.89360323e-01
5059  3.11843004e-01  1.95261147e-01
5060  2.91138338e-01  2.00764195e-01
5061  2.70361628e-01  2.05977305e-01
5062  2.49468494e-01  2.10752692e-01
5063  2.28543874e-01  2.15392939e-01
5064  2.04927490e-01  2.20125175e-01
5065  1.94459570e-01  2.22181941e-01
5066  1.64189448e-01  2.27455449e-01
5067  1.43738118e-01  2.30665049e-01
5068  1.23246083e-01  2.33630728e-01
5069  1.02721996e-01  2.36358009e-01
5070  8.21725848e-02  2.38822970e-01
5071  6.15848990e-02  2.40939394e-01
5072  4.09669410e-02  2.42788621e-01
5073  2.03266270e-02  2.44356538e-01
5074  -3.36953253e-04  2.45646718e-01
5075  -2.10055989e-02  2.46701677e-01
5076  -4.16894471e-02  2.47361860e-01
5077  -6.23905047e-02  2.47775122e-01
5078  -8.30915245e-02  2.47944963e-01
5079  -1.03786399e-01  2.47821636e-01
5080  -1.24481062e-01  2.47356841e-01
5081  -1.45176953e-01  2.46663648e-01
5082  -1.65861175e-01  2.45740206e-01
5083  -1.86532046e-01  2.44552876e-01
5084  -2.07194103e-01  2.43128969e-01
5085  -2.27846249e-01  2.41525901e-01
5086  -2.48477691e-01  2.39736285e-01
5087  -2.69088221e-01  2.37693384e-01
5088  -2.89687136e-01  2.35494922e-01
5089  -3.01277532e-01  2.34192834e-01
5090  -3.30811066e-01  2.30516174e-01
5091  -3.59479339e-01  2.26631233e-01
5092  -3.80260134e-01  2.23565721e-01
5093  -4.01033836e-01  2.20387141e-01
5094  -4.21789239e-01  2.17100653e-01
5095  -4.42522385e-01  2.13683073e-01
5096  -4.63236848e-01  2.10141080e-01
5097  -4.83937422e-01  2.06497162e-01
5098  -5.04628716e-01  2.02781457e-01
5099  -5.25305019e-01  1.99011906e-01
5100  -5.45949425e-01  1.95100939e-01
5101  -5.66572467e-01  1.91059327e-01
5102  -5.87185021e-01  1.86926992e-01
5103  -6.07788988e-01  1.82764496e-01
5104  -6.28367984e-01  1.78478971e-01
5105  -6.48946654e-01  1.74165568e-01
5106  -6.69507598e-01  1.69804300e-01
5107  -6.90046085e-01  1.65313835e-01
5108  -7.10590522e-01  1.60844610e-01
5109  -7.31106585e-01  1.56265974e-01
5110  -7.51625132e-01  1.51651103e-01
5111  -7.72147554e-01  1.47066798e-01
5112  -7.92644572e-01  1.42410771e-01
5113  -8.13128159e-01  1.37659402e-01
5114  -8.33626060e-01  1.32946021e-01
5115  -8.54111175e-01  1.28214913e-01
5116  -8.74578737e-01  1.23407601e-01
5117  -8.95042099e-01  1.18582501e-01
5118  -9.15490301e-01  1.13680475e-01
5119  -9.35948499e-01  1.08801195e-01
5120  -9.56397026e-01  1.03907507e-01
5121  -9.76827990e-01  9.89558125e-02
5122  -9.97244418e-01  9.39408590e-02
5123  -1.01765560e+00  8.88773616e-02
5124  -1.03807740e+00  8.38387136e-02
5125  -1.05849575e+00  7.88143710e-02
5126  -1.07889691e+00  7.37236776e-02
5127  -1.09930365e+00  6.86341666e-02
5128  -1.11970975e+00  6.35483199e-02
5129  -1.14796968e+00  5.64781909e-02
5130  -1.16830235e+00  5.13584224e-02
5131  -1.18862554e+00  4.61977630e-02
5132  -1.20894338e+00  4.10170942e-02
5133  -1.22924586e+00  3.57933968e-02
5134  -1.24953051e+00  3.04927258e-02
5135  -1.26981520e+00  2.51745057e-02
5136  -1.29008563e+00  1.98429828e-02
5137  -1.31030338e+00  1.43578152e-02
5138  -1.32988173e+00  8.94504793e-03
5139  -3.01288358e-01  2.14932112e-01
5140  -3.01300245e-01  1.93785978e-01
5141  -3.01312131e-01  1.72639845e-01
5142  -3.01324017e-01  1.51493712e-01
5143  -3.01335903e-01  1.30347578e-01
5144  -3.01347790e-01  1.09201445e-01
5145  -3.01359676e-01  8.80553120e-02
5146  -3.01371562e-01  6.69091784e-02
5147  -3.01383449e-01  4.57630451e-02
5148  -3.01395335e-01  2.46169120e-02
5149  -3.01407221e-01  3.47077842e-03
5150  -3.01419108e-01  -1.76753549e-02
5151  -3.01430994e-01  -3.88214880e-02
5152  -3.01442880e-01  -5.99676213e-02
5153  -3.01454766e-01  -8.11137549e-02
5154  -3.01466653e-01  -1.02259888e-01
5155  -3.01478539e-01  -1.23406022e-01
5156  -3.01490425e-01  -1.44552155e-01
5157  1.94449164e-01  2.05807336e-01
5158  1.94435756e-01  1.84709539e-01
5159  1.94422348e-01  1.63611742e-01
5160  1.94408940e-01  1.42513945e-01
5161  1.94395532e-01  1.21416148e-01
5162  1.94382124e-01  1.00318350e-01
5163  1.94368716e-01  7.92205531e-02
5164  1.94355308e-01  5.81227559e-02
5165  1.94341900e-01  3.70249586e-02
5166  1.94328492e-01  1.59271614e-02
5167  1.94315084e-01  -5.17063584e-03
5168  1.94301676e-01  -2.62684331e-02
5169  1.94288268e-01  -4.73662303e-02
5170  1.94274860e-01  -6.84640276e-02
5171  1.94261452e-01  -8.95618248e-02
5172  1.94248044e-01  -1.10659622e-01
5173  1.94234636e-01  -1.31757419e-01
5174  1.94221228e-01  -1.52855217e-01
5175  1.94207820e-01  -1.73953014e-01
7411  -1.33458856e+00  2.18981165e-03
7412  -1.33205484e+00  2.60328518e-03
7413  -1.31183633e+00  5.65909386e-03
7414  -1.29157354e+00  8.46268171e-03
7415  -1.27128050e+00  1.09665561e-02
7416  -1.25095072e+00  1.32899510e-02
7417  -1.23056358e+00  1.51916214e-02
7418  -1.21014993e+00  1.67983552e-02
7419  -1.18969379e+00  1.79723500e-02
7420  -1.16922242e+00  1.87404932e-02
7421  -1.14872351e+00  1.91101897e-02
7422  -1.11990830e+00  3.28952452e-02
7423  -1.09895483e+00  3.22863193e-02
7424  -1.07807517e+00  3.12505984e-02
7425  -1.05718549e+00  2.99135211e-02
7426  -1.03632318e+00  2.80883132e-02
7427  -1.01555157e+00  2.59480836e-02
7428  -9.94787986e-01  2.34522866e-02
7429  -9.74099515e-01  2.05703218e-02
7430  -9.53481851e-01  1.73979025e-02
7431  -9.32887412e-01  1.38933508e-02
7432  -9.12381974e-01  1.00358206e-02
7433  -8.91978630e-01  5.91782592e-03
7434  -8.71644833e-01  1.55703226e-03
7435  -8.51360323e-01  -3.03218762e-03
7436  -8.31147497e-01  -7.86553375e-03
7437  -8.11046597e-01  -1.28794811e-02
7438  -7.90968546e-01  -1.80005094e-02
7439  -7.70918367e-01  -2.33315943e-02
7440  -7.50962359e-01  -2.88088686e-02
7441  -7.31078973e-01  -3.43652909e-02
7442  -7.11222174e-01  -3.99753246e-02
7443  -6.91379839e-01  -4.56553881e-02
7444  -6.71572376e-01  -5.13983439e-02
7445  -6.51797250e-01  -5.71698531e-02
7446  -6.32047273e-01  -6.29548429e-02
7447  -6.12309542e-01  -6.87282827e-02
7448  -5.92574940e-01  -7.44878568e-02
7449  -5.72851779e-01  -8.02206533e-02
7450  -5.53151120e-01  -8.58926350e-02
7451  -5.33428931e-01  -9.14610222e-02
7452  -5.13673577e-01  -9.69674099e-02
7453  -4.93918362e-01  -1.02398391e-01
7454  -4.74163295e-01  -1.07712987e-01
7455  -4.54372932e-01  -1.12893611e-01
7456  -4.34545588e-01  -1.17967781e-01
7457  -4.14715431e-01  -1.22919840e-01
7458  -3.94838922e-01  -1.27707225e-01
7459  -3.74914334e-01  -1.32396705e-01
7460  -3.55029036e-01  -1.36955198e-01
7461  -3.22807937e-01  -1.21450211e-01
7462  -2.93635727e-01  -1.27300860e-01
7463  -2.82861734e-01  -1.29340795e-01
7464  -2.62845767e-01  -1.33025816e-01
7465  -2.42824923e-01  -1.36477409e-01
7466  -2.22752367e-01  -1.39721250e-01
7467  -2.02684265e-01  -1.42748873e-01
7468  -1.82588306e-01  -1.45527340e-01
7469  -1.62478871e-01  -1.48084673e-01
7470  -1.42318700e-01  -1.50379942e-01
7471  -1.22033215e-01  -1.52485323e-01
7472  -1.01837764e-01  -1.54418207e-01
7473  -8.16584637e-02  -1.56039543e-01
7474  -6.13831774e-02  -1.57462154e-01
7475  -4.11533224e-02  -1.58653892e-01
7476  -2.09498305e-02  -1.59578667e-01
7477  -7.08416121e-04  -1.60237283e-01
7478  1.95579921e-02  -1.60658640e-01
7479  3.97950937e-02  -1.60830841e-01
7480  5.99975015e-02  -1.60733234e-01
7481  8.01661718e-02  -1.60353288e-01
7482  1.00335955e-01  -1.59673340e-01
7483  1.20531504e-01  -1.58718197e-01
7484  1.40714417e-01  -1.57499944e-01
7485  1.60846929e-01  -1.56012150e-01
7486  2.02066653e-01  -1.52188944e-01
7487  2.00890861e-01  -1.52140946e-01
7488  2.26584656e-01  -1.71145823e-01
7489  2.47147967e-01  -1.68312277e-01
7490  2.67675728e-01  -1.65117764e-01
7491  2.88137548e-01  -1.61635415e-01
7492  3.08513812e-01  -1.57758642e-01
7493  3.28849074e-01  -1.53558143e-01
7494  3.49080759e-01  -1.49018929e-01
7495  3.69169567e-01  -1.44112621e-01
7496  3.89139970e-01  -1.38748526e-01
7497  4.09006734e-01  -1.33007410e-01
7498  4.28715721e-01  -1.26824391e-01
7499  4.52922860e-01  -1.33467253e-01
7500  4.75212415e-01  -1.25365385e-01
7501  4.95031823e-01  -1.17390026e-01
7502  5.14606487e-01  -1.08871520e-01
7503  5.33786695e-01  -9.96031192e-02
7504  5.52465252e-01  -8.94886705e-02
7505  5.70404069e-01  -7.82309579e-02
7506  5.87474803e-01  -6.57923803e-02
7507  6.03316142e-01  -5.20009132e-02
7508  6.17231650e-01  -3.67499504e-02
7509  6.27161603e-01  -1.92835802e-02
7510  6.30926033e-01  1.14203368e-04
7511  6.28244172e-01  1.82883018e-02
7512  6.19811933e-01  3.49500152e-02
7513  6.07716986e-01  4.98529964e-02
7514  5.93561124e-01  6.32957108e-02
7515  5.78135831e-01  7.55757310e-02
7516  5.61974152e-01  8.70780802e-02
7517  5.45350022e-01  9.79354137e-02
7518  5.28221769e-01  1.08003698e-01
7519  5.10717037e-01  1.17494834e-01
7520  4.92908793e-01  1.26478140e-01
7521  4.74918690e-01  1.35074204e-01
7522  4.47294727e-01  1.31855929e-01
7523  4.27818157e-01  1.39812062e-01
7524  4.08127095e-01  1.47390332e-01
7525  3.88285314e-01  1.54600502e-01
7526  3.68316027e-01  1.61426644e-01
7527  3.48196736e-01  1.67865263e-01
7528  3.27916504e-01  1.73977081e-01
7529  3.07575335e-01  1.79805529e-01
7530  2.87127851e-01  1.85239854e-01
7531  2.66624002e-01  1.90385022e-01
7532  2.45946467e-01  1.95110299e-01
7533  2.25232903e-01  1.99704516e-01
7534  2.01867617e-01  2.04385850e-01
7535  2.02279140e-01  1.82164668e-01
7536  1.58032846e-01  1.89957499e-01
7537  1.38070826e-01  1.93090034e-01
7538  1.18021849e-01  1.95991555e-01
7539  9.79563107e-02  1.98658032e-01
7540  7.79665838e-02  2.01056456e-01
7541  5.79445193e-02  2.03114169e-01
7542  3.78304074e-02  2.04918287e-01
7543  1.77033773e-02  2.06447191e-01
7544  -2.48945801e-03  2.07707731e-01
7545  -2.25803236e-02  2.08734319e-01
7546  -4.26749001e-02  2.09374640e-01
7547  -6.29256014e-02  2.09778890e-01
7548  -8.31341339e-02  2.09944987e-01
7549  -1.03246557e-01  2.09825471e-01
7550  -1.23418437e-01  2.09371702e-01
7551  -1.43693476e-01  2.08692616e-01
7552  -1.63924167e-01  2.07789607e-01
7553  -1.84136207e-01  2.06628478e-01
7554  -2.04417423e-01  2.05230551e-01
7555  -2.24733854e-01  2.03653576e-01
7556  -2.44961616e-01  2.01899303e-01
7557  -2.65197769e-01  1.99893061e-01
7558  -2.85478571e-01  1.97728694e-01
7559  -2.93453514e-01  1.96862589e-01
7560  -3.28732344e-01  2.14617493e-01
7561  -3.57232759e-01  2.10755401e-01
7562  -3.77877595e-01  2.07709723e-01
7563  -3.98567438e-01  2.04543971e-01
7564  -4.19231505e-01  2.01271971e-01
7565  -4.39867251e-01  1.97870438e-01
7566  -4.60495756e-01  1.94343120e-01
7567  -4.81130547e-01  1.90710757e-01
7568  -5.01773797e-01  1.87003669e-01
7569  -5.22374864e-01  1.83247917e-01
7570  -5.42915373e-01  1.79356617e-01
7571  -5.63454792e-01  1.75331350e-01
7572  -5.84021599e-01  1.71208153e-01
7573  -6.04566964e-01  1.67057564e-01
7574  -6.25088865e-01  1.62783859e-01
7575  -6.45638471e-01  1.58476557e-01
7576  -6.66131713e-01  1.54129717e-01
7577  -6.86629569e-01  1.49648058e-01
7578  -7.07140130e-01  1.45186259e-01
7579  -7.27601191e-01  1.40619844e-01
7580  -7.48118189e-01  1.36005321e-01
7581  -7.68623909e-01  1.31424768e-01
7582  -7.89057168e-01  1.26783241e-01
7583  -8.09520054e-01  1.22036639e-01
7584  -8.30025413e-01  1.17321538e-01
7585  -8.50473998e-01  1.12598893e-01
7586  -8.70905740e-01  1.07799967e-01
7587  -8.91333249e-01  1.02983347e-01
7588  -9.11761461e-01  9.80860876e-02
7589  -9.32222691e-01  9.32060833e-02
7590  -9.52642753e-01  8.83192227e-02
7591  -9.73027243e-01  8.33787949e-02
7592  -9.93401718e-01  7.83741378e-02
7593  -1.01380486e+00  7.33126273e-02
7594  -1.03424136e+00  6.82703490e-02
7595  -1.05463918e+00  6.32510800e-02
7596  -1.07501590e+00  5.81664614e-02
7597  -1.09542483e+00  5.30764068e-02
7598  -1.11582522e+00  4.79919827e-02
7599  -1.14748280e+00  5.45383590e-02
7600  -1.16781206e+00  4.94194514e-02
7601  -1.18813234e+00  4.42595269e-02
7602  -1.20844712e+00  3.90796392e-02
7603  -1.22874386e+00  3.38574236e-02
7604  -1.24902408e+00  2.85579064e-02
7605  -1.26930723e+00  2.32400912e-02
7606  -1.28956942e+00  1.79107498e-02
7607  -1.30977171e+00  1.24297761e-02
7608  -1.32893940e+00  7.18095928e-03
7609  -2.93443360e-01  2.14927702e-01
7610  -2.93455247e-01  1.93781568e-01
7611  -2.93467133e-01  1.72635436e-01
7612  -2.93479019e-01  1.51489303e-01
7613  -2.93490905e-01  1.30343168e-01
7614  -2.93502792e-01  1.09197035e-01
7615  -2.93514678e-01  8.80509024e-02
7616  -2.93526564e-01  6.69047686e-02
7617  -2.93538451e-01  4.57586353e-02
7618  -2.93550337e-01  2.46125024e-02
7619  -2.93562223e-01  3.46636865e-03
7620  -2.93574110e-01  -1.76797647e-02
7621  -2.93585996e-01  -3.88258976e-02
7622  -2.93597882e-01  -5.99720309e-02
7623  -2.93609768e-01  -8.11181647e-02
7624  -2.93621655e-01  -1.02264298e-01
7625  -2.93633541e-01  -1.23410431e-01
7626  -2.93645427e-01  -1.44556565e-01
7627  2.02294163e-01  2.05802350e-01
7628  2.02280755e-01  1.84704553e-01
7629  2.02267347e-01  1.63606756e-01
7630  2.02253939e-01  1.42508959e-01
7631  2.02240531e-01  1.21411162e-01
7632  2.02227123e-01  1.00313364e-01
7633  2.02213715e-01  7.92155675e-02
7634  2.02200307e-01  5.81177703e-02
7635  2.02186899e-01  3.70199730e-02
7636  2.02173491e-01  1.59221758e-02
7637  2.02160083e-01  -5.17562147e-03
7638  2.02146675e-01  -2.62734187e-02
7639  2.02133267e-01  -4.73712159e-02
7640  2.02119859e-01  -6.84690132e-02
7641  2.02106451e-01  -8.95668104e-02
7642  2.02093043e-01  -1.10664608e-01
7643  2.02079635e-01  -1.31762405e-01
7644  2.02066227e-01  -1.52860203e-01
7645  2.02052819e-01  -1.73958000e-01
9881  -1.32618284e+00  6.09490108e-03
9882  -1.33244301e+00  5.07296554e-03
9883  -1.31219447e+00  8.13330917e-03
9884  -1.29189794e+00  1.09415457e-02
9885  -1.27157552e+00  1.34490882e-02
9886  -1.25120877e+00  1.57765979e-02
9887  -1.23077777e+00  1.76824296e-02
9888  -1.21031965e+00  1.92925875e-02
9889  -1.18981228e+00  2.04695402e-02
9890  -1.16929185e+00  2.12395291e-02
9891  -1.14873527e+00  2.16101621e-02
9892  -1.11986119e+00  3.53948013e-02
9893  -1.09885656e+00  3.47843870e-02
9894  -1.07793341e+00  3.37465760e-02
9895  -1.05699669e+00  3.24063820e-02
9896  -1.03608607e+00  3.05770440e-02
9897  -1.01527429e+00  2.84326584e-02
9898  -9.94466319e-01  2.59315064e-02
9899  -9.73736929e-01  2.30438884e-02
9900  -9.53082056e-01  1.98657282e-02
9901  -9.32446588e-01  1.63541787e-02
9902  -9.11903542e-01  1.24896143e-02
9903  -8.91469199e-01  8.36537151e-03
9904  -8.71106877e-01  3.99846706e-03
9905  -8.50793768e-01  -5.97230562e-04
9906  -8.30554237e-01  -5.43694533e-03
9907  -8.10435137e-01  -1.04554108e-02
9908  -7.90338414e-01  -1.55812257e-02
9909  -7.70266303e-01  -2.09181295e-02
9910  -7.50295077e-01  -2.63995670e-02
9911  -7.30402695e-01  -3.19584990e-02
9912  -7.10538314e-01  -3.75706760e-02
9913  -6.90687741e-01  -4.32530974e-02
9914  -6.70874076e-01  -4.89978488e-02
9915  -6.51095663e-01  -5.47703165e-02
9916  -6.31344967e-01  -6.05555165e-02
9917  -6.11608407e-01  -6.63286138e-02
9918  -5.91875846e-01  -7.20875926e-02
9919  -5.72157056e-01  -7.78191207e-02
9920  -5.52465632e-01  -8.34884496e-02
9921  -5.32753662e-01  -8.90539469e-02
9922  -5.13006611e-01  -9.45580205e-02
9923  -4.93262281e-01  -9.99860156e-02
9924  -4.73522004e-01  -1.05296638e-01
9925  -4.53746466e-01  -1.10473376e-01
9926  -4.33932827e-01  -1.15544040e-01
9927  -4.14119871e-01  -1.20491815e-01
9928  -3.94259838e-01  -1.25275217e-01
9929  -3.74348669e-01  -1.29961541e-01
9930  -3.54485518e-01  -1.34514996e-01
9931  -3.22296226e-01  -1.19003141e-01
9932  -2.92134461e-01  -1.25049126e-01
9933  -2.82398378e-01  -1.26884110e-01
9934  -2.62407077e-01  -1.30564607e-01
9935  -2.42413124e-01  -1.34011558e-01
9936  -2.22366480e-01  -1.37251212e-01
9937  -2.02326591e-01  -1.40274592e-01
9938  -1.82259418e-01  -1.43049068e-01
9939  -1.62179764e-01  -1.45602630e-01
9940  -1.42048221e-01  -1.47894617e-01
9941  -1.21785121e-01  -1.49997663e-01
9942  -1.01618567e-01  -1.51927835e-01
9943  -8.14708269e-02  -1.53546594e-01
9944  -6.12221955e-02  -1.54967342e-01
9945  -4.10226686e-02  -1.56157309e-01
9946  -2.08520104e-02  -1.57080581e-01
9947  -6.41773474e-04  -1.57738171e-01
9948  1.95945993e-02  -1.58158908e-01
9949  3.97996763e-02  -1.58330845e-01
9950  5.99679042e-02  -1.58233410e-01
9951  8.01005148e-02  -1.57854150e-01
9952  1.00234801e-01  -1.57175387e-01
9953  1.20397136e-01  -1.56221810e-01
9954  1.40546962e-01  -1.55005558e-01
9955  1.60644462e-01  -1.53520362e-01
9956  2.03568342e-01  -1.49532088e-01
9957  2.00609816e-01  -1.49656793e-01
9958  2.26263236e-01  -1.68666571e-01
9959  2.46785117e-01  -1.65838749e-01
9960  2.67273778e-01  -1.62650289e-01
9961  2.87694168e-01  -1.59175046e-01
9962  3.08027311e-01  -1.55306435e-01
9963  3.28322526e-01  -1.51114223e-01
9964  3.48510481e-01  -1.46584841e-01
9965  3.68548695e-01  -1.41690944e-01
9966  3.88468656e-01  -1.36340345e-01
9967  4.08285482e-01  -1.30613711e-01
9968  4.27941895e-01  -1.24447167e-01
9969  4.52096142e-01  -1.31107902e-01
9970  4.74318623e-01  -1.23030618e-01
9971  4.94066286e-01  -1.15084004e-01
9972  5.13563582e-01  -1.06599439e-01
9973  5.32647231e-01  -9.73778948e-02
9974  5.51204858e-01  -8.73296411e-02
9975  5.69002553e-01  -7.61607522e-02
9976  5.85916190e-01  -6.38377133e-02
9977  6.01567957e-01  -5.02137784e-02
9978  6.15207064e-01  -3.52833042e-02
9979  6.24817588e-01  -1.84143301e-02
9980  6.28389050e-01  1.71305052e-04
9981  6.25862045e-01  1.75297040e-02
9982  6.17712259e-01  3.35930452e-02
9983  6.05880755e-01  4.81564542e-02
9984  5.91919848e-01  6.14099191e-02
9985  5.76631750e-01  7.35787977e-02
9986  5.60565522e-01  8.50127082e-02
9987  5.44032682e-01  9.58106511e-02
9988  5.26992289e-01  1.05826916e-01
9989  5.09558090e-01  1.15279695e-01
9990  4.91806836e-01  1.24234105e-01
9991  4.73878034e-01  1.32801092e-01
9992  4.46320299e-01  1.29553650e-01
9993  4.26896399e-01  1.37488194e-01
9994  4.07251162e-01  1.45048807e-01
9995  3.87454043e-01  1.52242751e-01
9996  3.67530665e-01  1.59053207e-01
9997  3.47455002e-01  1.65477831e-01
9998  3.27211499e-01  1.71578547e-01
9999  3.06909926e-01  1.77395709e-01
10000  2.86502541e-01  1.82819319e-01
10001  2.66041236e-01  1.87953894e-01
10002  2.45397317e-01  1.92671358e-01
10003  2.24716660e-01  1.97258398e-01
10004  2.01390526e-01  2.01931796e-01
10005  2.03777355e-01  1.79354938e-01
10006  1.57627807e-01  1.87490528e-01
10007  1.37697977e-01  1.90617993e-01
10008  1.17678150e-01  1.93515293e-01
10009  9.76427788e-02  1.96177771e-01
10010  7.76898732e-02  1.98571817e-01
10011  5.77050206e-02  2.00625668e-01
10012  3.76240566e-02  2.02426818e-01
10013  1.75307951e-02  2.03953155e-01
10014  -2.63107017e-03  2.05211745e-01
10015  -2.26839239e-02  2.06236467e-01
10016  -4.27397325e-02  2.06875481e-01
10017  -6.29608052e-02  2.07279138e-01
10018  -8.31369372e-02  2.07444988e-01
10019  -1.03211042e-01  2.07325723e-01
10020  -1.23348527e-01  2.06872679e-01
10021  -1.43595879e-01  2.06194521e-01
10022  -1.63796733e-01  2.05292857e-01
10023  -1.83978586e-01  2.04133451e-01
10024  -2.04234747e-01  2.02737234e-01
10025  -2.24529091e-01  2.01161975e-01
10026  -2.44730295e-01  1.99410028e-01
10027  -2.64941818e-01  1.97406198e-01
10028  -2.85201692e-01  1.95244073e-01
10029  -2.91954827e-01  1.94525776e-01
10030  -3.28408232e-01  2.12138592e-01
10031  -3.56882475e-01  2.08280062e-01
10032  -3.77506113e-01  2.05237477e-01
10033  -3.98182880e-01  2.02073725e-01
10034  -4.18832707e-01  1.98803984e-01
10035  -4.39453266e-01  1.95404953e-01
10036  -4.60068368e-01  1.91879922e-01
10037  -4.80692902e-01  1.88249361e-01
10038  -5.01328662e-01  1.84543617e-01
10039  -5.21917998e-01  1.80790017e-01
10040  -5.42442307e-01  1.76901783e-01
10041  -5.62968688e-01  1.72879064e-01
10042  -5.83528363e-01  1.68757292e-01
10043  -6.04064590e-01  1.64608560e-01
10044  -6.24577589e-01  1.60336698e-01
10045  -6.45122663e-01  1.56030347e-01
10046  -6.65605350e-01  1.51685756e-01
10047  -6.86096870e-01  1.47205471e-01
10048  -7.06602150e-01  1.42744829e-01
10049  -7.27054634e-01  1.38180320e-01
10050  -7.47571391e-01  1.33565851e-01
10051  -7.68074507e-01  1.28985884e-01
10052  -7.88497825e-01  1.24346617e-01
10053  -8.08957483e-01  1.19600758e-01
10054  -8.29464004e-01  1.14885389e-01
10055  -8.49906894e-01  1.10164063e-01
10056  -8.70333051e-01  1.05366445e-01
10057  -8.90754970e-01  1.00551148e-01
10058  -9.11180065e-01  9.56546315e-02
10059  -9.31641768e-01  9.07745142e-02
10060  -9.52057392e-01  8.58887182e-02
10061  -9.72434636e-01  8.09500470e-02
10062  -9.92802569e-01  7.59469953e-02
10063  -1.01320445e+00  7.08857946e-02
10064  -1.03364325e+00  6.58429503e-02
10065  -1.05403787e+00  6.08244723e-02
10066  -1.07441078e+00  5.57408009e-02
10067  -1.09482005e+00  5.06506615e-02
10068  -1.11521955e+00  4.55664593e-02
10069  -1.14687420e+00  5.21135692e-02
10070  -1.16719919e+00  4.69957375e-02
10071  -1.18751585e+00  4.18367319e-02
10072  -1.20782681e+00  3.66578205e-02
10073  -1.22811636e+00  3.14374570e-02
10074  -1.24839104e+00  2.61393820e-02
10075  -1.26867226e+00  2.08220731e-02
10076  -1.28892415e+00  1.54954585e-02
10077  -1.30910713e+00  1.00197272e-02
10078  -1.32776148e+00  4.97584847e-03
10079  -2.91943360e-01  2.14926859e-01
10080  -2.91955247e-01  1.93780725e-01
10081  -2.91967133e-01  1.72634593e-01
10082  -2.91979019e-01  1.51488460e-01
10083  -2.91990905e-01  1.30342325e-01
10084  -2.92002792e-01  1.09196192e-01
10085  -2.92014678e-01  8.80500593e-02
10086  -2.92026564e-01  6.69039254e-02
10087  -2.92038451e-01  4.57577921e-02
10088  -2.92050337e-01  2.46116593e-02
10089  -2.92062223e-01  3.46552548e-03
10090  -2.92074110e-01  -1.76806079e-02
10091  -2.92085996e-01  -3.88267407e-02
10092  -2.92097882e-01  -5.99728740e-02
10093  -2.92109768e-01  -8.11190079e-02
10094  -2.92121655e-01  -1.02265141e-01
10095  -2.92133541e-01  -1.23411274e-01
10096  -2.92145427e-01  -1.44557408e-01
10097  2.03794162e-01  2.05801397e-01
10098  2.03780754e-01  1.84703600e-01
10099  2.03767346e-01  1.63605803e-01
10100  2.03753938e-01  1.42508006e-01
10101  2.03740530e-01  1.21410209e-01
10102  2.03727122e-01  1.00312411e-01
10103  2.03713714e-01  7.92146142e-02
10104  2.03700306e-01  5.81168170e-02
10105  2.03686898e-01  3.70190197e-02
10106  2.03673490e-01  1.59212225e-02
10107  2.03660082e-01  -5.17657474e-03
10108  2.03646674e-01  -2.62743720e-02
10109  2.03633266e-01  -4.73721692e-02
10110  2.03619858e-01  -6.84699665e-02
10111  2.03606450e-01  -8.95677637e-02
10112  2.03593042e-01  -1.10665561e-01
10113  2.03579634e-01  -1.31763358e-01
10114  2.03566226e-01  -1.52861156e-01
10115  2.03552818e-01  -1.73958953e-01
