1  3  0  13.3466
250  5  0  13.3462
499  4  0  13.3454
748  5  0  13.3441
2  3  0  11.5295
251  5  0  11.5293
500  4  0  11.529
749  5  0  11.5287
3  3  0  9.26
252  5  0  9.26025
501  4  0  9.26062
750  5  0  9.261
4  3  0  7.61327
253  5  0  7.61317
502  4  0  7.61303
751  5  0  7.61289
5  3  0  5.70584
254  5  0  5.70585
503  4  0  5.70587
752  5  0  5.70589
6  3  0  3.83355
255  5  0  3.83368
504  4  0  3.83386
753  5  0  3.83405
7  3  0  2.31844
256  5  0  2.31841
505  4  0  2.31837
754  5  0  2.31832
8  3  0  0.709253
257  5  0  0.709349
506  4  0  0.709489
755  5  0  0.709628
9  3  0  -0.58471
258  5  0  -0.584705
507  4  0  -0.584698
756  5  0  -0.584691
10  3  0  -1.86084
259  5  0  -1.86103
508  4  0  -1.8613
757  5  0  -1.86157
11  3  0  -3.70152
260  5  0  -3.70145
509  1  0  13.5039
758  5  0  27.9271
12  3  0  -5.24071
261  5  0  -5.24063
510  1  0  -5.23978
759  5  0  -5.23895
13  3  0  -6.50181
262  5  0  -6.50176
511  1  0  -6.50127
760  5  0  -6.50079
14  3  0  -7.56904
263  5  0  -7.56914
512  1  0  -7.57031
761  5  0  -7.57145
15  3  0  -9.05416
264  5  0  -9.054
513  1  0  -9.05222
762  5  0  -9.05048
16  3  0  -9.81569
265  5  0  -9.81578
514  1  0  -9.81681
763  5  0  -9.81782
17  3  0  -11.0481
266  5  0  -11.048
515  1  0  -11.0472
764  5  0  -11.0464
18  3  0  -11.9267
267  5  0  -11.9267
516  1  0  -11.927
765  5  0  -11.9273
19  3  0  -12.9512
268  5  0  -12.9512
517  1  0  -12.9512
766  5  0  -12.9511
20  3  0  -13.9593
269  5  0  -13.9593
518  1  0  -13.9586
767  5  0  -13.9579
21  3  0  -14.5809
270  5  0  -14.5809
519  1  0  -14.5811
768  5  0  -14.5812
22  3  0  -15.2741
271  5  0  -15.2741
520  1  0  -15.2743
769  5  0  -15.2745
23  3  0  -16.0893
272  5  0  -16.0893
521  1  0  -16.0887
770  5  0  -16.0882
24  3  0  -16.4802
273  5  0  -16.4802
522  1  0  -16.4806
771  5  0  -16.4811
25  3  0  -17.2118
274  5  0  -17.2117
523  1  0  -17.2113
772  5  0  -17.2108
26  3  0  -17.5637
275  5  0  -17.5637
524  1  0  -17.5638
773  5  0  -17.5639
27  3  0  -18.0222
276  5  0  -18.0222
525  1  0  -18.0221
774  5  0  -18.022
28  3  0  -18.3657
277  5  0  -18.3657
526  1  0  -18.3656
775  5  0  -18.3655
29  3  0  -18.5939
278  5  0  -18.5939
527  1  0  -18.594
776  5  0  -18.5941
30  3  0  -18.973
279  5  0  -18.973
528  1  0  -18.973
777  5  0  -18.973
31  3  0  -19.323
280  5  0  -19.323
529  1  0  -19.3229
778  5  0  -19.3228
32  3  0  -19.4334
281  5  0  -19.4334
530  1  0  -19.4334
779  5  0  -19.4334
33  3  0  -19.4746
282  5  0  -19.4746
531  1  0  -19.4747
780  5  0  -19.4747
34  3  0  -19.6083
283  5  0  -19.6083
532  1  0  -19.6084
781  5  0  -19.6084
35  3  0  -19.8365
284  5  0  -19.8365
533  1  0  -19.8364
782  5  0  -19.8364
36  3  0  -19.8751
285  5  0  -19.8751
534  1  0  -19.8751
783  5  0  -19.8751
37  3  0  -19.8283
286  5  0  -19.8283
535  1  0  -19.8283
784  5  0  -19.8283
38  3  0  -19.7883
287  5  0  -19.7883
536  1  0  -19.7883
785  5  0  -19.7883
39  3  0  -19.7774
288  5  0  -19.7774
537  1  0  -19.7774
786  5  0  -19.7774
40  3  0  -19.7139
289  5  0  -19.7139
538  1  0  -19.7139
787  5  0  -19.7139
41  3  0  -19.5869
290  5  0  -19.5869
539  1  0  -19.5869
788  5  0  -19.5868
42  3  0  -19.4737
291  5  0  -19.4737
540  1  0  -19.4737
789  5  0  -19.4737
43  3  0  -19.3506
292  5  0  -19.3506
541  1  0  -19.3506
790  5  0  -19.3506
44  3  0  -19.1982
293  5  0  -19.1982
542  1  0  -19.1982
791  5  0  -19.1983
45  3  0  -18.9118
294  5  0  -18.9118
543  1  0  -18.9118
792  5  0  -18.9118
46  3  0  -18.6653
295  5  0  -18.6653
544  1  0  -18.6653
793  5  0  -18.6652
47  3  0  -18.488
296  5  0  -18.488
545  1  0  -18.488
794  5  0  -18.488
48  3  0  -18.3143
297  5  0  -18.3143
546  1  0  -18.3145
795  5  0  -18.3147
49  3  0  -17.8429
298  5  0  -17.8429
547  1  0  -17.8428
796  5  0  -17.8427
50  3  0  -17.5003
299  5  0  -17.5003
548  1  0  -17.5003
797  5  0  -17.5004
51  3  0  -17.1283
300  5  0  -17.1284
549  1  0  -17.1286
798  5  0  -17.1289
52  3  0  -16.5035
301  5  0  -16.5035
550  1  0  -16.5032
799  5  0  -16.5028
53  3  0  -16.2075
302  5  0  -16.2075
551  1  0  -16.2078
800  5  0  -16.2082
54  3  0  -15.5879
303  5  0  -15.588
552  1  0  -11.1912
801  5  0  -6.80434
55  3  0  -14.8297
304  5  0  -14.7837
553  6  0  -14.7468
802  5  0  -14.7385
56  3  0  -14.2787
305  5  0  -14.202
554  6  0  -14.0394
803  5  0  -13.9653
57  3  0  -13.5104
306  5  0  -13.5104
555  6  0  -13.5105
804  5  0  -13.5105
58  3  0  -12.7148
307  5  0  -12.7148
556  6  0  -12.7151
805  5  0  -12.7155
59  3  0  -11.7644
308  5  0  -11.7644
557  6  0  -11.7644
806  5  0  -11.7644
60  3  0  -10.8217
309  5  0  -10.8217
558  6  0  -10.8212
807  5  0  -10.8208
61  3  0  -10.0617
310  5  0  -10.0619
559  6  0  -10.0642
808  5  0  -10.0666
62  3  0  -8.54533
311  5  0  -8.5452
560  6  0  -8.54353
809  5  0  -8.54181
63  3  0  -7.50948
312  5  0  -7.50951
561  6  0  -7.50995
810  5  0  -7.5104
64  3  0  -6.3284
313  5  0  -6.32844
562  6  0  -6.32899
811  5  0  -6.32955
65  3  0  -4.98927
314  5  0  -4.98932
563  6  0  -4.99005
812  5  0  -4.9908
66  3  0  -3.46445
315  5  0  -3.46451
564  6  0  -3.46536
813  5  0  -3.46624
67  3  0  -1.74853
316  5  0  -1.74848
565  6  0  -1.74776
814  5  0  -1.74701
68  3  0  -0.194438
317  5  0  -0.194487
566  6  0  -0.195155
815  5  0  -0.195847
69  3  0  1.50923
318  5  0  1.50919
567  6  0  1.50863
816  5  0  1.50805
70  3  0  3.32911
319  5  0  3.3291
568  6  0  3.32901
817  5  0  3.32891
71  3  0  5.18691
320  5  0  5.33488
569  6  0  5.522
818  5  0  5.59808
72  3  0  6.89354
321  5  0  7.1484
570  6  0  8.95674
819  5  0  145.428
73  3  0  8.80671
322  5  0  8.80677
571  1  0  3.17111
820  5  0  -2.53938
74  3  0  10.5645
323  5  0  10.5645
572  1  0  10.5637
821  5  0  10.5629
75  3  0  12.5037
324  5  0  12.5039
573  1  0  12.5055
822  5  0  12.5072
76  3  0  14.0318
325  5  0  14.0318
574  1  0  14.032
823  5  0  14.0322
77  3  0  15.4997
326  5  0  15.4997
575  1  0  15.5
824  5  0  15.5003
78  3  0  16.8808
327  5  0  16.8808
576  1  0  16.881
825  5  0  16.8812
79  3  0  18.2016
328  5  0  18.2016
577  1  0  18.2014
826  5  0  18.2012
80  3  0  19.5834
329  5  0  19.5834
578  1  0  19.583
827  5  0  19.5827
81  3  0  21.0667
330  5  0  21.0667
579  1  0  21.0671
828  5  0  21.0675
82  3  0  22.4254
331  5  0  22.4254
580  1  0  22.4256
829  5  0  22.4257
83  3  0  23.7358
332  5  0  23.7357
581  1  0  23.7348
830  5  0  23.7338
84  3  0  25.325
333  5  0  25.325
582  1  0  25.3257
831  5  0  25.3264
85  3  0  26.7137
334  5  0  26.7137
583  1  0  26.7136
832  5  0  26.7136
86  3  0  28.1158
335  5  0  28.1158
584  1  0  28.1157
833  5  0  28.1157
87  3  0  29.5331
336  5  0  29.533
585  1  0  29.5317
834  5  0  29.5304
88  3  0  31.3066
337  5  0  31.3066
586  1  0  10.1727
835  5  0  -6.61624
89  3  0  32.9409
338  5  0  32.9409
587  4  0  32.9409
836  5  0  32.9409
90  3  0  34.6
339  5  0  34.5999
588  4  0  34.5997
837  5  0  34.5996
91  3  0  36.5515
340  5  0  36.5515
589  4  0  36.5514
838  5  0  36.5514
92  3  0  38.5278
341  5  0  38.5276
590  4  0  38.5274
839  5  0  38.5271
93  3  0  40.8819
342  5  0  40.8819
591  4  0  40.8819
840  5  0  40.8819
94  3  0  43.2049
343  5  0  43.2045
592  4  0  43.2041
841  5  0  43.2036
95  3  0  46.133
344  5  0  46.1326
593  4  0  46.132
842  5  0  46.1314
96  3  0  49.6703
345  5  0  49.6699
594  4  0  49.6694
843  5  0  49.6688
97  3  0  53.711
346  5  0  53.708
595  4  0  53.7035
844  5  0  53.6989
98  3  0  60.4742
347  5  0  60.47
596  4  0  60.4638
845  5  0  60.4575
99  3  0  69.7397
348  5  0  69.7321
597  4  0  69.7208
846  5  0  69.7091
100  3  0  82.3352
349  5  0  82.3517
598  4  0  82.3767
847  5  0  82.4027
101  3  0  98.1781
350  5  0  98.1518
599  4  0  98.1118
848  5  0  98.0702
102  3  0  114.23
351  5  0  114.244
600  4  0  114.266
849  5  0  114.288
103  3  0  125.121
352  5  0  125.13
601  4  0  125.142
850  5  0  125.154
104  3  0  131.257
353  5  0  131.258
602  4  0  131.26
851  5  0  131.262
105  3  0  136.103
354  5  0  136.104
603  4  0  136.105
852  5  0  136.106
106  3  0  139.793
355  5  0  139.793
604  4  0  139.794
853  5  0  139.795
107  3  0  142.869
356  5  0  142.869
605  4  0  142.869
854  5  0  142.87
108  3  0  145.501
357  5  0  145.501
606  4  0  145.501
855  5  0  145.501
109  3  0  148.025
358  5  0  148.025
607  4  0  148.026
856  5  0  148.026
110  3  0  149.896
359  5  0  149.896
608  4  0  149.896
857  5  0  149.896
111  3  0  151.897
360  5  0  151.897
609  4  0  151.897
858  5  0  151.897
112  3  0  153.936
361  5  0  153.936
610  1  0  175.613
859  5  0  -167.375
113  3  0  155.507
362  5  0  155.507
611  1  0  155.508
860  5  0  155.509
114  3  0  156.887
363  5  0  156.887
612  1  0  156.887
861  5  0  156.887
115  3  0  158.153
364  5  0  158.153
613  1  0  158.153
862  5  0  158.153
116  3  0  159.495
365  5  0  159.495
614  1  0  159.495
863  5  0  159.495
117  3  0  160.845
366  5  0  160.845
615  1  0  160.846
864  5  0  160.847
118  3  0  162.009
367  5  0  162.009
616  1  0  162.009
865  5  0  162.009
119  3  0  163.248
368  5  0  163.248
617  1  0  163.248
866  5  0  163.248
120  3  0  164.449
369  5  0  164.449
618  1  0  164.449
867  5  0  164.45
121  3  0  165.51
370  5  0  165.51
619  1  0  165.51
868  5  0  165.51
122  3  0  166.621
371  5  0  166.621
620  1  0  166.621
869  5  0  166.622
123  3  0  167.632
372  5  0  167.632
621  1  0  167.632
870  5  0  167.633
124  3  0  168.535
373  5  0  168.535
622  1  0  168.535
871  5  0  168.534
125  3  0  169.669
374  5  0  169.669
623  1  0  169.669
872  5  0  169.668
126  3  0  171.035
375  5  0  171.035
624  1  0  171.036
873  5  0  171.038
127  3  0  171.966
376  5  0  171.966
625  1  0  171.964
874  5  0  171.962
128  3  0  173.567
377  5  0  173.441
626  6  0  -166.264
875  5  0  -94.095
129  3  0  174.405
378  5  0  174.332
627  6  0  174.241
876  5  0  174.205
130  3  0  175.305
379  5  0  175.305
628  6  0  175.304
877  5  0  175.304
131  3  0  176.345
380  5  0  176.345
629  6  0  176.345
878  5  0  176.345
132  3  0  177.336
381  5  0  177.336
630  6  0  177.336
879  5  0  177.337
133  3  0  177.97
382  5  0  177.97
631  6  0  177.969
880  5  0  177.969
134  3  0  178.957
383  5  0  178.957
632  6  0  178.957
881  5  0  178.957
135  3  0  179.9
384  5  0  179.9
633  6  0  179.901
882  5  0  179.902
136  3  0  -179.48
385  5  0  -179.48
634  6  0  -179.48
883  5  0  -179.48
137  3  0  -178.945
386  5  0  -178.945
635  6  0  -178.945
884  5  0  -178.946
138  3  0  -178.287
387  5  0  -178.287
636  6  0  -178.288
885  5  0  -178.289
139  3  0  -177.249
388  5  0  -177.249
637  6  0  -177.248
886  5  0  -177.247
140  3  0  -176.771
389  5  0  -176.771
638  6  0  -176.771
887  5  0  -176.771
141  3  0  -176.228
390  5  0  -176.228
639  6  0  -176.228
888  5  0  -176.228
142  3  0  -175.643
391  5  0  -175.643
640  6  0  -175.643
889  5  0  -175.642
143  3  0  -175.169
392  5  0  -175.169
641  6  0  -175.169
890  5  0  -175.169
144  3  0  -174.656
393  5  0  -174.726
642  6  0  -174.974
891  5  0  -175.312
145  3  0  -174.161
394  5  0  -174.202
643  6  0  -178.286
892  5  0  178.401
146  3  0  -173.582
395  5  0  -173.582
644  1  0  -173.582
893  5  0  -173.582
147  3  0  -173.222
396  5  0  -173.222
645  1  0  -173.222
894  5  0  -173.222
148  3  0  -172.905
397  5  0  -172.905
646  1  0  -172.906
895  5  0  -172.906
149  3  0  -172.345
398  5  0  -172.345
647  1  0  -172.345
896  5  0  -172.345
150  3  0  -172.099
399  5  0  -172.099
648  1  0  -172.099
897  5  0  -172.099
151  3  0  -171.897
400  5  0  -171.897
649  1  0  -171.897
898  5  0  -171.898
152  3  0  -171.421
401  5  0  -171.421
650  1  0  -171.421
899  5  0  -171.421
153  3  0  -171.122
402  5  0  -171.122
651  1  0  -171.122
900  5  0  -171.122
154  3  0  -170.85
403  5  0  -170.85
652  1  0  -170.85
901  5  0  -170.85
155  3  0  -170.553
404  5  0  -170.553
653  1  0  -170.552
902  5  0  -170.552
156  3  0  -170.432
405  5  0  -170.432
654  1  0  -170.432
903  5  0  -170.432
157  3  0  -170.134
406  5  0  -170.134
655  1  0  -170.134
904  5  0  -170.134
158  3  0  -169.846
407  5  0  -169.846
656  1  0  -169.846
905  5  0  -169.846
159  3  0  -169.509
408  5  0  -169.509
657  1  0  -169.509
906  5  0  -169.509
160  3  0  -169.416
409  5  0  -169.416
658  1  0  -169.416
907  5  0  -169.416
161  3  0  -169.161
410  5  0  -169.161
659  1  0  -169.161
908  5  0  -169.161
162  3  0  -168.913
411  5  0  -168.913
660  1  0  -168.913
909  5  0  -168.913
163  3  0  -168.723
412  5  0  -168.723
661  1  0  -168.723
910  5  0  -168.723
164  3  0  -168.59
413  5  0  -168.59
662  1  0  -168.59
911  5  0  -168.59
165  3  0  -168.454
414  5  0  -168.454
663  1  0  -168.454
912  5  0  -168.454
166  3  0  -168.278
415  5  0  -168.278
664  1  0  -168.279
913  5  0  -168.279
167  3  0  -168.01
416  5  0  -168.01
665  1  0  -168.01
914  5  0  -168.01
168  3  0  -167.931
417  5  0  -167.931
666  1  0  -167.931
915  5  0  -167.931
169  3  0  -167.771
418  5  0  -167.771
667  1  0  -167.771
916  5  0  -167.771
170  3  0  -167.676
419  5  0  -167.676
668  1  0  -167.676
917  5  0  -167.676
171  3  0  -167.611
420  5  0  -167.611
669  1  0  -167.611
918  5  0  -167.611
172  3  0  -167.387
421  5  0  -167.387
670  1  0  -167.387
919  5  0  -167.387
173  3  0  -167.369
422  5  0  -167.369
671  1  0  -167.369
920  5  0  -167.369
174  3  0  -167.264
423  5  0  -167.264
672  1  0  -167.264
921  5  0  -167.264
175  3  0  -167.14
424  5  0  -167.14
673  1  0  -167.14
922  5  0  -167.14
176  3  0  -167.04
425  5  0  -167.04
674  1  0  -167.04
923  5  0  -167.04
177  3  0  -166.949
426  5  0  -166.949
675  1  0  -166.949
924  5  0  -166.949
178  3  0  -166.755
427  5  0  -166.755
676  1  0  -166.754
925  5  0  -166.754
179  3  0  -166.763
428  5  0  -166.763
677  1  0  -166.763
926  5  0  -166.763
180  3  0  -166.623
429  5  0  -166.623
678  1  0  -166.623
927  5  0  -166.623
181  3  0  -166.562
430  5  0  -166.562
679  1  0  -166.562
928  5  0  -166.562
182  3  0  -166.665
431  5  0  -166.665
680  1  0  -166.666
929  5  0  -166.666
183  3  0  -166.485
432  5  0  -166.485
681  1  0  -166.485
930  5  0  -166.485
184  3  0  -166.222
433  5  0  -166.222
682  1  0  -166.222
931  5  0  -166.222
185  3  0  -166.405
434  5  0  -166.405
683  1  0  -166.405
932  5  0  -166.405
186  3  0  -166.367
435  5  0  -166.367
684  1  0  -166.367
933  5  0  -166.367
187  3  0  -166.196
436  5  0  -166.196
685  1  0  -166.196
934  5  0  -166.196
188  3  0  -166.203
437  5  0  -166.203
686  1  0  -166.203
935  5  0  -166.203
189  3  0  -166.156
438  5  0  -166.156
687  1  0  176.401
936  5  0  161.695
190  3  0  -166.153
439  5  0  -166.153
688  4  0  -166.153
937  5  0  -166.153
191  3  0  -166.168
440  5  0  -166.168
689  4  0  -166.168
938  5  0  -166.168
192  3  0  -166.107
441  5  0  -166.107
690  4  0  -166.107
939  5  0  -166.107
193  3  0  -166.086
442  5  0  -166.086
691  4  0  -166.086
940  5  0  -166.086
194  3  0  -165.872
443  5  0  -165.872
692  4  0  -165.872
941  5  0  -165.872
195  3  0  -165.531
444  5  0  -165.531
693  4  0  -165.531
942  5  0  -165.531
196  3  0  -165.372
445  5  0  -165.372
694  4  0  -165.372
943  5  0  -165.372
197  3  0  -165.133
446  5  0  -165.133
695  4  0  -165.133
944  5  0  -165.133
198  3  0  -164.754
447  5  0  -164.957
696  4  0  -165.271
945  5  0  -165.602
199  3  0  -120.259
448  5  0  -120.145
697  4  0  -119.944
946  5  0  -119.689
200  2  0  -90.0435
449  1  0  -90.0435
698  1  0  -90.0435
947  2  0  89.9565
201  2  0  -90.0435
450  1  0  -90.0435
699  1  0  -90.0435
948  2  0  -90.0435
202  2  0  -90.0435
451  1  0  -90.0435
700  1  0  -90.0435
949  2  0  -90.0435
203  2  0  -90.0435
452  1  0  -90.0435
701  1  0  -90.0435
950  2  0  -90.0435
204  2  0  -90.0435
453  1  0  -90.0435
702  1  0  -90.0435
951  2  0  -90.0435
205  2  0  -90.0435
454  1  0  -90.0435
703  1  0  -90.0435
952  2  0  -90.0435
206  2  0  -90.0435
455  1  0  -90.0435
704  1  0  -90.0435
953  2  0  -90.0435
207  2  0  -90.0435
456  1  0  -90.0435
705  1  0  -90.0435
954  2  0  -90.0435
208  2  0  -90.0435
457  1  0  -90.0435
706  1  0  -90.0435
955  2  0  -90.0435
209  2  0  -90.0435
458  1  0  -90.0435
707  1  0  -90.0435
956  2  0  -90.0435
210  2  0  -90.0435
459  1  0  -90.0435
708  1  0  -90.0435
957  2  0  -90.0435
211  2  0  -90.0435
460  1  0  -90.0435
709  1  0  -90.0435
958  2  0  -90.0435
212  2  0  -90.0435
461  1  0  -90.0435
710  1  0  -90.0435
959  2  0  -90.0435
213  2  0  -90.0435
462  1  0  -90.0435
711  1  0  -90.0435
960  2  0  -90.0435
214  2  0  -90.0435
463  1  0  -90.0435
712  1  0  -90.0435
961  2  0  -90.0435
215  2  0  -90.0435
464  1  0  -90.0435
713  1  0  -90.0435
962  2  0  -90.0435
216  2  0  -90.0435
465  1  0  -90.0435
714  1  0  -90.0435
963  2  0  -90.0435
217  2  0  -90.0435
466  1  0  -90.0435
715  1  0  -90.0435
964  2  0  -90.0435
218  2  0  -90.0435
467  1  0  -90.0435
716  1  0  -90.0435
965  2  0  -90.0435
219  2  0  -90.0435
468  1  0  -90.0435
717  1  0  -90.0435
966  2  0  -90.0435
220  2  0  -90.0435
469  1  0  -90.0435
718  1  0  -90.0435
967  2  0  -90.0435
221  2  0  -90.0435
470  1  0  -90.0435
719  1  0  -90.0435
968  2  0  -90.0435
222  2  0  -90.0435
471  1  0  -90.0435
720  1  0  -90.0435
969  2  0  -90.0435
223  2  0  -90.0435
472  1  0  -90.0435
721  1  0  -90.0435
970  2  0  89.9565
224  2  0  -90.0195
473  1  0  -90.0195
722  1  0  -90.0195
971  2  0  89.9805
225  2  0  -90.0195
474  1  0  -90.0195
723  1  0  -90.0195
972  2  0  -90.0195
226  2  0  -90.0195
475  1  0  -90.0195
724  1  0  -90.0195
973  2  0  -90.0195
227  2  0  -90.0195
476  1  0  -90.0195
725  1  0  -90.0195
974  2  0  -90.0195
228  2  0  -90.0195
477  1  0  -90.0195
726  1  0  -90.0195
975  2  0  -90.0195
229  2  0  -90.0195
478  1  0  -90.0195
727  1  0  -90.0195
976  2  0  -90.0195
230  2  0  -90.0195
479  1  0  -90.0195
728  1  0  -90.0195
977  2  0  -90.0195
231  2  0  -90.0195
480  1  0  -90.0195
729  1  0  -90.0195
978  2  0  -90.0195
232  2  0  -90.0195
481  1  0  -90.0195
730  1  0  -90.0195
979  2  0  -90.0195
233  2  0  -90.0195
482  1  0  -90.0195
731  1  0  -90.0195
980  2  0  -90.0195
234  2  0  -90.0195
483  1  0  -90.0195
732  1  0  -90.0195
981  2  0  -90.0195
235  2  0  -90.0195
484  1  0  -90.0195
733  1  0  -90.0195
982  2  0  -90.0195
236  2  0  -90.0195
485  1  0  -90.0195
734  1  0  -90.0195
983  2  0  -90.0195
237  2  0  -90.0195
486  1  0  -90.0195
735  1  0  -90.0195
984  2  0  -90.0195
238  2  0  -90.0195
487  1  0  -90.0195
736  1  0  -90.0195
985  2  0  -90.0195
239  2  0  -90.0195
488  1  0  -90.0195
737  1  0  -90.0195
986  2  0  -90.0195
240  2  0  -90.0195
489  1  0  -90.0195
738  1  0  -90.0195
987  2  0  -90.0195
241  2  0  -90.0195
490  1  0  -90.0195
739  1  0  -90.0195
988  2  0  -90.0195
242  2  0  -90.0195
491  1  0  -90.0195
740  1  0  -90.0195
989  2  0  -90.0195
243  2  0  -90.0195
492  1  0  -90.0195
741  1  0  -90.0195
990  2  0  -90.0195
244  2  0  -90.0195
493  1  0  -90.0195
742  1  0  -90.0195
991  2  0  -90.0195
245  2  0  -90.0195
494  1  0  -90.0195
743  1  0  -90.0195
992  2  0  -90.0195
246  2  0  -90.0195
495  1  0  -90.0195
744  1  0  -90.0195
993  2  0  -90.0195
247  2  0  -90.0195
496  1  0  -90.0195
745  1  0  -90.0195
994  2  0  -90.0195
248  2  0  -90.0195
497  1  0  -90.0195
746  1  0  -90.0195
995  2  0  -90.0195
249  2  0  -90.0195
498  1  0  -90.0195
747  1  0  -90.0195
996  2  0  89.9805
