1  3  0  9.27021
238  5  0  9.2701
475  4  0  9.26957
712  5  0  -170.726
2  3  0  8.59489
239  5  0  8.59488
476  4  0  8.59486
713  5  0  8.59485
3  3  0  7.87793
240  5  0  7.8779
477  4  0  7.87785
714  5  0  7.8778
4  3  0  7.03401
241  5  0  7.03408
478  4  0  7.03419
715  5  0  7.03429
5  3  0  6.52064
242  5  0  6.52046
479  4  0  6.52018
716  5  0  6.51991
6  3  0  5.32979
243  5  0  5.32991
480  4  0  5.33009
717  5  0  5.33026
7  3  0  4.50137
244  5  0  4.50124
481  4  0  4.50105
718  5  0  4.50087
8  3  0  3.28665
245  5  0  3.28668
482  4  0  3.28673
719  5  0  3.28677
9  3  0  2.14966
246  5  0  2.14967
483  4  0  2.14968
720  5  0  2.14969
10  3  0  1.03547
247  5  0  1.0353
484  4  0  1.03503
721  5  0  1.03477
11  3  0  -0.493243
248  5  0  -0.493132
485  1  0  13.2884
722  5  0  25.5394
12  3  0  -1.66262
249  5  0  -1.66263
486  1  0  -1.66265
723  5  0  -1.66267
13  3  0  -2.84039
250  5  0  -2.84027
487  1  0  -2.83958
724  5  0  -2.83889
14  3  0  -3.6591
251  5  0  -3.65928
488  1  0  -3.66038
725  5  0  -3.66145
15  3  0  -5.00029
252  5  0  -5.00012
489  1  0  -4.99913
726  5  0  -4.99816
16  3  0  -5.88211
253  5  0  -5.88213
490  1  0  -5.88229
727  5  0  -5.88245
17  3  0  -6.85241
254  5  0  -6.85244
491  1  0  -6.85266
728  5  0  -6.85287
18  3  0  -7.93077
255  5  0  -7.9307
492  1  0  -7.93021
729  5  0  -7.92974
19  3  0  -8.74648
256  5  0  -8.74651
493  1  0  -8.74667
730  5  0  -8.74682
20  3  0  -9.65653
257  5  0  -9.65656
494  1  0  -9.65672
731  5  0  -9.65688
21  3  0  -10.6547
258  5  0  -10.6546
495  1  0  -10.6542
732  5  0  -10.6538
22  3  0  -11.4107
259  5  0  -11.4106
496  1  0  -11.4106
733  5  0  -11.4105
23  3  0  -12.1042
260  5  0  -12.1042
497  1  0  -12.1042
734  5  0  -12.1041
24  3  0  -12.7478
261  5  0  -12.7478
498  1  0  -12.7479
735  5  0  -12.748
25  3  0  -13.4484
262  5  0  -13.4484
499  1  0  -13.4482
736  5  0  -13.4481
26  3  0  -14.0064
263  5  0  -14.0064
500  1  0  -14.0062
737  5  0  -14.006
27  3  0  -14.3081
264  5  0  -14.3082
501  1  0  -14.3084
738  5  0  -14.3087
28  3  0  -14.89
265  5  0  -14.89
502  1  0  -14.8898
739  5  0  -14.8897
29  3  0  -15.3483
266  5  0  -15.3483
503  1  0  -15.3481
740  5  0  -15.348
30  3  0  -15.6132
267  5  0  -15.6132
504  1  0  -15.6132
741  5  0  -15.6131
31  3  0  -15.7764
268  5  0  -15.7764
505  1  0  -15.7764
742  5  0  -15.7764
32  3  0  -15.9743
269  5  0  -15.9743
506  1  0  -15.9743
743  5  0  -15.9743
33  3  0  -16.1691
270  5  0  -16.1691
507  1  0  -16.1691
744  5  0  -16.1691
34  3  0  -16.2703
271  5  0  -16.2703
508  1  0  -16.2703
745  5  0  -16.2703
35  3  0  -16.3259
272  5  0  -16.3259
509  1  0  -16.3259
746  5  0  -16.3259
36  3  0  -16.3046
273  5  0  -16.3046
510  1  0  -16.3046
747  5  0  -16.3046
37  3  0  -16.2699
274  5  0  -16.2699
511  1  0  -16.2699
748  5  0  -16.2699
38  3  0  -16.207
275  5  0  -16.207
512  1  0  -16.207
749  5  0  -16.207
39  3  0  -16.0614
276  5  0  -16.0614
513  1  0  -16.0614
750  5  0  -16.0615
40  3  0  -15.7662
277  5  0  -15.7662
514  1  0  -15.7662
751  5  0  -15.7661
41  3  0  -15.5743
278  5  0  -15.5743
515  1  0  -15.5743
752  5  0  -15.5743
42  3  0  -15.3712
279  5  0  -15.3712
516  1  0  -15.3712
753  5  0  -15.3713
43  3  0  -15.0572
280  5  0  -15.0572
517  1  0  -15.0572
754  5  0  -15.0573
44  3  0  -14.6686
281  5  0  -14.6686
518  1  0  -14.6685
755  5  0  -14.6685
45  3  0  -14.3542
282  5  0  -14.3542
519  1  0  -14.3542
756  5  0  -14.3542
46  3  0  -14.0211
283  5  0  -14.0211
520  1  0  -14.0212
757  5  0  -14.0214
47  3  0  -13.5412
284  5  0  -13.5412
521  1  0  -13.541
758  5  0  -13.5409
48  3  0  -13.2434
285  5  0  -13.2434
522  1  0  -13.2434
759  5  0  -13.2434
49  3  0  -12.9097
286  5  0  -12.9097
523  1  0  -12.9101
760  5  0  -12.9105
50  3  0  -12.2022
287  5  0  -12.2023
524  1  0  8.93864
761  5  0  25.7073
51  3  0  -11.4092
288  5  0  -11.3686
525  6  0  -11.3413
762  5  0  -11.3359
52  3  0  -10.921
289  5  0  -10.8485
526  6  0  -10.7329
763  5  0  -10.697
53  3  0  -10.4296
290  5  0  -10.4297
527  6  0  -10.43
764  5  0  -10.4304
54  3  0  -9.78169
291  5  0  -9.78168
528  6  0  -9.78156
765  5  0  -9.78143
55  3  0  -9.17868
292  5  0  -9.17868
529  6  0  -9.17868
766  5  0  -9.17868
56  3  0  -8.57726
293  5  0  -8.57728
530  6  0  -8.57757
767  5  0  -8.57787
57  3  0  -7.87165
294  5  0  -7.87164
531  6  0  -7.87141
768  5  0  -7.87117
58  3  0  -7.24648
295  5  0  -7.24651
532  6  0  -7.24688
769  5  0  -7.24727
59  3  0  -6.49521
296  5  0  -6.49517
533  6  0  -6.49465
770  5  0  -6.49412
60  3  0  -5.92537
297  5  0  -5.92535
534  6  0  -5.92511
771  5  0  -5.92487
61  3  0  -5.46427
298  5  0  -5.46436
535  6  0  -5.46553
772  5  0  -5.46673
62  3  0  -4.59533
299  5  0  -4.59526
536  6  0  -4.59437
773  5  0  -4.59345
63  3  0  -4.01293
300  5  0  -4.01295
537  6  0  -4.0131
774  5  0  -4.01326
64  3  0  -3.37054
301  5  0  -3.37056
538  6  0  -3.37089
775  5  0  -3.37122
65  3  0  -2.62074
302  5  0  -2.62074
539  6  0  -2.62076
776  5  0  -2.62079
66  3  0  -1.86416
303  5  0  -1.86414
540  6  0  -1.86388
777  5  0  -1.86362
67  3  0  -1.19105
304  5  0  -1.19105
541  6  0  -1.19115
778  5  0  -1.19124
68  3  0  -0.487545
305  5  0  -0.487559
542  6  0  -0.48775
779  5  0  -0.487947
69  3  0  0.27647
306  5  0  0.276461
543  6  0  0.27633
780  5  0  0.276197
70  3  0  1.07894
307  5  0  1.07893
544  6  0  1.07875
781  5  0  1.07857
71  3  0  1.9302
308  5  0  1.93022
545  6  0  1.93048
782  5  0  1.93075
72  3  0  2.70665
309  5  0  2.70666
546  6  0  2.70676
783  5  0  2.70686
73  3  0  3.45332
310  5  0  3.45331
547  6  0  3.45323
784  5  0  3.45314
74  3  0  4.22566
311  5  0  4.22564
548  6  0  4.22542
785  5  0  4.22519
75  3  0  5.07859
312  5  0  5.15986
549  6  0  5.25968
786  5  0  5.30222
76  3  0  5.99807
313  5  0  6.15081
550  6  0  7.41848
787  5  0  -178.942
77  3  0  6.92605
314  5  0  6.92606
551  1  0  -18.1839
788  5  0  -36.516
78  3  0  7.84394
315  5  0  7.84392
552  1  0  7.84376
789  5  0  7.84361
79  3  0  8.84472
316  5  0  8.84477
553  1  0  8.8451
790  5  0  8.84543
80  3  0  9.65779
317  5  0  9.6577
554  1  0  9.65715
791  5  0  9.65658
81  3  0  10.7687
318  5  0  10.7688
555  1  0  10.7692
792  5  0  10.7696
82  3  0  11.669
319  5  0  11.669
556  1  0  11.6688
793  5  0  11.6687
83  3  0  12.6434
320  5  0  12.6433
557  1  0  12.6431
794  5  0  12.6429
84  3  0  13.7209
321  5  0  13.7208
558  1  0  13.7203
795  5  0  13.7198
85  3  0  15.0291
322  5  0  15.0292
559  1  0  15.0297
796  5  0  15.0302
86  3  0  16.1153
323  5  0  16.1152
560  1  0  16.1147
797  5  0  16.1142
87  3  0  17.4137
324  5  0  17.4138
561  1  0  17.4139
798  5  0  17.4141
88  3  0  18.6403
325  5  0  18.6403
562  1  0  18.64
799  5  0  18.6398
89  3  0  19.973
326  5  0  19.9728
563  1  0  3.45643
800  5  0  -10.8527
90  3  0  21.9106
327  5  0  21.9108
564  4  0  21.9111
801  5  0  21.9113
91  3  0  23.5135
328  5  0  23.5131
565  4  0  23.5125
802  5  0  23.5119
92  3  0  25.7831
329  5  0  25.7828
566  4  0  25.7823
803  5  0  25.7819
93  3  0  28.4345
330  5  0  28.4336
567  4  0  28.4321
804  5  0  28.4306
94  3  0  32.1017
331  5  0  32.1014
568  4  0  32.1008
805  5  0  32.1003
95  3  0  36.0756
332  5  0  36.0743
569  4  0  36.0722
806  5  0  36.0701
96  3  0  41.0459
333  5  0  41.0429
570  4  0  41.0384
807  5  0  41.0338
97  3  0  47.6734
334  5  0  47.6549
571  4  0  47.6264
808  5  0  47.5968
98  3  0  60.4615
335  5  0  60.4344
572  4  0  60.3918
809  5  0  60.3465
99  3  0  78.8367
336  5  0  78.8897
573  4  0  78.9741
810  5  0  79.0651
100  3  0  98.5828
337  5  0  98.5272
574  4  0  98.4384
811  5  0  98.3421
101  3  0  116.754
338  5  0  116.784
575  4  0  116.832
812  5  0  116.882
102  3  0  129.018
339  5  0  129.034
576  4  0  129.058
813  5  0  129.083
103  3  0  136.471
340  5  0  136.476
577  4  0  136.484
814  5  0  136.492
104  3  0  141.476
341  5  0  141.479
578  4  0  141.483
815  5  0  141.487
105  3  0  144.565
342  5  0  144.565
579  4  0  144.566
816  5  0  144.567
106  3  0  146.855
343  5  0  146.855
580  4  0  146.855
817  5  0  146.854
107  3  0  149.56
344  5  0  149.561
581  4  0  149.561
818  5  0  149.562
108  3  0  151.538
345  5  0  151.538
582  4  0  151.538
819  5  0  151.538
109  3  0  153.235
346  5  0  153.235
583  4  0  153.236
820  5  0  153.236
110  3  0  154.471
347  5  0  154.471
584  4  0  154.47
821  5  0  154.47
111  3  0  156.345
348  5  0  156.345
585  1  0  172.56
822  5  0  -173.313
112  3  0  157.783
349  5  0  157.783
586  1  0  157.784
823  5  0  157.785
113  3  0  158.953
350  5  0  158.953
587  1  0  158.953
824  5  0  158.954
114  3  0  160.033
351  5  0  160.033
588  1  0  160.033
825  5  0  160.033
115  3  0  161.132
352  5  0  161.132
589  1  0  161.132
826  5  0  161.132
116  3  0  162.258
353  5  0  162.258
590  1  0  162.259
827  5  0  162.259
117  3  0  163.23
354  5  0  163.23
591  1  0  163.231
828  5  0  163.231
118  3  0  164.015
355  5  0  164.015
592  1  0  164.014
829  5  0  164.014
119  3  0  165.117
356  5  0  165.117
593  1  0  165.118
830  5  0  165.119
120  3  0  165.917
357  5  0  165.917
594  1  0  165.917
831  5  0  165.916
121  3  0  167.125
358  5  0  167.126
595  1  0  167.127
832  5  0  167.128
122  3  0  167.498
359  5  0  167.497
596  1  0  167.496
833  5  0  167.495
123  3  0  168.671
360  5  0  168.671
597  1  0  168.672
834  5  0  168.673
124  3  0  169.31
361  5  0  169.144
598  6  0  -116.508
835  5  0  -86.427
125  3  0  170.256
362  5  0  170.17
599  6  0  170.056
836  5  0  170.008
126  3  0  171.082
363  5  0  171.082
600  6  0  171.082
837  5  0  171.083
127  3  0  171.766
364  5  0  171.766
601  6  0  171.766
838  5  0  171.766
128  3  0  172.432
365  5  0  172.431
602  6  0  172.431
839  5  0  172.431
129  3  0  173.16
366  5  0  173.16
603  6  0  173.159
840  5  0  173.158
130  3  0  174.131
367  5  0  174.131
604  6  0  174.132
841  5  0  174.133
131  3  0  174.875
368  5  0  174.875
605  6  0  174.875
842  5  0  174.875
132  3  0  175.656
369  5  0  175.656
606  6  0  175.656
843  5  0  175.656
133  3  0  176.427
370  5  0  176.427
607  6  0  176.428
844  5  0  176.428
134  3  0  177.078
371  5  0  177.078
608  6  0  177.077
845  5  0  177.075
135  3  0  178.172
372  5  0  178.172
609  6  0  178.173
846  5  0  178.175
136  3  0  178.856
373  5  0  178.856
610  6  0  178.856
847  5  0  178.856
137  3  0  179.53
374  5  0  179.53
611  6  0  179.529
848  5  0  179.529
138  3  0  -179.658
375  5  0  -179.659
612  6  0  -179.659
849  5  0  -179.66
139  3  0  -178.714
376  5  0  -178.714
613  6  0  -178.713
850  5  0  -178.712
140  3  0  -178.082
377  5  0  -178.082
614  6  0  -178.082
851  5  0  -178.082
141  3  0  -177.445
378  5  0  -177.445
615  6  0  -177.445
852  5  0  -177.445
142  3  0  -176.713
379  5  0  -176.713
616  6  0  -176.712
853  5  0  -176.712
143  3  0  -176.059
380  5  0  -176.059
617  6  0  -176.058
854  5  0  -176.058
144  3  0  -175.563
381  5  0  -175.563
618  6  0  -175.563
855  5  0  -175.563
145  3  0  -175.044
382  5  0  -175.044
619  6  0  -175.044
856  5  0  -175.045
146  3  0  -174.339
383  5  0  -174.339
620  6  0  -174.339
857  5  0  -174.338
147  3  0  -173.909
384  5  0  -173.909
621  6  0  -173.909
858  5  0  -173.909
148  3  0  -173.387
385  5  0  -173.471
622  6  0  -173.679
859  5  0  -173.863
149  3  0  -172.83
386  5  0  -172.877
623  6  0  167.744
860  5  0  153.754
150  3  0  -172.283
387  5  0  -172.283
624  1  0  -172.284
861  5  0  -172.284
151  3  0  -171.609
388  5  0  -171.609
625  1  0  -171.609
862  5  0  -171.609
152  3  0  -171.301
389  5  0  -171.301
626  1  0  -171.301
863  5  0  -171.301
153  3  0  -171.003
390  5  0  -171.003
627  1  0  -171.003
864  5  0  -171.003
154  3  0  -170.64
391  5  0  -170.64
628  1  0  -170.64
865  5  0  -170.64
155  3  0  -170.297
392  5  0  -170.297
629  1  0  -170.297
866  5  0  -170.297
156  3  0  -170.017
393  5  0  -170.017
630  1  0  -170.017
867  5  0  -170.017
157  3  0  -169.82
394  5  0  -169.82
631  1  0  -169.82
868  5  0  -169.82
158  3  0  -169.668
395  5  0  -169.668
632  1  0  -169.668
869  5  0  -169.668
159  3  0  -169.273
396  5  0  -169.273
633  1  0  -169.273
870  5  0  -169.273
160  3  0  -168.913
397  5  0  -168.913
634  1  0  -168.913
871  5  0  -168.912
161  3  0  -168.664
398  5  0  -168.664
635  1  0  -168.664
872  5  0  -168.664
162  3  0  -168.579
399  5  0  -168.579
636  1  0  -168.579
873  5  0  -168.579
163  3  0  -168.237
400  5  0  -168.237
637  1  0  -168.237
874  5  0  -168.237
164  3  0  -168.162
401  5  0  -168.162
638  1  0  -168.162
875  5  0  -168.162
165  3  0  -168.025
402  5  0  -168.025
639  1  0  -168.025
876  5  0  -168.025
166  3  0  -167.667
403  5  0  -167.667
640  1  0  -167.667
877  5  0  -167.667
167  3  0  -167.727
404  5  0  -167.727
641  1  0  -167.727
878  5  0  -167.727
168  3  0  -167.42
405  5  0  -167.42
642  1  0  -167.419
879  5  0  -167.419
169  3  0  -167.324
406  5  0  -167.324
643  1  0  -167.324
880  5  0  -167.324
170  3  0  -167.408
407  5  0  -167.408
644  1  0  -167.408
881  5  0  -167.408
171  3  0  -167.202
408  5  0  -167.202
645  1  0  -167.202
882  5  0  -167.202
172  3  0  -166.941
409  5  0  -166.941
646  1  0  -166.941
883  5  0  -166.941
173  3  0  -167.05
410  5  0  -167.05
647  1  0  -167.05
884  5  0  -167.05
174  3  0  -166.995
411  5  0  -166.995
648  1  0  -166.995
885  5  0  -166.995
175  3  0  -166.782
412  5  0  -166.782
649  1  0  -166.782
886  5  0  -166.782
176  3  0  -166.732
413  5  0  -166.732
650  1  0  -166.732
887  5  0  -166.732
177  3  0  -166.519
414  5  0  -166.519
651  1  0  -166.519
888  5  0  -166.519
178  3  0  -166.586
415  5  0  -166.586
652  1  0  -166.586
889  5  0  -166.586
179  3  0  -166.541
416  5  0  -166.541
653  1  0  -166.541
890  5  0  -166.541
180  3  0  -166.376
417  5  0  -166.376
654  1  0  -166.376
891  5  0  -166.376
181  3  0  -166.199
418  5  0  -166.199
655  1  0  -166.199
892  5  0  -166.199
182  3  0  -166.068
419  5  0  -166.068
656  1  0  -166.068
893  5  0  -166.068
183  3  0  -166.141
420  5  0  -166.141
657  1  0  -166.141
894  5  0  -166.141
184  3  0  -166.176
421  5  0  -166.176
658  1  0  -166.176
895  5  0  -166.176
185  3  0  -165.989
422  5  0  -165.989
659  1  0  -165.989
896  5  0  -165.989
186  3  0  -165.996
423  5  0  -165.996
660  1  0  -165.996
897  5  0  -165.996
187  3  0  -166.005
424  5  0  -166.005
661  1  0  -166.005
898  5  0  -166.005
188  3  0  -165.954
425  5  0  -165.954
662  1  0  -179.496
899  5  0  168.321
189  3  0  -165.866
426  5  0  -165.866
663  4  0  -165.866
900  5  0  -165.866
190  3  0  -165.752
427  5  0  -165.752
664  4  0  -165.752
901  5  0  -165.752
191  3  0  -165.695
428  5  0  -165.695
665  4  0  -165.695
902  5  0  -165.695
192  3  0  -165.571
429  5  0  -165.571
666  4  0  -165.571
903  5  0  -165.571
193  3  0  -165.355
430  5  0  -165.355
667  4  0  -165.355
904  5  0  -165.355
194  3  0  -165.309
431  5  0  -165.309
668  4  0  -165.309
905  5  0  -165.309
195  3  0  -165.264
432  5  0  -165.264
669  4  0  -165.264
906  5  0  -165.264
196  3  0  -164.821
433  5  0  -164.821
670  4  0  -164.821
907  5  0  -164.821
197  3  0  -164.362
434  5  0  -164.461
671  4  0  -164.615
908  5  0  -164.776
198  3  0  -139.417
435  5  0  -139.312
672  4  0  -138.954
909  5  0  -136.431
199  2  0  -90.0322
436  1  0  -90.0322
673  1  0  -90.0322
910  2  0  89.9678
200  2  0  -90.0322
437  1  0  -90.0322
674  1  0  -90.0322
911  2  0  -90.0322
201  2  0  -90.0322
438  1  0  -90.0322
675  1  0  -90.0322
912  2  0  -90.0322
202  2  0  -90.0322
439  1  0  -90.0322
676  1  0  -90.0322
913  2  0  -90.0322
203  2  0  -90.0322
440  1  0  -90.0322
677  1  0  -90.0322
914  2  0  -90.0322
204  2  0  -90.0322
441  1  0  -90.0322
678  1  0  -90.0322
915  2  0  -90.0322
205  2  0  -90.0322
442  1  0  -90.0322
679  1  0  -90.0322
916  2  0  -90.0322
206  2  0  -90.0322
443  1  0  -90.0322
680  1  0  -90.0322
917  2  0  -90.0322
207  2  0  -90.0322
444  1  0  -90.0322
681  1  0  -90.0322
918  2  0  -90.0322
208  2  0  -90.0322
445  1  0  -90.0322
682  1  0  -90.0322
919  2  0  -90.0322
209  2  0  -90.0322
446  1  0  -90.0322
683  1  0  -90.0322
920  2  0  -90.0322
210  2  0  -90.0322
447  1  0  -90.0322
684  1  0  -90.0322
921  2  0  -90.0322
211  2  0  -90.0322
448  1  0  -90.0322
685  1  0  -90.0322
922  2  0  -90.0322
212  2  0  -90.0322
449  1  0  -90.0322
686  1  0  -90.0322
923  2  0  -90.0322
213  2  0  -90.0322
450  1  0  -90.0322
687  1  0  -90.0322
924  2  0  -90.0322
214  2  0  -90.0322
451  1  0  -90.0322
688  1  0  -90.0322
925  2  0  -90.0322
215  2  0  -90.0322
452  1  0  -90.0322
689  1  0  -90.0322
926  2  0  -90.0322
216  2  0  -90.0322
453  1  0  -90.0322
690  1  0  -90.0322
927  2  0  -90.0322
217  2  0  -90.0322
454  1  0  -90.0322
691  1  0  -90.0322
928  2  0  89.9678
218  2  0  -90.0364
455  1  0  -90.0364
692  1  0  89.9636
929  2  0  89.9636
219  2  0  -90.0364
456  1  0  -90.0364
693  1  0  -90.0364
930  2  0  -90.0364
220  2  0  -90.0364
457  1  0  -90.0364
694  1  0  -90.0364
931  2  0  -90.0364
221  2  0  -90.0364
458  1  0  -90.0364
695  1  0  -90.0364
932  2  0  -90.0364
222  2  0  -90.0364
459  1  0  -90.0364
696  1  0  -90.0364
933  2  0  -90.0364
223  2  0  -90.0364
460  1  0  -90.0364
697  1  0  -90.0364
934  2  0  -90.0364
224  2  0  -90.0364
461  1  0  -90.0364
698  1  0  -90.0364
935  2  0  -90.0364
225  2  0  -90.0364
462  1  0  -90.0364
699  1  0  -90.0364
936  2  0  -90.0364
226  2  0  -90.0364
463  1  0  -90.0364
700  1  0  -90.0364
937  2  0  -90.0364
227  2  0  -90.0364
464  1  0  -90.0364
701  1  0  -90.0364
938  2  0  -90.0364
228  2  0  -90.0364
465  1  0  -90.0364
702  1  0  -90.0364
939  2  0  -90.0364
229  2  0  -90.0364
466  1  0  -90.0364
703  1  0  -90.0364
940  2  0  -90.0364
230  2  0  -90.0364
467  1  0  -90.0364
704  1  0  -90.0364
941  2  0  -90.0364
231  2  0  -90.0364
468  1  0  -90.0364
705  1  0  -90.0364
942  2  0  -90.0364
232  2  0  -90.0364
469  1  0  -90.0364
706  1  0  -90.0364
943  2  0  -90.0364
233  2  0  -90.0364
470  1  0  -90.0364
707  1  0  -90.0364
944  2  0  -90.0364
234  2  0  -90.0364
471  1  0  -90.0364
708  1  0  -90.0364
945  2  0  -90.0364
235  2  0  -90.0364
472  1  0  -90.0364
709  1  0  -90.0364
946  2  0  -90.0364
236  2  0  -90.0364
473  1  0  -90.0364
710  1  0  -90.0364
947  2  0  -90.0364
237  2  0  -90.0364
474  1  0  -90.0364
711  1  0  89.9636
948  2  0  89.9636
