1  -1.35160000e+00  -5.62121560e-03
2  -1.33147847e+00  -2.33692700e-03
3  -1.31132005e+00  7.09908128e-04
4  -1.29112473e+00  3.50431338e-03
5  -1.27089044e+00  6.00095935e-03
6  -1.25063460e+00  8.31622492e-03
7  -1.23033521e+00  1.02099824e-02
8  -1.21001047e+00  1.18100708e-02
9  -1.18965681e+00  1.29788964e-02
10  -1.16928358e+00  1.37436296e-02
11  -1.14890000e+00  1.41120602e-02
12  -1.12046004e+00  1.38672134e-02
13  -1.09989109e+00  1.32701705e-02
14  -1.07933749e+00  1.22504023e-02
15  -1.05880092e+00  1.09370925e-02
16  -1.03830135e+00  9.14349989e-03
17  -1.01783069e+00  7.03452551e-03
18  -9.97399958e-01  4.57935525e-03
19  -9.77018038e-01  1.73996616e-03
20  -9.56678684e-01  -1.38927987e-03
21  -9.36391647e-01  -4.84116698e-03
22  -9.16167594e-01  -8.64598144e-03
23  -8.95995347e-01  -1.27173252e-02
24  -8.75873805e-01  -1.70325689e-02
25  -8.55802137e-01  -2.15735153e-02
26  -8.35787760e-01  -2.63595004e-02
27  -8.15820561e-01  -3.13402613e-02
28  -7.95879823e-01  -3.64261087e-02
29  -7.75991788e-01  -4.17141799e-02
30  -7.56146826e-01  -4.71611338e-02
31  -7.36327117e-01  -5.26998269e-02
32  -7.16523235e-01  -5.82949407e-02
33  -6.96738798e-01  -6.39584310e-02
34  -6.76973763e-01  -6.96891653e-02
35  -6.57218856e-01  -7.54548038e-02
36  -6.37469546e-01  -8.12396001e-02
37  -6.17718085e-01  -8.70170484e-02
38  -5.97963132e-01  -9.27825397e-02
39  -5.78201873e-01  -9.85263213e-02
40  -5.58426069e-01  -1.04219871e-01
41  -5.38621222e-01  -1.09811478e-01
42  -5.18797783e-01  -1.15336691e-01
43  -4.98954835e-01  -1.20791604e-01
44  -4.79082302e-01  -1.26137691e-01
45  -4.59174135e-01  -1.31348828e-01
46  -4.39237526e-01  -1.36450685e-01
47  -4.19271554e-01  -1.41436571e-01
48  -3.99264628e-01  -1.46255030e-01
49  -3.79232940e-01  -1.50969416e-01
50  -3.59174058e-01  -1.55567078e-01
51  -3.31200000e-01  -1.61616428e-01
52  -3.10847214e-01  -1.65726681e-01
53  -2.90460580e-01  -1.69663485e-01
54  -2.70040058e-01  -1.73422271e-01
55  -2.49578207e-01  -1.76949912e-01
56  -2.29080646e-01  -1.80261967e-01
57  -2.08549823e-01  -1.83358626e-01
58  -1.87981777e-01  -1.86202308e-01
59  -1.67383949e-01  -1.88821396e-01
60  -1.46754265e-01  -1.91170106e-01
61  -1.26101675e-01  -1.93313588e-01
62  -1.05432327e-01  -1.95290808e-01
63  -8.47354686e-02  -1.96954344e-01
64  -6.40230655e-02  -1.98407394e-01
65  -4.32958571e-02  -1.99628121e-01
66  -2.25539245e-02  -2.00577530e-01
67  -1.80123096e-03  -2.01252972e-01
68  1.89577258e-02  -2.01684565e-01
69  3.97199971e-02  -2.01861240e-01
70  6.04829254e-02  -2.01761051e-01
71  8.12429474e-02  -2.01370071e-01
72  1.01994849e-01  -2.00670711e-01
73  1.22735097e-01  -1.99690213e-01
74  1.43460624e-01  -1.98439533e-01
75  1.64167343e-01  -1.96909602e-01
76  1.84849382e-01  -1.95077601e-01
77  2.05500000e-01  -1.92914348e-01
78  2.29031637e-01  -1.90055850e-01
79  2.49910209e-01  -1.87179525e-01
80  2.70735393e-01  -1.83938975e-01
81  2.91512480e-01  -1.80403229e-01
82  3.12216960e-01  -1.76465367e-01
83  3.32857021e-01  -1.72202659e-01
84  3.53421590e-01  -1.67589591e-01
85  3.73895755e-01  -1.62590600e-01
86  3.94250384e-01  -1.57125511e-01
87  4.14497486e-01  -1.51275629e-01
88  4.34606862e-01  -1.44968440e-01
89  4.54576106e-01  -1.38232386e-01
90  4.77000000e-01  -1.30082689e-01
91  4.96974609e-01  -1.22048667e-01
92  5.16715249e-01  -1.13459624e-01
93  5.36100253e-01  -1.04095596e-01
94  5.55031414e-01  -9.38447363e-02
95  5.73264071e-01  -8.24066180e-02
96  5.90659905e-01  -6.97325767e-02
97  6.06890528e-01  -5.56004271e-02
98  6.21368820e-01  -3.97021343e-02
99  6.31946100e-01  -2.10328031e-02
100  6.36100000e-01  0.00000000e+00
101  6.33106047e-01  1.98157945e-02
102  6.24100873e-01  3.76820771e-02
103  6.11470406e-01  5.32708743e-02
104  5.96915172e-01  6.70975982e-02
105  5.81205488e-01  7.96044167e-02
106  5.64842952e-01  9.12479223e-02
107  5.48026770e-01  1.02228902e-01
108  5.30711943e-01  1.12403745e-01
109  5.13056018e-01  1.21975109e-01
110  4.95123633e-01  1.31019618e-01
111  4.77000000e-01  1.39675443e-01
112  4.54713305e-01  1.49437945e-01
113  4.34835422e-01  1.57556806e-01
114  4.14795365e-01  1.65268282e-01
115  3.94613461e-01  1.72600714e-01
116  3.74294474e-01  1.79544681e-01
117  3.53842800e-01  1.86088025e-01
118  3.33283049e-01  1.92283544e-01
119  3.12640479e-01  1.98196818e-01
120  2.91887855e-01  2.03711949e-01
121  2.71060202e-01  2.08936748e-01
122  2.50127041e-01  2.13721309e-01
123  2.29163213e-01  2.18369816e-01
124  2.05500000e-01  2.23110631e-01
125  1.85117534e-01  2.26951314e-01
126  1.64675373e-01  2.30455390e-01
127  1.44185371e-01  2.33670652e-01
128  1.23658335e-01  2.36641048e-01
129  1.03098041e-01  2.39372867e-01
130  8.25044649e-02  2.41843029e-01
131  6.18721197e-02  2.43963784e-01
132  4.12143925e-02  2.45816358e-01
133  2.05335712e-02  2.47387187e-01
134  -1.67149505e-04  2.48679653e-01
135  -2.08813833e-02  2.49736841e-01
136  -4.16117269e-02  2.50398580e-01
137  -6.23483110e-02  2.50812609e-01
138  -8.30881833e-02  2.50982892e-01
139  -1.03829014e-01  2.50859264e-01
140  -1.24564927e-01  2.50393808e-01
141  -1.45294025e-01  2.49699764e-01
142  -1.66014041e-01  2.48775066e-01
143  -1.86721108e-01  2.47585670e-01
144  -2.07413225e-01  2.46160015e-01
145  -2.28091876e-01  2.44555278e-01
146  -2.48755212e-01  2.42763386e-01
147  -2.69395272e-01  2.40717602e-01
148  -2.90019308e-01  2.38516777e-01
149  -3.10621447e-01  2.36124508e-01
150  -3.31200000e-01  2.33532262e-01
151  -3.59906748e-01  2.29642492e-01
152  -3.80718103e-01  2.26572809e-01
153  -4.01512598e-01  2.23391234e-01
154  -4.22290218e-01  2.20101590e-01
155  -4.43046664e-01  2.16680227e-01
156  -4.63782303e-01  2.13134811e-01
157  -4.84500282e-01  2.09488068e-01
158  -5.05205638e-01  2.05769948e-01
159  -5.25901099e-01  2.01997057e-01
160  -5.46569999e-01  1.98081503e-01
161  -5.67213773e-01  1.94036083e-01
162  -5.87839925e-01  1.89901051e-01
163  -6.08459900e-01  1.85735360e-01
164  -6.29054628e-01  1.81446683e-01
165  -6.49643763e-01  1.77131093e-01
166  -6.70222423e-01  1.72766183e-01
167  -6.90773526e-01  1.68272963e-01
168  -7.11329319e-01  1.63801253e-01
169  -7.31860703e-01  1.59219291e-01
170  -7.52384543e-01  1.54603207e-01
171  -7.72915106e-01  1.50017098e-01
172  -7.93429062e-01  1.45357220e-01
173  -8.13921526e-01  1.40603812e-01
174  -8.34423037e-01  1.35889603e-01
175  -8.54919987e-01  1.31155740e-01
176  -8.75399249e-01  1.26345682e-01
177  -8.95874312e-01  1.21517792e-01
178  -9.16331247e-01  1.16613677e-01
179  -9.36793875e-01  1.11733351e-01
180  -9.57252717e-01  1.06837174e-01
181  -9.77697355e-01  1.01882109e-01
182  -9.98126608e-01  9.68639580e-02
183  -1.01854427e+00  9.17988183e-02
184  -1.03896833e+00  8.67597179e-02
185  -1.05939547e+00  8.17330939e-02
186  -1.07980618e+00  7.66399946e-02
187  -1.10021751e+00  7.15493792e-02
188  -1.12062965e+00  6.64619981e-02
189  -1.14890000e+00  5.93892441e-02
190  -1.16923778e+00  5.42680724e-02
191  -1.18956533e+00  4.91063272e-02
192  -1.20988775e+00  4.39244275e-02
193  -1.23019887e+00  3.86984464e-02
194  -1.25049015e+00  3.33959935e-02
195  -1.27077717e+00  2.80771688e-02
196  -1.29105995e+00  2.27423351e-02
197  -1.31130087e+00  1.72508163e-02
198  -1.33149522e+00  1.15920372e-02
199  -3.10633329e-01  2.14974445e-01
200  -3.10645212e-01  1.93824383e-01
201  -3.10657094e-01  1.72674320e-01
202  -3.10668977e-01  1.51524258e-01
203  -3.10680859e-01  1.30374195e-01
204  -3.10692742e-01  1.09224132e-01
205  -3.10704624e-01  8.80740699e-02
206  -3.10716507e-01  6.69240073e-02
207  -3.10728389e-01  4.57739447e-02
208  -3.10740272e-01  2.46238821e-02
209  -3.10752154e-01  3.47381954e-03
210  -3.10764037e-01  -1.76762430e-02
211  -3.10775919e-01  -3.88263056e-02
212  -3.10787802e-01  -5.99763682e-02
213  -3.10799684e-01  -8.11264308e-02
214  -3.10811567e-01  -1.02276493e-01
215  -3.10823449e-01  -1.23426556e-01
216  -3.10835332e-01  -1.44576619e-01
217  1.85104126e-01  2.05849868e-01
218  1.85090719e-01  1.84748423e-01
219  1.85077311e-01  1.63646977e-01
220  1.85063904e-01  1.42545531e-01
221  1.85050496e-01  1.21444085e-01
222  1.85037088e-01  1.00342640e-01
223  1.85023681e-01  7.92411940e-02
224  1.85010273e-01  5.81397482e-02
225  1.84996866e-01  3.70383025e-02
226  1.84983458e-01  1.59368567e-02
227  1.84970050e-01  -5.16458901e-03
228  1.84956643e-01  -2.62660348e-02
229  1.84943235e-01  -4.73674805e-02
230  1.84929827e-01  -6.84689262e-02
231  1.84916420e-01  -8.95703720e-02
232  1.84903012e-01  -1.10671818e-01
233  1.84889605e-01  -1.31773263e-01
234  1.84876197e-01  -1.52874709e-01
235  1.84862789e-01  -1.73976155e-01
2471  -1.34991902e+00  -4.84022535e-03
2472  -1.33155611e+00  -1.84299110e-03
2473  -1.31139168e+00  1.20475082e-03
2474  -1.29118961e+00  4.00008582e-03
2475  -1.27094945e+00  6.49746548e-03
2476  -1.25068622e+00  8.81355365e-03
2477  -1.23037805e+00  1.07081434e-02
2478  -1.21004443e+00  1.23089165e-02
2479  -1.18968052e+00  1.34783339e-02
2480  -1.16929748e+00  1.42434365e-02
2481  -1.14890237e+00  1.46120546e-02
2482  -1.12045063e+00  1.43671249e-02
2483  -1.09987145e+00  1.37697845e-02
2484  -1.07930915e+00  1.27495983e-02
2485  -1.05876317e+00  1.14356656e-02
2486  -1.03825394e+00  9.64124690e-03
2487  -1.01777524e+00  7.53144124e-03
2488  -9.97335633e-01  5.07520027e-03
2489  -9.76945526e-01  2.23468027e-03
2490  -9.56598730e-01  -8.95713835e-04
2491  -9.36303486e-01  -4.34900073e-03
2492  -9.16071910e-01  -8.15522234e-03
2493  -8.95893462e-01  -1.22278157e-02
2494  -8.75766216e-01  -1.65442816e-02
2495  -8.55688827e-01  -2.10865236e-02
2496  -8.35669108e-01  -2.58737826e-02
2497  -8.15698269e-01  -3.08554473e-02
2498  -7.95753796e-01  -3.59422520e-02
2499  -7.75861374e-01  -4.12314871e-02
2500  -7.56013369e-01  -4.66792737e-02
2501  -7.36191860e-01  -5.22184687e-02
2502  -7.16386462e-01  -5.78140111e-02
2503  -6.96600378e-01  -6.34779730e-02
2504  -6.76834102e-01  -6.92090666e-02
2505  -6.57078538e-01  -7.49748966e-02
2506  -6.37329085e-01  -8.07597348e-02
2507  -6.17577858e-01  -8.65371145e-02
2508  -5.97823314e-01  -9.23024865e-02
2509  -5.78062929e-01  -9.80460145e-02
2510  -5.58288974e-01  -1.03739033e-01
2511  -5.38486172e-01  -1.09330062e-01
2512  -5.18664393e-01  -1.14854812e-01
2513  -4.98823621e-01  -1.20309128e-01
2514  -4.78954049e-01  -1.25654420e-01
2515  -4.59048849e-01  -1.30864779e-01
2516  -4.39114977e-01  -1.35965936e-01
2517  -4.19152447e-01  -1.40950965e-01
2518  -3.99148820e-01  -1.45768626e-01
2519  -3.79119814e-01  -1.50482382e-01
2520  -3.59065362e-01  -1.55079036e-01
2521  -3.31097668e-01  -1.61127012e-01
2522  -3.09347094e-01  -1.65513332e-01
2523  -2.90367921e-01  -1.69172146e-01
2524  -2.69952326e-01  -1.72930028e-01
2525  -2.49495854e-01  -1.76456741e-01
2526  -2.29003481e-01  -1.79767957e-01
2527  -2.08478297e-01  -1.82863768e-01
2528  -1.87916003e-01  -1.85706653e-01
2529  -1.67324133e-01  -1.88324987e-01
2530  -1.46700176e-01  -1.90673040e-01
2531  -1.26052060e-01  -1.92816056e-01
2532  -1.05388490e-01  -1.94792733e-01
2533  -8.46979432e-02  -1.96455754e-01
2534  -6.39908713e-02  -1.97908432e-01
2535  -4.32697271e-02  -1.99128804e-01
2536  -2.25343604e-02  -2.00077913e-01
2537  -1.78790169e-03  -2.00753150e-01
2538  1.89650498e-02  -2.01184619e-01
2539  3.97209181e-02  -2.01361241e-01
2540  6.04770114e-02  -2.01261086e-01
2541  8.12298191e-02  -2.00870243e-01
2542  1.01974622e-01  -2.00171120e-01
2543  1.22708232e-01  -1.99190935e-01
2544  1.43427143e-01  -1.97940655e-01
2545  1.64126862e-01  -1.96411243e-01
2546  1.86349794e-01  -1.94430240e-01
2547  2.05443805e-01  -1.92417516e-01
2548  2.28967369e-01  -1.89559998e-01
2549  2.49837648e-01  -1.86684818e-01
2550  2.70655011e-01  -1.83445479e-01
2551  2.91423824e-01  -1.79911152e-01
2552  3.12119682e-01  -1.75974921e-01
2553  3.32751732e-01  -1.71713870e-01
2554  3.53307566e-01  -1.67102766e-01
2555  3.73771621e-01  -1.62106254e-01
2556  3.94116158e-01  -1.56643865e-01
2557  4.14353267e-01  -1.50796880e-01
2558  4.34452129e-01  -1.44492985e-01
2559  4.54410794e-01  -1.37760505e-01
2560  4.76821290e-01  -1.29615717e-01
2561  4.96781559e-01  -1.21587439e-01
2562  5.16506725e-01  -1.13005182e-01
2563  5.35872411e-01  -1.03650525e-01
2564  5.54779390e-01  -9.34128988e-02
2565  5.72983832e-01  -8.19925332e-02
2566  5.90348230e-01  -6.93416049e-02
2567  6.06540937e-01  -5.52429552e-02
2568  6.20963947e-01  -3.94087443e-02
2569  6.31477316e-01  -2.08589014e-02
2570  6.35592599e-01  1.14265597e-05
2571  6.32629639e-01  1.96640218e-02
2572  6.23680980e-01  3.74106185e-02
2573  6.11103202e-01  5.29315198e-02
2574  5.96586966e-01  6.67203972e-02
2575  5.80904722e-01  7.92049927e-02
2576  5.64561261e-01  9.08348241e-02
2577  5.47763349e-01  1.01803920e-01
2578  5.30466102e-01  1.11968358e-01
2579  5.12824265e-01  1.21532062e-01
2580  4.94903295e-01  1.30570785e-01
2581  4.76791921e-01  1.39220797e-01
2582  4.54518452e-01  1.48977475e-01
2583  4.34651101e-01  1.57092020e-01
2584  4.14620205e-01  1.64799967e-01
2585  3.94447238e-01  1.72129153e-01
2586  3.74137439e-01  1.79069981e-01
2587  3.53694482e-01  1.85610530e-01
2588  3.33142068e-01  1.91803831e-01
2589  3.12507417e-01  1.97714849e-01
2590  2.91762812e-01  2.03227837e-01
2591  2.70943661e-01  2.08450519e-01
2592  2.50017216e-01  2.13233520e-01
2593  2.29059977e-01  2.17880590e-01
2594  2.05404595e-01  2.22619818e-01
2595  1.86617040e-01  2.26173511e-01
2596  1.64594378e-01  2.29961994e-01
2597  1.44110811e-01  2.33176243e-01
2598  1.23589602e-01  2.36145795e-01
2599  1.03035338e-01  2.38876814e-01
2600  8.24491270e-02  2.41346101e-01
2601  6.18242262e-02  2.43466083e-01
2602  4.11731269e-02  2.45318064e-01
2603  2.04990574e-02  2.46888380e-01
2604  -1.95471189e-04  2.48180456e-01
2605  -2.09021031e-02  2.49237270e-01
2606  -4.16246939e-02  2.49898748e-01
2607  -6.23553542e-02  2.50312659e-01
2608  -8.30887457e-02  2.50482892e-01
2609  -1.03821913e-01  2.50359314e-01
2610  -1.24550951e-01  2.49894003e-01
2611  -1.45274513e-01  2.49200145e-01
2612  -1.65988558e-01  2.48275716e-01
2613  -1.86689587e-01  2.47086665e-01
2614  -2.07376698e-01  2.45661351e-01
2615  -2.28050934e-01  2.44056957e-01
2616  -2.48708954e-01  2.42265530e-01
2617  -2.69344086e-01  2.40220229e-01
2618  -2.89963944e-01  2.38019852e-01
2619  -3.09121628e-01  2.35802397e-01
2620  -3.31135186e-01  2.33036481e-01
2621  -3.59836698e-01  2.29147423e-01
2622  -3.80643812e-01  2.26078359e-01
2623  -4.01435693e-01  2.22897184e-01
2624  -4.22210463e-01  2.19607992e-01
2625  -4.42963870e-01  2.16187130e-01
2626  -4.63696830e-01  2.12642171e-01
2627  -4.84412757e-01  2.08995788e-01
2628  -5.05116614e-01  2.05277937e-01
2629  -5.25809728e-01  2.01505476e-01
2630  -5.46475389e-01  1.97590536e-01
2631  -5.67116555e-01  1.93545625e-01
2632  -5.87741279e-01  1.89410879e-01
2633  -6.08359427e-01  1.85245559e-01
2634  -6.28952374e-01  1.80957251e-01
2635  -6.49540603e-01  1.76641851e-01
2636  -6.70117152e-01  1.72277391e-01
2637  -6.90666986e-01  1.67784446e-01
2638  -7.11221724e-01  1.63312967e-01
2639  -7.31751392e-01  1.58731386e-01
2640  -7.52275183e-01  1.54115313e-01
2641  -7.72805226e-01  1.49529321e-01
2642  -7.93317193e-01  1.44869895e-01
2643  -8.13809012e-01  1.40116636e-01
2644  -8.34310755e-01  1.35402373e-01
2645  -8.54806566e-01  1.30668774e-01
2646  -8.75284711e-01  1.25858978e-01
2647  -8.95758656e-01  1.21031352e-01
2648  -9.16214968e-01  1.16127386e-01
2649  -9.36677690e-01  1.11247037e-01
2650  -9.57135644e-01  1.06351073e-01
2651  -9.77578832e-01  1.01396360e-01
2652  -9.98006777e-01  9.63785297e-02
2653  -1.01842419e+00  9.13134516e-02
2654  -1.03884871e+00  8.62742382e-02
2655  -1.05927521e+00  8.12477728e-02
2656  -1.07968516e+00  7.61548625e-02
2657  -1.10009655e+00  7.10642301e-02
2658  -1.12050852e+00  6.59768935e-02
2659  -1.14877828e+00  5.89042865e-02
2660  -1.16911520e+00  5.37833299e-02
2661  -1.18944203e+00  4.86217683e-02
2662  -1.20976369e+00  4.34400641e-02
2663  -1.23007337e+00  3.82144534e-02
2664  -1.25036354e+00  3.29122888e-02
2665  -1.27065018e+00  2.75935653e-02
2666  -1.29093090e+00  2.22592771e-02
2667  -1.31116795e+00  1.67688070e-02
2668  -1.33125963e+00  1.11510213e-02
2669  -3.09133329e-01  2.14973602e-01
2670  -3.09145212e-01  1.93823540e-01
2671  -3.09157094e-01  1.72673477e-01
2672  -3.09168977e-01  1.51523415e-01
2673  -3.09180859e-01  1.30373352e-01
2674  -3.09192742e-01  1.09223289e-01
2675  -3.09204624e-01  8.80732272e-02
2676  -3.09216507e-01  6.69231646e-02
2677  -3.09228389e-01  4.57731020e-02
2678  -3.09240272e-01  2.46230394e-02
2679  -3.09252154e-01  3.47297681e-03
2680  -3.09264037e-01  -1.76770857e-02
2681  -3.09275919e-01  -3.88271483e-02
2682  -3.09287802e-01  -5.99772109e-02
2683  -3.09299684e-01  -8.11272735e-02
2684  -3.09311567e-01  -1.02277336e-01
2685  -3.09323449e-01  -1.23427399e-01
2686  -3.09335332e-01  -1.44577462e-01
2687  1.86604126e-01  2.05848915e-01
2688  1.86590719e-01  1.84747470e-01
2689  1.86577311e-01  1.63646024e-01
2690  1.86563904e-01  1.42544578e-01
2691  1.86550496e-01  1.21443132e-01
2692  1.86537088e-01  1.00341687e-01
2693  1.86523681e-01  7.92402409e-02
2694  1.86510273e-01  5.81387951e-02
2695  1.86496866e-01  3.70373494e-02
2696  1.86483458e-01  1.59359036e-02
2697  1.86470050e-01  -5.16554208e-03
2698  1.86456643e-01  -2.62669879e-02
2699  1.86443235e-01  -4.73684336e-02
2700  1.86429827e-01  -6.84698793e-02
2701  1.86416420e-01  -8.95713251e-02
2702  1.86403012e-01  -1.10672771e-01
2703  1.86389605e-01  -1.31774216e-01
2704  1.86376197e-01  -1.52875662e-01
2705  1.86362789e-01  -1.73977108e-01
4941  -1.34151413e+00  -9.35274073e-04
4942  -1.33194429e+00  6.26688412e-04
4943  -1.31174982e+00  3.67896430e-03
4944  -1.29151402e+00  6.47894804e-03
4945  -1.27124447e+00  8.97999616e-03
4946  -1.25094429e+00  1.13001973e-02
4947  -1.23059227e+00  1.31989485e-02
4948  -1.21021420e+00  1.48031449e-02
4949  -1.18979908e+00  1.59755211e-02
4950  -1.16936696e+00  1.67424708e-02
4951  -1.14891420e+00  1.71120266e-02
4952  -1.12040360e+00  1.68666825e-02
4953  -1.09977323e+00  1.62678545e-02
4954  -1.07916743e+00  1.52455781e-02
4955  -1.05857443e+00  1.39285309e-02
4956  -1.03801688e+00  1.21299820e-02
4957  -1.01749799e+00  1.00160199e-02
4958  -9.97014008e-01  7.55442539e-03
4959  -9.76582968e-01  4.70825085e-03
4960  -9.56198963e-01  1.57211634e-03
4961  -9.35862680e-01  -1.88816947e-03
4962  -9.15593488e-01  -5.70142683e-03
4963  -8.95384040e-01  -9.78026826e-03
4964  -8.75228268e-01  -1.41028450e-02
4965  -8.55122279e-01  -1.86515652e-02
4966  -8.35075850e-01  -2.34451936e-02
4967  -8.15086807e-01  -2.84313774e-02
4968  -7.95123663e-01  -3.35229688e-02
4969  -7.75209307e-01  -3.88180232e-02
4970  -7.55346082e-01  -4.42699734e-02
4971  -7.35515578e-01  -4.98116780e-02
4972  -7.15702600e-01  -5.54093632e-02
4973  -6.95908277e-01  -6.10756833e-02
4974  -6.76135797e-01  -6.68085728e-02
4975  -6.56376950e-01  -7.25753603e-02
4976  -6.36626780e-01  -7.83604084e-02
4977  -6.16876726e-01  -8.41374452e-02
4978  -5.97124226e-01  -8.99022208e-02
4979  -5.77368210e-01  -9.56444804e-02
4980  -5.57603496e-01  -1.01334845e-01
4981  -5.37810920e-01  -1.06922982e-01
4982  -5.17997444e-01  -1.12445418e-01
4983  -4.98167552e-01  -1.17896749e-01
4984  -4.78312783e-01  -1.23238063e-01
4985  -4.58422419e-01  -1.28444534e-01
4986  -4.38502231e-01  -1.33542190e-01
4987  -4.18556912e-01  -1.38522933e-01
4988  -3.98569777e-01  -1.43336609e-01
4989  -3.78554184e-01  -1.48047210e-01
4990  -3.58521879e-01  -1.52638826e-01
4991  -3.30586010e-01  -1.58679931e-01
4992  -3.01501532e-01  -1.64514723e-01
4993  -2.89904627e-01  -1.66715449e-01
4994  -2.69513666e-01  -1.70468813e-01
4995  -2.49084087e-01  -1.73990884e-01
4996  -2.28617655e-01  -1.77297909e-01
4997  -2.08120669e-01  -1.80389480e-01
4998  -1.87587132e-01  -1.83228379e-01
4999  -1.67025054e-01  -1.85842941e-01
5000  -1.46429731e-01  -1.88187711e-01
5001  -1.25803986e-01  -1.90328394e-01
5002  -1.05169305e-01  -1.92302360e-01
5003  -8.45103164e-02  -1.93962805e-01
5004  -6.38299005e-02  -1.95413619e-01
5005  -4.31390773e-02  -1.96632220e-01
5006  -2.24365401e-02  -1.97579827e-01
5007  -1.72125533e-03  -1.98254038e-01
5008  1.90016696e-02  -1.98684887e-01
5009  3.97255229e-02  -1.98861245e-01
5010  6.04474416e-02  -1.98761261e-01
5011  8.11641774e-02  -1.98371105e-01
5012  1.01873490e-01  -1.97673167e-01
5013  1.22573907e-01  -1.96694546e-01
5014  1.43259739e-01  -1.95446266e-01
5015  1.63924458e-01  -1.93919450e-01
5016  1.94196873e-01  -1.91160082e-01
5017  2.05162829e-01  -1.89933356e-01
5018  2.28646029e-01  -1.87080735e-01
5019  2.49474844e-01  -1.84211284e-01
5020  2.70253100e-01  -1.80977996e-01
5021  2.90980543e-01  -1.77450765e-01
5022  3.11633289e-01  -1.73522693e-01
5023  3.32225289e-01  -1.69269927e-01
5024  3.52737447e-01  -1.64668641e-01
5025  3.73150952e-01  -1.59684526e-01
5026  3.93445027e-01  -1.54235632e-01
5027  4.13632170e-01  -1.48403134e-01
5028  4.33678465e-01  -1.42115708e-01
5029  4.53584231e-01  -1.35401099e-01
5030  4.75927741e-01  -1.27280857e-01
5031  4.95816307e-01  -1.19281297e-01
5032  5.15464105e-01  -1.10732971e-01
5033  5.34733203e-01  -1.01425170e-01
5034  5.53519267e-01  -9.12537111e-02
5035  5.71582638e-01  -7.99221091e-02
5036  5.88789857e-01  -6.73867459e-02
5037  6.04792982e-01  -5.34555957e-02
5038  6.18939581e-01  -3.79417941e-02
5039  6.29133398e-01  -1.99893927e-02
5040  6.33055593e-01  6.85593584e-05
5041  6.30247596e-01  1.89051583e-02
5042  6.21581514e-01  3.60533257e-02
5043  6.09267184e-01  5.12347474e-02
5044  5.94945934e-01  6.48343921e-02
5045  5.79400889e-01  7.72078728e-02
5046  5.63152805e-01  8.87693331e-02
5047  5.46446244e-01  9.96790124e-02
5048  5.29236896e-01  1.09791421e-01
5049  5.11665498e-01  1.19316829e-01
5050  4.93801607e-01  1.28326618e-01
5051  4.75751526e-01  1.36947566e-01
5052  4.53544189e-01  1.46675126e-01
5053  4.33729496e-01  1.54768092e-01
5054  4.13744404e-01  1.62458392e-01
5055  3.93616121e-01  1.69771348e-01
5056  3.73352263e-01  1.76696482e-01
5057  3.52952890e-01  1.83223054e-01
5058  3.32437163e-01  1.89405267e-01
5059  3.11842105e-01  1.95305002e-01
5060  2.91137596e-01  2.00807278e-01
5061  2.70360957e-01  2.06019376e-01
5062  2.49468089e-01  2.10794573e-01
5063  2.28543796e-01  2.15434459e-01
5064  2.04927570e-01  2.20165750e-01
5065  1.94459531e-01  2.22222432e-01
5066  1.64189403e-01  2.27495013e-01
5067  1.43738008e-01  2.30704195e-01
5068  1.23245939e-01  2.33669528e-01
5069  1.02721825e-01  2.36396550e-01
5070  8.21724375e-02  2.38861459e-01
5071  6.15847584e-02  2.40977578e-01
5072  4.09667987e-02  2.42826593e-01
5073  2.03264883e-02  2.44394343e-01
5074  -3.37079609e-04  2.45684470e-01
5075  -2.10057022e-02  2.46739418e-01
5076  -4.16895290e-02  2.47399589e-01
5077  -6.23905701e-02  2.47812907e-01
5078  -8.30915578e-02  2.47982894e-01
5079  -1.03786410e-01  2.47859567e-01
5080  -1.24481070e-01  2.47394980e-01
5081  -1.45176953e-01  2.46702049e-01
5082  -1.65861145e-01  2.45778965e-01
5083  -1.86531985e-01  2.44591637e-01
5084  -2.07194063e-01  2.43168031e-01
5085  -2.27846226e-01  2.41565352e-01
5086  -2.48477665e-01  2.39776252e-01
5087  -2.69088155e-01  2.37733364e-01
5088  -2.89687127e-01  2.35535224e-01
5089  -3.01277508e-01  2.34233603e-01
5090  -3.30811115e-01  2.30557574e-01
5091  -3.59486449e-01  2.26672080e-01
5092  -3.80272358e-01  2.23606109e-01
5093  -4.01051167e-01  2.20426933e-01
5094  -4.21811689e-01  2.17140001e-01
5095  -4.42549899e-01  2.13721642e-01
5096  -4.63269468e-01  2.10178969e-01
5097  -4.83975133e-01  2.06534389e-01
5098  -5.04671495e-01  2.02817882e-01
5099  -5.25352875e-01  1.99047574e-01
5100  -5.46002341e-01  1.95135698e-01
5101  -5.66630467e-01  1.91093337e-01
5102  -5.87248046e-01  1.86960017e-01
5103  -6.07857063e-01  1.82796553e-01
5104  -6.28441105e-01  1.78510088e-01
5105  -6.49024803e-01  1.74195639e-01
5106  -6.69590795e-01  1.69833429e-01
5107  -6.90134287e-01  1.65341859e-01
5108  -7.10683748e-01  1.60871537e-01
5109  -7.31204839e-01  1.56291862e-01
5110  -7.51728385e-01  1.51675844e-01
5111  -7.72255825e-01  1.47090436e-01
5112  -7.92757851e-01  1.42433271e-01
5113  -8.13246442e-01  1.37680755e-01
5114  -8.33749346e-01  1.32966225e-01
5115  -8.54239461e-01  1.28233945e-01
5116  -8.74712020e-01  1.23425457e-01
5117  -8.95180376e-01  1.18599153e-01
5118  -9.15633573e-01  1.13695929e-01
5119  -9.36096767e-01  1.08815468e-01
5120  -9.56550279e-01  1.03920570e-01
5121  -9.76986219e-01  9.89676132e-02
5122  -9.97407624e-01  9.39513884e-02
5123  -1.01782379e+00  8.88866179e-02
5124  -1.03825060e+00  8.38468396e-02
5125  -1.05867389e+00  7.88211670e-02
5126  -1.07908004e+00  7.37292018e-02
5127  -1.09949177e+00  6.86384847e-02
5128  -1.11990284e+00  6.35513706e-02
5129  -1.14816967e+00  5.64794985e-02
5130  -1.16850233e+00  5.13596174e-02
5131  -1.18882554e+00  4.61989738e-02
5132  -1.20914336e+00  4.10182471e-02
5133  -1.22944586e+00  3.57944885e-02
5134  -1.24973050e+00  3.04937652e-02
5135  -1.27001520e+00  2.51755477e-02
5136  -1.29028562e+00  1.98439873e-02
5137  -1.31050337e+00  1.43587604e-02
5138  -1.33008165e+00  8.94594152e-03
5139  -3.01288330e-01  2.14969195e-01
5140  -3.01300213e-01  1.93819133e-01
5141  -3.01312095e-01  1.72669070e-01
5142  -3.01323978e-01  1.51519008e-01
5143  -3.01335860e-01  1.30368945e-01
5144  -3.01347743e-01  1.09218882e-01
5145  -3.01359625e-01  8.80688197e-02
5146  -3.01371508e-01  6.69187571e-02
5147  -3.01383390e-01  4.57686945e-02
5148  -3.01395273e-01  2.46186319e-02
5149  -3.01407155e-01  3.46856935e-03
5150  -3.01419038e-01  -1.76814932e-02
5151  -3.01430920e-01  -3.88315558e-02
5152  -3.01442803e-01  -5.99816184e-02
5153  -3.01454685e-01  -8.11316810e-02
5154  -3.01466568e-01  -1.02281743e-01
5155  -3.01478450e-01  -1.23431806e-01
5156  -3.01490333e-01  -1.44581869e-01
5157  1.94449124e-01  2.05843930e-01
5158  1.94435717e-01  1.84742485e-01
5159  1.94422309e-01  1.63641039e-01
5160  1.94408902e-01  1.42539593e-01
5161  1.94395494e-01  1.21438147e-01
5162  1.94382086e-01  1.00336702e-01
5163  1.94368679e-01  7.92352563e-02
5164  1.94355271e-01  5.81338105e-02
5165  1.94341864e-01  3.70323648e-02
5166  1.94328456e-01  1.59309188e-02
5167  1.94315048e-01  -5.17052666e-03
5168  1.94301641e-01  -2.62719725e-02
5169  1.94288233e-01  -4.73734184e-02
5170  1.94274825e-01  -6.84748639e-02
5171  1.94261418e-01  -8.95763097e-02
5172  1.94248010e-01  -1.10677756e-01
5173  1.94234603e-01  -1.31779201e-01
5174  1.94221195e-01  -1.52880647e-01
5175  1.94207787e-01  -1.73982093e-01
7411  -1.33479022e+00  2.18868694e-03
7412  -1.33225483e+00  2.60243202e-03
7413  -1.31203634e+00  5.65833508e-03
7414  -1.29177355e+00  8.46203781e-03
7415  -1.27148050e+00  1.09660207e-02
7416  -1.25115075e+00  1.32895123e-02
7417  -1.23076365e+00  1.51915925e-02
7418  -1.21035003e+00  1.67985277e-02
7419  -1.18989392e+00  1.79732709e-02
7420  -1.16942254e+00  1.87416982e-02
7421  -1.14892366e+00  1.91120042e-02
7422  -1.12010196e+00  3.28978449e-02
7423  -1.09914332e+00  3.22894762e-02
7424  -1.07825849e+00  3.12537943e-02
7425  -1.05736394e+00  2.99167722e-02
7426  -1.03649646e+00  2.80917331e-02
7427  -1.01571980e+00  2.59511137e-02
7428  -9.94951232e-01  2.34551836e-02
7429  -9.74257663e-01  2.05727431e-02
7430  -9.53635012e-01  1.73997919e-02
7431  -9.33035530e-01  1.38946179e-02
7432  -9.12525080e-01  1.00362360e-02
7433  -8.92116806e-01  5.91732209e-03
7434  -8.71778089e-01  1.55555285e-03
7435  -8.51488662e-01  -3.03471569e-03
7436  -8.31270928e-01  -7.86919534e-03
7437  -8.11165139e-01  -1.28843625e-02
7438  -7.91082238e-01  -1.80066534e-02
7439  -7.71027207e-01  -2.33390312e-02
7440  -7.51066369e-01  -2.88176850e-02
7441  -7.31178172e-01  -3.43754846e-02
7442  -7.11316577e-01  -3.99869132e-02
7443  -6.91469418e-01  -4.56683575e-02
7444  -6.71657148e-01  -5.14127661e-02
7445  -6.51877245e-01  -5.71856946e-02
7446  -6.32122475e-01  -6.29720884e-02
7447  -6.12379941e-01  -6.87469259e-02
7448  -5.92640555e-01  -7.45078762e-02
7449  -5.72912562e-01  -8.02420016e-02
7450  -5.53207119e-01  -8.59153439e-02
7451  -5.33480124e-01  -9.14849326e-02
7452  -5.13719902e-01  -9.69925291e-02
7453  -4.93959786e-01  -1.02424714e-01
7454  -4.74199959e-01  -1.07740521e-01
7455  -4.54404746e-01  -1.12922052e-01
7456  -4.34572327e-01  -1.17997255e-01
7457  -4.14737389e-01  -1.22950509e-01
7458  -3.94856032e-01  -1.27738620e-01
7459  -3.74926458e-01  -1.32428991e-01
7460  -3.55036200e-01  -1.36988292e-01
7461  -3.22808804e-01  -1.21484298e-01
7462  -2.93635643e-01  -1.27334219e-01
7463  -2.82862549e-01  -1.29373661e-01
7464  -2.62846034e-01  -1.33058351e-01
7465  -2.42825240e-01  -1.36509865e-01
7466  -2.22753096e-01  -1.39753177e-01
7467  -2.02684716e-01  -1.42780300e-01
7468  -1.82588300e-01  -1.45558607e-01
7469  -1.62479050e-01  -1.48115844e-01
7470  -1.42318968e-01  -1.50410713e-01
7471  -1.22033256e-01  -1.52515941e-01
7472  -1.01837698e-01  -1.54448689e-01
7473  -8.16583891e-02  -1.56069976e-01
7474  -6.13831437e-02  -1.57492472e-01
7475  -4.11532004e-02  -1.58684147e-01
7476  -2.09496714e-02  -1.59608928e-01
7477  -7.08230662e-04  -1.60267543e-01
7478  1.95582910e-02  -1.60688964e-01
7479  3.97955166e-02  -1.60861310e-01
7480  5.99979799e-02  -1.60763919e-01
7481  8.01664246e-02  -1.60384206e-01
7482  1.00336273e-01  -1.59704272e-01
7483  1.20532167e-01  -1.58749437e-01
7484  1.40715197e-01  -1.57531555e-01
7485  1.60847921e-01  -1.56044196e-01
7486  2.02066614e-01  -1.52222276e-01
7487  2.00891996e-01  -1.52174119e-01
7488  2.26585083e-01  -1.71179740e-01
7489  2.47147962e-01  -1.68347023e-01
7490  2.67675407e-01  -1.65152553e-01
7491  2.88137520e-01  -1.61670829e-01
7492  3.08513763e-01  -1.57795083e-01
7493  3.28848894e-01  -1.53595454e-01
7494  3.49080934e-01  -1.49057137e-01
7495  3.69170230e-01  -1.44152526e-01
7496  3.89140660e-01  -1.38790193e-01
7497  4.09007342e-01  -1.33050606e-01
7498  4.28716489e-01  -1.26868808e-01
7499  4.48282990e-01  -1.20268816e-01
7500  4.75212901e-01  -1.25412970e-01
7501  4.95044106e-01  -1.17436383e-01
7502  5.14630009e-01  -1.08915202e-01
7503  5.33821837e-01  -9.96448859e-02
7504  5.52511169e-01  -8.95263610e-02
7505  5.70461683e-01  -7.82657699e-02
7506  5.87543159e-01  -6.58228588e-02
7507  6.03394618e-01  -5.20257082e-02
7508  6.17320088e-01  -3.67682340e-02
7509  6.27258263e-01  -1.92937858e-02
7510  6.31025988e-01  1.14265597e-04
7511  6.28341962e-01  1.82980675e-02
7512  6.19901942e-01  3.49674914e-02
7513  6.07798369e-01  4.98773294e-02
7514  5.93633109e-01  6.33255881e-02
7515  5.78197823e-01  7.56101768e-02
7516  5.62026041e-01  8.71169403e-02
7517  5.45392560e-01  9.79790859e-02
7518  5.28253531e-01  1.08049872e-01
7519  5.10738485e-01  1.17544642e-01
7520  4.92920256e-01  1.26531285e-01
7521  4.74919211e-01  1.35128981e-01
7522  4.47295652e-01  1.31908781e-01
7523  4.27818688e-01  1.39863344e-01
7524  4.08127366e-01  1.47440468e-01
7525  3.88285670e-01  1.54649329e-01
7526  3.68316461e-01  1.61473806e-01
7527  3.48196618e-01  1.67910737e-01
7528  3.27916186e-01  1.74021837e-01
7529  3.07575062e-01  1.79849210e-01
7530  2.87127714e-01  1.85282781e-01
7531  2.66623728e-01  1.90426998e-01
7532  2.45946211e-01  1.95152146e-01
7533  2.25233219e-01  1.99745952e-01
7534  2.01868122e-01  2.04426343e-01
7535  2.02279106e-01  1.82205528e-01
7536  1.58033789e-01  1.89996901e-01
7537  1.38071415e-01  1.93129074e-01
7538  1.18022258e-01  1.96030278e-01
7539  9.79564214e-02  1.98696538e-01
7540  7.79667571e-02  2.01094910e-01
7541  5.79448486e-02  2.03152308e-01
7542  3.78306110e-02  2.04956230e-01
7543  1.77034385e-02  2.06484982e-01
7544  -2.48952759e-03  2.07745480e-01
7545  -2.25804079e-02  2.08772060e-01
7546  -4.26750226e-02  2.09412370e-01
7547  -6.29258526e-02  2.09816677e-01
7548  -8.31343020e-02  2.09982918e-01
7549  -1.03246759e-01  2.09863399e-01
7550  -1.23418876e-01  2.09409829e-01
7551  -1.43694042e-01  2.08730995e-01
7552  -1.63924464e-01  2.07828349e-01
7553  -1.84136423e-01  2.06667222e-01
7554  -2.04418015e-01  2.05269567e-01
7555  -2.24734657e-01  2.03692959e-01
7556  -2.44962066e-01  2.01939226e-01
7557  -2.65198010e-01  1.99933009e-01
7558  -2.85479499e-01  1.97768892e-01
7559  -2.93453479e-01  1.96903272e-01
7560  -3.28732655e-01  2.14658858e-01
7561  -3.57240089e-01  2.10796217e-01
7562  -3.77889998e-01  2.07750084e-01
7563  -3.98584975e-01  2.04583731e-01
7564  -4.19254113e-01  2.01311294e-01
7565  -4.39894857e-01  1.97908992e-01
7566  -4.60528533e-01  1.94380981e-01
7567  -4.81168384e-01  1.90747961e-01
7568  -5.01816679e-01  1.87040076e-01
7569  -5.22422800e-01  1.83283570e-01
7570  -5.42968398e-01  1.79391355e-01
7571  -5.63512891e-01  1.75365340e-01
7572  -5.84084652e-01  1.71241172e-01
7573  -6.04635099e-01  1.67089608e-01
7574  -6.25162029e-01  1.62814967e-01
7575  -6.45716670e-01  1.58506617e-01
7576  -6.66214953e-01  1.54158837e-01
7577  -6.86717765e-01  1.49676083e-01
7578  -7.07233386e-01  1.45213179e-01
7579  -7.27699467e-01  1.40645727e-01
7580  -7.48221441e-01  1.36030061e-01
7581  -7.68732187e-01  1.31448405e-01
7582  -7.89170451e-01  1.26805741e-01
7583  -8.09638342e-01  1.22057991e-01
7584  -8.30148693e-01  1.17341742e-01
7585  -8.50602276e-01  1.12617926e-01
7586  -8.71039013e-01  1.07817825e-01
7587  -8.91471516e-01  1.03000002e-01
7588  -9.11904736e-01  9.81015416e-02
7589  -9.32370956e-01  9.32203571e-02
7590  -9.52795980e-01  8.83322923e-02
7591  -9.73185434e-01  8.33906049e-02
7592  -9.93564893e-01  7.83846747e-02
7593  -1.01397308e+00  7.33218776e-02
7594  -1.03441456e+00  6.82784758e-02
7595  -1.05481727e+00  6.32578885e-02
7596  -1.07519904e+00  5.81719845e-02
7597  -1.09561296e+00  5.30807239e-02
7598  -1.11601830e+00  4.79950371e-02
7599  -1.14768278e+00  5.45396681e-02
7600  -1.16801203e+00  4.94206475e-02
7601  -1.18833234e+00  4.42607382e-02
7602  -1.20864710e+00  3.90807936e-02
7603  -1.22894385e+00  3.38585165e-02
7604  -1.24922406e+00  2.85589463e-02
7605  -1.26950722e+00  2.32411336e-02
7606  -1.28976941e+00  1.79117554e-02
7607  -1.30997170e+00  1.24307231e-02
7608  -1.32913927e+00  7.18187774e-03
7609  -2.93443332e-01  2.14964787e-01
7610  -2.93455215e-01  1.93814725e-01
7611  -2.93467097e-01  1.72664662e-01
7612  -2.93478980e-01  1.51514600e-01
7613  -2.93490862e-01  1.30364537e-01
7614  -2.93502745e-01  1.09214474e-01
7615  -2.93514627e-01  8.80644122e-02
7616  -2.93526510e-01  6.69143496e-02
7617  -2.93538392e-01  4.57642870e-02
7618  -2.93550275e-01  2.46142244e-02
7619  -2.93562157e-01  3.46416188e-03
7620  -2.93574040e-01  -1.76859007e-02
7621  -2.93585922e-01  -3.88359633e-02
7622  -2.93597805e-01  -5.99860259e-02
7623  -2.93609687e-01  -8.11360885e-02
7624  -2.93621570e-01  -1.02286151e-01
7625  -2.93633452e-01  -1.23436214e-01
7626  -2.93645335e-01  -1.44586277e-01
7627  2.02294123e-01  2.05838946e-01
7628  2.02280716e-01  1.84737501e-01
7629  2.02267308e-01  1.63636055e-01
7630  2.02253901e-01  1.42534609e-01
7631  2.02240493e-01  1.21433162e-01
7632  2.02227085e-01  1.00331718e-01
7633  2.02213678e-01  7.92302718e-02
7634  2.02200270e-01  5.81288260e-02
7635  2.02186863e-01  3.70273803e-02
7636  2.02173455e-01  1.59259341e-02
7637  2.02160047e-01  -5.17551124e-03
7638  2.02146640e-01  -2.62769570e-02
7639  2.02133232e-01  -4.73784031e-02
7640  2.02119824e-01  -6.84798484e-02
7641  2.02106417e-01  -8.95812942e-02
7642  2.02093009e-01  -1.10682740e-01
7643  2.02079602e-01  -1.31784185e-01
7644  2.02066194e-01  -1.52885632e-01
7645  2.02052786e-01  -1.73987077e-01
9881  -1.32638533e+00  6.09363822e-03
9882  -1.33264301e+00  5.07211153e-03
9883  -1.31239448e+00  8.13254855e-03
9884  -1.29209796e+00  1.09409000e-02
9885  -1.27177552e+00  1.34485514e-02
9886  -1.25140883e+00  1.57761559e-02
9887  -1.23097787e+00  1.76823976e-02
9888  -1.21051980e+00  1.92927561e-02
9889  -1.19001248e+00  2.04704582e-02
9890  -1.16949202e+00  2.12407325e-02
9891  -1.14893549e+00  2.16119762e-02
9892  -1.12005493e+00  3.53974025e-02
9893  -1.09904510e+00  3.47875462e-02
9894  -1.07811677e+00  3.37497741e-02
9895  -1.05717520e+00  3.24096376e-02
9896  -1.03625940e+00  3.05804682e-02
9897  -1.01544255e+00  2.84356924e-02
9898  -9.94629607e-01  2.59344087e-02
9899  -9.73895105e-01  2.30463136e-02
9900  -9.53235245e-01  1.98676221e-02
9901  -9.32594724e-01  1.63554491e-02
9902  -9.12046658e-01  1.24900315e-02
9903  -8.91607384e-01  8.36486954e-03
9904  -8.71240142e-01  3.99698946e-03
9905  -8.50922114e-01  -5.99757244e-04
9906  -8.30677669e-01  -5.44060636e-03
9907  -8.10553677e-01  -1.04602926e-02
9908  -7.90452104e-01  -1.55873701e-02
9909  -7.70375139e-01  -2.09255673e-02
9910  -7.50399082e-01  -2.64083847e-02
9911  -7.30501889e-01  -3.19686938e-02
9912  -7.10632714e-01  -3.75822653e-02
9913  -6.90777317e-01  -4.32660677e-02
9914  -6.70958844e-01  -4.90122724e-02
9915  -6.51175657e-01  -5.47861584e-02
9916  -6.31420169e-01  -6.05727619e-02
9917  -6.11678808e-01  -6.63472566e-02
9918  -5.91941467e-01  -7.21076104e-02
9919  -5.72217843e-01  -7.78404676e-02
9920  -5.52521641e-01  -8.35111557e-02
9921  -5.32804872e-01  -8.90778524e-02
9922  -5.13052953e-01  -9.45831351e-02
9923  -4.93303717e-01  -1.00012335e-01
9924  -4.73558693e-01  -1.05324164e-01
9925  -4.53778316e-01  -1.10501807e-01
9926  -4.33959582e-01  -1.15573509e-01
9927  -4.14141854e-01  -1.20522477e-01
9928  -3.94276990e-01  -1.25306602e-01
9929  -3.74360827e-01  -1.29993819e-01
9930  -3.54492717e-01  -1.34548082e-01
9931  -3.22297145e-01  -1.19037217e-01
9932  -2.92134377e-01  -1.25082453e-01
9933  -2.82399255e-01  -1.26916964e-01
9934  -2.62407374e-01  -1.30597137e-01
9935  -2.42413473e-01  -1.34044008e-01
9936  -2.22367269e-01  -1.37283128e-01
9937  -2.02327088e-01  -1.40306012e-01
9938  -1.82259430e-01  -1.43080333e-01
9939  -1.62179971e-01  -1.45633798e-01
9940  -1.42048523e-01  -1.47925384e-01
9941  -1.21785181e-01  -1.50028280e-01
9942  -1.01618513e-01  -1.51958316e-01
9943  -8.14707623e-02  -1.53577026e-01
9944  -6.12221729e-02  -1.54997660e-01
9945  -4.10225506e-02  -1.56187563e-01
9946  -2.08518511e-02  -1.57110842e-01
9947  -6.41584303e-04  -1.57768432e-01
9948  1.95949109e-02  -1.58189232e-01
9949  3.98001214e-02  -1.58361314e-01
9950  5.99684101e-02  -1.58264094e-01
9951  8.01007829e-02  -1.57885068e-01
9952  1.00235141e-01  -1.57206318e-01
9953  1.20397842e-01  -1.56253049e-01
9954  1.40547793e-01  -1.55037167e-01
9955  1.60645517e-01  -1.53552403e-01
9956  2.03568302e-01  -1.49565470e-01
9957  2.00611020e-01  -1.49689958e-01
9958  2.26263744e-01  -1.68700478e-01
9959  2.46785158e-01  -1.65873488e-01
9960  2.67273497e-01  -1.62685071e-01
9961  2.87694239e-01  -1.59210443e-01
9962  3.08027371e-01  -1.55342855e-01
9963  3.28322451e-01  -1.51151511e-01
9964  3.48510815e-01  -1.46623012e-01
9965  3.68549561e-01  -1.41730797e-01
9966  3.88469529e-01  -1.36381961e-01
9967  4.08286245e-01  -1.30656860e-01
9968  4.27942825e-01  -1.24491532e-01
9969  4.47456428e-01  -1.17909410e-01
9970  4.74319352e-01  -1.23078110e-01
9971  4.94078855e-01  -1.15130242e-01
9972  5.13587390e-01  -1.06642990e-01
9973  5.32682629e-01  -9.74195308e-02
9974  5.51251047e-01  -8.73671733e-02
9975  5.69060489e-01  -7.61953459e-02
9976  5.85984786e-01  -6.38679998e-02
9977  6.01646663e-01  -5.02383487e-02
9978  6.15295722e-01  -3.53012838e-02
9979  6.24914344e-01  -1.84242771e-02
9980  6.28488982e-01  1.71398396e-04
9981  6.25959920e-01  1.75392040e-02
9982  6.17802476e-01  3.36101985e-02
9983  6.05962351e-01  4.81805570e-02
9984  5.91992077e-01  6.14395830e-02
9985  5.76693991e-01  7.36130568e-02
9986  5.60617585e-01  8.50514493e-02
9987  5.44075455e-01  9.58541779e-02
9988  5.27024325e-01  1.05872935e-01
9989  5.09579719e-01  1.15329408e-01
9990  4.91818567e-01  1.24287119e-01
9991  4.73878816e-01  1.32855750e-01
9992  4.46321389e-01  1.29606432e-01
9993  4.26897082e-01  1.37539416e-01
9994  4.07251565e-01  1.45098893e-01
9995  3.87454554e-01  1.52291524e-01
9996  3.67531286e-01  1.59100307e-01
9997  3.47455026e-01  1.65523261e-01
9998  3.27211281e-01  1.71623273e-01
9999  3.06909750e-01  1.77439364e-01
10000  2.86502499e-01  1.82862223e-01
10001  2.66041025e-01  1.87995855e-01
10002  2.45397085e-01  1.92713199e-01
10003  2.24717038e-01  1.97299821e-01
10004  2.01391097e-01  2.01972276e-01
10005  2.03777321e-01  1.79395847e-01
10006  1.57628815e-01  1.87529920e-01
10007  1.37698613e-01  1.90657027e-01
10008  1.17678594e-01  1.93554012e-01
10009  9.76429080e-02  1.96216274e-01
10010  7.76900676e-02  1.98610269e-01
10011  5.77053809e-02  2.00663804e-01
10012  3.76242828e-02  2.02464759e-01
10013  1.75308695e-02  2.03990945e-01
10014  -2.63113601e-03  2.05249493e-01
10015  -2.26840069e-02  2.06274207e-01
10016  -4.27398577e-02  2.06913211e-01
10017  -6.29610686e-02  2.07316925e-01
10018  -8.31371141e-02  2.07482920e-01
10019  -1.03211256e-01  2.07363651e-01
10020  -1.23348995e-01  2.06910805e-01
10021  -1.43596482e-01  2.06232899e-01
10022  -1.63797051e-01  2.05331597e-01
10023  -1.83978821e-01  2.04172194e-01
10024  -2.04235380e-01  2.02776247e-01
10025  -2.24529948e-01  2.01201355e-01
10026  -2.44730776e-01  1.99449948e-01
10027  -2.64942079e-01  1.97446144e-01
10028  -2.85202681e-01  1.95284265e-01
10029  -2.91954791e-01  1.94566427e-01
10030  -3.28408584e-01  2.12179952e-01
10031  -3.56889839e-01  2.08320873e-01
10032  -3.77518544e-01  2.05277834e-01
10033  -3.98200450e-01  2.02113480e-01
10034  -4.18855339e-01  1.98843303e-01
10035  -4.39480886e-01  1.95443504e-01
10036  -4.60101170e-01  1.91917780e-01
10037  -4.80730760e-01  1.88286562e-01
10038  -5.01371560e-01  1.84580021e-01
10039  -5.21965947e-01  1.80825668e-01
10040  -5.42495349e-01  1.76936518e-01
10041  -5.63026803e-01  1.72913052e-01
10042  -5.83591419e-01  1.68790311e-01
10043  -6.04132734e-01  1.64640602e-01
10044  -6.24650760e-01  1.60367805e-01
10045  -6.45200870e-01  1.56060406e-01
10046  -6.65688596e-01  1.51714875e-01
10047  -6.86185066e-01  1.47233496e-01
10048  -7.06695410e-01  1.42771749e-01
10049  -7.27152914e-01  1.38206203e-01
10050  -7.47674643e-01  1.33590592e-01
10051  -7.68182786e-01  1.29009521e-01
10052  -7.88611109e-01  1.24369117e-01
10053  -8.09075772e-01  1.19622110e-01
10054  -8.29587284e-01  1.14905594e-01
10055  -8.50035171e-01  1.10183098e-01
10056  -8.70466322e-01  1.05384303e-01
10057  -8.90893236e-01  1.00567803e-01
10058  -9.11323341e-01  9.56700854e-02
10059  -9.31790033e-01  9.07887880e-02
10060  -9.52210614e-01  8.59017887e-02
10061  -9.72592821e-01  8.09618584e-02
10062  -9.92965739e-01  7.59575333e-02
10063  -1.01337268e+00  7.08950439e-02
10064  -1.03381645e+00  6.58510772e-02
10065  -1.05421595e+00  6.08312828e-02
10066  -1.07459392e+00  5.57463239e-02
10067  -1.09500817e+00  5.06549784e-02
10068  -1.11541263e+00  4.55695143e-02
10069  -1.14707418e+00  5.21148801e-02
10070  -1.16739915e+00  4.69969350e-02
10071  -1.18771584e+00  4.18379437e-02
10072  -1.20802678e+00  3.66589766e-02
10073  -1.22831634e+00  3.14385516e-02
10074  -1.24859102e+00  2.61404226e-02
10075  -1.26887225e+00  2.08231160e-02
10076  -1.28912414e+00  1.54964656e-02
10077  -1.30930711e+00  1.00206765e-02
10078  -1.32796130e+00  4.97679801e-03
10079  -2.91943332e-01  2.14963945e-01
10080  -2.91955215e-01  1.93813883e-01
10081  -2.91967097e-01  1.72663820e-01
10082  -2.91978980e-01  1.51513758e-01
10083  -2.91990862e-01  1.30363695e-01
10084  -2.92002745e-01  1.09213632e-01
10085  -2.92014627e-01  8.80635695e-02
10086  -2.92026510e-01  6.69135069e-02
10087  -2.92038392e-01  4.57634443e-02
10088  -2.92050275e-01  2.46133817e-02
10089  -2.92062157e-01  3.46331915e-03
10090  -2.92074040e-01  -1.76867434e-02
10091  -2.92085922e-01  -3.88368060e-02
10092  -2.92097805e-01  -5.99868686e-02
10093  -2.92109687e-01  -8.11369312e-02
10094  -2.92121570e-01  -1.02286993e-01
10095  -2.92133452e-01  -1.23437056e-01
10096  -2.92145335e-01  -1.44587119e-01
10097  2.03794122e-01  2.05837993e-01
10098  2.03780715e-01  1.84736548e-01
10099  2.03767307e-01  1.63635102e-01
10100  2.03753900e-01  1.42533656e-01
10101  2.03740492e-01  1.21432209e-01
10102  2.03727084e-01  1.00330765e-01
10103  2.03713677e-01  7.92293187e-02
10104  2.03700269e-01  5.81278729e-02
10105  2.03686862e-01  3.70264272e-02
10106  2.03673454e-01  1.59249810e-02
10107  2.03660046e-01  -5.17646432e-03
10108  2.03646639e-01  -2.62779101e-02
10109  2.03633231e-01  -4.73793562e-02
10110  2.03619823e-01  -6.84808015e-02
10111  2.03606416e-01  -8.95822473e-02
10112  2.03593008e-01  -1.10683693e-01
10113  2.03579601e-01  -1.31785138e-01
10114  2.03566193e-01  -1.52886585e-01
10115  2.03552785e-01  -1.73988030e-01
