1  3  0  8.27841
235  5  0  8.27828
469  4  0  8.27773
703  5  0  -171.711
2  3  0  7.51673
236  5  0  7.51674
470  4  0  7.51674
704  5  0  7.51674
3  3  0  6.7613
237  5  0  6.76129
471  4  0  6.76128
705  5  0  6.76127
4  3  0  5.97493
238  5  0  5.97496
472  4  0  5.97499
706  5  0  5.97503
5  3  0  5.29934
239  5  0  5.29929
473  4  0  5.29923
707  5  0  5.29916
6  3  0  4.43028
240  5  0  4.43033
474  4  0  4.43041
708  5  0  4.43048
7  3  0  3.79416
241  5  0  3.7941
475  4  0  3.794
709  5  0  3.79391
8  3  0  2.88689
242  5  0  2.88686
476  4  0  2.88681
710  5  0  2.88676
9  3  0  1.86338
243  5  0  1.86343
477  4  0  1.8635
711  5  0  1.86357
10  3  0  1.01403
244  5  0  1.01386
478  4  0  1.01362
712  5  0  1.01338
11  3  0  -0.335191
245  5  0  -0.335138
479  1  0  9.77895
713  5  0  19.2383
12  3  0  -1.49332
246  5  0  -1.49321
480  1  0  -1.49269
714  5  0  -1.49218
13  3  0  -2.29292
247  5  0  -2.29294
481  1  0  -2.29303
715  5  0  -2.29312
14  3  0  -3.1642
248  5  0  -3.16427
482  1  0  -3.16465
716  5  0  -3.16502
15  3  0  -4.28853
249  5  0  -4.28843
483  1  0  -4.28795
717  5  0  -4.28748
16  3  0  -5.07895
250  5  0  -5.07895
484  1  0  -5.07894
718  5  0  -5.07893
17  3  0  -5.86331
251  5  0  -5.86335
485  1  0  -5.8635
719  5  0  -5.86366
18  3  0  -6.77344
252  5  0  -6.7734
486  1  0  -6.77322
720  5  0  -6.77304
19  3  0  -7.53774
253  5  0  -7.53773
487  1  0  -7.53767
721  5  0  -7.53762
20  3  0  -8.25234
254  5  0  -8.2524
488  1  0  -8.25268
722  5  0  -8.25297
21  3  0  -9.1992
255  5  0  -9.19917
489  1  0  -9.19903
723  5  0  -9.1989
22  3  0  -10.0405
256  5  0  -10.0404
490  1  0  -10.04
724  5  0  -10.0395
23  3  0  -10.3684
257  5  0  -10.3685
491  1  0  -10.3687
725  5  0  -10.369
24  3  0  -11.0414
258  5  0  -11.0414
492  1  0  -11.0414
726  5  0  -11.0413
25  3  0  -11.6622
259  5  0  -11.6622
493  1  0  -11.662
727  5  0  -11.6619
26  3  0  -12.0993
260  5  0  -12.0993
494  1  0  -12.0992
728  5  0  -12.0991
27  3  0  -12.3543
261  5  0  -12.3544
495  1  0  -12.3545
729  5  0  -12.3546
28  3  0  -12.8317
262  5  0  -12.8317
496  1  0  -12.8319
730  5  0  -12.832
29  3  0  -13.4504
263  5  0  -13.4503
497  1  0  -13.45
731  5  0  -13.4498
30  3  0  -13.6477
264  5  0  -13.6477
498  1  0  -13.6476
732  5  0  -13.6476
31  3  0  -13.7155
265  5  0  -13.7155
499  1  0  -13.7155
733  5  0  -13.7155
32  3  0  -13.832
266  5  0  -13.832
500  1  0  -13.8321
734  5  0  -13.8321
33  3  0  -14.0272
267  5  0  -14.0272
501  1  0  -14.0272
735  5  0  -14.0272
34  3  0  -14.0986
268  5  0  -14.0986
502  1  0  -14.0986
736  5  0  -14.0986
35  3  0  -14.1129
269  5  0  -14.1129
503  1  0  -14.1129
737  5  0  -14.1129
36  3  0  -14.0431
270  5  0  -14.0431
504  1  0  -14.0431
738  5  0  -14.0431
37  3  0  -14.1585
271  5  0  -14.1585
505  1  0  -14.1584
739  5  0  -14.1584
38  3  0  -14.0912
272  5  0  -14.0912
506  1  0  -14.0912
740  5  0  -14.0912
39  3  0  -13.9327
273  5  0  -13.9327
507  1  0  -13.9328
741  5  0  -13.9329
40  3  0  -13.5888
274  5  0  -13.5888
508  1  0  -13.5888
742  5  0  -13.5887
41  3  0  -13.403
275  5  0  -13.403
509  1  0  -13.403
743  5  0  -13.403
42  3  0  -13.2646
276  5  0  -13.2646
510  1  0  -13.2646
744  5  0  -13.2646
43  3  0  -13.1724
277  5  0  -13.1724
511  1  0  -13.1727
745  5  0  -13.1729
44  3  0  -12.5793
278  5  0  -12.5792
512  1  0  -12.579
746  5  0  -12.5788
45  3  0  -12.2836
279  5  0  -12.2836
513  1  0  -12.2835
747  5  0  -12.2835
46  3  0  -12.014
280  5  0  -12.0141
514  1  0  -12.0141
748  5  0  -12.0141
47  3  0  -11.6753
281  5  0  -11.6753
515  1  0  -11.6754
749  5  0  -11.6754
48  3  0  -11.2867
282  5  0  -11.2867
516  1  0  14.2153
750  5  0  32.4579
49  3  0  -10.9092
283  5  0  -10.8847
517  6  0  -10.8725
751  5  0  -10.873
50  3  0  -10.5435
284  5  0  -10.5044
518  6  0  -10.4715
752  5  0  -10.4746
51  3  0  -9.70498
285  5  0  -9.7049
519  6  0  -9.70381
753  5  0  -9.7027
52  3  0  -9.24558
286  5  0  -9.24559
520  6  0  -9.24564
754  5  0  -9.24569
53  3  0  -8.76059
287  5  0  -8.7606
521  6  0  -8.76068
755  5  0  -8.76076
54  3  0  -8.23913
288  5  0  -8.23913
522  6  0  -8.23902
756  5  0  -8.2389
55  3  0  -7.76896
289  5  0  -7.76899
523  6  0  -7.76936
757  5  0  -7.76974
56  3  0  -7.14176
290  5  0  -7.14174
524  6  0  -7.14143
758  5  0  -7.14111
57  3  0  -6.6428
291  5  0  -6.64279
525  6  0  -6.64272
759  5  0  -6.64265
58  3  0  -6.17754
292  5  0  -6.17764
526  6  0  -6.17905
760  5  0  -6.1805
59  3  0  -5.24589
293  5  0  -5.24577
527  6  0  -5.24409
761  5  0  -5.24237
60  3  0  -4.94212
294  5  0  -4.94214
528  6  0  -4.94245
762  5  0  -4.94276
61  3  0  -4.45884
295  5  0  -4.45888
529  6  0  -4.45939
763  5  0  -4.45991
62  3  0  -3.77458
296  5  0  -3.77454
530  6  0  -3.77394
764  5  0  -3.77334
63  3  0  -3.33244
297  5  0  -3.3325
531  6  0  -3.33342
765  5  0  -3.33435
64  3  0  -2.54777
298  5  0  -2.54773
532  6  0  -2.54715
766  5  0  -2.54655
65  3  0  -1.95879
299  5  0  -1.95877
533  6  0  -1.95852
767  5  0  -1.95826
66  3  0  -1.47924
300  5  0  -1.47923
534  6  0  -1.47919
768  5  0  -1.47914
67  3  0  -1.02319
301  5  0  -1.02327
535  6  0  -1.0244
769  5  0  -1.02556
68  3  0  -0.169202
302  5  0  -0.169193
536  6  0  -0.169071
770  5  0  -0.168945
69  3  0  0.651291
303  5  0  0.651334
537  6  0  0.651963
771  5  0  0.652609
70  3  0  1.27091
304  5  0  1.27092
538  6  0  1.27111
772  5  0  1.2713
71  3  0  1.81676
305  5  0  1.81672
539  6  0  1.81615
773  5  0  1.81555
72  3  0  2.56818
306  5  0  2.56821
540  6  0  2.5686
774  5  0  2.569
73  3  0  3.18928
307  5  0  3.18923
541  6  0  3.18846
775  5  0  3.18767
74  3  0  4.04893
308  5  0  4.04896
542  6  0  4.0493
776  5  0  4.04966
75  3  0  4.82168
309  5  0  4.86947
543  6  0  4.93401
777  5  0  4.96481
76  3  0  5.48089
310  5  0  5.56095
544  6  0  5.96229
778  5  0  7.89823
77  3  0  6.25896
311  5  0  6.25894
545  1  0  -24.5237
779  5  0  -43.9783
78  3  0  7.13308
312  5  0  7.13312
546  1  0  7.13331
780  5  0  7.1335
79  3  0  7.85399
313  5  0  7.854
547  1  0  7.85403
781  5  0  7.85406
80  3  0  8.54658
314  5  0  8.54651
548  1  0  8.5462
782  5  0  8.54589
81  3  0  9.48676
315  5  0  9.48678
549  1  0  9.48688
783  5  0  9.48698
82  3  0  10.3579
316  5  0  10.3579
550  1  0  10.3582
784  5  0  10.3584
83  3  0  11.0387
317  5  0  11.0386
551  1  0  11.0382
785  5  0  11.0378
84  3  0  12.0247
318  5  0  12.0246
552  1  0  12.0244
786  5  0  12.0241
85  3  0  13.1626
319  5  0  13.1626
553  1  0  13.1631
787  5  0  13.1635
86  3  0  14.0324
320  5  0  14.0323
554  1  0  14.0321
788  5  0  14.0318
87  3  0  15.081
321  5  0  15.081
555  1  0  15.0808
789  5  0  15.0807
88  3  0  16.2317
322  5  0  16.2316
556  1  0  2.16051
790  5  0  -10.4991
89  3  0  17.4726
323  5  0  17.4725
557  4  0  17.4723
791  5  0  17.4722
90  3  0  19.0049
324  5  0  19.0049
558  4  0  19.005
792  5  0  19.005
91  3  0  20.4694
325  5  0  20.4693
559  4  0  20.469
793  5  0  20.4688
92  3  0  22.2469
326  5  0  22.2464
560  4  0  22.2457
794  5  0  22.245
93  3  0  24.7589
327  5  0  24.7585
561  4  0  24.7579
795  5  0  24.7573
94  3  0  27.7569
328  5  0  27.756
562  4  0  27.7545
796  5  0  27.7531
95  3  0  31.6852
329  5  0  31.6846
563  4  0  31.6839
797  5  0  31.6831
96  3  0  36.0284
330  5  0  36.0253
564  4  0  36.0207
798  5  0  36.0161
97  3  0  42.2924
331  5  0  42.2734
565  4  0  42.2459
799  5  0  42.2174
98  3  0  54.9681
332  5  0  54.9208
566  4  0  54.8505
800  5  0  54.7756
99  3  0  76.4204
333  5  0  76.4151
567  4  0  76.4071
801  5  0  76.3984
100  3  0  98.6406
334  5  0  98.7207
568  4  0  98.8411
802  5  0  98.971
101  3  0  116.332
335  5  0  116.306
569  4  0  116.267
803  5  0  116.225
102  3  0  129.09
336  5  0  129.106
570  4  0  129.128
804  5  0  129.151
103  3  0  137.255
337  5  0  137.261
571  4  0  137.27
805  5  0  137.279
104  3  0  142.44
338  5  0  142.443
572  4  0  142.447
806  5  0  142.451
105  3  0  145.437
339  5  0  145.438
573  4  0  145.439
807  5  0  145.44
106  3  0  147.623
340  5  0  147.622
574  4  0  147.622
808  5  0  147.621
107  3  0  150.316
341  5  0  150.316
575  4  0  150.317
809  5  0  150.318
108  3  0  152.251
342  5  0  152.251
576  4  0  152.251
810  5  0  152.251
109  3  0  153.984
343  5  0  153.985
577  4  0  153.985
811  5  0  153.985
110  3  0  155.07
344  5  0  155.069
578  4  0  155.069
812  5  0  155.068
111  3  0  156.886
345  5  0  156.886
579  1  0  169.083
813  5  0  -179.629
112  3  0  158.292
346  5  0  158.292
580  1  0  158.293
814  5  0  158.293
113  3  0  159.327
347  5  0  159.327
581  1  0  159.327
815  5  0  159.327
114  3  0  160.429
348  5  0  160.429
582  1  0  160.429
816  5  0  160.429
115  3  0  161.445
349  5  0  161.445
583  1  0  161.446
817  5  0  161.446
116  3  0  162.373
350  5  0  162.373
584  1  0  162.372
818  5  0  162.372
117  3  0  163.513
351  5  0  163.513
585  1  0  163.513
819  5  0  163.514
118  3  0  164.128
352  5  0  164.128
586  1  0  164.127
820  5  0  164.127
119  3  0  165.147
353  5  0  165.147
587  1  0  165.147
821  5  0  165.148
120  3  0  165.825
354  5  0  165.824
588  1  0  165.824
822  5  0  165.823
121  3  0  166.942
355  5  0  166.942
589  1  0  166.943
823  5  0  166.944
122  3  0  167.541
356  5  0  167.541
590  1  0  167.541
824  5  0  167.541
123  3  0  168.422
357  5  0  168.422
591  1  0  168.422
825  5  0  168.422
124  3  0  169.194
358  5  0  169.134
592  6  0  -125.336
826  5  0  -97.4426
125  3  0  169.659
359  5  0  169.624
593  6  0  169.569
827  5  0  169.544
126  3  0  170.755
360  5  0  170.755
594  6  0  170.757
828  5  0  170.759
127  3  0  171.346
361  5  0  171.346
595  6  0  171.345
829  5  0  171.344
128  3  0  172.209
362  5  0  172.209
596  6  0  172.21
830  5  0  172.211
129  3  0  172.802
363  5  0  172.802
597  6  0  172.802
831  5  0  172.801
130  3  0  173.532
364  5  0  173.532
598  6  0  173.532
832  5  0  173.532
131  3  0  174.279
365  5  0  174.279
599  6  0  174.279
833  5  0  174.279
132  3  0  174.949
366  5  0  174.949
600  6  0  174.948
834  5  0  174.947
133  3  0  175.973
367  5  0  175.973
601  6  0  175.975
835  5  0  175.977
134  3  0  176.452
368  5  0  176.452
602  6  0  176.452
836  5  0  176.451
135  3  0  177.192
369  5  0  177.192
603  6  0  177.192
837  5  0  177.192
136  3  0  177.995
370  5  0  177.995
604  6  0  177.995
838  5  0  177.996
137  3  0  178.618
371  5  0  178.618
605  6  0  178.618
839  5  0  178.618
138  3  0  179.374
372  5  0  179.374
606  6  0  179.374
840  5  0  179.374
139  3  0  -179.806
373  5  0  -179.806
607  6  0  -179.806
841  5  0  -179.806
140  3  0  -179.056
374  5  0  -179.056
608  6  0  -179.055
842  5  0  -179.055
141  3  0  -178.419
375  5  0  -178.42
609  6  0  -178.421
843  5  0  -178.422
142  3  0  -177.407
376  5  0  -177.407
610  6  0  -177.405
844  5  0  -177.403
143  3  0  -176.916
377  5  0  -176.916
611  6  0  -176.916
845  5  0  -176.916
144  3  0  -176.436
378  5  0  -176.436
612  6  0  -176.436
846  5  0  -176.436
145  3  0  -175.824
379  5  0  -175.824
613  6  0  -175.825
847  5  0  -175.826
146  3  0  -174.884
380  5  0  -174.884
614  6  0  -174.883
848  5  0  -174.881
147  3  0  -174.502
381  5  0  -174.502
615  6  0  -174.502
849  5  0  -174.502
148  3  0  -174.091
382  5  0  -174.091
616  6  0  -174.092
850  5  0  -174.094
149  3  0  -173.249
383  5  0  -173.249
617  6  0  -173.248
851  5  0  -173.247
150  3  0  -172.742
384  5  0  -172.797
618  6  0  -172.876
852  5  0  -172.91
151  3  0  -172.236
385  5  0  -172.27
619  6  0  162.217
853  5  0  144.94
152  3  0  -171.578
386  5  0  -171.578
620  1  0  -171.578
854  5  0  -171.578
153  3  0  -171.208
387  5  0  -171.208
621  1  0  -171.208
855  5  0  -171.208
154  3  0  -170.836
388  5  0  -170.836
622  1  0  -170.836
856  5  0  -170.836
155  3  0  -170.531
389  5  0  -170.531
623  1  0  -170.531
857  5  0  -170.531
156  3  0  -170.265
390  5  0  -170.265
624  1  0  -170.265
858  5  0  -170.265
157  3  0  -169.929
391  5  0  -169.929
625  1  0  -169.929
859  5  0  -169.929
158  3  0  -169.829
392  5  0  -169.829
626  1  0  -169.829
860  5  0  -169.829
159  3  0  -169.495
393  5  0  -169.495
627  1  0  -169.495
861  5  0  -169.495
160  3  0  -169.098
394  5  0  -169.098
628  1  0  -169.098
862  5  0  -169.098
161  3  0  -168.669
395  5  0  -168.669
629  1  0  -168.669
863  5  0  -168.669
162  3  0  -168.619
396  5  0  -168.619
630  1  0  -168.619
864  5  0  -168.619
163  3  0  -168.477
397  5  0  -168.477
631  1  0  -168.477
865  5  0  -168.477
164  3  0  -168.272
398  5  0  -168.272
632  1  0  -168.272
866  5  0  -168.272
165  3  0  -168.28
399  5  0  -168.28
633  1  0  -168.28
867  5  0  -168.281
166  3  0  -167.791
400  5  0  -167.791
634  1  0  -167.791
868  5  0  -167.791
167  3  0  -167.66
401  5  0  -167.66
635  1  0  -167.66
869  5  0  -167.66
168  3  0  -167.77
402  5  0  -167.77
636  1  0  -167.771
870  5  0  -167.771
169  3  0  -167.201
403  5  0  -167.201
637  1  0  -167.201
871  5  0  -167.2
170  3  0  -167.46
404  5  0  -167.46
638  1  0  -167.46
872  5  0  -167.46
171  3  0  -167.412
405  5  0  -167.412
639  1  0  -167.412
873  5  0  -167.412
172  3  0  -167.151
406  5  0  -167.151
640  1  0  -167.151
874  5  0  -167.151
173  3  0  -166.854
407  5  0  -166.854
641  1  0  -166.854
875  5  0  -166.854
174  3  0  -167.219
408  5  0  -167.219
642  1  0  -167.219
876  5  0  -167.219
175  3  0  -166.937
409  5  0  -166.937
643  1  0  -166.937
877  5  0  -166.937
176  3  0  -166.781
410  5  0  -166.781
644  1  0  -166.781
878  5  0  -166.781
177  3  0  -166.688
411  5  0  -166.688
645  1  0  -166.688
879  5  0  -166.688
178  3  0  -166.473
412  5  0  -166.473
646  1  0  -166.473
880  5  0  -166.473
179  3  0  -166.655
413  5  0  -166.655
647  1  0  -166.655
881  5  0  -166.655
180  3  0  -166.606
414  5  0  -166.606
648  1  0  -166.606
882  5  0  -166.606
181  3  0  -166.356
415  5  0  -166.356
649  1  0  -166.356
883  5  0  -166.356
182  3  0  -166.123
416  5  0  -166.123
650  1  0  -166.123
884  5  0  -166.123
183  3  0  -165.996
417  5  0  -165.996
651  1  0  -165.996
885  5  0  -165.997
184  3  0  -166.242
418  5  0  -166.242
652  1  0  -166.241
886  5  0  -166.241
185  3  0  -166.201
419  5  0  -166.201
653  1  0  -166.201
887  5  0  -166.201
186  3  0  -165.922
420  5  0  -165.922
654  1  0  -165.922
888  5  0  -165.922
187  3  0  -165.981
421  5  0  -165.981
655  1  0  -165.981
889  5  0  -165.981
188  3  0  -166.061
422  5  0  -166.061
656  1  0  -166.061
890  5  0  -166.061
189  3  0  -166.015
423  5  0  -166.015
657  1  0  -176.072
891  5  0  174.451
190  3  0  -165.823
424  5  0  -165.823
658  4  0  -165.823
892  5  0  -165.823
191  3  0  -165.625
425  5  0  -165.625
659  4  0  -165.625
893  5  0  -165.625
192  3  0  -165.796
426  5  0  -165.796
660  4  0  -165.796
894  5  0  -165.796
193  3  0  -165.404
427  5  0  -165.404
661  4  0  -165.404
895  5  0  -165.404
194  3  0  -165.226
428  5  0  -165.226
662  4  0  -165.226
896  5  0  -165.226
195  3  0  -165.236
429  5  0  -165.236
663  4  0  -165.236
897  5  0  -165.236
196  3  0  -165.174
430  5  0  -165.174
664  4  0  -165.175
898  5  0  -165.175
197  3  0  -164.743
431  5  0  -164.743
665  4  0  -164.743
899  5  0  -164.743
198  3  0  -164.333
432  5  0  -164.414
666  4  0  -164.533
900  5  0  -164.657
199  3  0  -141.105
433  5  0  -141.014
667  4  0  -140.732
901  5  0  -139.203
200  2  0  -90.0287
434  1  0  -90.0287
668  1  0  -90.0287
902  2  0  89.9713
201  2  0  -90.0287
435  1  0  -90.0287
669  1  0  -90.0287
903  2  0  -90.0287
202  2  0  -90.0287
436  1  0  -90.0287
670  1  0  -90.0287
904  2  0  -90.0287
203  2  0  -90.0287
437  1  0  -90.0287
671  1  0  -90.0287
905  2  0  -90.0287
204  2  0  -90.0287
438  1  0  -90.0287
672  1  0  -90.0287
906  2  0  -90.0287
205  2  0  -90.0287
439  1  0  -90.0287
673  1  0  -90.0287
907  2  0  -90.0287
206  2  0  -90.0287
440  1  0  -90.0287
674  1  0  -90.0287
908  2  0  -90.0287
207  2  0  -90.0287
441  1  0  -90.0287
675  1  0  -90.0287
909  2  0  -90.0287
208  2  0  -90.0287
442  1  0  -90.0287
676  1  0  -90.0287
910  2  0  -90.0287
209  2  0  -90.0287
443  1  0  -90.0287
677  1  0  -90.0287
911  2  0  -90.0287
210  2  0  -90.0287
444  1  0  -90.0287
678  1  0  -90.0287
912  2  0  -90.0287
211  2  0  -90.0287
445  1  0  -90.0287
679  1  0  -90.0287
913  2  0  -90.0287
212  2  0  -90.0287
446  1  0  -90.0287
680  1  0  -90.0287
914  2  0  -90.0287
213  2  0  -90.0287
447  1  0  -90.0287
681  1  0  -90.0287
915  2  0  -90.0287
214  2  0  -90.0287
448  1  0  -90.0287
682  1  0  -90.0287
916  2  0  -90.0287
215  2  0  -90.0287
449  1  0  -90.0287
683  1  0  -90.0287
917  2  0  -90.0287
216  2  0  -90.0287
450  1  0  -90.0287
684  1  0  -90.0287
918  2  0  89.9713
217  2  0  -90.0406
451  1  0  -90.0406
685  1  0  89.9594
919  2  0  89.9594
218  2  0  -90.0406
452  1  0  -90.0406
686  1  0  -90.0406
920  2  0  -90.0406
219  2  0  -90.0406
453  1  0  -90.0406
687  1  0  -90.0406
921  2  0  -90.0406
220  2  0  -90.0406
454  1  0  -90.0406
688  1  0  -90.0406
922  2  0  -90.0406
221  2  0  -90.0406
455  1  0  -90.0406
689  1  0  -90.0406
923  2  0  -90.0406
222  2  0  -90.0406
456  1  0  -90.0406
690  1  0  -90.0406
924  2  0  -90.0406
223  2  0  -90.0406
457  1  0  -90.0406
691  1  0  -90.0406
925  2  0  -90.0406
224  2  0  -90.0406
458  1  0  -90.0406
692  1  0  -90.0406
926  2  0  -90.0406
225  2  0  -90.0406
459  1  0  -90.0406
693  1  0  -90.0406
927  2  0  -90.0406
226  2  0  -90.0406
460  1  0  -90.0406
694  1  0  -90.0406
928  2  0  -90.0406
227  2  0  -90.0406
461  1  0  -90.0406
695  1  0  -90.0406
929  2  0  -90.0406
228  2  0  -90.0406
462  1  0  -90.0406
696  1  0  -90.0406
930  2  0  -90.0406
229  2  0  -90.0406
463  1  0  -90.0406
697  1  0  -90.0406
931  2  0  -90.0406
230  2  0  -90.0406
464  1  0  -90.0406
698  1  0  -90.0406
932  2  0  -90.0406
231  2  0  -90.0406
465  1  0  -90.0406
699  1  0  -90.0406
933  2  0  -90.0406
232  2  0  -90.0406
466  1  0  -90.0406
700  1  0  -90.0406
934  2  0  -90.0406
233  2  0  -90.0406
467  1  0  -90.0406
701  1  0  -90.0406
935  2  0  -90.0406
234  2  0  -90.0406
468  1  0  -90.0406
702  1  0  89.9594
936  2  0  89.9594
