1  -1.20230000e+00  -4.44146720e-03
2  -1.18438101e+00  -1.83425779e-03
3  -1.16642993e+00  5.34380719e-04
4  -1.14844810e+00  2.66626674e-03
5  -1.13043886e+00  4.55114682e-03
6  -1.11240855e+00  6.22356013e-03
7  -1.09435499e+00  7.62229957e-03
8  -1.07628696e+00  8.82053083e-03
9  -1.05820261e+00  9.73249803e-03
10  -1.04010449e+00  1.03212918e-02
11  -1.02200000e+00  1.06417507e-02
12  -9.96990823e-01  1.04954360e-02
13  -9.78679504e-01  1.00180673e-02
14  -9.60376296e-01  9.28520102e-03
15  -9.42086832e-01  8.27412976e-03
16  -9.23820783e-01  6.90437130e-03
17  -9.05574919e-01  5.28272802e-03
18  -8.87353195e-01  3.41148912e-03
19  -8.69163472e-01  1.25104560e-03
20  -8.51003956e-01  -1.15187055e-03
21  -8.32876013e-01  -3.78104872e-03
22  -8.14793720e-01  -6.70948481e-03
23  -7.96756297e-01  -9.90312738e-03
24  -7.78737453e-01  -1.31999393e-02
25  -7.60758861e-01  -1.67081167e-02
26  -7.42819318e-01  -2.04108831e-02
27  -7.24908289e-01  -2.42504518e-02
28  -7.07014508e-01  -2.81697052e-02
29  -6.89153983e-01  -3.22379127e-02
30  -6.71338568e-01  -3.64986945e-02
31  -6.53537791e-01  -4.08208339e-02
32  -6.35742147e-01  -4.51640450e-02
33  -6.17955369e-01  -4.95434419e-02
34  -6.00183629e-01  -5.39834018e-02
35  -5.82417415e-01  -5.84454920e-02
36  -5.64652315e-01  -6.29120140e-02
37  -5.46881790e-01  -6.73569060e-02
38  -5.29120253e-01  -7.18375642e-02
39  -5.11353494e-01  -7.62973646e-02
40  -4.93574437e-01  -8.07080072e-02
41  -4.75769234e-01  -8.50118695e-02
42  -4.57950198e-01  -8.92579634e-02
43  -4.40120925e-01  -9.34610019e-02
44  -4.22284902e-01  -9.76353219e-02
45  -4.04406792e-01  -1.01624760e-01
46  -3.86508248e-01  -1.05521892e-01
47  -3.68591499e-01  -1.09334805e-01
48  -3.50652531e-01  -1.13041733e-01
49  -3.26000000e-01  -1.17961864e-01
50  -3.07779093e-01  -1.21475602e-01
51  -2.89536344e-01  -1.24873026e-01
52  -2.71245224e-01  -1.28001225e-01
53  -2.52929699e-01  -1.30982648e-01
54  -2.34589919e-01  -1.33808881e-01
55  -2.16224780e-01  -1.36468144e-01
56  -1.97838419e-01  -1.38976615e-01
57  -1.79426093e-01  -1.41283622e-01
58  -1.60994240e-01  -1.43430213e-01
59  -1.42545311e-01  -1.45427084e-01
60  -1.24066397e-01  -1.47123728e-01
61  -1.05578789e-01  -1.48722366e-01
62  -8.70787655e-02  -1.50164977e-01
63  -6.85623426e-02  -1.51386587e-01
64  -5.00370474e-02  -1.52465269e-01
65  -3.14991029e-02  -1.53290143e-01
66  -1.29535125e-02  -1.53924415e-01
67  5.59689192e-03  -1.54403448e-01
68  2.41506095e-02  -1.54734812e-01
69  4.27069953e-02  -1.54789612e-01
70  6.12619799e-02  -1.54578688e-01
71  7.98138655e-02  -1.54167112e-01
72  9.83609660e-02  -1.53578811e-01
73  1.16898985e-01  -1.52747321e-01
74  1.35426933e-01  -1.51714921e-01
75  1.53937120e-01  -1.50404678e-01
76  1.72428097e-01  -1.48848596e-01
77  1.90900000e-01  -1.47080142e-01
78  2.11032336e-01  -1.44872106e-01
79  2.28890623e-01  -1.42637269e-01
80  2.46719601e-01  -1.40177885e-01
81  2.64517327e-01  -1.37503200e-01
82  2.82268975e-01  -1.34536810e-01
83  2.99973619e-01  -1.31300849e-01
84  3.17638492e-01  -1.27854768e-01
85  3.35241326e-01  -1.24105245e-01
86  3.52766315e-01  -1.20006879e-01
87  3.70226870e-01  -1.15642987e-01
88  3.87604451e-01  -1.10960323e-01
89  4.04884419e-01  -1.05929671e-01
90  4.24300000e-01  -9.98181553e-02
91  4.41444392e-01  -9.39132381e-02
92  4.58431797e-01  -8.75722320e-02
93  4.75214057e-01  -8.07074518e-02
94  4.91679460e-01  -7.31136566e-02
95  5.07720959e-01  -6.46712633e-02
96  5.23149230e-01  -5.51480521e-02
97  5.37809290e-01  -4.44855358e-02
98  5.51207178e-01  -3.22960833e-02
99  5.61571592e-01  -1.75067185e-02
100  5.65800000e-01  0.00000000e+00
101  5.63144712e-01  1.75047595e-02
102  5.55301497e-01  3.33486378e-02
103  5.44129252e-01  4.71023048e-02
104  5.31107827e-01  5.91378057e-02
105  5.17045178e-01  6.99520972e-02
106  5.02435259e-01  8.00169262e-02
107  4.87450438e-01  8.95182570e-02
108  4.72036874e-01  9.83043826e-02
109  4.56335022e-01  1.06565176e-01
110  4.40390054e-01  1.14347494e-01
111  4.24300000e-01  1.21826636e-01
112  4.05090208e-01  1.30025807e-01
113  3.87959462e-01  1.36845821e-01
114  3.70708378e-01  1.43355207e-01
115  3.53335260e-01  1.49531577e-01
116  3.35855115e-01  1.55398864e-01
117  3.18282211e-01  1.60982569e-01
118  3.00601830e-01  1.66215540e-01
119  2.82865976e-01  1.71258327e-01
120  2.65043639e-01  1.75984923e-01
121  2.47166365e-01  1.80500402e-01
122  2.29205296e-01  1.84666115e-01
123  2.11200630e-01  1.88644054e-01
124  1.90900000e-01  1.92803018e-01
125  1.72672909e-01  1.96279105e-01
126  1.54419084e-01  1.99607212e-01
127  1.36104558e-01  2.02588256e-01
128  1.17760206e-01  2.05380214e-01
129  9.93760653e-02  2.07895644e-01
130  8.09668973e-02  2.10220622e-01
131  6.25301424e-02  2.12310657e-01
132  4.40672242e-02  2.14160425e-01
133  2.55838226e-02  2.15793990e-01
134  7.07406157e-03  2.17097120e-01
135  -1.14458235e-02  2.18245338e-01
136  -2.99783044e-02  2.19154165e-01
137  -4.85224009e-02  2.19803414e-01
138  -6.70726066e-02  2.20250784e-01
139  -8.56270127e-02  2.20453513e-01
140  -1.04181623e-01  2.20390752e-01
141  -1.22734383e-01  2.20084900e-01
142  -1.41282923e-01  2.19573097e-01
143  -1.59819375e-01  2.18733516e-01
144  -1.78347811e-01  2.17735349e-01
145  -1.96867237e-01  2.16581742e-01
146  -2.15373568e-01  2.15230457e-01
147  -2.33855058e-01  2.13575978e-01
148  -2.52325159e-01  2.11798235e-01
149  -2.70781896e-01  2.09888037e-01
150  -2.89208822e-01  2.07706665e-01
151  -3.07615261e-01  2.05359547e-01
152  -3.26000000e-01  2.02850158e-01
153  -3.50877235e-01  1.99166886e-01
154  -3.69046854e-01  1.96356813e-01
155  -3.87197859e-01  1.93428818e-01
156  -4.05332908e-01  1.90404065e-01
157  -4.23453764e-01  1.87295334e-01
158  -4.41556121e-01  1.84080167e-01
159  -4.59652836e-01  1.80833415e-01
160  -4.77730127e-01  1.77481226e-01
161  -4.95783875e-01  1.74003837e-01
162  -5.13811197e-01  1.70391595e-01
163  -5.31835314e-01  1.66763400e-01
164  -5.49850369e-01  1.63090692e-01
165  -5.67852221e-01  1.59353583e-01
166  -5.85854593e-01  1.55618981e-01
167  -6.03824251e-01  1.51730891e-01
168  -6.21785131e-01  1.47801717e-01
169  -6.39753538e-01  1.43907042e-01
170  -6.57682345e-01  1.39834020e-01
171  -6.75629347e-01  1.35842035e-01
172  -6.93573000e-01  1.31835033e-01
173  -7.11498218e-01  1.27746400e-01
174  -7.29402048e-01  1.23564894e-01
175  -7.47332133e-01  1.19497502e-01
176  -7.65241944e-01  1.15342101e-01
177  -7.83140474e-01  1.11137906e-01
178  -8.01032117e-01  1.06904678e-01
179  -8.18907730e-01  1.02604129e-01
180  -8.36796918e-01  9.83603670e-02
181  -8.54682471e-01  9.41013059e-02
182  -8.72549284e-01  8.97643609e-02
183  -8.90398272e-01  8.53546538e-02
184  -9.08237524e-01  8.09056523e-02
185  -9.26095520e-01  7.65330315e-02
186  -9.43950412e-01  7.21477795e-02
187  -9.61783904e-01  6.76757517e-02
188  -9.79621950e-01  6.32219886e-02
189  -9.97466188e-01  5.87930156e-02
190  -1.02200000e+00  5.26827995e-02
191  -1.04009779e+00  4.81110949e-02
192  -1.05817974e+00  4.34768436e-02
193  -1.07627545e+00  3.88966439e-02
194  -1.09433940e+00  3.41928363e-02
195  -1.11238864e+00  2.94327121e-02
196  -1.13043873e+00  2.46758500e-02
197  -1.14848364e+00  1.98995681e-02
198  -1.16649211e+00  1.49875252e-02
199  -1.18446247e+00  9.94198670e-03
200  -3.07624898e-01  1.86133950e-01
201  -3.07634535e-01  1.66908353e-01
202  -3.07644172e-01  1.47682756e-01
203  -3.07653809e-01  1.28457159e-01
204  -3.07663447e-01  1.09231562e-01
205  -3.07673084e-01  9.00059647e-02
206  -3.07682721e-01  7.07803677e-02
207  -3.07692358e-01  5.15547707e-02
208  -3.07701995e-01  3.23291737e-02
209  -3.07711632e-01  1.31035767e-02
210  -3.07721270e-01  -6.12202029e-03
211  -3.07730907e-01  -2.53476173e-02
212  -3.07740544e-01  -4.45732143e-02
213  -3.07750181e-01  -6.37988113e-02
214  -3.07759818e-01  -8.30244083e-02
215  -3.07769456e-01  -1.02250005e-01
216  1.72659308e-01  1.77105344e-01
217  1.72645708e-01  1.57931583e-01
218  1.72632107e-01  1.38757822e-01
219  1.72618506e-01  1.19584061e-01
220  1.72604906e-01  1.00410300e-01
221  1.72591305e-01  8.12365384e-02
222  1.72577704e-01  6.20627772e-02
223  1.72564104e-01  4.28890160e-02
224  1.72550503e-01  2.37152549e-02
225  1.72536903e-01  4.54149370e-03
226  1.72523302e-01  -1.46322675e-02
227  1.72509701e-01  -3.38060286e-02
228  1.72496101e-01  -5.29797898e-02
229  1.72482500e-01  -7.21535510e-02
230  1.72468899e-01  -9.13273121e-02
231  1.72455299e-01  -1.10501073e-01
232  1.72441698e-01  -1.29674834e-01
2465  -1.20056352e+00  -3.68354502e-03
2466  -1.18444971e+00  -1.33900016e-03
2467  -1.16649207e+00  1.03050449e-03
2468  -1.14850356e+00  3.16318164e-03
2469  -1.13048797e+00  5.04872879e-03
2470  -1.11245095e+00  6.72175892e-03
2471  -1.09439085e+00  8.12101233e-03
2472  -1.07631610e+00  9.31968125e-03
2473  -1.05822333e+00  1.02320685e-02
2474  -1.04011704e+00  1.08211342e-02
2475  -1.02200296e+00  1.11417419e-02
2476  -9.96982845e-01  1.09953723e-02
2477  -9.78662986e-01  1.05177944e-02
2478  -9.60352494e-01  9.78463416e-03
2479  -9.42054336e-01  8.77307267e-03
2480  -9.23779955e-01  7.40270160e-03
2481  -9.05527247e-01  5.78045020e-03
2482  -8.87298168e-01  3.90845197e-03
2483  -8.69101190e-01  1.74715137e-03
2484  -8.50935277e-01  -6.56609864e-04
2485  -8.32800160e-01  -3.28683584e-03
2486  -8.14710165e-01  -6.21651574e-03
2487  -7.96667716e-01  -9.41103649e-03
2488  -7.78644577e-01  -1.27086409e-02
2489  -7.60660444e-01  -1.62178982e-02
2490  -7.42716380e-01  -1.99215940e-02
2491  -7.24802398e-01  -2.37617934e-02
2492  -7.06905496e-01  -2.76817335e-02
2493  -6.89040309e-01  -3.17510060e-02
2494  -6.71221429e-01  -3.60126096e-02
2495  -6.53419528e-01  -4.03350213e-02
2496  -6.35623103e-01  -4.46784233e-02
2497  -6.17835004e-01  -4.90581458e-02
2498  -6.00062136e-01  -5.34983870e-02
2499  -5.82295559e-01  -5.79605681e-02
2500  -5.64530694e-01  -6.24270312e-02
2501  -5.46759976e-01  -6.68719716e-02
2502  -5.28998235e-01  -7.13526810e-02
2503  -5.11232432e-01  -7.58122420e-02
2504  -4.93455503e-01  -8.02223585e-02
2505  -4.75652546e-01  -8.45256763e-02
2506  -4.57834886e-01  -8.87714420e-02
2507  -4.40006593e-01  -9.29742493e-02
2508  -4.22173483e-01  -9.71478942e-02
2509  -4.04299157e-01  -1.01136483e-01
2510  -3.86403022e-01  -1.05033090e-01
2511  -3.68488869e-01  -1.08845451e-01
2512  -3.50553009e-01  -1.12551738e-01
2513  -3.25903732e-01  -1.17471219e-01
2514  -3.06502959e-01  -1.21208573e-01
2515  -2.89448426e-01  -1.24380816e-01
2516  -2.71162913e-01  -1.27508047e-01
2517  -2.52851455e-01  -1.30488808e-01
2518  -2.34516015e-01  -1.33314373e-01
2519  -2.16155158e-01  -1.35973015e-01
2520  -1.97773542e-01  -1.38480842e-01
2521  -1.79366091e-01  -1.40787235e-01
2522  -1.60938417e-01  -1.42933339e-01
2523  -1.42495549e-01  -1.44929566e-01
2524  -1.24022002e-01  -1.46625703e-01
2525  -1.05537816e-01  -1.48224048e-01
2526  -8.70428713e-02  -1.49666267e-01
2527  -6.85313523e-02  -1.50887548e-01
2528  -5.00114014e-02  -1.51965927e-01
2529  -3.14794443e-02  -1.52790530e-01
2530  -1.29385135e-02  -1.53424640e-01
2531  5.60780990e-03  -1.53903567e-01
2532  2.41558121e-02  -1.54234839e-01
2533  4.27048918e-02  -1.54289616e-01
2534  6.12535932e-02  -1.54078758e-01
2535  7.98003946e-02  -1.53667293e-01
2536  9.83418377e-02  -1.53079177e-01
2537  1.16873874e-01  -1.52247952e-01
2538  1.35395371e-01  -1.51215918e-01
2539  1.53898503e-01  -1.49906172e-01
2540  1.73704535e-01  -1.48231772e-01
2541  1.90848918e-01  -1.46582758e-01
2542  2.10974035e-01  -1.44375517e-01
2543  2.28825416e-01  -1.42141539e-01
2544  2.46648284e-01  -1.39682997e-01
2545  2.64438966e-01  -1.37009379e-01
2546  2.82182819e-01  -1.34044289e-01
2547  2.99880800e-01  -1.30809540e-01
2548  3.17538537e-01  -1.27364861e-01
2549  3.35132309e-01  -1.23617274e-01
2550  3.52648765e-01  -1.19520893e-01
2551  3.70101201e-01  -1.15159037e-01
2552  3.87469517e-01  -1.10478874e-01
2553  4.04739467e-01  -1.05451143e-01
2554  4.24143511e-01  -9.93432750e-02
2555  4.41275539e-01  -9.34426122e-02
2556  4.58249698e-01  -8.71065712e-02
2557  4.75014658e-01  -8.02489322e-02
2558  4.91458252e-01  -7.26652514e-02
2559  5.07473069e-01  -6.42370392e-02
2560  5.22870668e-01  -5.47328375e-02
2561  5.37493529e-01  -4.40978571e-02
2562  5.50831911e-01  -3.19656670e-02
2563  5.61115893e-01  -1.73009555e-02
2564  5.65300467e-01  2.16057347e-05
2565  5.62662050e-01  1.73527516e-02
2566  5.54880799e-01  3.30784289e-02
2567  5.43764590e-01  4.67602203e-02
2568  5.30785407e-01  5.87556467e-02
2569  5.16750849e-01  6.95479061e-02
2570  5.02159507e-01  7.95998398e-02
2571  4.87192689e-01  8.90898117e-02
2572  4.71796635e-01  9.78658792e-02
2573  4.56108942e-01  1.06119208e-01
2574  4.40175010e-01  1.13896100e-01
2575  4.24096455e-01  1.21369942e-01
2576  4.04899583e-01  1.29563571e-01
2577  3.87778726e-01  1.36379630e-01
2578  3.70536368e-01  1.42885726e-01
2579  3.53171958e-01  1.49058996e-01
2580  3.35699852e-01  1.54923582e-01
2581  3.18135546e-01  1.60504563e-01
2582  3.00462505e-01  1.65735344e-01
2583  2.82733513e-01  1.70776193e-01
2584  2.64918328e-01  1.75500881e-01
2585  2.47048653e-01  1.80014456e-01
2586  2.29094877e-01  1.84178460e-01
2587  2.11096518e-01  1.88155013e-01
2588  1.90802989e-01  1.92312519e-01
2589  1.73948380e-01  1.95532590e-01
2590  1.54334075e-01  1.99114492e-01
2591  1.36026777e-01  2.02094343e-01
2592  1.17688697e-01  2.04885354e-01
2593  9.93108489e-02  2.07399915e-01
2594  8.09074110e-02  2.09724173e-01
2595  6.24770587e-02  2.11813483e-01
2596  4.40202919e-02  2.13662633e-01
2597  2.55442547e-02  2.15295558e-01
2598  7.04103406e-03  2.16598212e-01
2599  -1.14735394e-02  2.17746107e-01
2600  -2.99992975e-02  2.18654606e-01
2601  -4.85371760e-02  2.19303632e-01
2602  -6.70813656e-02  2.19750861e-01
2603  -8.56288985e-02  2.19953517e-01
2604  -1.04176656e-01  2.19890777e-01
2605  -1.22723366e-01  2.19585021e-01
2606  -1.41264715e-01  2.19073429e-01
2607  -1.59794614e-01  2.18234129e-01
2608  -1.78318819e-01  2.17236190e-01
2609  -1.96833488e-01  2.16082882e-01
2610  -2.15333070e-01  2.14732100e-01
2611  -2.33808815e-01  2.13078121e-01
2612  -2.52275470e-01  2.11300710e-01
2613  -2.70726768e-01  2.09391085e-01
2614  -2.89147809e-01  2.07210402e-01
2615  -3.06339429e-01  2.05023622e-01
2616  -3.25929574e-01  2.02355143e-01
2617  -3.50802409e-01  1.98672517e-01
2618  -3.68968830e-01  1.95862938e-01
2619  -3.87116916e-01  1.92935413e-01
2620  -4.05249507e-01  1.89911070e-01
2621  -4.23367774e-01  1.86802784e-01
2622  -4.41468255e-01  1.83587948e-01
2623  -4.59563106e-01  1.80341532e-01
2624  -4.77637260e-01  1.76989926e-01
2625  -4.95687473e-01  1.73513218e-01
2626  -5.13712745e-01  1.69901384e-01
2627  -5.31736039e-01  1.66273355e-01
2628  -5.49749613e-01  1.62600949e-01
2629  -5.67750624e-01  1.58864014e-01
2630  -5.85750942e-01  1.55129843e-01
2631  -6.03717955e-01  1.51242321e-01
2632  -6.21678746e-01  1.47313166e-01
2633  -6.39645195e-01  1.43418921e-01
2634  -6.57572680e-01  1.39346195e-01
2635  -6.75520580e-01  1.35354009e-01
2636  -6.93462919e-01  1.31347301e-01
2637  -7.11385764e-01  1.27259210e-01
2638  -7.29289882e-01  1.23077637e-01
2639  -7.47220322e-01  1.19010164e-01
2640  -7.65128274e-01  1.14855193e-01
2641  -7.83025746e-01  1.10651247e-01
2642  -8.00916078e-01  1.06418329e-01
2643  -8.18791548e-01  1.02117815e-01
2644  -8.36681300e-01  9.78739181e-02
2645  -8.54565586e-01  9.36151599e-02
2646  -8.72430351e-01  8.92787120e-02
2647  -8.90277815e-01  8.48693805e-02
2648  -9.08117571e-01  8.04202543e-02
2649  -9.25976434e-01  7.60474201e-02
2650  -9.43829974e-01  7.16625016e-02
2651  -9.61662535e-01  6.71907058e-02
2652  -9.79501166e-01  6.27367965e-02
2653  -9.97345547e-01  5.83077880e-02
2654  -1.02187835e+00  5.21978233e-02
2655  -1.03997449e+00  4.76265353e-02
2656  -1.05805633e+00  4.29923129e-02
2657  -1.07615111e+00  3.84123516e-02
2658  -1.09421265e+00  3.37091690e-02
2659  -1.11226118e+00  2.89492315e-02
2660  -1.13031105e+00  2.41924265e-02
2661  -1.14835388e+00  1.94166986e-02
2662  -1.16635874e+00  1.45056403e-02
2663  -1.18423328e+00  9.49760693e-03
2664  -3.06348898e-01  1.86133310e-01
2665  -3.06358535e-01  1.66907713e-01
2666  -3.06368172e-01  1.47682116e-01
2667  -3.06377809e-01  1.28456519e-01
2668  -3.06387447e-01  1.09230922e-01
2669  -3.06397084e-01  9.00053251e-02
2670  -3.06406721e-01  7.07797281e-02
2671  -3.06416358e-01  5.15541311e-02
2672  -3.06425995e-01  3.23285341e-02
2673  -3.06435632e-01  1.31029371e-02
2674  -3.06445270e-01  -6.12265993e-03
2675  -3.06454907e-01  -2.53482569e-02
2676  -3.06464544e-01  -4.45738539e-02
2677  -3.06474181e-01  -6.37994509e-02
2678  -3.06483818e-01  -8.30250479e-02
2679  -3.06493456e-01  -1.02250645e-01
2680  1.73935308e-01  1.77104439e-01
2681  1.73921708e-01  1.57930678e-01
2682  1.73908107e-01  1.38756917e-01
2683  1.73894506e-01  1.19583156e-01
2684  1.73880906e-01  1.00409395e-01
2685  1.73867305e-01  8.12356333e-02
2686  1.73853704e-01  6.20618721e-02
2687  1.73840104e-01  4.28881109e-02
2688  1.73826503e-01  2.37143498e-02
2689  1.73812903e-01  4.54058860e-03
2690  1.73799302e-01  -1.46331726e-02
2691  1.73785701e-01  -3.38069337e-02
2692  1.73772101e-01  -5.29806949e-02
2693  1.73758500e-01  -7.21544561e-02
2694  1.73744899e-01  -9.13282172e-02
2695  1.73731299e-01  -1.10501978e-01
2696  1.73717698e-01  -1.29675739e-01
4929  -1.19343701e+00  -5.73032371e-04
4930  -1.18473166e+00  6.93537154e-04
4931  -1.16674709e+00  3.06659644e-03
4932  -1.14873116e+00  5.20252039e-03
4933  -1.13068954e+00  7.09080520e-03
4934  -1.11262497e+00  8.76636674e-03
4935  -1.09453799e+00  1.01677295e-02
4936  -1.07643567e+00  1.13681946e-02
4937  -1.05830837e+00  1.22823056e-02
4938  -1.04016856e+00  1.28724873e-02
4939  -1.02201512e+00  1.31937059e-02
4940  -9.96950102e-01  1.30471111e-02
4941  -9.78595198e-01  1.25686744e-02
4942  -9.60254810e-01  1.18343078e-02
4943  -9.41920974e-01  1.08207344e-02
4944  -9.23612397e-01  9.44784913e-03
4945  -9.05331601e-01  7.82310205e-03
4946  -8.87072339e-01  5.94798753e-03
4947  -8.68845584e-01  3.78316945e-03
4948  -8.50653417e-01  1.37593999e-03
4949  -8.32488861e-01  -1.25858618e-03
4950  -8.14367254e-01  -4.19337067e-03
4951  -7.96304181e-01  -7.39149550e-03
4952  -7.78263416e-01  -1.06923522e-02
4953  -7.60256543e-01  -1.42060414e-02
4954  -7.42293923e-01  -1.79135517e-02
4955  -7.24367820e-01  -2.17563392e-02
4956  -7.06458110e-01  -2.56790978e-02
4957  -6.88573789e-01  -2.97527409e-02
4958  -6.70740693e-01  -3.40177170e-02
4959  -6.52934177e-01  -3.83412464e-02
4960  -6.35134544e-01  -4.26854319e-02
4961  -6.17341026e-01  -4.70664907e-02
4962  -5.99563527e-01  -5.15078862e-02
4963  -5.81795463e-01  -5.59704406e-02
4964  -5.64031561e-01  -6.04366619e-02
4965  -5.46260051e-01  -6.48818011e-02
4966  -5.28497475e-01  -6.93627204e-02
4967  -5.10735593e-01  -7.38212987e-02
4968  -4.92967397e-01  -7.82292563e-02
4969  -4.75173657e-01  -8.25303393e-02
4970  -4.57361645e-01  -8.67747580e-02
4971  -4.39537372e-01  -9.09766167e-02
4972  -4.21716218e-01  -9.51474910e-02
4973  -4.03857421e-01  -9.91325931e-02
4974  -3.85971176e-01  -1.03027046e-01
4975  -3.68067677e-01  -1.06837143e-01
4976  -3.50144572e-01  -1.10540797e-01
4977  -3.25508646e-01  -1.15457613e-01
4978  -3.01243911e-01  -1.20116817e-01
4979  -2.89087612e-01  -1.22360787e-01
4980  -2.70825108e-01  -1.25484043e-01
4981  -2.52530342e-01  -1.28462089e-01
4982  -2.34212715e-01  -1.31284912e-01
4983  -2.15869432e-01  -1.33941005e-01
4984  -1.97507287e-01  -1.36446189e-01
4985  -1.79119845e-01  -1.38750064e-01
4986  -1.60709322e-01  -1.40894168e-01
4987  -1.42291328e-01  -1.42887754e-01
4988  -1.23839804e-01  -1.44581808e-01
4989  -1.05369661e-01  -1.46178949e-01
4990  -8.68955616e-02  -1.47619561e-01
4991  -6.84041680e-02  -1.48839494e-01
4992  -4.99061502e-02  -1.49916628e-01
4993  -3.13987656e-02  -1.50740116e-01
4994  -1.28769577e-02  -1.51373564e-01
4995  5.65261729e-03  -1.51852056e-01
4996  2.41771638e-02  -1.52182950e-01
4997  4.26962592e-02  -1.52237635e-01
4998  6.12191740e-02  -1.52027047e-01
4999  7.97451100e-02  -1.51616038e-01
5000  9.82633352e-02  -1.51028679e-01
5001  1.16770818e-01  -1.50198541e-01
5002  1.35265842e-01  -1.49168010e-01
5003  1.53740018e-01  -1.47860301e-01
5004  1.78964833e-01  -1.45698364e-01
5005  1.90639276e-01  -1.44541495e-01
5006  2.10734768e-01  -1.42337514e-01
5007  2.28557806e-01  -1.40107064e-01
5008  2.46355599e-01  -1.37651978e-01
5009  2.64117373e-01  -1.34982736e-01
5010  2.81829232e-01  -1.32022982e-01
5011  2.99499873e-01  -1.28793207e-01
5012  3.17128322e-01  -1.25354282e-01
5013  3.34684902e-01  -1.21614643e-01
5014  3.52166342e-01  -1.17526408e-01
5015  3.69585455e-01  -1.13172908e-01
5016  3.86915750e-01  -1.08503008e-01
5017  4.04144587e-01  -1.03487264e-01
5018  4.23501282e-01  -9.73943663e-02
5019  4.40582567e-01  -9.15111636e-02
5020  4.57502364e-01  -8.51954993e-02
5021  4.74196326e-01  -7.83671679e-02
5022  4.90550417e-01  -7.08249965e-02
5023  5.06455728e-01  -6.24549836e-02
5024  5.21727449e-01  -5.30287969e-02
5025  5.36197644e-01  -4.25068236e-02
5026  5.49291817e-01  -3.06096388e-02
5027  5.59245704e-01  -1.64565041e-02
5028  5.63250384e-01  1.10275670e-04
5029  5.60681207e-01  1.67289111e-02
5030  5.53154252e-01  3.19694918e-02
5031  5.42268019e-01  4.53563054e-02
5032  5.29462196e-01  5.71872664e-02
5033  5.15542923e-01  6.78891061e-02
5034  5.01027823e-01  7.78881173e-02
5035  4.86134886e-01  8.73314723e-02
5036  4.70810694e-01  9.60662612e-02
5037  4.55181108e-01  1.04288954e-01
5038  4.39292471e-01  1.12043581e-01
5039  4.23261107e-01  1.19495669e-01
5040  4.04117261e-01  1.27666553e-01
5041  3.87036983e-01  1.34466381e-01
5042  3.69830437e-01  1.40958976e-01
5043  3.52501768e-01  1.47119525e-01
5044  3.35062651e-01  1.52973023e-01
5045  3.17533632e-01  1.58542829e-01
5046  2.99890713e-01  1.63764618e-01
5047  2.82189884e-01  1.68797513e-01
5048  2.64404051e-01  1.73514370e-01
5049  2.46565565e-01  1.78020131e-01
5050  2.28641718e-01  1.82177123e-01
5051  2.10669241e-01  1.86147991e-01
5052  1.90404857e-01  1.90299513e-01
5053  1.79204705e-01  1.92464826e-01
5054  1.53985196e-01  1.97092367e-01
5055  1.35707564e-01  2.00067324e-01
5056  1.17395225e-01  2.02854448e-01
5057  9.90432006e-02  2.05365445e-01
5058  8.06632794e-02  2.07686747e-01
5059  6.22592034e-02  2.09773080e-01
5060  4.38276815e-02  2.11619692e-01
5061  2.53818679e-02  2.13249993e-01
5062  6.90548918e-03  2.14550694e-01
5063  -1.15872853e-02  2.15697262e-01
5064  -3.00854533e-02  2.16604415e-01
5065  -4.85978128e-02  2.17252528e-01
5066  -6.71173125e-02  2.17699176e-01
5067  -8.56366379e-02  2.17901531e-01
5068  -1.04156274e-01  2.17838878e-01
5069  -1.22678155e-01  2.17533520e-01
5070  -1.41189989e-01  2.17022790e-01
5071  -1.59692997e-01  2.16184647e-01
5072  -1.78199838e-01  2.15187643e-01
5073  -1.96694981e-01  2.14035562e-01
5074  -2.15166865e-01  2.12686842e-01
5075  -2.33619033e-01  2.11034916e-01
5076  -2.52071548e-01  2.09258868e-01
5077  -2.70500524e-01  2.07351596e-01
5078  -2.88897410e-01  2.05173737e-01
5079  -3.01081618e-01  2.03647863e-01
5080  -3.25640544e-01  2.00323600e-01
5081  -3.50495324e-01  1.96643625e-01
5082  -3.68648619e-01  1.93836076e-01
5083  -3.86784724e-01  1.90910481e-01
5084  -4.04907229e-01  1.87887817e-01
5085  -4.23014871e-01  1.84781358e-01
5086  -4.41107651e-01  1.81567881e-01
5087  -4.59194853e-01  1.78322846e-01
5088  -4.77256135e-01  1.74973630e-01
5089  -4.95291837e-01  1.71499720e-01
5090  -5.13308697e-01  1.67889556e-01
5091  -5.31328616e-01  1.64262208e-01
5092  -5.49336112e-01  1.60591043e-01
5093  -5.67333670e-01  1.56854822e-01
5094  -5.85325556e-01  1.53122419e-01
5095  -6.03281715e-01  1.49237227e-01
5096  -6.21242140e-01  1.45308152e-01
5097  -6.39200557e-01  1.41415674e-01
5098  -6.57122616e-01  1.37344159e-01
5099  -6.75074201e-01  1.33351148e-01
5100  -6.93011144e-01  1.29345651e-01
5101  -7.10924252e-01  1.25259783e-01
5102  -7.28829555e-01  1.21077937e-01
5103  -7.46761452e-01  1.17010129e-01
5104  -7.64661770e-01  1.12856925e-01
5105  -7.82554900e-01  1.08653996e-01
5106  -8.00439855e-01  1.04422355e-01
5107  -8.18314738e-01  1.00121980e-01
5108  -8.36206806e-01  9.58775316e-02
5109  -8.54085890e-01  9.16200169e-02
5110  -8.71942248e-01  8.72856090e-02
5111  -8.89783460e-01  8.28778191e-02
5112  -9.07625283e-01  7.84281808e-02
5113  -9.25487703e-01  7.40544710e-02
5114  -9.43335696e-01  6.96709210e-02
5115  -9.61164437e-01  6.52000772e-02
5116  -9.79005471e-01  6.07455683e-02
5117  -9.96850437e-01  5.63164141e-02
5118  -1.02137911e+00  5.02074808e-02
5119  -1.03946848e+00  4.56379028e-02
5120  -1.05754986e+00  4.10037990e-02
5121  -1.07564081e+00  3.64248161e-02
5122  -1.09369246e+00  3.17241982e-02
5123  -1.11173808e+00  2.69650269e-02
5124  -1.12978706e+00  2.22084565e-02
5125  -1.14782136e+00  1.74350020e-02
5126  -1.16581140e+00  1.25279845e-02
5127  -1.18329270e+00  7.67387234e-03
5128  -3.01090399e-01  1.86130675e-01
5129  -3.01100036e-01  1.66905078e-01
5130  -3.01109673e-01  1.47679481e-01
5131  -3.01119310e-01  1.28453883e-01
5132  -3.01128948e-01  1.09228286e-01
5133  -3.01138585e-01  9.00026892e-02
5134  -3.01148222e-01  7.07770922e-02
5135  -3.01157859e-01  5.15514952e-02
5136  -3.01167496e-01  3.23258982e-02
5137  -3.01177133e-01  1.31003011e-02
5138  -3.01186771e-01  -6.12529594e-03
5139  -3.01196408e-01  -2.53508928e-02
5140  -3.01206045e-01  -4.45764898e-02
5141  -3.01215682e-01  -6.38020868e-02
5142  -3.01225319e-01  -8.30276839e-02
5143  -3.01234957e-01  -1.02253281e-01
5144  1.79193806e-01  1.77100709e-01
5145  1.79180206e-01  1.57926948e-01
5146  1.79166605e-01  1.38753187e-01
5147  1.79153004e-01  1.19579426e-01
5148  1.79139404e-01  1.00405665e-01
5149  1.79125803e-01  8.12319031e-02
5150  1.79112202e-01  6.20581421e-02
5151  1.79098602e-01  4.28843809e-02
5152  1.79085001e-01  2.37106198e-02
5153  1.79071401e-01  4.53685859e-03
5154  1.79057800e-01  -1.46369028e-02
5155  1.79044199e-01  -3.38106637e-02
5156  1.79030599e-01  -5.29844249e-02
5157  1.79016998e-01  -7.21581863e-02
5158  1.79003397e-01  -9.13319472e-02
5159  1.78989797e-01  -1.10505708e-01
5160  1.78976196e-01  -1.29679469e-01
7393  -1.18804698e+00  1.77955809e-03
7394  -1.18494491e+00  2.23081684e-03
7395  -1.16693996e+00  4.60656462e-03
7396  -1.14890330e+00  6.74494424e-03
7397  -1.13084199e+00  8.63529964e-03
7398  -1.11275659e+00  1.03127758e-02
7399  -1.09464929e+00  1.17157339e-02
7400  -1.07652610e+00  1.29175575e-02
7401  -1.05837269e+00  1.38329723e-02
7402  -1.04020753e+00  1.44239980e-02
7403  -1.02202431e+00  1.47456787e-02
7404  -9.96782289e-01  2.35627722e-02
7405  -9.78247766e-01  2.30799340e-02
7406  -9.59754157e-01  2.23393844e-02
7407  -9.41237458e-01  2.13154995e-02
7408  -9.22753623e-01  1.99297286e-02
7409  -9.04328866e-01  1.82921905e-02
7410  -8.85914911e-01  1.64011042e-02
7411  -8.67535541e-01  1.42182582e-02
7412  -8.49208815e-01  1.17932533e-02
7413  -8.30893376e-01  9.13668755e-03
7414  -8.12609751e-01  6.17574077e-03
7415  -7.94440972e-01  2.95914418e-03
7416  -7.76309872e-01  -3.58381292e-04
7417  -7.58186450e-01  -3.89478529e-03
7418  -7.40128728e-01  -7.62184538e-03
7419  -7.22140505e-01  -1.14778979e-02
7420  -7.04165148e-01  -1.54151018e-02
7421  -6.86182762e-01  -1.95111455e-02
7422  -6.68276801e-01  -2.37934065e-02
7423  -6.50446635e-01  -2.81226641e-02
7424  -6.32630565e-01  -3.24708651e-02
7425  -6.14809270e-01  -3.68587731e-02
7426  -5.97008035e-01  -4.13060849e-02
7427  -5.79232348e-01  -4.57705519e-02
7428  -5.61473382e-01  -5.02355339e-02
7429  -5.43697813e-01  -5.46816919e-02
7430  -5.25930957e-01  -5.91636876e-02
7431  -5.08189172e-01  -6.36172295e-02
7432  -4.90465733e-01  -6.80141220e-02
7433  -4.72719236e-01  -7.23037511e-02
7434  -4.54936168e-01  -7.65412662e-02
7435  -4.37132503e-01  -8.07382626e-02
7436  -4.19372626e-01  -8.48949369e-02
7437  -4.01593419e-01  -8.88621703e-02
7438  -3.83757860e-01  -9.27455807e-02
7439  -3.65908963e-01  -9.65440755e-02
7440  -3.48051230e-01  -1.00234235e-01
7441  -3.18882684e-01  -8.16875072e-02
7442  -2.95968354e-01  -8.60900374e-02
7443  -2.83036407e-01  -8.84829727e-02
7444  -2.65159800e-01  -9.15395633e-02
7445  -2.47144975e-01  -9.44720724e-02
7446  -2.29126083e-01  -9.72489076e-02
7447  -2.11077521e-01  -9.98622581e-02
7448  -1.93041943e-01  -1.02323116e-01
7449  -1.74990059e-01  -1.04584756e-01
7450  -1.56867167e-01  -1.06695319e-01
7451  -1.38866336e-01  -1.08644611e-01
7452  -1.20784177e-01  -1.10303731e-01
7453  -1.02549543e-01  -1.11880694e-01
7454  -8.44250370e-02  -1.13294353e-01
7455  -6.62711663e-02  -1.14491660e-01
7456  -4.81409873e-02  -1.15547927e-01
7457  -3.00457055e-02  -1.16352726e-01
7458  -1.18446075e-02  -1.16975051e-01
7459  6.40408002e-03  -1.17446262e-01
7460  2.45352516e-02  -1.17770813e-01
7461  4.25514822e-02  -1.17823939e-01
7462  6.06419318e-02  -1.17617889e-01
7463  7.88179342e-02  -1.17214531e-01
7464  9.69467730e-02  -1.16639872e-01
7465  1.15042468e-01  -1.15827970e-01
7466  1.33093514e-01  -1.14822641e-01
7467  1.51082072e-01  -1.13549097e-01
7468  1.84248182e-01  -1.10670247e-01
7469  1.87123388e-01  -1.10307566e-01
7470  2.09508468e-01  -1.31892253e-01
7471  2.27186239e-01  -1.29679884e-01
7472  2.44855518e-01  -1.27242509e-01
7473  2.62469129e-01  -1.24595697e-01
7474  2.80017018e-01  -1.21663293e-01
7475  2.97547527e-01  -1.18459010e-01
7476  3.15025872e-01  -1.15049575e-01
7477  3.32391833e-01  -1.11350671e-01
7478  3.49693803e-01  -1.07304185e-01
7479  3.66942130e-01  -1.02993511e-01
7480  3.84077559e-01  -9.83762142e-02
7481  4.03694657e-01  -1.02001913e-01
7482  4.23015541e-01  -9.59203378e-02
7483  4.40058448e-01  -9.00503409e-02
7484  4.56937129e-01  -8.37500881e-02
7485  4.73577393e-01  -7.69439232e-02
7486  4.89863788e-01  -6.94331467e-02
7487  5.05686278e-01  -6.11071521e-02
7488  5.20862792e-01  -5.17399708e-02
7489  5.35217521e-01  -4.13034688e-02
7490  5.48126989e-01  -2.95840267e-02
7491  5.57831215e-01  -1.58178157e-02
7492  5.61699833e-01  1.77339871e-04
7493  5.59183025e-01  1.62570786e-02
7494  5.51848404e-01  3.11307635e-02
7495  5.41136109e-01  4.42944750e-02
7496  5.28461405e-01  5.60010450e-02
7497  5.14629325e-01  6.66344970e-02
7498  5.00171890e-01  7.65934812e-02
7499  4.85334833e-01  8.60015782e-02
7500  4.70064993e-01  9.47051467e-02
7501  4.54479355e-01  1.02904668e-01
7502  4.38624976e-01  1.10642455e-01
7503  4.22629303e-01  1.18078091e-01
7504  4.00107665e-01  1.17943877e-01
7505  3.83235373e-01  1.24660513e-01
7506  3.66212371e-01  1.31083912e-01
7507  3.49066877e-01  1.37179263e-01
7508  3.31796841e-01  1.42975935e-01
7509  3.14448676e-01  1.48488460e-01
7510  2.96960143e-01  1.53664171e-01
7511  2.79403652e-01  1.58656300e-01
7512  2.61768257e-01  1.63333021e-01
7513  2.44089618e-01  1.67798733e-01
7514  2.26319166e-01  1.71919782e-01
7515  2.08479344e-01  1.75861513e-01
7516  1.88364334e-01  1.79982364e-01
7517  1.84437681e-01  1.56481336e-01
7518  1.48134173e-01  1.63179406e-01
7519  1.30354059e-01  1.66072274e-01
7520  1.12473411e-01  1.68794220e-01
7521  9.45544837e-02  1.71245439e-01
7522  7.65689594e-02  1.73517171e-01
7523  5.86055610e-02  1.75553579e-01
7524  4.05974224e-02  1.77357631e-01
7525  2.26584859e-02  1.78943921e-01
7526  4.63227205e-03  1.80211854e-01
7527  -1.34949139e-02  1.81336174e-01
7528  -3.15303687e-02  1.82220762e-01
7529  -4.96147504e-02  1.82853557e-01
7530  -6.77201771e-02  1.83290457e-01
7531  -8.57664346e-02  1.83487776e-01
7532  -1.03814436e-01  1.83426576e-01
7533  -1.21919909e-01  1.83127874e-01
7534  -1.39936767e-01  1.82631616e-01
7535  -1.57988778e-01  1.81812870e-01
7536  -1.76204404e-01  1.80831542e-01
7537  -1.94372093e-01  1.79700047e-01
7538  -2.12379446e-01  1.78385913e-01
7539  -2.30436214e-01  1.76768415e-01
7540  -2.48651582e-01  1.75015223e-01
7541  -2.66706195e-01  1.73147408e-01
7542  -2.84697989e-01  1.71016918e-01
7543  -2.95840171e-01  1.69627216e-01
7544  -3.24159199e-01  1.89911448e-01
7545  -3.48921436e-01  1.86245059e-01
7546  -3.67007458e-01  1.83447916e-01
7547  -3.85082162e-01  1.80532206e-01
7548  -4.03152973e-01  1.77518156e-01
7549  -4.21206155e-01  1.74421057e-01
7550  -4.39259471e-01  1.71214548e-01
7551  -4.57307465e-01  1.67976588e-01
7552  -4.75302776e-01  1.64639625e-01
7553  -4.93264107e-01  1.61180049e-01
7554  -5.11237853e-01  1.57578451e-01
7555  -5.29240474e-01  1.53954592e-01
7556  -5.47216818e-01  1.50289787e-01
7557  -5.65196679e-01  1.46557222e-01
7558  -5.83145352e-01  1.42833881e-01
7559  -6.01045878e-01  1.38960636e-01
7560  -6.19004431e-01  1.35031969e-01
7561  -6.36921679e-01  1.31148542e-01
7562  -6.54815925e-01  1.27083240e-01
7563  -6.72786397e-01  1.23086001e-01
7564  -6.90695691e-01  1.19086705e-01
7565  -7.08558889e-01  1.15012229e-01
7566  -7.26470266e-01  1.10828984e-01
7567  -7.44409628e-01  1.06759460e-01
7568  -7.62270825e-01  1.02615310e-01
7569  -7.80141702e-01  9.84176023e-02
7570  -7.97999094e-01  9.41924975e-02
7571  -8.15870968e-01  8.98928412e-02
7572  -8.33774905e-01  8.56455646e-02
7573  -8.51627332e-01  8.13944225e-02
7574  -8.69440603e-01  7.70704702e-02
7575  -8.87249770e-01  7.26705813e-02
7576  -9.05102188e-01  6.82183188e-02
7577  -9.22982837e-01  6.38401214e-02
7578  -9.40802400e-01  5.94635853e-02
7579  -9.58611561e-01  5.49976208e-02
7580  -9.76464910e-01  5.05400386e-02
7581  -9.94312878e-01  4.61101375e-02
7582  -1.02100152e+00  4.87021145e-02
7583  -1.03908577e+00  4.41338299e-02
7584  -1.05716679e+00  3.94998158e-02
7585  -1.07525485e+00  3.49215729e-02
7586  -1.09329903e+00  3.02228947e-02
7587  -1.11134244e+00  2.54643029e-02
7588  -1.12939075e+00  2.07079100e-02
7589  -1.14741859e+00  1.59361750e-02
7590  -1.16539743e+00  1.10322137e-02
7591  -1.18258130e+00  6.29451753e-03
7592  -2.95831899e-01  1.86128039e-01
7593  -2.95841536e-01  1.66902442e-01
7594  -2.95851173e-01  1.47676845e-01
7595  -2.95860810e-01  1.28451247e-01
7596  -2.95870448e-01  1.09225650e-01
7597  -2.95880085e-01  9.00000534e-02
7598  -2.95889722e-01  7.07744564e-02
7599  -2.95899359e-01  5.15488594e-02
7600  -2.95908996e-01  3.23232624e-02
7601  -2.95918633e-01  1.30976650e-02
7602  -2.95928271e-01  -6.12793194e-03
7603  -2.95937908e-01  -2.53535286e-02
7604  -2.95947545e-01  -4.45791256e-02
7605  -2.95957182e-01  -6.38047226e-02
7606  -2.95966819e-01  -8.30303200e-02
7607  -2.95976457e-01  -1.02255917e-01
7608  1.84452305e-01  1.77096979e-01
7609  1.84438705e-01  1.57923218e-01
7610  1.84425104e-01  1.38749457e-01
7611  1.84411503e-01  1.19575696e-01
7612  1.84397903e-01  1.00401935e-01
7613  1.84384302e-01  8.12281730e-02
7614  1.84370701e-01  6.20544121e-02
7615  1.84357101e-01  4.28806509e-02
7616  1.84343500e-01  2.37068898e-02
7617  1.84329900e-01  4.53312859e-03
7618  1.84316299e-01  -1.46406329e-02
7619  1.84302698e-01  -3.38143937e-02
7620  1.84289098e-01  -5.29881549e-02
7621  1.84275497e-01  -7.21619164e-02
7622  1.84261896e-01  -9.13356772e-02
7623  1.84248296e-01  -1.10509438e-01
7624  1.84234695e-01  -1.29683199e-01
9857  -1.18092047e+00  4.89007073e-03
9858  -1.18522686e+00  4.26335415e-03
9859  -1.16719498e+00  6.64265656e-03
9860  -1.14913090e+00  8.78428299e-03
9861  -1.13104355e+00  1.06773760e-02
9862  -1.11293061e+00  1.23573836e-02
9863  -1.09479644e+00  1.37624510e-02
9864  -1.07664567e+00  1.49660708e-02
9865  -1.05845773e+00  1.58832095e-02
9866  -1.04025905e+00  1.64753511e-02
9867  -1.02203647e+00  1.67976427e-02
9868  -9.96749547e-01  2.56145109e-02
9869  -9.78179977e-01  2.51308140e-02
9870  -9.59656473e-01  2.43890580e-02
9871  -9.41104096e-01  2.33631612e-02
9872  -9.22586066e-01  2.19748761e-02
9873  -9.04133220e-01  2.03348423e-02
9874  -8.85689082e-01  1.84406398e-02
9875  -8.67279936e-01  1.62542763e-02
9876  -8.48926955e-01  1.38258031e-02
9877  -8.30582076e-01  1.11649372e-02
9878  -8.12266839e-01  8.19888584e-03
9879  -7.94077436e-01  4.97868517e-03
9880  -7.75928711e-01  1.65790741e-03
9881  -7.57782548e-01  -1.88292853e-03
9882  -7.39706271e-01  -5.61380304e-03
9883  -7.21705928e-01  -9.47244369e-03
9884  -7.03717762e-01  -1.34124661e-02
9885  -6.85716242e-01  -1.75128804e-02
9886  -6.67796064e-01  -2.17985139e-02
9887  -6.49961284e-01  -2.61288892e-02
9888  -6.32142007e-01  -3.04778736e-02
9889  -6.14315292e-01  -3.48671180e-02
9890  -5.96509426e-01  -3.93155841e-02
9891  -5.78732251e-01  -4.37804243e-02
9892  -5.60974249e-01  -4.82451645e-02
9893  -5.43197888e-01  -5.26915213e-02
9894  -5.25430196e-01  -5.71737270e-02
9895  -5.07692333e-01  -6.16262863e-02
9896  -4.89977627e-01  -6.60210198e-02
9897  -4.72240347e-01  -7.03084141e-02
9898  -4.54462927e-01  -7.45445823e-02
9899  -4.36663283e-01  -7.87406299e-02
9900  -4.18915362e-01  -8.28945337e-02
9901  -4.01151684e-01  -8.68582807e-02
9902  -3.83326014e-01  -9.07395366e-02
9903  -3.65487771e-01  -9.45357675e-02
9904  -3.47642792e-01  -9.82232947e-02
9905  -3.18487598e-01  -7.96739006e-02
9906  -2.94691428e-01  -8.42435277e-02
9907  -2.82675593e-01  -8.64629438e-02
9908  -2.64821995e-01  -8.95155594e-02
9909  -2.46823863e-01  -9.24453533e-02
9910  -2.28822783e-01  -9.52194464e-02
9911  -2.10791794e-01  -9.78302482e-02
9912  -1.92775688e-01  -1.00288463e-01
9913  -1.74743813e-01  -1.02547585e-01
9914  -1.56638071e-01  -1.04656148e-01
9915  -1.38662115e-01  -1.06602799e-01
9916  -1.20601979e-01  -1.08259836e-01
9917  -1.02381388e-01  -1.09835595e-01
9918  -8.42777273e-02  -1.11247648e-01
9919  -6.61439821e-02  -1.12443605e-01
9920  -4.80357361e-02  -1.13498628e-01
9921  -2.99650268e-02  -1.14302312e-01
9922  -1.17830516e-02  -1.14923975e-01
9923  6.44888741e-03  -1.15394751e-01
9924  2.45566033e-02  -1.15718924e-01
9925  4.25428496e-02  -1.15771957e-01
9926  6.06075126e-02  -1.15566177e-01
9927  7.87626496e-02  -1.15163275e-01
9928  9.68682704e-02  -1.14589374e-01
9929  1.14939412e-01  -1.13778559e-01
9930  1.32963985e-01  -1.12774733e-01
9931  1.50923587e-01  -1.11503226e-01
9932  1.85525725e-01  -1.08495059e-01
9933  1.86913746e-01  -1.08266303e-01
9934  2.09269201e-01  -1.29854250e-01
9935  2.26918629e-01  -1.27645409e-01
9936  2.44562833e-01  -1.25211490e-01
9937  2.62147535e-01  -1.22569054e-01
9938  2.79663432e-01  -1.19641986e-01
9939  2.97166599e-01  -1.16442677e-01
9940  3.14615657e-01  -1.13038996e-01
9941  3.31944427e-01  -1.09348040e-01
9942  3.49211380e-01  -1.05309700e-01
9943  3.66426384e-01  -1.01007382e-01
9944  3.83523792e-01  -9.64003484e-02
9945  4.03099776e-01  -1.00038034e-01
9946  4.22373311e-01  -9.39714291e-02
9947  4.39365476e-01  -8.81188924e-02
9948  4.56189795e-01  -8.18390162e-02
9949  4.72759061e-01  -7.50621589e-02
9950  4.88955953e-01  -6.75928918e-02
9951  5.04668937e-01  -5.93250965e-02
9952  5.19719573e-01  -5.00359302e-02
9953  5.33921637e-01  -3.97124354e-02
9954  5.46586894e-01  -2.82279984e-02
9955  5.55961026e-01  -1.49733643e-02
9956  5.59649750e-01  2.66009806e-04
9957  5.57202181e-01  1.56332381e-02
9958  5.50121858e-01  3.00218263e-02
9959  5.39639537e-01  4.28905601e-02
9960  5.27138194e-01  5.44326646e-02
9961  5.13421399e-01  6.49756969e-02
9962  4.99040205e-01  7.48817587e-02
9963  4.84277030e-01  8.42432387e-02
9964  4.69079052e-01  9.29055287e-02
9965  4.53551521e-01  1.01074415e-01
9966  4.37742436e-01  1.08789935e-01
9967  4.21793955e-01  1.16203819e-01
9968  3.99325342e-01  1.16046860e-01
9969  3.82493630e-01  1.22747264e-01
9970  3.65506440e-01  1.29157162e-01
9971  3.48396687e-01  1.35239791e-01
9972  3.31159640e-01  1.41025376e-01
9973  3.13846762e-01  1.46526725e-01
9974  2.96388351e-01  1.51693445e-01
9975  2.78860023e-01  1.56677621e-01
9976  2.61253981e-01  1.61346510e-01
9977  2.43606530e-01  1.65804409e-01
9978  2.25866007e-01  1.69918444e-01
9979  2.08052067e-01  1.73854490e-01
9980  1.87966202e-01  1.77969358e-01
9981  1.85712032e-01  1.54156265e-01
9982  1.47785295e-01  1.61157281e-01
9983  1.30034846e-01  1.64045255e-01
9984  1.12179938e-01  1.66763314e-01
9985  9.42868355e-02  1.69210969e-01
9986  7.63248278e-02  1.71479745e-01
9987  5.83877057e-02  1.73513176e-01
9988  4.04048121e-02  1.75314691e-01
9989  2.24960991e-02  1.76898357e-01
9990  4.49672717e-03  1.78164336e-01
9991  -1.36086598e-02  1.79287329e-01
9992  -3.16165245e-02  1.80170572e-01
9993  -4.96753873e-02  1.80802453e-01
9994  -6.77561240e-02  1.81238771e-01
9995  -8.57741740e-02  1.81435791e-01
9996  -1.03794053e-01  1.81374677e-01
9997  -1.21874698e-01  1.81076372e-01
9998  -1.39862042e-01  1.80580977e-01
9999  -1.57887161e-01  1.79763388e-01
10000  -1.76085422e-01  1.78782994e-01
10001  -1.94233586e-01  1.77652727e-01
10002  -2.12213240e-01  1.76340656e-01
10003  -2.30246433e-01  1.74725210e-01
10004  -2.48447660e-01  1.72973381e-01
10005  -2.66479951e-01  1.71107918e-01
10006  -2.84447590e-01  1.68980253e-01
10007  -2.94565124e-01  1.67725724e-01
10008  -3.23870170e-01  1.87879905e-01
10009  -3.48614350e-01  1.84216167e-01
10010  -3.66687247e-01  1.81421054e-01
10011  -3.84749971e-01  1.78507274e-01
10012  -4.02810695e-01  1.75494904e-01
10013  -4.20853252e-01  1.72399631e-01
10014  -4.38898868e-01  1.69194481e-01
10015  -4.56939212e-01  1.65957902e-01
10016  -4.74921651e-01  1.62623329e-01
10017  -4.92868471e-01  1.59166551e-01
10018  -5.10833805e-01  1.55566624e-01
10019  -5.28833052e-01  1.51943445e-01
10020  -5.46803317e-01  1.48279881e-01
10021  -5.64779725e-01  1.44548030e-01
10022  -5.82719967e-01  1.40826457e-01
10023  -6.00609638e-01  1.36955543e-01
10024  -6.18567825e-01  1.33026955e-01
10025  -6.36477040e-01  1.29145294e-01
10026  -6.54365861e-01  1.25081204e-01
10027  -6.72340017e-01  1.21083141e-01
10028  -6.90243917e-01  1.17085055e-01
10029  -7.08097377e-01  1.13012802e-01
10030  -7.26009939e-01  1.08829283e-01
10031  -7.43950757e-01  1.04759424e-01
10032  -7.61804322e-01  1.00617041e-01
10033  -7.79670856e-01  9.64203521e-02
10034  -7.97522871e-01  9.21965228e-02
10035  -8.15394157e-01  8.78970066e-02
10036  -8.33300411e-01  8.36491781e-02
10037  -8.51147636e-01  7.93992794e-02
10038  -8.68952500e-01  7.50773672e-02
10039  -8.86755415e-01  7.06790198e-02
10040  -9.04609900e-01  6.62262454e-02
10041  -9.22494106e-01  6.18471723e-02
10042  -9.40308122e-01  5.74720047e-02
10043  -9.58113463e-01  5.30069923e-02
10044  -9.75969214e-01  4.85488104e-02
10045  -9.93817768e-01  4.41187636e-02
10046  -1.02050228e+00  4.67117720e-02
10047  -1.03857976e+00  4.21451974e-02
10048  -1.05666032e+00  3.75113019e-02
10049  -1.07474455e+00  3.29340374e-02
10050  -1.09277884e+00  2.82379239e-02
10051  -1.11081933e+00  2.34800983e-02
10052  -1.12886676e+00  1.87239400e-02
10053  -1.14688607e+00  1.39544784e-02
10054  -1.16485009e+00  9.05455800e-03
10055  -1.18164072e+00  4.47078294e-03
10056  -2.94555900e-01  1.86127399e-01
10057  -2.94565537e-01  1.66901802e-01
10058  -2.94575174e-01  1.47676205e-01
10059  -2.94584811e-01  1.28450608e-01
10060  -2.94594449e-01  1.09225011e-01
10061  -2.94604086e-01  8.99994137e-02
10062  -2.94613723e-01  7.07738167e-02
10063  -2.94623360e-01  5.15482197e-02
10064  -2.94632997e-01  3.23226227e-02
10065  -2.94642634e-01  1.30970254e-02
10066  -2.94652272e-01  -6.12857158e-03
10067  -2.94661909e-01  -2.53541683e-02
10068  -2.94671546e-01  -4.45797653e-02
10069  -2.94681183e-01  -6.38053623e-02
10070  -2.94690820e-01  -8.30309596e-02
10071  -2.94700458e-01  -1.02256556e-01
10072  1.85728305e-01  1.77096074e-01
10073  1.85714705e-01  1.57922313e-01
10074  1.85701104e-01  1.38748551e-01
10075  1.85687503e-01  1.19574791e-01
10076  1.85673903e-01  1.00401030e-01
10077  1.85660302e-01  8.12272678e-02
10078  1.85646701e-01  6.20535070e-02
10079  1.85633101e-01  4.28797458e-02
10080  1.85619500e-01  2.37059847e-02
10081  1.85605900e-01  4.53222348e-03
10082  1.85592299e-01  -1.46415381e-02
10083  1.85578698e-01  -3.38152988e-02
10084  1.85565098e-01  -5.29890600e-02
10085  1.85551497e-01  -7.21628216e-02
10086  1.85537896e-01  -9.13365823e-02
10087  1.85524296e-01  -1.10510343e-01
10088  1.85510695e-01  -1.29684105e-01
