%------------------------------%
%     AIRFOIL  6  DATASET      %
%------------------------------%

%  					
%  Synthesized data for airfoil DU 00-W-401 based on wind tunnel measurements and RFOIL-calculations					
%  Note that the airfoil tested has a trailing edge thickness of 1.5 % instead of the original 1 %					
%			
%  Extended
%  Writing from here with Matlab. 26-Nov-2008 14:27:02.

% Airfoil NAME

     40            0             0                 0

% Percentage    Reyolds    Chordwise origin    Aileron deployment
% Thickness     Number     for pitch moments   angle

    40           3e+6            25                0

% Angle of   Lift            Drag              Pitch moment
% Attack     Coefficient     coefficient       coefficient
% (deg)


-1.80000e+002   +0.00000e+000   +6.02000e-002   +0.00000e+000
-1.70000e+002   +3.97000e-001   +1.10700e-001   +1.69700e-001
-1.60000e+002   +6.42000e-001   +3.04500e-001   +2.81300e-001
-1.50000e+002   +7.57000e-001   +5.35500e-001   +3.51600e-001
-1.40000e+002   +7.62000e-001   +7.68500e-001   +3.92600e-001
-1.30000e+002   +6.80000e-001   +9.78800e-001   +4.12600e-001
-1.20000e+002   +5.32000e-001   +1.14990e+000   +4.17600e-001
-1.10000e+002   +3.37000e-001   +1.27160e+000   +4.11700e-001
-1.00000e+002   +1.14000e-001   +1.33780e+000   +3.97900e-001
-9.00000e+001   -1.20000e-001   +1.34600e+000   +3.78100e-001
-8.00000e+001   -3.49000e-001   +1.29640e+000   +3.53400e-001
-7.00000e+001   -5.57000e-001   +1.19180e+000   +3.24400e-001
-6.00000e+001   -7.27000e-001   +1.03760e+000   +2.91400e-001
-5.00000e+001   -8.42000e-001   +8.42900e-001   +2.54300e-001
-4.90000e+001   -8.49924e-001   +8.21692e-001   +2.50376e-001
-4.80000e+001   -8.57093e-001   +8.00234e-001   +2.46406e-001
-4.70000e+001   -8.63499e-001   +7.78539e-001   +2.42388e-001
-4.60000e+001   -8.69137e-001   +7.56623e-001   +2.38319e-001
-4.50000e+001   -8.74000e-001   +7.34500e-001   +2.34200e-001
-4.40000e+001   -8.78079e-001   +7.12187e-001   +2.30029e-001
-4.30000e+001   -8.81348e-001   +6.89706e-001   +2.25809e-001
-4.20000e+001   -8.83777e-001   +6.67081e-001   +2.21545e-001
-4.10000e+001   -8.85338e-001   +6.44338e-001   +2.17241e-001
-4.00000e+001   -8.86000e-001   +6.21500e-001   +2.12900e-001
-3.90000e+001   -8.85736e-001   +5.98591e-001   +2.08526e-001
-3.80000e+001   -8.84524e-001   +5.75635e-001   +2.04114e-001
-3.70000e+001   -8.82344e-001   +5.52652e-001   +1.99659e-001
-3.60000e+001   -8.79176e-001   +5.29667e-001   +1.95157e-001
-3.50000e+001   -8.75000e-001   +5.06700e-001   +1.90600e-001
-3.40000e+001   -8.69802e-001   +4.83777e-001   +1.85986e-001
-3.30000e+001   -8.63589e-001   +4.60931e-001   +1.81315e-001
-3.20000e+001   -8.56375e-001   +4.38196e-001   +1.76592e-001
-3.10000e+001   -8.48174e-001   +4.15607e-001   +1.71819e-001
-3.00000e+001   -8.39000e-001   +3.93200e-001   +1.67000e-001
-2.90000e+001   -8.28850e-001   +3.71008e-001   +1.62136e-001
-2.80000e+001   -8.17658e-001   +3.49057e-001   +1.57227e-001
-2.70000e+001   -8.05340e-001   +3.27372e-001   +1.52269e-001
-2.60000e+001   -7.91815e-001   +3.05978e-001   +1.47261e-001
-2.50000e+001   -7.77000e-001   +2.84900e-001   +1.42200e-001
-2.40000e+001   -7.61000e-001   +2.64200e-001   +1.37100e-001
-2.30000e+001   -7.44000e-001   +2.44000e-001   +1.32000e-001
-2.20000e+001   -7.25000e-001   +2.24200e-001   +1.26800e-001
-2.10000e+001   -7.06000e-001   +2.04900e-001   +1.21500e-001
-2.00000e+001   -6.85000e-001   +1.86100e-001   +1.16200e-001
-1.90000e+001   -6.62000e-001   +1.68700e-001   +1.09700e-001
-1.80000e+001   -6.35000e-001   +1.53300e-001   +1.01200e-001
-1.70000e+001   -6.05000e-001   +1.39800e-001   +9.07000e-002
-1.60000e+001   -5.71000e-001   +1.28100e-001   +7.84000e-002
-1.50000e+001   -5.34000e-001   +1.18300e-001   +6.46000e-002
-1.40000e+001   -4.94000e-001   +1.10100e-001   +4.94000e-002
-1.30000e+001   -4.52000e-001   +1.03600e-001   +3.30000e-002
-1.20000e+001   -4.07000e-001   +9.86000e-002   +1.56000e-002
-1.10000e+001   -3.60000e-001   +9.51000e-002   -2.60000e-003
-1.00000e+001   -3.11000e-001   +9.31000e-002   -2.13000e-002
-9.00000e+000   -2.59869e-001   +9.43083e-002   -4.47023e-002
-8.00000e+000   -2.08000e-001   +9.30000e-002   -6.00000e-002
-7.00000e+000   -1.57400e-001   +8.35128e-002   -5.63131e-002
-6.00000e+000   -1.11000e-001   +6.89000e-002   -5.00000e-002
-5.00000e+000   -7.20000e-002   +5.47000e-002   -5.32000e-002
-4.00000e+000   -5.40000e-002   +4.11000e-002   -5.44000e-002
-3.50000e+000   -1.70000e-002   +3.49000e-002   -5.54000e-002
-3.00000e+000   +3.00000e-003   +2.99000e-002   -5.58000e-002
-2.50000e+000   +1.40000e-002   +2.55000e-002   -5.55000e-002
-2.00000e+000   +9.00000e-003   +1.98000e-002   -5.34000e-002
-1.50000e+000   +4.00000e-003   +1.64000e-002   -4.42000e-002
-1.00000e+000   +3.60000e-002   +1.47000e-002   -4.69000e-002
-5.00000e-001   +7.30000e-002   +1.37000e-002   -5.22000e-002
+0.00000e+000   +1.37000e-001   +1.13000e-002   -5.73000e-002
+5.00000e-001   +2.13000e-001   +1.14000e-002   -6.44000e-002
+1.00000e+000   +2.92000e-001   +1.18000e-002   -7.18000e-002
+1.50000e+000   +3.69000e-001   +1.22000e-002   -7.83000e-002
+2.00000e+000   +4.44000e-001   +1.24000e-002   -8.35000e-002
+2.50000e+000   +5.14000e-001   +1.24000e-002   -8.66000e-002
+3.00000e+000   +5.80000e-001   +1.23000e-002   -8.87000e-002
+3.50000e+000   +6.45000e-001   +1.20000e-002   -9.00000e-002
+4.00000e+000   +7.10000e-001   +1.19000e-002   -9.14000e-002
+5.00000e+000   +8.41000e-001   +1.25000e-002   -9.47000e-002
+6.00000e+000   +9.67000e-001   +1.35000e-002   -9.67000e-002
+7.00000e+000   +1.08400e+000   +1.58000e-002   -9.72000e-002
+8.00000e+000   +1.19300e+000   +1.98000e-002   -9.68000e-002
+9.00000e+000   +1.28700e+000   +2.75000e-002   -9.48000e-002
+1.00000e+001   +1.36800e+000   +3.93000e-002   -9.26000e-002
+1.10000e+001   +1.42500e+000   +5.80000e-002   -8.90000e-002
+1.20000e+001   +1.47300e+000   +8.16000e-002   -8.70000e-002
+1.30000e+001   +1.51300e+000   +1.12900e-001   -8.76000e-002
+1.40000e+001   +1.56191e+000   +1.46311e-001   -8.99552e-002
+1.50000e+001   +1.61400e+000   +1.84500e-001   -9.39000e-002
+1.60000e+001   +1.64900e+000   +2.25000e-001   -9.96000e-002
+1.70000e+001   +1.68100e+000   +2.68400e-001   -1.06900e-001
+1.80000e+001   +1.71900e+000   +3.12100e-001   -1.15700e-001
+1.90000e+001   +1.75100e+000   +3.55400e-001   -1.24200e-001
+2.00000e+001   +1.78326e+000   +4.00313e-001   -1.34105e-001
+2.10000e+001   +1.81000e+000   +4.41500e-001   -1.41600e-001
+2.20000e+001   +1.83000e+000   +4.83000e-001   -1.47900e-001
+2.30000e+001   +1.84700e+000   +5.25700e-001   -1.54200e-001
+2.40000e+001   +1.86100e+000   +5.69400e-001   -1.60300e-001
+2.50000e+001   +1.87200e+000   +6.14100e-001   -1.66400e-001
+2.60000e+001   +1.88100e+000   +6.59300e-001   -1.72400e-001
+2.70000e+001   +1.88818e+000   +7.05085e-001   -1.78298e-001
+2.80000e+001   +1.89400e+000   +7.51300e-001   -1.84100e-001
+2.90000e+001   +1.89907e+000   +7.97695e-001   -1.89801e-001
+3.00000e+001   +1.90400e+000   +8.44100e-001   -1.95400e-001
+3.10000e+001   +1.90930e+000   +8.90374e-001   -2.00898e-001
+3.20000e+001   +1.91500e+000   +9.36400e-001   -2.06300e-001
+3.30000e+001   +1.92085e+000   +9.82081e-001   -2.11613e-001
+3.40000e+001   +1.92590e+000   +1.02736e+000   -2.16843e-001
+3.50000e+001   +1.92900e+000   +1.07220e+000   -2.22000e-001
+3.60000e+001   +1.92924e+000   +1.11655e+000   -2.27089e-001
+3.70000e+001   +1.92657e+000   +1.16032e+000   -2.32113e-001
+3.80000e+001   +1.92119e+000   +1.20342e+000   -2.37072e-001
+3.90000e+001   +1.91327e+000   +1.24578e+000   -2.41967e-001
+4.00000e+001   +1.90300e+000   +1.28730e+000   -2.46800e-001
+4.10000e+001   +1.89053e+000   +1.32789e+000   -2.51572e-001
+4.20000e+001   +1.87595e+000   +1.36749e+000   -2.56285e-001
+4.30000e+001   +1.85930e+000   +1.40602e+000   -2.60942e-001
+4.40000e+001   +1.84063e+000   +1.44341e+000   -2.65546e-001
+4.50000e+001   +1.82000e+000   +1.47960e+000   -2.70100e-001
+4.60000e+001   +1.79747e+000   +1.51451e+000   -2.74606e-001
+4.70000e+001   +1.77311e+000   +1.54808e+000   -2.79062e-001
+4.80000e+001   +1.74702e+000   +1.58025e+000   -2.83465e-001
+4.90000e+001   +1.71929e+000   +1.61094e+000   -2.87812e-001
+5.00000e+001   +1.69000e+000   +1.64010e+000   -2.92100e-001
+6.00000e+001   +1.32300e+000   +1.83600e+000   -3.32100e-001
+7.00000e+001   +8.80000e-001   +1.83470e+000   -3.67200e-001
+8.00000e+001   +4.49000e-001   +1.63340e+000   -3.97700e-001
+9.00000e+001   +1.24000e-001   +1.38790e+000   -4.23400e-001
+1.00000e+002   -1.18000e-001   +1.37950e+000   -4.43700e-001
+1.10000e+002   -3.48000e-001   +1.31140e+000   -4.57300e-001
+1.20000e+002   -5.49000e-001   +1.18640e+000   -4.62300e-001
+1.30000e+002   -7.02000e-001   +1.01020e+000   -4.55400e-001
+1.40000e+002   -7.87000e-001   +7.93500e-001   -4.32300e-001
+1.50000e+002   -7.82000e-001   +5.53200e-001   -3.86300e-001
+1.60000e+002   -6.64000e-001   +3.14700e-001   -3.08500e-001
+1.70000e+002   -4.10000e-001   +1.14400e-001   -1.85800e-001
+1.80000e+002   +2.77556e-017   +6.02000e-002   +0.00000e+000
