1  -1.16610000e+00  -3.58789700e-03
2  -1.14867936e+00  -1.74093330e-03
3  -1.13123139e+00  -1.82643486e-04
4  -1.11376054e+00  1.10429048e-03
5  -1.09627271e+00  2.13280566e-03
6  -1.07877307e+00  2.93842163e-03
7  -1.06126338e+00  3.48298334e-03
8  -1.04374886e+00  3.84158701e-03
9  -1.02623123e+00  3.94687051e-03
10  -1.00871379e+00  3.78587046e-03
11  -9.91200000e-01  3.40298521e-03
12  -9.67261171e-01  2.42686423e-03
13  -9.49761940e-01  1.43175065e-03
14  -9.32274673e-01  2.42227060e-04
15  -9.14802709e-01  -1.15087055e-03
16  -8.97353173e-01  -2.80153691e-03
17  -8.79922118e-01  -4.63882830e-03
18  -8.62510391e-01  -6.65006705e-03
19  -8.45123282e-01  -8.86434901e-03
20  -8.27759303e-01  -1.12543099e-02
21  -8.10415580e-01  -1.37869153e-02
22  -7.93105647e-01  -1.65415728e-02
23  -7.75826719e-01  -1.94841910e-02
24  -7.58560389e-01  -2.25000251e-02
25  -7.41316515e-01  -2.56409361e-02
26  -7.24096965e-01  -2.89128696e-02
27  -7.06897750e-01  -3.22905827e-02
28  -6.89709435e-01  -3.57233822e-02
29  -6.72539105e-01  -3.92449739e-02
30  -6.55391100e-01  -4.28731922e-02
31  -6.38257126e-01  -4.65676743e-02
32  -6.21123947e-01  -5.02658416e-02
33  -6.03993613e-01  -5.39771652e-02
34  -5.86868601e-01  -5.77129389e-02
35  -5.69746258e-01  -6.14609545e-02
36  -5.52622703e-01  -6.52034265e-02
37  -5.35492353e-01  -6.89146674e-02
38  -5.18362704e-01  -7.26291477e-02
39  -5.01232181e-01  -7.63395346e-02
40  -4.84087247e-01  -7.99828177e-02
41  -4.66926181e-01  -8.35491992e-02
42  -4.49753506e-01  -8.70592221e-02
43  -4.32569226e-01  -9.05121610e-02
44  -4.15375143e-01  -9.39159382e-02
45  -3.98160906e-01  -9.72151918e-02
46  -3.80926907e-01  -1.00410666e-01
47  -3.63674988e-01  -1.03508000e-01
48  -3.46407943e-01  -1.06519597e-01
49  -3.22700000e-01  -1.10509745e-01
50  -3.05512822e-01  -1.13299207e-01
51  -2.88311315e-01  -1.15999193e-01
52  -2.71077975e-01  -1.18486574e-01
53  -2.53828679e-01  -1.20861173e-01
54  -2.36565356e-01  -1.23132588e-01
55  -2.19276358e-01  -1.25199160e-01
56  -2.01976354e-01  -1.27170832e-01
57  -1.84664943e-01  -1.29039068e-01
58  -1.67333714e-01  -1.30715495e-01
59  -1.49989159e-01  -1.32246400e-01
60  -1.32632801e-01  -1.33634085e-01
61  -1.15264162e-01  -1.34863761e-01
62  -9.78875615e-02  -1.35975240e-01
63  -8.05009842e-02  -1.36912428e-01
64  -6.31076921e-02  -1.37720130e-01
65  -4.57096365e-02  -1.38418516e-01
66  -2.83038487e-02  -1.38886451e-01
67  -1.08950389e-02  -1.39215982e-01
68  6.51562596e-03  -1.39432038e-01
69  2.39274159e-02  -1.39530819e-01
70  4.13390661e-02  -1.39410210e-01
71  5.87476542e-02  -1.39075588e-01
72  7.61528818e-02  -1.38591432e-01
73  9.35535850e-02  -1.37966289e-01
74  1.10946190e-01  -1.37142370e-01
75  1.28330680e-01  -1.36162583e-01
76  1.45701593e-01  -1.34969943e-01
77  1.63058183e-01  -1.33583955e-01
78  1.80400000e-01  -1.32022866e-01
79  2.00156071e-01  -1.30011212e-01
80  2.17680985e-01  -1.27987310e-01
81  2.35180821e-01  -1.25755620e-01
82  2.52655674e-01  -1.23336597e-01
83  2.70091782e-01  -1.20651818e-01
84  2.87488068e-01  -1.17719817e-01
85  3.04850553e-01  -1.14594096e-01
86  3.22162388e-01  -1.11199168e-01
87  3.39408991e-01  -1.07487211e-01
88  3.56599441e-01  -1.03523973e-01
89  3.73718407e-01  -9.92633410e-02
90  3.90753443e-01  -9.46789888e-02
91  4.09900000e-01  -8.90975494e-02
92  4.26129862e-01  -8.38983919e-02
93  4.42229803e-01  -7.83111373e-02
94  4.58165455e-01  -7.22715929e-02
95  4.73840094e-01  -6.55843816e-02
96  4.89196245e-01  -5.82005834e-02
97  5.04039731e-01  -4.98301280e-02
98  5.18239079e-01  -4.04140595e-02
99  5.31350716e-01  -2.95532460e-02
100  5.41898681e-01  -1.62519451e-02
101  5.46500000e-01  0.00000000e+00
102  5.42846061e-01  1.81016721e-02
103  5.33301136e-01  3.39442311e-02
104  5.20663038e-01  4.74998941e-02
105  5.06442402e-01  5.94024500e-02
106  4.91372162e-01  7.02186662e-02
107  4.75782617e-01  8.02745029e-02
108  4.59781975e-01  8.96610335e-02
109  4.43399003e-01  9.83659512e-02
110  4.26738720e-01  1.06528354e-01
111  4.09900000e-01  1.14317763e-01
112  3.91014423e-01  1.22313381e-01
113  3.74176211e-01  1.28966745e-01
114  3.57215914e-01  1.35302323e-01
115  3.40134933e-01  1.41305221e-01
116  3.22947141e-01  1.46995582e-01
117  3.05666598e-01  1.52398201e-01
118  2.88283873e-01  1.57462195e-01
119  2.70842271e-01  1.62320176e-01
120  2.53315718e-01  1.66861539e-01
121  2.35733393e-01  1.71182135e-01
122  2.18069235e-01  1.75152967e-01
123  2.00367567e-01  1.78955527e-01
124  1.80400000e-01  1.82880993e-01
125  1.62640647e-01  1.86163571e-01
126  1.44842829e-01  1.89226129e-01
127  1.26998755e-01  1.92010136e-01
128  1.09125125e-01  1.94598222e-01
129  9.12174147e-02  1.96940094e-01
130  7.32837996e-02  1.99073881e-01
131  5.53228691e-02  2.00960859e-01
132  3.73401833e-02  2.02628025e-01
133  1.93386064e-02  2.04077981e-01
134  1.31805531e-03  2.05274235e-01
135  -1.67143439e-02  2.06276199e-01
136  -3.47586155e-02  2.07020140e-01
137  -5.28105972e-02  2.07555485e-01
138  -7.08671898e-02  2.07911079e-01
139  -8.89270663e-02  2.08020807e-01
140  -1.06985372e-01  2.07787653e-01
141  -1.25038863e-01  2.07316670e-01
142  -1.43085177e-01  2.06618892e-01
143  -1.61118669e-01  2.05636819e-01
144  -1.79139370e-01  2.04445049e-01
145  -1.97147760e-01  2.03083295e-01
146  -2.15141701e-01  2.01540971e-01
147  -2.33113055e-01  1.99751629e-01
148  -2.51070397e-01  1.97827494e-01
149  -2.69009902e-01  1.95746660e-01
150  -2.86928632e-01  1.93490994e-01
151  -3.04826655e-01  1.91076053e-01
152  -3.22700000e-01  1.88486242e-01
153  -3.47035732e-01  1.84769294e-01
154  -3.64930315e-01  1.81922907e-01
155  -3.82809726e-01  1.78982419e-01
156  -4.00672303e-01  1.75941302e-01
157  -4.18519731e-01  1.72812893e-01
158  -4.36356705e-01  1.69625050e-01
159  -4.54185575e-01  1.66392167e-01
160  -4.71989508e-01  1.63024949e-01
161  -4.89775271e-01  1.59563102e-01
162  -5.07548745e-01  1.56038334e-01
163  -5.25317635e-01  1.52490524e-01
164  -5.43072025e-01  1.48870959e-01
165  -5.60822751e-01  1.45233354e-01
166  -5.78563709e-01  1.41549027e-01
167  -5.96278134e-01  1.37738576e-01
168  -6.14000752e-01  1.33966431e-01
169  -6.31703465e-01  1.30102412e-01
170  -6.49400245e-01  1.26210993e-01
171  -6.67105974e-01  1.22360399e-01
172  -6.84796289e-01  1.18439555e-01
173  -7.02468663e-01  1.14438732e-01
174  -7.20150272e-01  1.10479031e-01
175  -7.37830442e-01  1.06512917e-01
176  -7.55494901e-01  1.02477161e-01
177  -7.73157967e-01  9.84353335e-02
178  -7.90803078e-01  9.43158070e-02
179  -8.08458517e-01  9.02407907e-02
180  -8.26112723e-01  8.61604210e-02
181  -8.43755939e-01  8.20328766e-02
182  -8.61385804e-01  7.78486529e-02
183  -8.79007446e-01  7.36298707e-02
184  -8.96639150e-01  6.94537111e-02
185  -9.14274948e-01  6.52947871e-02
186  -9.31894108e-01  6.10656535e-02
187  -9.49516209e-01  5.68488356e-02
188  -9.67144539e-01  5.26580821e-02
189  -9.91200000e-01  4.69328042e-02
190  -1.00872172e+00  4.27253264e-02
191  -1.02623406e+00  3.84788757e-02
192  -1.04375831e+00  3.42818458e-02
193  -1.06126372e+00  3.00069130e-02
194  -1.07876214e+00  2.57034053e-02
195  -1.09626424e+00  2.14149135e-02
196  -1.11376702e+00  1.71292578e-02
197  -1.13125051e+00  1.27655182e-02
198  -1.14871574e+00  8.33155357e-03
199  -3.04867018e-01  1.73171626e-01
200  -3.04907381e-01  1.55267199e-01
201  -3.04947744e-01  1.37362772e-01
202  -3.04988106e-01  1.19458345e-01
203  -3.05028469e-01  1.01553918e-01
204  -3.05068832e-01  8.36494905e-02
205  -3.05109194e-01  6.57450634e-02
206  -3.05149557e-01  4.78406364e-02
207  -3.05189920e-01  2.99362093e-02
208  -3.05230283e-01  1.20317822e-02
209  -3.05270645e-01  -5.87264489e-03
210  -3.05311008e-01  -2.37770720e-02
211  -3.05351371e-01  -4.16814990e-02
212  -3.05391733e-01  -5.95859261e-02
213  -3.05432096e-01  -7.74903532e-02
214  -3.05472459e-01  -9.53947803e-02
215  1.62663844e-01  1.68399820e-01
216  1.62687040e-01  1.50636068e-01
217  1.62710237e-01  1.32872317e-01
218  1.62733433e-01  1.15108565e-01
219  1.62756630e-01  9.73448140e-02
220  1.62779826e-01  7.95810626e-02
221  1.62803022e-01  6.18173111e-02
222  1.62826219e-01  4.40535597e-02
223  1.62849415e-01  2.62898083e-02
224  1.62872612e-01  8.52605682e-03
225  1.62895808e-01  -9.23769462e-03
226  1.62919005e-01  -2.70014461e-02
227  1.62942201e-01  -4.47651975e-02
228  1.62965397e-01  -6.25289489e-02
229  1.62988594e-01  -8.02927004e-02
230  1.63011790e-01  -9.80564518e-02
231  1.63034987e-01  -1.15820203e-01
2463  -1.16418662e+00  -2.88223499e-03
2464  -1.14872796e+00  -1.24330072e-03
2465  -1.13127200e+00  3.15704934e-04
2466  -1.11379358e+00  1.60319734e-03
2467  -1.09629889e+00  2.63212004e-03
2468  -1.07879234e+00  3.43805021e-03
2469  -1.06127627e+00  3.98281718e-03
2470  -1.04375548e+00  4.34154318e-03
2471  -1.02623043e+00  4.44686988e-03
2472  -1.00870603e+00  4.28581021e-03
2473  -9.91184350e-01  3.90274022e-03
2474  -9.67236791e-01  2.92626950e-03
2475  -9.49730780e-01  1.93077873e-03
2476  -9.32237836e-01  7.40868230e-04
2477  -9.14759294e-01  -6.52759021e-04
2478  -8.97303423e-01  -2.30401817e-03
2479  -8.79867225e-01  -4.14185070e-03
2480  -8.62450120e-01  -6.15371291e-03
2481  -8.45057610e-01  -8.36868060e-03
2482  -8.27689091e-01  -1.07592642e-02
2483  -8.10340166e-01  -1.32926354e-02
2484  -7.93024385e-01  -1.60482205e-02
2485  -7.75741733e-01  -1.89914666e-02
2486  -7.58472574e-01  -2.20077970e-02
2487  -7.41225047e-01  -2.51493738e-02
2488  -7.24002120e-01  -2.84219476e-02
2489  -7.06800611e-01  -3.18001095e-02
2490  -6.89610244e-01  -3.52333199e-02
2491  -6.72437126e-01  -3.87554841e-02
2492  -6.55286655e-01  -4.23842226e-02
2493  -6.38151684e-01  -4.60789188e-02
2494  -6.21018265e-01  -4.97771379e-02
2495  -6.03887394e-01  -5.34885779e-02
2496  -5.86761859e-01  -5.72244656e-02
2497  -5.69639420e-01  -6.09725021e-02
2498  -5.52516390e-01  -6.47148597e-02
2499  -5.35386439e-01  -6.84260139e-02
2500  -5.18256802e-01  -7.21404915e-02
2501  -5.01127295e-01  -7.58506595e-02
2502  -4.83984415e-01  -7.94935065e-02
2503  -4.66825249e-01  -8.30594924e-02
2504  -4.49654192e-01  -8.65691845e-02
2505  -4.32471428e-01  -9.00218187e-02
2506  -4.15279536e-01  -9.34251640e-02
2507  -3.98068270e-01  -9.67238481e-02
2508  -3.80837152e-01  -9.99187880e-02
2509  -3.63587855e-01  -1.03015651e-01
2510  -3.46323495e-01  -1.06026780e-01
2511  -3.22618456e-01  -1.10016439e-01
2512  -3.04409075e-01  -1.12969067e-01
2513  -2.88236834e-01  -1.15504772e-01
2514  -2.71008167e-01  -1.17991471e-01
2515  -2.53761972e-01  -1.20365643e-01
2516  -2.36503071e-01  -1.22636483e-01
2517  -2.19218377e-01  -1.24702533e-01
2518  -2.01921221e-01  -1.26673881e-01
2519  -1.84614048e-01  -1.28541665e-01
2520  -1.67287663e-01  -1.30217620e-01
2521  -1.49947253e-01  -1.31748159e-01
2522  -1.32595221e-01  -1.33135499e-01
2523  -1.15230548e-01  -1.34364892e-01
2524  -9.78581465e-02  -1.35476106e-01
2525  -8.04759309e-02  -1.36413056e-01
2526  -6.30860678e-02  -1.37220598e-01
2527  -4.56928903e-02  -1.37918797e-01
2528  -2.82923987e-02  -1.38386582e-01
2529  -1.08872053e-02  -1.38716043e-01
2530  6.52014638e-03  -1.38932058e-01
2531  2.39271025e-02  -1.39030819e-01
2532  4.13325298e-02  -1.38910253e-01
2533  5.87358981e-02  -1.38575726e-01
2534  7.61369544e-02  -1.38091686e-01
2535  9.35327792e-02  -1.37466722e-01
2536  1.10920292e-01  -1.36643041e-01
2537  1.28299488e-01  -1.35663557e-01
2538  1.45664568e-01  -1.34471316e-01
2539  1.64160406e-01  -1.32988538e-01
2540  1.80352260e-01  -1.31525150e-01
2541  2.00102063e-01  -1.29514137e-01
2542  2.17620677e-01  -1.27490960e-01
2543  2.35114914e-01  -1.25259983e-01
2544  2.52583345e-01  -1.22841856e-01
2545  2.70012184e-01  -1.20158194e-01
2546  2.87402222e-01  -1.17227242e-01
2547  3.04758146e-01  -1.14102709e-01
2548  3.22061671e-01  -1.10709417e-01
2549  3.39300222e-01  -1.06999185e-01
2550  3.56482894e-01  -1.03037746e-01
2551  3.73593055e-01  -9.87793090e-02
2552  3.90618503e-01  -9.41975418e-02
2553  4.09753753e-01  -8.86194157e-02
2554  4.25971619e-01  -8.34240935e-02
2555  4.42059223e-01  -7.78411346e-02
2556  4.57978715e-01  -7.18077739e-02
2557  4.73633604e-01  -6.51290115e-02
2558  4.88964987e-01  -5.77572781e-02
2559  5.03778597e-01  -4.94037372e-02
2560  5.17941016e-01  -4.00126139e-02
2561  5.30993414e-01  -2.92034817e-02
2562  5.41444816e-01  -1.60195778e-02
2563  5.46000368e-01  1.91761620e-05
2564  5.42380026e-01  1.79205321e-02
2565  5.32901981e-01  3.36431071e-02
2566  5.20319066e-01  4.71370126e-02
2567  5.06135959e-01  5.90073640e-02
2568  4.91090791e-01  6.98053499e-02
2569  4.75520546e-01  7.98486872e-02
2570  4.59538118e-01  8.92245317e-02
2571  4.43171677e-01  9.79206168e-02
2572  4.26523754e-01  1.06076923e-01
2573  4.09697544e-01  1.13860585e-01
2574  3.90825070e-01  1.21850623e-01
2575  3.73996848e-01  1.28500024e-01
2576  3.57045532e-01  1.34832248e-01
2577  3.39973463e-01  1.40832011e-01
2578  3.22793963e-01  1.46519624e-01
2579  3.05522067e-01  1.51919546e-01
2580  2.88146868e-01  1.56981332e-01
2581  2.70712479e-01  1.61837316e-01
2582  2.53193349e-01  1.66376744e-01
2583  2.35618898e-01  1.70695421e-01
2584  2.17961897e-01  1.74664624e-01
2585  2.00266833e-01  1.78465780e-01
2586  1.80306334e-01  1.82389845e-01
2587  1.63744568e-01  1.85458679e-01
2588  1.44761892e-01  1.88732723e-01
2589  1.26924389e-01  1.91515697e-01
2590  1.09056880e-01  1.94102901e-01
2591  9.11554588e-02  1.96443947e-01
2592  7.32281397e-02  1.98576989e-01
2593  5.52736685e-02  2.00463286e-01
2594  3.72970326e-02  2.02129890e-01
2595  1.93019747e-02  2.03579325e-01
2596  1.28762585e-03  2.04775162e-01
2597  -1.67385127e-02  2.05776783e-01
2598  -3.47763249e-02  2.06520454e-01
2599  -5.28229304e-02  2.07055637e-01
2600  -7.08736312e-02  2.07411120e-01
2601  -8.89253576e-02  2.07520810e-01
2602  -1.06975624e-01  2.07287748e-01
2603  -1.25022684e-01  2.06816932e-01
2604  -1.43061923e-01  2.06119433e-01
2605  -1.61088577e-01  2.05137725e-01
2606  -1.79104022e-01  2.03946300e-01
2607  -1.97107559e-01  2.02584914e-01
2608  -2.15095581e-01  2.01043103e-01
2609  -2.33061650e-01  1.99254278e-01
2610  -2.51014957e-01  1.97330577e-01
2611  -2.68949872e-01  1.95250277e-01
2612  -2.86863978e-01  1.92995192e-01
2613  -3.03724443e-01  1.90725393e-01
2614  -3.22626403e-01  1.87991688e-01
2615  -3.46958713e-01  1.84275262e-01
2616  -3.64850472e-01  1.81429323e-01
2617  -3.82727196e-01  1.78489277e-01
2618  -4.00587180e-01  1.75448601e-01
2619  -4.18432584e-01  1.72320546e-01
2620  -4.36268117e-01  1.69132960e-01
2621  -4.54094511e-01  1.65900530e-01
2622  -4.71895285e-01  1.62533907e-01
2623  -4.89678875e-01  1.59072482e-01
2624  -5.07451163e-01  1.55547949e-01
2625  -5.25218745e-01  1.52000401e-01
2626  -5.42971896e-01  1.48381087e-01
2627  -5.60721728e-01  1.44743666e-01
2628  -5.78460301e-01  1.41059837e-01
2629  -5.96173515e-01  1.37249644e-01
2630  -6.13895394e-01  1.33477657e-01
2631  -6.31596461e-01  1.29613996e-01
2632  -6.49293427e-01  1.25722536e-01
2633  -6.66998750e-01  1.21872031e-01
2634  -6.84686992e-01  1.17951647e-01
2635  -7.02358830e-01  1.13950944e-01
2636  -7.20040918e-01  1.09991136e-01
2637  -7.37720038e-01  1.06025258e-01
2638  -7.55383453e-01  1.01989740e-01
2639  -7.73045363e-01  9.79481782e-02
2640  -7.90690016e-01  9.38287577e-02
2641  -8.08345995e-01  8.97536163e-02
2642  -8.25999477e-01  8.56734146e-02
2643  -8.43641260e-01  8.15462056e-02
2644  -8.61269866e-01  7.73622802e-02
2645  -8.78891619e-01  7.31434716e-02
2646  -8.96524149e-01  6.89671161e-02
2647  -9.14159216e-01  6.48083654e-02
2648  -9.31777577e-01  6.05794225e-02
2649  -9.49400208e-01  5.63624780e-02
2650  -9.67028834e-01  5.21716539e-02
2651  -9.91083743e-01  4.64465077e-02
2652  -1.00860443e+00  4.22392772e-02
2653  -1.02611692e+00  3.79927915e-02
2654  -1.04364077e+00  3.37958570e-02
2655  -1.06114471e+00  2.95212838e-02
2656  -1.07864294e+00  2.52178222e-02
2657  -1.09614529e+00  2.09292697e-02
2658  -1.11364702e+00  1.66438710e-02
2659  -1.13112845e+00  1.22806452e-02
2660  -1.14850966e+00  7.87599800e-03
2661  -3.03764021e-01  1.73169139e-01
2662  -3.03804384e-01  1.55264712e-01
2663  -3.03844747e-01  1.37360285e-01
2664  -3.03885109e-01  1.19455858e-01
2665  -3.03925472e-01  1.01551431e-01
2666  -3.03965835e-01  8.36470040e-02
2667  -3.04006197e-01  6.57425769e-02
2668  -3.04046560e-01  4.78381498e-02
2669  -3.04086923e-01  2.99337227e-02
2670  -3.04127286e-01  1.20292957e-02
2671  -3.04167648e-01  -5.87513141e-03
2672  -3.04208011e-01  -2.37795586e-02
2673  -3.04248374e-01  -4.16839855e-02
2674  -3.04288736e-01  -5.95884126e-02
2675  -3.04329099e-01  -7.74928398e-02
2676  -3.04369462e-01  -9.53972669e-02
2677  1.63766843e-01  1.68401260e-01
2678  1.63790039e-01  1.50637508e-01
2679  1.63813236e-01  1.32873757e-01
2680  1.63836432e-01  1.15110005e-01
2681  1.63859629e-01  9.73462543e-02
2682  1.63882825e-01  7.95825029e-02
2683  1.63906021e-01  6.18187514e-02
2684  1.63929218e-01  4.40550000e-02
2685  1.63952414e-01  2.62912486e-02
2686  1.63975611e-01  8.52749715e-03
2687  1.63998807e-01  -9.23625429e-03
2688  1.64022004e-01  -2.70000058e-02
2689  1.64045200e-01  -4.47637572e-02
2690  1.64068396e-01  -6.25275086e-02
2691  1.64091593e-01  -8.02912601e-02
2692  1.64114789e-01  -9.80550115e-02
2693  1.64137986e-01  -1.15818763e-01
4925  -1.15765433e+00  -4.73104892e-04
4926  -1.14889387e+00  4.55616920e-04
4927  -1.13141063e+00  2.01706644e-03
4928  -1.11390640e+00  3.30646538e-03
4929  -1.09638825e+00  4.33677934e-03
4930  -1.07885812e+00  5.14378216e-03
4931  -1.06132027e+00  5.68924992e-03
4932  -1.04377808e+00  6.04839354e-03
4933  -1.02622772e+00  6.15386772e-03
4934  -1.00867953e+00  5.99260451e-03
4935  -9.91130919e-01  5.60890381e-03
4936  -9.67153558e-01  4.63123909e-03
4937  -9.49624398e-01  3.63446060e-03
4938  -9.32112073e-01  2.44322919e-03
4939  -9.14611073e-01  1.04779374e-03
4940  -8.97133575e-01  -6.05489193e-04
4941  -8.79679819e-01  -2.44516919e-03
4942  -8.62244356e-01  -4.45915990e-03
4943  -8.44833405e-01  -6.67646864e-03
4944  -8.27449387e-01  -9.06917802e-03
4945  -8.10082700e-01  -1.16051637e-02
4946  -7.92746956e-01  -1.43639159e-02
4947  -7.75451589e-01  -1.73093055e-02
4948  -7.58172772e-01  -2.03273304e-02
4949  -7.40912774e-01  -2.34711799e-02
4950  -7.23678318e-01  -2.67459401e-02
4951  -7.06468978e-01  -3.01256338e-02
4952  -6.89271604e-01  -3.35602472e-02
4953  -6.72088968e-01  -3.70843661e-02
4954  -6.54930080e-01  -4.07148804e-02
4955  -6.37791705e-01  -4.44103073e-02
4956  -6.20657466e-01  -4.81087037e-02
4957  -6.03524764e-01  -5.18205407e-02
4958  -5.86397442e-01  -5.55568178e-02
4959  -5.69274677e-01  -5.93049256e-02
4960  -5.52153437e-01  -6.30468926e-02
4961  -5.35024850e-01  -6.67577507e-02
4962  -5.17895254e-01  -7.04722194e-02
4963  -5.00769213e-01  -7.41816399e-02
4964  -4.83633345e-01  -7.78229979e-02
4965  -4.66480668e-01  -8.13876332e-02
4966  -4.49315136e-01  -8.48961963e-02
4967  -4.32137545e-01  -8.83477902e-02
4968  -4.14953134e-01  -9.17496609e-02
4969  -3.97752011e-01  -9.50464009e-02
4970  -3.80530727e-01  -9.82395164e-02
4971  -3.63290385e-01  -1.01334770e-01
4972  -3.46035191e-01  -1.04344303e-01
4973  -3.22340067e-01  -1.08332293e-01
4974  -3.00871942e-01  -1.11805086e-01
4975  -2.87982555e-01  -1.13816817e-01
4976  -2.70769840e-01  -1.16301190e-01
4977  -2.53534233e-01  -1.18673903e-01
4978  -2.36290429e-01  -1.20942779e-01
4979  -2.19020430e-01  -1.23007049e-01
4980  -2.01732995e-01  -1.24977290e-01
4981  -1.84440294e-01  -1.26843531e-01
4982  -1.67130446e-01  -1.28517876e-01
4983  -1.49804188e-01  -1.30047165e-01
4984  -1.32466921e-01  -1.31433328e-01
4985  -1.15115789e-01  -1.32661754e-01
4986  -9.77577237e-02  -1.33772062e-01
4987  -8.03903991e-02  -1.34708200e-01
4988  -6.30122423e-02  -1.35515195e-01
4989  -4.56357186e-02  -1.36212754e-01
4990  -2.82533083e-02  -1.36680030e-01
4991  -1.08604616e-02  -1.37009253e-01
4992  6.53557910e-03  -1.37225128e-01
4993  2.39260325e-02  -1.37323819e-01
4994  4.13102147e-02  -1.37203399e-01
4995  5.86957627e-02  -1.36869198e-01
4996  7.60825782e-02  -1.36385552e-01
4997  9.34617482e-02  -1.35761201e-01
4998  1.10831878e-01  -1.34938332e-01
4999  1.28192997e-01  -1.33959882e-01
5000  1.45538166e-01  -1.32769002e-01
5001  1.67692281e-01  -1.30975416e-01
5002  1.80189275e-01  -1.29825949e-01
5003  1.99917682e-01  -1.27817125e-01
5004  2.17414787e-01  -1.25796423e-01
5005  2.34889909e-01  -1.23567877e-01
5006  2.52336416e-01  -1.21152811e-01
5007  2.69740438e-01  -1.18472964e-01
5008  2.87109146e-01  -1.15545589e-01
5009  3.04442667e-01  -1.12425115e-01
5010  3.21717825e-01  -1.09037406e-01
5011  3.38928883e-01  -1.05333065e-01
5012  3.56085001e-01  -1.01377767e-01
5013  3.73165105e-01  -9.71268237e-02
5014  3.90157819e-01  -9.25538816e-02
5015  4.09254467e-01  -8.69870671e-02
5016  4.25431375e-01  -8.18048386e-02
5017  4.41476863e-01  -7.62365455e-02
5018  4.57341184e-01  -7.02242958e-02
5019  4.72928648e-01  -6.35743780e-02
5020  4.88175471e-01  -5.62438336e-02
5021  5.02887086e-01  -4.79480391e-02
5022  5.16923430e-01  -3.86420784e-02
5023  5.29773584e-01  -2.80093863e-02
5024  5.39895322e-01  -1.52262757e-02
5025  5.44294624e-01  8.46435789e-05
5026  5.40788984e-01  1.73021203e-02
5027  5.31539268e-01  3.26150697e-02
5028  5.19144744e-01  4.58981354e-02
5029  5.05089764e-01  5.76585404e-02
5030  4.90130190e-01  6.83942882e-02
5031  4.74625838e-01  7.83949523e-02
5032  4.58705591e-01  8.77343144e-02
5033  4.42395585e-01  9.64002451e-02
5034  4.25789861e-01  1.04535739e-01
5035  4.09006360e-01  1.12299780e-01
5036  3.90178619e-01  1.20270765e-01
5037  3.73384501e-01  1.26906637e-01
5038  3.56463850e-01  1.33227414e-01
5039  3.39422206e-01  1.39216473e-01
5040  3.22271012e-01  1.44894701e-01
5041  3.05028640e-01  1.50285416e-01
5042  2.87679132e-01  1.55339664e-01
5043  2.70269371e-01  1.60188830e-01
5044  2.52775582e-01  1.64721655e-01
5045  2.35228011e-01  1.69033778e-01
5046  2.17595447e-01  1.72997422e-01
5047  1.99922925e-01  1.76793782e-01
5048  1.79986559e-01  1.80713064e-01
5049  1.67282160e-01  1.83093435e-01
5050  1.44485575e-01  1.87048236e-01
5051  1.26670505e-01  1.89827683e-01
5052  1.08823890e-01  1.92411877e-01
5053  9.09439412e-02  1.94750103e-01
5054  7.30381169e-02  1.96880598e-01
5055  5.51056976e-02  1.98764570e-01
5056  3.71497161e-02  2.00429259e-01
5057  1.91769142e-02  2.01876912e-01
5058  1.18373969e-03  2.03071326e-01
5059  -1.68210250e-02  2.04071779e-01
5060  -3.48367847e-02  2.04814525e-01
5061  -5.28650360e-02  2.05349157e-01
5062  -7.08956223e-02  2.05704262e-01
5063  -8.89195242e-02  2.05813820e-01
5064  -1.06942346e-01  2.05581072e-01
5065  -1.24967447e-01  2.05110826e-01
5066  -1.42982532e-01  2.04414280e-01
5067  -1.60985842e-01  2.03433820e-01
5068  -1.78983342e-01  2.02243571e-01
5069  -1.96970312e-01  2.00883440e-01
5070  -2.14938126e-01  1.99343380e-01
5071  -2.32886155e-01  1.97556324e-01
5072  -2.50825683e-01  1.95634103e-01
5073  -2.68744930e-01  1.93555624e-01
5074  -2.86643249e-01  1.91302523e-01
5075  -3.00192705e-01  1.89495890e-01
5076  -3.22375143e-01  1.86303281e-01
5077  -3.46695770e-01  1.82588635e-01
5078  -3.64577887e-01  1.79744228e-01
5079  -3.82445439e-01  1.76805691e-01
5080  -4.00296572e-01  1.73766520e-01
5081  -4.18135064e-01  1.70639674e-01
5082  -4.35965677e-01  1.67452967e-01
5083  -4.53783620e-01  1.64222079e-01
5084  -4.71573609e-01  1.60857490e-01
5085  -4.89349779e-01  1.57397506e-01
5086  -5.07118019e-01  1.53873773e-01
5087  -5.24881135e-01  1.50327120e-01
5088  -5.42630057e-01  1.46708666e-01
5089  -5.60376837e-01  1.43071871e-01
5090  -5.78107266e-01  1.39389743e-01
5091  -5.95816347e-01  1.35580428e-01
5092  -6.13535700e-01  1.31808984e-01
5093  -6.31231150e-01  1.27946544e-01
5094  -6.48928749e-01  1.24054946e-01
5095  -6.66632686e-01  1.20204744e-01
5096  -6.84313851e-01  1.16285930e-01
5097  -7.01983859e-01  1.12285638e-01
5098  -7.19667582e-01  1.08325462e-01
5099  -7.37343120e-01  1.04360392e-01
5100  -7.55002969e-01  1.00325684e-01
5101  -7.72660932e-01  9.62850299e-02
5102  -7.90304023e-01  9.21659714e-02
5103  -8.07961847e-01  8.80904029e-02
5104  -8.25612853e-01  8.40107747e-02
5105  -8.43249744e-01  7.98847109e-02
5106  -8.60874053e-01  7.57018040e-02
5107  -8.78496185e-01  7.14829051e-02
5108  -8.96131534e-01  6.73058808e-02
5109  -9.13764106e-01  6.31477218e-02
5110  -9.31379742e-01  5.89194297e-02
5111  -9.49004180e-01  5.47020530e-02
5112  -9.66633819e-01  5.05109878e-02
5113  -9.90686842e-01  4.47862913e-02
5114  -1.00820402e+00  4.05799051e-02
5115  -1.02571700e+00  3.63333001e-02
5116  -1.04323950e+00  3.21366914e-02
5117  -1.06073839e+00  2.78633458e-02
5118  -1.07823598e+00  2.35600417e-02
5119  -1.09573918e+00  1.92712819e-02
5120  -1.11323735e+00  1.49867605e-02
5121  -1.13071175e+00  1.06252887e-02
5122  -1.14780610e+00  6.32073126e-03
5123  -3.00229530e-01  1.73161171e-01
5124  -3.00269893e-01  1.55256744e-01
5125  -3.00310256e-01  1.37352318e-01
5126  -3.00350618e-01  1.19447891e-01
5127  -3.00390981e-01  1.01543463e-01
5128  -3.00431344e-01  8.36390361e-02
5129  -3.00471706e-01  6.57346090e-02
5130  -3.00512069e-01  4.78301818e-02
5131  -3.00552432e-01  2.99257547e-02
5132  -3.00592795e-01  1.20213278e-02
5133  -3.00633157e-01  -5.88309932e-03
5134  -3.00673520e-01  -2.37875266e-02
5135  -3.00713883e-01  -4.16919534e-02
5136  -3.00754245e-01  -5.95963805e-02
5137  -3.00794608e-01  -7.75008078e-02
5138  -3.00834971e-01  -9.54052349e-02
5139  1.67301340e-01  1.68405876e-01
5140  1.67324536e-01  1.50642124e-01
5141  1.67347733e-01  1.32878373e-01
5142  1.67370929e-01  1.15114621e-01
5143  1.67394126e-01  9.73508698e-02
5144  1.67417322e-01  7.95871183e-02
5145  1.67440518e-01  6.18233669e-02
5146  1.67463715e-01  4.40596155e-02
5147  1.67486911e-01  2.62958641e-02
5148  1.67510108e-01  8.53211262e-03
5149  1.67533304e-01  -9.23163882e-03
5150  1.67556501e-01  -2.69953903e-02
5151  1.67579697e-01  -4.47591418e-02
5152  1.67602893e-01  -6.25228931e-02
5153  1.67626090e-01  -8.02866446e-02
5154  1.67649286e-01  -9.80503960e-02
5155  1.67672483e-01  -1.15814147e-01
7387  -1.15303543e+00  1.23036320e-03
7388  -1.14901119e+00  1.65690198e-03
7389  -1.13150865e+00  3.22007953e-03
7390  -1.11398617e+00  4.51082655e-03
7391  -1.09645144e+00  5.54212426e-03
7392  -1.07890464e+00  6.34988555e-03
7393  -1.06135139e+00  6.89584881e-03
7394  -1.04379406e+00  7.25528774e-03
7395  -1.02622580e+00  7.36086619e-03
7396  -1.00866079e+00  7.19945906e-03
7397  -9.91093140e-01  6.81531240e-03
7398  -9.66808876e-01  1.16918308e-02
7399  -9.49183851e-01  1.06897196e-02
7400  -9.31591268e-01  9.49301805e-03
7401  -9.13997265e-01  8.09009454e-03
7402  -8.96430203e-01  6.42843075e-03
7403  -8.78903738e-01  4.58110006e-03
7404  -8.61392247e-01  2.55829487e-03
7405  -8.43904933e-01  3.31291350e-04
7406  -8.26456731e-01  -2.07022139e-03
7407  -8.09016490e-01  -4.61703393e-03
7408  -7.91598072e-01  -7.38890137e-03
7409  -7.74250053e-01  -1.03431681e-02
7410  -7.56931240e-01  -1.33682099e-02
7411  -7.39619594e-01  -1.65214715e-02
7412  -7.22337395e-01  -1.98052854e-02
7413  -7.05095625e-01  -2.31913233e-02
7414  -6.87869235e-01  -2.66317466e-02
7415  -6.70647185e-01  -3.01639598e-02
7416  -6.53453438e-01  -3.38018283e-02
7417  -6.36300965e-01  -3.75002815e-02
7418  -6.19163330e-01  -4.11994114e-02
7419  -6.02023044e-01  -4.49128928e-02
7420  -5.84888323e-01  -4.86507826e-02
7421  -5.67764208e-01  -5.23991856e-02
7422  -5.50650383e-01  -5.61395349e-02
7423  -5.33527441e-01  -5.98491670e-02
7424  -5.16398017e-01  -6.35635985e-02
7425  -4.99286330e-01  -6.72699238e-02
7426  -4.82179499e-01  -7.09051156e-02
7427  -4.65053696e-01  -7.44641579e-02
7428  -4.47911040e-01  -7.79680453e-02
7429  -4.30754876e-01  -8.14153313e-02
7430  -4.13601443e-01  -8.48110953e-02
7431  -3.96442325e-01  -8.80997843e-02
7432  -3.79261767e-01  -9.12853450e-02
7433  -3.62058503e-01  -9.43739345e-02
7434  -3.44841270e-01  -9.73768561e-02
7435  -3.17177545e-01  -7.71011004e-02
7436  -2.97266465e-01  -8.03248541e-02
7437  -2.83267158e-01  -8.25149949e-02
7438  -2.66350266e-01  -8.49562323e-02
7439  -2.49311000e-01  -8.73018878e-02
7440  -2.32347152e-01  -8.95343469e-02
7441  -2.15349662e-01  -9.15656038e-02
7442  -1.98242498e-01  -9.35153219e-02
7443  -1.81218151e-01  -9.53529482e-02
7444  -1.64214966e-01  -9.69974219e-02
7445  -1.47151149e-01  -9.85035379e-02
7446  -1.30087705e-01  -9.98678662e-02
7447  -1.12987682e-01  -1.01078369e-01
7448  -9.58954605e-02  -1.02171888e-01
7449  -7.88042764e-02  -1.03092963e-01
7450  -6.16432062e-02  -1.03889813e-01
7451  -4.45755144e-02  -1.04575514e-01
7452  -2.75284070e-02  -1.05033331e-01
7453  -1.03645195e-02  -1.05358138e-01
7454  6.82176699e-03  -1.05571422e-01
7455  2.39061905e-02  -1.05668826e-01
7456  4.08963991e-02  -1.05551104e-01
7457  5.79514825e-02  -1.05222949e-01
7458  7.50742144e-02  -1.04746617e-01
7459  9.21445324e-02  -1.04133618e-01
7460  1.09192302e-01  -1.03325822e-01
7461  1.26218217e-01  -1.02366540e-01
7462  1.43194135e-01  -1.01200908e-01
7463  1.71184912e-01  -9.89098016e-02
7464  1.77166851e-01  -9.83155702e-02
7465  1.99154122e-01  -1.20789484e-01
7466  2.16562157e-01  -1.18779031e-01
7467  2.33958120e-01  -1.16560557e-01
7468  2.51313835e-01  -1.14158163e-01
7469  2.68615087e-01  -1.11494114e-01
7470  2.85895462e-01  -1.08581558e-01
7471  3.03136213e-01  -1.05477890e-01
7472  3.20293895e-01  -1.02113305e-01
7473  3.37391103e-01  -9.84333553e-02
7474  3.54437256e-01  -9.45034890e-02
7475  3.71392886e-01  -9.02835790e-02
7476  3.88250039e-01  -8.57471834e-02
7477  4.08901427e-01  -8.58328523e-02
7478  4.25049375e-01  -8.06598822e-02
7479  4.41065084e-01  -7.51019591e-02
7480  4.56890393e-01  -6.91046367e-02
7481  4.72430181e-01  -6.24751145e-02
7482  4.87617214e-01  -5.51736946e-02
7483  5.02256709e-01  -4.69187317e-02
7484  5.16203907e-01  -3.76729886e-02
7485  5.28911056e-01  -2.71650552e-02
7486  5.38799692e-01  -1.46653410e-02
7487  5.43088512e-01  1.30934834e-04
7488  5.39663976e-01  1.68648485e-02
7489  5.30575709e-01  3.18881563e-02
7490  5.18314394e-01  4.50221396e-02
7491  5.04350012e-01  5.67048028e-02
7492  4.89450960e-01  6.73965428e-02
7493  4.73993199e-01  7.73670332e-02
7494  4.58116921e-01  8.66805989e-02
7495  4.41846819e-01  9.53252078e-02
7496  4.25270933e-01  1.03445985e-01
7497  4.08517632e-01  1.11196152e-01
7498  3.87501545e-01  1.13728286e-01
7499  3.70848661e-01  1.20308132e-01
7500  3.54054996e-01  1.26581499e-01
7501  3.37139348e-01  1.32526232e-01
7502  3.20105379e-01  1.38165601e-01
7503  3.02985268e-01  1.43518187e-01
7504  2.85742152e-01  1.48541218e-01
7505  2.68434379e-01  1.53362150e-01
7506  2.51045532e-01  1.57867628e-01
7507  2.33609277e-01  1.62152611e-01
7508  2.16077909e-01  1.66093232e-01
7509  1.98498742e-01  1.69869732e-01
7510  1.78662310e-01  1.73769209e-01
7511  1.70859487e-01  1.50300005e-01
7512  1.39361483e-01  1.55810715e-01
7513  1.21962413e-01  1.58524761e-01
7514  1.04503276e-01  1.61053125e-01
7515  8.70215110e-02  1.63339061e-01
7516  6.95142899e-02  1.65422346e-01
7517  5.19908074e-02  1.67263197e-01
7518  3.44178449e-02  1.68892362e-01
7519  1.68577635e-02  1.70306981e-01
7520  -7.42749183e-04  1.71475002e-01
7521  -1.83511518e-02  1.72453782e-01
7522  -3.59579661e-02  1.73179386e-01
7523  -5.36458511e-02  1.73703788e-01
7524  -7.13034299e-02  1.74051889e-01
7525  -8.88113474e-02  1.74159005e-01
7526  -1.06325228e-01  1.73932088e-01
7527  -1.23943128e-01  1.73472403e-01
7528  -1.41510295e-01  1.72793535e-01
7529  -1.59080702e-01  1.71836202e-01
7530  -1.76745440e-01  1.70667776e-01
7531  -1.94425172e-01  1.69330924e-01
7532  -2.12018250e-01  1.67823333e-01
7533  -2.29631730e-01  1.66069060e-01
7534  -2.47315748e-01  1.64174297e-01
7535  -2.64944439e-01  1.62129595e-01
7536  -2.82550003e-01  1.59913283e-01
7537  -2.96729161e-01  1.58017157e-01
7538  -3.21334629e-01  1.79311279e-01
7539  -3.45606875e-01  1.75604004e-01
7540  -3.63449065e-01  1.72765938e-01
7541  -3.81278633e-01  1.69833652e-01
7542  -3.99093107e-01  1.66800716e-01
7543  -4.16902981e-01  1.63678874e-01
7544  -4.34713217e-01  1.60495804e-01
7545  -4.52496160e-01  1.57271309e-01
7546  -4.70241489e-01  1.53915141e-01
7547  -4.87986931e-01  1.50461123e-01
7548  -5.05738407e-01  1.46940705e-01
7549  -5.23483028e-01  1.43397758e-01
7550  -5.41214437e-01  1.39782860e-01
7551  -5.58948579e-01  1.36148660e-01
7552  -5.76645284e-01  1.32473575e-01
7553  -5.94337248e-01  1.28667901e-01
7554  -6.12046143e-01  1.24898704e-01
7555  -6.29718331e-01  1.21041318e-01
7556  -6.47418551e-01  1.17149146e-01
7557  -6.65116747e-01  1.13300203e-01
7558  -6.82768607e-01  1.09387888e-01
7559  -7.00431036e-01  1.05389298e-01
7560  -7.18121529e-01  1.01427601e-01
7561  -7.35782231e-01  9.74658729e-02
7562  -7.53427316e-01  9.34345248e-02
7563  -7.71068935e-01  8.93976280e-02
7564  -7.88705554e-01  8.52800685e-02
7565  -8.06371018e-01  8.12027311e-02
7566  -8.24011775e-01  7.71254780e-02
7567  -8.41628407e-01  7.30041568e-02
7568  -8.59234921e-01  6.88254674e-02
7569  -8.76858622e-01  6.46061945e-02
7570  -8.94505645e-01  6.04264007e-02
7571  -9.12127885e-01  5.62706919e-02
7572  -9.29732233e-01  5.20450952e-02
7573  -9.47364158e-01  4.78259286e-02
7574  -9.64997987e-01  4.36338653e-02
7575  -9.90406197e-01  4.36123715e-02
7576  -1.00792089e+00  3.94065822e-02
7577  -1.02543422e+00  3.51598928e-02
7578  -1.04295577e+00  3.09635146e-02
7579  -1.06045109e+00  2.66910370e-02
7580  -1.07794823e+00  2.23878442e-02
7581  -1.09545202e+00  1.80989378e-02
7582  -1.11294767e+00  1.38150367e-02
7583  -1.13041710e+00  9.45480518e-03
7584  -1.14730862e+00  5.22102010e-03
7585  -2.96695039e-01  1.73153203e-01
7586  -2.96735402e-01  1.55248776e-01
7587  -2.96775765e-01  1.37344350e-01
7588  -2.96816127e-01  1.19439923e-01
7589  -2.96856490e-01  1.01535495e-01
7590  -2.96896853e-01  8.36310682e-02
7591  -2.96937215e-01  6.57266411e-02
7592  -2.96977578e-01  4.78222138e-02
7593  -2.97017941e-01  2.99177867e-02
7594  -2.97058304e-01  1.20133599e-02
7595  -2.97098666e-01  -5.89106723e-03
7596  -2.97139029e-01  -2.37954946e-02
7597  -2.97179392e-01  -4.16999213e-02
7598  -2.97219754e-01  -5.96043484e-02
7599  -2.97260117e-01  -7.75087758e-02
7600  -2.97300480e-01  -9.54132029e-02
7601  1.70835837e-01  1.68410491e-01
7602  1.70859033e-01  1.50646739e-01
7603  1.70882230e-01  1.32882988e-01
7604  1.70905426e-01  1.15119236e-01
7605  1.70928623e-01  9.73554853e-02
7606  1.70951819e-01  7.95917336e-02
7607  1.70975015e-01  6.18279824e-02
7608  1.70998212e-01  4.40642310e-02
7609  1.71021408e-01  2.63004796e-02
7610  1.71044605e-01  8.53672808e-03
7611  1.71067801e-01  -9.22702336e-03
7612  1.71090998e-01  -2.69907748e-02
7613  1.71114194e-01  -4.47545265e-02
7614  1.71137390e-01  -6.25182776e-02
7615  1.71160587e-01  -8.02820291e-02
7616  1.71183783e-01  -9.80457805e-02
7617  1.71206980e-01  -1.15809532e-01
9849  -1.14650315e+00  3.63949330e-03
9850  -1.14917711e+00  3.35581961e-03
9851  -1.13164728e+00  4.92144103e-03
9852  -1.11409898e+00  6.21409459e-03
9853  -1.09654080e+00  7.24678356e-03
9854  -1.07897042e+00  8.05561750e-03
9855  -1.06139539e+00  8.60228155e-03
9856  -1.04381666e+00  8.96213810e-03
9857  -1.02622309e+00  9.06786403e-03
9858  -1.00863429e+00  8.90625336e-03
9859  -9.91039709e-01  8.52147600e-03
9860  -9.66725644e-01  1.33968004e-02
9861  -9.49077470e-01  1.23934015e-02
9862  -9.31465506e-01  1.11953790e-02
9863  -9.13849044e-01  9.79064730e-03
9864  -8.96260355e-01  8.12695972e-03
9865  -8.78716333e-01  6.27778158e-03
9866  -8.61186482e-01  4.25284789e-03
9867  -8.43680728e-01  2.02350330e-03
9868  -8.26217027e-01  -3.80135239e-04
9869  -8.08759025e-01  -2.92956222e-03
9870  -7.91320643e-01  -5.70459670e-03
9871  -7.73959909e-01  -8.66100707e-03
9872  -7.56631439e-01  -1.16877432e-02
9873  -7.39307321e-01  -1.48432776e-02
9874  -7.22013594e-01  -1.81292778e-02
9875  -7.04763992e-01  -2.15168477e-02
9876  -6.87530595e-01  -2.49586739e-02
9877  -6.70299028e-01  -2.84928418e-02
9878  -6.53096863e-01  -3.21324861e-02
9879  -6.35940986e-01  -3.58316701e-02
9880  -6.18802531e-01  -3.95309771e-02
9881  -6.01660414e-01  -4.32448556e-02
9882  -5.84523906e-01  -4.69831348e-02
9883  -5.67399465e-01  -5.07316091e-02
9884  -5.50287431e-01  -5.44715677e-02
9885  -5.33165852e-01  -5.81809038e-02
9886  -5.16036469e-01  -6.18953263e-02
9887  -4.98928248e-01  -6.56009042e-02
9888  -4.81828429e-01  -6.92346070e-02
9889  -4.64709115e-01  -7.27922988e-02
9890  -4.47571983e-01  -7.62950571e-02
9891  -4.30420993e-01  -7.97413028e-02
9892  -4.13275041e-01  -8.31355922e-02
9893  -3.96126066e-01  -8.64223370e-02
9894  -3.78955342e-01  -8.96060734e-02
9895  -3.61761033e-01  -9.26930537e-02
9896  -3.44552965e-01  -9.56943789e-02
9897  -3.16899155e-01  -7.54169543e-02
9898  -2.96159964e-01  -7.87728726e-02
9899  -2.83012879e-01  -8.08270401e-02
9900  -2.66111940e-01  -8.32659514e-02
9901  -2.49083262e-01  -8.56101478e-02
9902  -2.32134511e-01  -8.78406432e-02
9903  -2.15151715e-01  -8.98701198e-02
9904  -1.98054272e-01  -9.18187312e-02
9905  -1.81044396e-01  -9.36548144e-02
9906  -1.64057748e-01  -9.52976773e-02
9907  -1.47008083e-01  -9.68025437e-02
9908  -1.29959406e-01  -9.81656946e-02
9909  -1.12872924e-01  -9.93752313e-02
9910  -9.57950377e-02  -1.00467845e-01
9911  -7.87187446e-02  -1.01388107e-01
9912  -6.15693808e-02  -1.02184411e-01
9913  -4.45183428e-02  -1.02869471e-01
9914  -2.74893166e-02  -1.03326779e-01
9915  -1.03377757e-02  -1.03651348e-01
9916  6.83719971e-03  -1.03864492e-01
9917  2.39051206e-02  -1.03961826e-01
9918  4.08740841e-02  -1.03844249e-01
9919  5.79113471e-02  -1.03516421e-01
9920  7.50198382e-02  -1.03040483e-01
9921  9.20735013e-02  -1.02428097e-01
9922  1.09103888e-01  -1.01621113e-01
9923  1.26111727e-01  -1.00662865e-01
9924  1.43067732e-01  -9.94985949e-02
9925  1.72285554e-01  -9.71031737e-02
9926  1.77003866e-01  -9.66163689e-02
9927  1.98969740e-01  -1.19092471e-01
9928  2.16356267e-01  -1.17084493e-01
9929  2.33733114e-01  -1.14868452e-01
9930  2.51066905e-01  -1.12469118e-01
9931  2.68343341e-01  -1.09808883e-01
9932  2.85602385e-01  -1.06899905e-01
9933  3.02820734e-01  -1.03800296e-01
9934  3.19950049e-01  -1.00441294e-01
9935  3.37019765e-01  -9.67672350e-02
9936  3.54039364e-01  -9.28435099e-02
9937  3.70964936e-01  -8.86310936e-02
9938  3.87789355e-01  -8.41035233e-02
9939  4.08402140e-01  -8.42005037e-02
9940  4.24509132e-01  -7.90406274e-02
9941  4.40482724e-01  -7.34973700e-02
9942  4.56252861e-01  -6.75211586e-02
9943  4.71725225e-01  -6.09204810e-02
9944  4.86827698e-01  -5.36602501e-02
9945  5.01365198e-01  -4.54630336e-02
9946  5.15186321e-01  -3.63024532e-02
9947  5.27691226e-01  -2.59709598e-02
9948  5.37250198e-01  -1.38720390e-02
9949  5.41382768e-01  1.96402251e-04
9950  5.38072934e-01  1.62464367e-02
9951  5.29212995e-01  3.08601189e-02
9952  5.17140072e-01  4.37832623e-02
9953  5.03303817e-01  5.53559792e-02
9954  4.88490360e-01  6.59854811e-02
9955  4.73098490e-01  7.59132984e-02
9956  4.57284394e-01  8.51903816e-02
9957  4.41070727e-01  9.38048360e-02
9958  4.24537040e-01  1.01904801e-01
9959  4.07826448e-01  1.09635347e-01
9960  3.86855093e-01  1.12148428e-01
9961  3.70236314e-01  1.18714745e-01
9962  3.53473313e-01  1.24976664e-01
9963  3.36588091e-01  1.30910694e-01
9964  3.19582428e-01  1.36540679e-01
9965  3.02491841e-01  1.41884058e-01
9966  2.85274416e-01  1.46899550e-01
9967  2.67991270e-01  1.51713665e-01
9968  2.50627765e-01  1.56212539e-01
9969  2.33218390e-01  1.60490968e-01
9970  2.15711458e-01  1.64426030e-01
9971  1.98154834e-01  1.68197734e-01
9972  1.78342535e-01  1.72092428e-01
9973  1.71965010e-01  1.48368760e-01
9974  1.39085166e-01  1.54126228e-01
9975  1.21708529e-01  1.56836747e-01
9976  1.04270286e-01  1.59362100e-01
9977  8.68099934e-02  1.61645216e-01
9978  6.93242670e-02  1.63725955e-01
9979  5.18228366e-02  1.65564482e-01
9980  3.42705284e-02  1.67191730e-01
9981  1.67327030e-02  1.68604568e-01
9982  -8.46635347e-04  1.69771166e-01
9983  -1.84336641e-02  1.70748777e-01
9984  -3.60184260e-02  1.71473457e-01
9985  -5.36879566e-02  1.71997307e-01
9986  -7.13254210e-02  1.72345031e-01
9987  -8.88055140e-02  1.72452015e-01
9988  -1.06291950e-01  1.72225413e-01
9989  -1.23887891e-01  1.71766297e-01
9990  -1.41430904e-01  1.71088382e-01
9991  -1.58977967e-01  1.70132296e-01
9992  -1.76624761e-01  1.68965048e-01
9993  -1.94287925e-01  1.67629450e-01
9994  -2.11860795e-01  1.66123611e-01
9995  -2.29456235e-01  1.64371106e-01
9996  -2.47126474e-01  1.62477823e-01
9997  -2.64739497e-01  1.60434942e-01
9998  -2.82329274e-01  1.58220615e-01
9999  -2.95629697e-01  1.56447356e-01
10000  -3.21083369e-01  1.77622873e-01
10001  -3.45343932e-01  1.73917377e-01
10002  -3.63176480e-01  1.71080843e-01
10003  -3.80996876e-01  1.68150066e-01
10004  -3.98802499e-01  1.65118635e-01
10005  -4.16605461e-01  1.61998002e-01
10006  -4.34410777e-01  1.58815811e-01
10007  -4.52185268e-01  1.55592859e-01
10008  -4.69919813e-01  1.52238724e-01
10009  -4.87657834e-01  1.48786147e-01
10010  -5.05405263e-01  1.45266529e-01
10011  -5.23145417e-01  1.41724477e-01
10012  -5.40872597e-01  1.38110438e-01
10013  -5.58603688e-01  1.34476865e-01
10014  -5.76292249e-01  1.30803481e-01
10015  -5.93980080e-01  1.26998686e-01
10016  -6.11686450e-01  1.23230031e-01
10017  -6.29353020e-01  1.19373866e-01
10018  -6.47053873e-01  1.15481556e-01
10019  -6.64750683e-01  1.11632916e-01
10020  -6.82395466e-01  1.07722170e-01
10021  -7.00056065e-01  1.03723992e-01
10022  -7.17748193e-01  9.97619275e-02
10023  -7.35405312e-01  9.58010062e-02
10024  -7.53046833e-01  9.17704692e-02
10025  -7.70684504e-01  8.77344797e-02
10026  -7.88319561e-01  8.36172822e-02
10027  -8.05986869e-01  7.95395176e-02
10028  -8.23625152e-01  7.54628381e-02
10029  -8.41236891e-01  7.13426621e-02
10030  -8.58839108e-01  6.71649912e-02
10031  -8.76463188e-01  6.29456280e-02
10032  -8.94113031e-01  5.87651654e-02
10033  -9.11732775e-01  5.46100482e-02
10034  -9.29334398e-01  5.03851024e-02
10035  -9.46968130e-01  4.61655036e-02
10036  -9.64602971e-01  4.19731993e-02
10037  -9.90009296e-01  4.19521551e-02
10038  -1.00752047e+00  3.77472102e-02
10039  -1.02503430e+00  3.35004014e-02
10040  -1.04255450e+00  2.93043490e-02
10041  -1.06004478e+00  2.50330989e-02
10042  -1.07754127e+00  2.07300637e-02
10043  -1.09504591e+00  1.64409500e-02
10044  -1.11253799e+00  1.21579262e-02
10045  -1.13000039e+00  7.79944868e-03
10046  -1.14660506e+00  3.66575337e-03
10047  -2.95592042e-01  1.73150717e-01
10048  -2.95632405e-01  1.55246290e-01
10049  -2.95672768e-01  1.37341863e-01
10050  -2.95713130e-01  1.19437436e-01
10051  -2.95753493e-01  1.01533009e-01
10052  -2.95793856e-01  8.36285816e-02
10053  -2.95834218e-01  6.57241545e-02
10054  -2.95874581e-01  4.78197273e-02
10055  -2.95914944e-01  2.99153002e-02
10056  -2.95955307e-01  1.20108733e-02
10057  -2.95995669e-01  -5.89355375e-03
10058  -2.96036032e-01  -2.37979811e-02
10059  -2.96076395e-01  -4.17024079e-02
10060  -2.96116757e-01  -5.96068350e-02
10061  -2.96157120e-01  -7.75112623e-02
10062  -2.96197483e-01  -9.54156894e-02
10063  1.71938836e-01  1.68411932e-01
10064  1.71962032e-01  1.50648180e-01
10065  1.71985229e-01  1.32884429e-01
10066  1.72008425e-01  1.15120677e-01
10067  1.72031622e-01  9.73569256e-02
10068  1.72054818e-01  7.95931739e-02
10069  1.72078014e-01  6.18294227e-02
10070  1.72101211e-01  4.40656713e-02
10071  1.72124407e-01  2.63019199e-02
10072  1.72147604e-01  8.53816841e-03
10073  1.72170800e-01  -9.22558303e-03
10074  1.72193997e-01  -2.69893345e-02
10075  1.72217193e-01  -4.47530862e-02
10076  1.72240389e-01  -6.25168373e-02
10077  1.72263586e-01  -8.02805888e-02
10078  1.72286782e-01  -9.80443402e-02
10079  1.72309979e-01  -1.15808091e-01
