1  2476  2475  1  2  0  0  0  0
240  4950  4949  2475  2476  0  0  0  0
479  7424  7423  4949  4950  0  0  0  0
718  9898  9897  7423  7424  0  0  0  0
2  2477  2476  2  3  0  0  0  0
241  4951  4950  2476  2477  0  0  0  0
480  7425  7424  4950  4951  0  0  0  0
719  9899  9898  7424  7425  0  0  0  0
3  2478  2477  3  4  0  0  0  0
242  4952  4951  2477  2478  0  0  0  0
481  7426  7425  4951  4952  0  0  0  0
720  9900  9899  7425  7426  0  0  0  0
4  2479  2478  4  5  0  0  0  0
243  4953  4952  2478  2479  0  0  0  0
482  7427  7426  4952  4953  0  0  0  0
721  9901  9900  7426  7427  0  0  0  0
5  2480  2479  5  6  0  0  0  0
244  4954  4953  2479  2480  0  0  0  0
483  7428  7427  4953  4954  0  0  0  0
722  9902  9901  7427  7428  0  0  0  0
6  2481  2480  6  7  0  0  0  0
245  4955  4954  2480  2481  0  0  0  0
484  7429  7428  4954  4955  0  0  0  0
723  9903  9902  7428  7429  0  0  0  0
7  2482  2481  7  8  0  0  0  0
246  4956  4955  2481  2482  0  0  0  0
485  7430  7429  4955  4956  0  0  0  0
724  9904  9903  7429  7430  0  0  0  0
8  2483  2482  8  9  0  0  0  0
247  4957  4956  2482  2483  0  0  0  0
486  7431  7430  4956  4957  0  0  0  0
725  9905  9904  7430  7431  0  0  0  0
9  2484  2483  9  10  0  0  0  0
248  4958  4957  2483  2484  0  0  0  0
487  7432  7431  4957  4958  0  0  0  0
726  9906  9905  7431  7432  0  0  0  0
10  2485  2484  10  11  0  0  0  0
249  4959  4958  2484  2485  0  0  0  0
488  7433  7432  4958  4959  0  0  0  0
727  9907  9906  7432  7433  0  0  0  0
11  2486  2485  11  12  0  0  0  0
250  4960  4959  2485  2486  0  0  0  0
489  7434  7433  4959  4960  0  0  0  0
728  9908  9907  7433  7434  0  0  0  0
12  2487  2486  12  13  0  0  0  0
251  4961  4960  2486  2487  0  0  0  0
490  7435  7434  4960  4961  0  0  0  0
729  9909  9908  7434  7435  0  0  0  0
13  2488  2487  13  14  0  0  0  0
252  4962  4961  2487  2488  0  0  0  0
491  7436  7435  4961  4962  0  0  0  0
730  9910  9909  7435  7436  0  0  0  0
14  2489  2488  14  15  0  0  0  0
253  4963  4962  2488  2489  0  0  0  0
492  7437  7436  4962  4963  0  0  0  0
731  9911  9910  7436  7437  0  0  0  0
15  2490  2489  15  16  0  0  0  0
254  4964  4963  2489  2490  0  0  0  0
493  7438  7437  4963  4964  0  0  0  0
732  9912  9911  7437  7438  0  0  0  0
16  2491  2490  16  17  0  0  0  0
255  4965  4964  2490  2491  0  0  0  0
494  7439  7438  4964  4965  0  0  0  0
733  9913  9912  7438  7439  0  0  0  0
17  2492  2491  17  18  0  0  0  0
256  4966  4965  2491  2492  0  0  0  0
495  7440  7439  4965  4966  0  0  0  0
734  9914  9913  7439  7440  0  0  0  0
18  2493  2492  18  19  0  0  0  0
257  4967  4966  2492  2493  0  0  0  0
496  7441  7440  4966  4967  0  0  0  0
735  9915  9914  7440  7441  0  0  0  0
19  2494  2493  19  20  0  0  0  0
258  4968  4967  2493  2494  0  0  0  0
497  7442  7441  4967  4968  0  0  0  0
736  9916  9915  7441  7442  0  0  0  0
20  2495  2494  20  21  0  0  0  0
259  4969  4968  2494  2495  0  0  0  0
498  7443  7442  4968  4969  0  0  0  0
737  9917  9916  7442  7443  0  0  0  0
21  2496  2495  21  22  0  0  0  0
260  4970  4969  2495  2496  0  0  0  0
499  7444  7443  4969  4970  0  0  0  0
738  9918  9917  7443  7444  0  0  0  0
22  2497  2496  22  23  0  0  0  0
261  4971  4970  2496  2497  0  0  0  0
500  7445  7444  4970  4971  0  0  0  0
739  9919  9918  7444  7445  0  0  0  0
23  2498  2497  23  24  0  0  0  0
262  4972  4971  2497  2498  0  0  0  0
501  7446  7445  4971  4972  0  0  0  0
740  9920  9919  7445  7446  0  0  0  0
24  2499  2498  24  25  0  0  0  0
263  4973  4972  2498  2499  0  0  0  0
502  7447  7446  4972  4973  0  0  0  0
741  9921  9920  7446  7447  0  0  0  0
25  2500  2499  25  26  0  0  0  0
264  4974  4973  2499  2500  0  0  0  0
503  7448  7447  4973  4974  0  0  0  0
742  9922  9921  7447  7448  0  0  0  0
26  2501  2500  26  27  0  0  0  0
265  4975  4974  2500  2501  0  0  0  0
504  7449  7448  4974  4975  0  0  0  0
743  9923  9922  7448  7449  0  0  0  0
27  2502  2501  27  28  0  0  0  0
266  4976  4975  2501  2502  0  0  0  0
505  7450  7449  4975  4976  0  0  0  0
744  9924  9923  7449  7450  0  0  0  0
28  2503  2502  28  29  0  0  0  0
267  4977  4976  2502  2503  0  0  0  0
506  7451  7450  4976  4977  0  0  0  0
745  9925  9924  7450  7451  0  0  0  0
29  2504  2503  29  30  0  0  0  0
268  4978  4977  2503  2504  0  0  0  0
507  7452  7451  4977  4978  0  0  0  0
746  9926  9925  7451  7452  0  0  0  0
30  2505  2504  30  31  0  0  0  0
269  4979  4978  2504  2505  0  0  0  0
508  7453  7452  4978  4979  0  0  0  0
747  9927  9926  7452  7453  0  0  0  0
31  2506  2505  31  32  0  0  0  0
270  4980  4979  2505  2506  0  0  0  0
509  7454  7453  4979  4980  0  0  0  0
748  9928  9927  7453  7454  0  0  0  0
32  2507  2506  32  33  0  0  0  0
271  4981  4980  2506  2507  0  0  0  0
510  7455  7454  4980  4981  0  0  0  0
749  9929  9928  7454  7455  0  0  0  0
33  2508  2507  33  34  0  0  0  0
272  4982  4981  2507  2508  0  0  0  0
511  7456  7455  4981  4982  0  0  0  0
750  9930  9929  7455  7456  0  0  0  0
34  2509  2508  34  35  0  0  0  0
273  4983  4982  2508  2509  0  0  0  0
512  7457  7456  4982  4983  0  0  0  0
751  9931  9930  7456  7457  0  0  0  0
35  2510  2509  35  36  0  0  0  0
274  4984  4983  2509  2510  0  0  0  0
513  7458  7457  4983  4984  0  0  0  0
752  9932  9931  7457  7458  0  0  0  0
36  2511  2510  36  37  0  0  0  0
275  4985  4984  2510  2511  0  0  0  0
514  7459  7458  4984  4985  0  0  0  0
753  9933  9932  7458  7459  0  0  0  0
37  2512  2511  37  38  0  0  0  0
276  4986  4985  2511  2512  0  0  0  0
515  7460  7459  4985  4986  0  0  0  0
754  9934  9933  7459  7460  0  0  0  0
38  2513  2512  38  39  0  0  0  0
277  4987  4986  2512  2513  0  0  0  0
516  7461  7460  4986  4987  0  0  0  0
755  9935  9934  7460  7461  0  0  0  0
39  2514  2513  39  40  0  0  0  0
278  4988  4987  2513  2514  0  0  0  0
517  7462  7461  4987  4988  0  0  0  0
756  9936  9935  7461  7462  0  0  0  0
40  2515  2514  40  41  0  0  0  0
279  4989  4988  2514  2515  0  0  0  0
518  7463  7462  4988  4989  0  0  0  0
757  9937  9936  7462  7463  0  0  0  0
41  2516  2515  41  42  0  0  0  0
280  4990  4989  2515  2516  0  0  0  0
519  7464  7463  4989  4990  0  0  0  0
758  9938  9937  7463  7464  0  0  0  0
42  2517  2516  42  43  0  0  0  0
281  4991  4990  2516  2517  0  0  0  0
520  7465  7464  4990  4991  0  0  0  0
759  9939  9938  7464  7465  0  0  0  0
43  2518  2517  43  44  0  0  0  0
282  4992  4991  2517  2518  0  0  0  0
521  7466  7465  4991  4992  0  0  0  0
760  9940  9939  7465  7466  0  0  0  0
44  2519  2518  44  45  0  0  0  0
283  4993  4992  2518  2519  0  0  0  0
522  7467  7466  4992  4993  0  0  0  0
761  9941  9940  7466  7467  0  0  0  0
45  2520  2519  45  46  0  0  0  0
284  4994  4993  2519  2520  0  0  0  0
523  7468  7467  4993  4994  0  0  0  0
762  9942  9941  7467  7468  0  0  0  0
46  2521  2520  46  47  0  0  0  0
285  4995  4994  2520  2521  0  0  0  0
524  7469  7468  4994  4995  0  0  0  0
763  9943  9942  7468  7469  0  0  0  0
47  2522  2521  47  48  0  0  0  0
286  4996  4995  2521  2522  0  0  0  0
525  7470  7469  4995  4996  0  0  0  0
764  9944  9943  7469  7470  0  0  0  0
48  2523  2522  48  49  0  0  0  0
287  4997  4996  2522  2523  0  0  0  0
526  7471  7470  4996  4997  0  0  0  0
765  9945  9944  7470  7471  0  0  0  0
49  2524  2523  49  50  0  0  0  0
288  4998  4997  2523  2524  0  0  0  0
527  7472  7471  4997  4998  0  0  0  0
766  9946  9945  7471  7472  0  0  0  0
50  2525  2524  50  51  0  0  0  0
289  4999  4998  2524  2525  0  0  0  0
528  7473  7472  4998  4999  0  0  0  0
767  9947  9946  7472  7473  0  0  0  0
51  2526  2525  51  52  0  0  0  0
290  5000  4999  2525  2526  0  0  0  0
529  7474  7473  4999  5000  0  0  0  0
768  9948  9947  7473  7474  0  0  0  0
52  2527  2526  52  53  0  0  0  0
291  5001  5000  2526  2527  0  0  0  0
530  7475  7474  5000  5001  0  0  0  0
769  9949  9948  7474  7475  0  0  0  0
53  2528  2527  53  54  0  0  0  0
292  5002  5001  2527  2528  0  0  0  0
531  7476  7475  5001  5002  0  0  0  0
770  9950  9949  7475  7476  0  0  0  0
54  2529  2528  54  55  0  0  0  0
293  5003  5002  2528  2529  0  0  0  0
532  7477  7476  5002  5003  0  0  0  0
771  9951  9950  7476  7477  0  0  0  0
55  2530  2529  55  56  0  0  0  0
294  5004  5003  2529  2530  0  0  0  0
533  7478  7477  5003  5004  0  0  0  0
772  9952  9951  7477  7478  0  0  0  0
56  2531  2530  56  57  0  0  0  0
295  5005  5004  2530  2531  0  0  0  0
534  7479  7478  5004  5005  0  0  0  0
773  9953  9952  7478  7479  0  0  0  0
57  2532  2531  57  58  0  0  0  0
296  5006  5005  2531  2532  0  0  0  0
535  7480  7479  5005  5006  0  0  0  0
774  9954  9953  7479  7480  0  0  0  0
58  2533  2532  58  59  0  0  0  0
297  5007  5006  2532  2533  0  0  0  0
536  7481  7480  5006  5007  0  0  0  0
775  9955  9954  7480  7481  0  0  0  0
59  2534  2533  59  60  0  0  0  0
298  5008  5007  2533  2534  0  0  0  0
537  7482  7481  5007  5008  0  0  0  0
776  9956  9955  7481  7482  0  0  0  0
60  2535  2534  60  61  0  0  0  0
299  5009  5008  2534  2535  0  0  0  0
538  7483  7482  5008  5009  0  0  0  0
777  9957  9956  7482  7483  0  0  0  0
61  2536  2535  61  62  0  0  0  0
300  5010  5009  2535  2536  0  0  0  0
539  7484  7483  5009  5010  0  0  0  0
778  9958  9957  7483  7484  0  0  0  0
62  2537  2536  62  63  0  0  0  0
301  5011  5010  2536  2537  0  0  0  0
540  7485  7484  5010  5011  0  0  0  0
779  9959  9958  7484  7485  0  0  0  0
63  2538  2537  63  64  0  0  0  0
302  5012  5011  2537  2538  0  0  0  0
541  7486  7485  5011  5012  0  0  0  0
780  9960  9959  7485  7486  0  0  0  0
64  2539  2538  64  65  0  0  0  0
303  5013  5012  2538  2539  0  0  0  0
542  7487  7486  5012  5013  0  0  0  0
781  9961  9960  7486  7487  0  0  0  0
65  2540  2539  65  66  0  0  0  0
304  5014  5013  2539  2540  0  0  0  0
543  7488  7487  5013  5014  0  0  0  0
782  9962  9961  7487  7488  0  0  0  0
66  2541  2540  66  67  0  0  0  0
305  5015  5014  2540  2541  0  0  0  0
544  7489  7488  5014  5015  0  0  0  0
783  9963  9962  7488  7489  0  0  0  0
67  2542  2541  67  68  0  0  0  0
306  5016  5015  2541  2542  0  0  0  0
545  7490  7489  5015  5016  0  0  0  0
784  9964  9963  7489  7490  0  0  0  0
68  2543  2542  68  69  0  0  0  0
307  5017  5016  2542  2543  0  0  0  0
546  7491  7490  5016  5017  0  0  0  0
785  9965  9964  7490  7491  0  0  0  0
69  2544  2543  69  70  0  0  0  0
308  5018  5017  2543  2544  0  0  0  0
547  7492  7491  5017  5018  0  0  0  0
786  9966  9965  7491  7492  0  0  0  0
70  2545  2544  70  71  0  0  0  0
309  5019  5018  2544  2545  0  0  0  0
548  7493  7492  5018  5019  0  0  0  0
787  9967  9966  7492  7493  0  0  0  0
71  2546  2545  71  72  0  0  0  0
310  5020  5019  2545  2546  0  0  0  0
549  7494  7493  5019  5020  0  0  0  0
788  9968  9967  7493  7494  0  0  0  0
72  2547  2546  72  73  0  0  0  0
311  5021  5020  2546  2547  0  0  0  0
550  7495  7494  5020  5021  0  0  0  0
789  9969  9968  7494  7495  0  0  0  0
73  2548  2547  73  74  0  0  0  0
312  5022  5021  2547  2548  0  0  0  0
551  7496  7495  5021  5022  0  0  0  0
790  9970  9969  7495  7496  0  0  0  0
74  2549  2548  74  75  0  0  0  0
313  5023  5022  2548  2549  0  0  0  0
552  7497  7496  5022  5023  0  0  0  0
791  9971  9970  7496  7497  0  0  0  0
75  2550  2549  75  76  0  0  0  0
314  5024  5023  2549  2550  0  0  0  0
553  7498  7497  5023  5024  0  0  0  0
792  9972  9971  7497  7498  0  0  0  0
76  2551  2550  76  77  0  0  0  0
315  5025  5024  2550  2551  0  0  0  0
554  7499  7498  5024  5025  0  0  0  0
793  9973  9972  7498  7499  0  0  0  0
77  2552  2551  77  78  0  0  0  0
316  5026  5025  2551  2552  0  0  0  0
555  7500  7499  5025  5026  0  0  0  0
794  9974  9973  7499  7500  0  0  0  0
78  2553  2552  78  79  0  0  0  0
317  5027  5026  2552  2553  0  0  0  0
556  7501  7500  5026  5027  0  0  0  0
795  9975  9974  7500  7501  0  0  0  0
79  2554  2553  79  80  0  0  0  0
318  5028  5027  2553  2554  0  0  0  0
557  7502  7501  5027  5028  0  0  0  0
796  9976  9975  7501  7502  0  0  0  0
80  2555  2554  80  81  0  0  0  0
319  5029  5028  2554  2555  0  0  0  0
558  7503  7502  5028  5029  0  0  0  0
797  9977  9976  7502  7503  0  0  0  0
81  2556  2555  81  82  0  0  0  0
320  5030  5029  2555  2556  0  0  0  0
559  7504  7503  5029  5030  0  0  0  0
798  9978  9977  7503  7504  0  0  0  0
82  2557  2556  82  83  0  0  0  0
321  5031  5030  2556  2557  0  0  0  0
560  7505  7504  5030  5031  0  0  0  0
799  9979  9978  7504  7505  0  0  0  0
83  2558  2557  83  84  0  0  0  0
322  5032  5031  2557  2558  0  0  0  0
561  7506  7505  5031  5032  0  0  0  0
800  9980  9979  7505  7506  0  0  0  0
84  2559  2558  84  85  0  0  0  0
323  5033  5032  2558  2559  0  0  0  0
562  7507  7506  5032  5033  0  0  0  0
801  9981  9980  7506  7507  0  0  0  0
85  2560  2559  85  86  0  0  0  0
324  5034  5033  2559  2560  0  0  0  0
563  7508  7507  5033  5034  0  0  0  0
802  9982  9981  7507  7508  0  0  0  0
86  2561  2560  86  87  0  0  0  0
325  5035  5034  2560  2561  0  0  0  0
564  7509  7508  5034  5035  0  0  0  0
803  9983  9982  7508  7509  0  0  0  0
87  2562  2561  87  88  0  0  0  0
326  5036  5035  2561  2562  0  0  0  0
565  7510  7509  5035  5036  0  0  0  0
804  9984  9983  7509  7510  0  0  0  0
88  2563  2562  88  89  0  0  0  0
327  5037  5036  2562  2563  0  0  0  0
566  7511  7510  5036  5037  0  0  0  0
805  9985  9984  7510  7511  0  0  0  0
89  2564  2563  89  90  0  0  0  0
328  5038  5037  2563  2564  0  0  0  0
567  7512  7511  5037  5038  0  0  0  0
806  9986  9985  7511  7512  0  0  0  0
90  2565  2564  90  91  0  0  0  0
329  5039  5038  2564  2565  0  0  0  0
568  7513  7512  5038  5039  0  0  0  0
807  9987  9986  7512  7513  0  0  0  0
91  2566  2565  91  92  0  0  0  0
330  5040  5039  2565  2566  0  0  0  0
569  7514  7513  5039  5040  0  0  0  0
808  9988  9987  7513  7514  0  0  0  0
92  2567  2566  92  93  0  0  0  0
331  5041  5040  2566  2567  0  0  0  0
570  7515  7514  5040  5041  0  0  0  0
809  9989  9988  7514  7515  0  0  0  0
93  2568  2567  93  94  0  0  0  0
332  5042  5041  2567  2568  0  0  0  0
571  7516  7515  5041  5042  0  0  0  0
810  9990  9989  7515  7516  0  0  0  0
94  2569  2568  94  95  0  0  0  0
333  5043  5042  2568  2569  0  0  0  0
572  7517  7516  5042  5043  0  0  0  0
811  9991  9990  7516  7517  0  0  0  0
95  2570  2569  95  96  0  0  0  0
334  5044  5043  2569  2570  0  0  0  0
573  7518  7517  5043  5044  0  0  0  0
812  9992  9991  7517  7518  0  0  0  0
96  2571  2570  96  97  0  0  0  0
335  5045  5044  2570  2571  0  0  0  0
574  7519  7518  5044  5045  0  0  0  0
813  9993  9992  7518  7519  0  0  0  0
97  2572  2571  97  98  0  0  0  0
336  5046  5045  2571  2572  0  0  0  0
575  7520  7519  5045  5046  0  0  0  0
814  9994  9993  7519  7520  0  0  0  0
98  2573  2572  98  99  0  0  0  0
337  5047  5046  2572  2573  0  0  0  0
576  7521  7520  5046  5047  0  0  0  0
815  9995  9994  7520  7521  0  0  0  0
99  2574  2573  99  100  0  0  0  0
338  5048  5047  2573  2574  0  0  0  0
577  7522  7521  5047  5048  0  0  0  0
816  9996  9995  7521  7522  0  0  0  0
100  2575  2574  100  101  0  0  0  0
339  5049  5048  2574  2575  0  0  0  0
578  7523  7522  5048  5049  0  0  0  0
817  9997  9996  7522  7523  0  0  0  0
101  2576  2575  101  102  0  0  0  0
340  5050  5049  2575  2576  0  0  0  0
579  7524  7523  5049  5050  0  0  0  0
818  9998  9997  7523  7524  0  0  0  0
102  2577  2576  102  103  0  0  0  0
341  5051  5050  2576  2577  0  0  0  0
580  7525  7524  5050  5051  0  0  0  0
819  9999  9998  7524  7525  0  0  0  0
103  2578  2577  103  104  0  0  0  0
342  5052  5051  2577  2578  0  0  0  0
581  7526  7525  5051  5052  0  0  0  0
820  10000  9999  7525  7526  0  0  0  0
104  2579  2578  104  105  0  0  0  0
343  5053  5052  2578  2579  0  0  0  0
582  7527  7526  5052  5053  0  0  0  0
821  10001  10000  7526  7527  0  0  0  0
105  2580  2579  105  106  0  0  0  0
344  5054  5053  2579  2580  0  0  0  0
583  7528  7527  5053  5054  0  0  0  0
822  10002  10001  7527  7528  0  0  0  0
106  2581  2580  106  107  0  0  0  0
345  5055  5054  2580  2581  0  0  0  0
584  7529  7528  5054  5055  0  0  0  0
823  10003  10002  7528  7529  0  0  0  0
107  2582  2581  107  108  0  0  0  0
346  5056  5055  2581  2582  0  0  0  0
585  7530  7529  5055  5056  0  0  0  0
824  10004  10003  7529  7530  0  0  0  0
108  2583  2582  108  109  0  0  0  0
347  5057  5056  2582  2583  0  0  0  0
586  7531  7530  5056  5057  0  0  0  0
825  10005  10004  7530  7531  0  0  0  0
109  2584  2583  109  110  0  0  0  0
348  5058  5057  2583  2584  0  0  0  0
587  7532  7531  5057  5058  0  0  0  0
826  10006  10005  7531  7532  0  0  0  0
110  2585  2584  110  111  0  0  0  0
349  5059  5058  2584  2585  0  0  0  0
588  7533  7532  5058  5059  0  0  0  0
827  10007  10006  7532  7533  0  0  0  0
111  2586  2585  111  112  0  0  0  0
350  5060  5059  2585  2586  0  0  0  0
589  7534  7533  5059  5060  0  0  0  0
828  10008  10007  7533  7534  0  0  0  0
112  2587  2586  112  113  0  0  0  0
351  5061  5060  2586  2587  0  0  0  0
590  7535  7534  5060  5061  0  0  0  0
829  10009  10008  7534  7535  0  0  0  0
113  2588  2587  113  114  0  0  0  0
352  5062  5061  2587  2588  0  0  0  0
591  7536  7535  5061  5062  0  0  0  0
830  10010  10009  7535  7536  0  0  0  0
114  2589  2588  114  115  0  0  0  0
353  5063  5062  2588  2589  0  0  0  0
592  7537  7536  5062  5063  0  0  0  0
831  10011  10010  7536  7537  0  0  0  0
115  2590  2589  115  116  0  0  0  0
354  5064  5063  2589  2590  0  0  0  0
593  7538  7537  5063  5064  0  0  0  0
832  10012  10011  7537  7538  0  0  0  0
116  2591  2590  116  117  0  0  0  0
355  5065  5064  2590  2591  0  0  0  0
594  7539  7538  5064  5065  0  0  0  0
833  10013  10012  7538  7539  0  0  0  0
117  2592  2591  117  118  0  0  0  0
356  5066  5065  2591  2592  0  0  0  0
595  7540  7539  5065  5066  0  0  0  0
834  10014  10013  7539  7540  0  0  0  0
118  2593  2592  118  119  0  0  0  0
357  5067  5066  2592  2593  0  0  0  0
596  7541  7540  5066  5067  0  0  0  0
835  10015  10014  7540  7541  0  0  0  0
119  2594  2593  119  120  0  0  0  0
358  5068  5067  2593  2594  0  0  0  0
597  7542  7541  5067  5068  0  0  0  0
836  10016  10015  7541  7542  0  0  0  0
120  2595  2594  120  121  0  0  0  0
359  5069  5068  2594  2595  0  0  0  0
598  7543  7542  5068  5069  0  0  0  0
837  10017  10016  7542  7543  0  0  0  0
121  2596  2595  121  122  0  0  0  0
360  5070  5069  2595  2596  0  0  0  0
599  7544  7543  5069  5070  0  0  0  0
838  10018  10017  7543  7544  0  0  0  0
122  2597  2596  122  123  0  0  0  0
361  5071  5070  2596  2597  0  0  0  0
600  7545  7544  5070  5071  0  0  0  0
839  10019  10018  7544  7545  0  0  0  0
123  2598  2597  123  124  0  0  0  0
362  5072  5071  2597  2598  0  0  0  0
601  7546  7545  5071  5072  0  0  0  0
840  10020  10019  7545  7546  0  0  0  0
124  2599  2598  124  125  0  0  0  0
363  5073  5072  2598  2599  0  0  0  0
602  7547  7546  5072  5073  0  0  0  0
841  10021  10020  7546  7547  0  0  0  0
125  2600  2599  125  126  0  0  0  0
364  5074  5073  2599  2600  0  0  0  0
603  7548  7547  5073  5074  0  0  0  0
842  10022  10021  7547  7548  0  0  0  0
126  2601  2600  126  127  0  0  0  0
365  5075  5074  2600  2601  0  0  0  0
604  7549  7548  5074  5075  0  0  0  0
843  10023  10022  7548  7549  0  0  0  0
127  2602  2601  127  128  0  0  0  0
366  5076  5075  2601  2602  0  0  0  0
605  7550  7549  5075  5076  0  0  0  0
844  10024  10023  7549  7550  0  0  0  0
128  2603  2602  128  129  0  0  0  0
367  5077  5076  2602  2603  0  0  0  0
606  7551  7550  5076  5077  0  0  0  0
845  10025  10024  7550  7551  0  0  0  0
129  2604  2603  129  130  0  0  0  0
368  5078  5077  2603  2604  0  0  0  0
607  7552  7551  5077  5078  0  0  0  0
846  10026  10025  7551  7552  0  0  0  0
130  2605  2604  130  131  0  0  0  0
369  5079  5078  2604  2605  0  0  0  0
608  7553  7552  5078  5079  0  0  0  0
847  10027  10026  7552  7553  0  0  0  0
131  2606  2605  131  132  0  0  0  0
370  5080  5079  2605  2606  0  0  0  0
609  7554  7553  5079  5080  0  0  0  0
848  10028  10027  7553  7554  0  0  0  0
132  2607  2606  132  133  0  0  0  0
371  5081  5080  2606  2607  0  0  0  0
610  7555  7554  5080  5081  0  0  0  0
849  10029  10028  7554  7555  0  0  0  0
133  2608  2607  133  134  0  0  0  0
372  5082  5081  2607  2608  0  0  0  0
611  7556  7555  5081  5082  0  0  0  0
850  10030  10029  7555  7556  0  0  0  0
134  2609  2608  134  135  0  0  0  0
373  5083  5082  2608  2609  0  0  0  0
612  7557  7556  5082  5083  0  0  0  0
851  10031  10030  7556  7557  0  0  0  0
135  2610  2609  135  136  0  0  0  0
374  5084  5083  2609  2610  0  0  0  0
613  7558  7557  5083  5084  0  0  0  0
852  10032  10031  7557  7558  0  0  0  0
136  2611  2610  136  137  0  0  0  0
375  5085  5084  2610  2611  0  0  0  0
614  7559  7558  5084  5085  0  0  0  0
853  10033  10032  7558  7559  0  0  0  0
137  2612  2611  137  138  0  0  0  0
376  5086  5085  2611  2612  0  0  0  0
615  7560  7559  5085  5086  0  0  0  0
854  10034  10033  7559  7560  0  0  0  0
138  2613  2612  138  139  0  0  0  0
377  5087  5086  2612  2613  0  0  0  0
616  7561  7560  5086  5087  0  0  0  0
855  10035  10034  7560  7561  0  0  0  0
139  2614  2613  139  140  0  0  0  0
378  5088  5087  2613  2614  0  0  0  0
617  7562  7561  5087  5088  0  0  0  0
856  10036  10035  7561  7562  0  0  0  0
140  2615  2614  140  141  0  0  0  0
379  5089  5088  2614  2615  0  0  0  0
618  7563  7562  5088  5089  0  0  0  0
857  10037  10036  7562  7563  0  0  0  0
141  2616  2615  141  142  0  0  0  0
380  5090  5089  2615  2616  0  0  0  0
619  7564  7563  5089  5090  0  0  0  0
858  10038  10037  7563  7564  0  0  0  0
142  2617  2616  142  143  0  0  0  0
381  5091  5090  2616  2617  0  0  0  0
620  7565  7564  5090  5091  0  0  0  0
859  10039  10038  7564  7565  0  0  0  0
143  2618  2617  143  144  0  0  0  0
382  5092  5091  2617  2618  0  0  0  0
621  7566  7565  5091  5092  0  0  0  0
860  10040  10039  7565  7566  0  0  0  0
144  2619  2618  144  145  0  0  0  0
383  5093  5092  2618  2619  0  0  0  0
622  7567  7566  5092  5093  0  0  0  0
861  10041  10040  7566  7567  0  0  0  0
145  2620  2619  145  146  0  0  0  0
384  5094  5093  2619  2620  0  0  0  0
623  7568  7567  5093  5094  0  0  0  0
862  10042  10041  7567  7568  0  0  0  0
146  2621  2620  146  147  0  0  0  0
385  5095  5094  2620  2621  0  0  0  0
624  7569  7568  5094  5095  0  0  0  0
863  10043  10042  7568  7569  0  0  0  0
147  2622  2621  147  148  0  0  0  0
386  5096  5095  2621  2622  0  0  0  0
625  7570  7569  5095  5096  0  0  0  0
864  10044  10043  7569  7570  0  0  0  0
148  2623  2622  148  149  0  0  0  0
387  5097  5096  2622  2623  0  0  0  0
626  7571  7570  5096  5097  0  0  0  0
865  10045  10044  7570  7571  0  0  0  0
149  2624  2623  149  150  0  0  0  0
388  5098  5097  2623  2624  0  0  0  0
627  7572  7571  5097  5098  0  0  0  0
866  10046  10045  7571  7572  0  0  0  0
150  2625  2624  150  151  0  0  0  0
389  5099  5098  2624  2625  0  0  0  0
628  7573  7572  5098  5099  0  0  0  0
867  10047  10046  7572  7573  0  0  0  0
151  2626  2625  151  152  0  0  0  0
390  5100  5099  2625  2626  0  0  0  0
629  7574  7573  5099  5100  0  0  0  0
868  10048  10047  7573  7574  0  0  0  0
152  2627  2626  152  153  0  0  0  0
391  5101  5100  2626  2627  0  0  0  0
630  7575  7574  5100  5101  0  0  0  0
869  10049  10048  7574  7575  0  0  0  0
153  2628  2627  153  154  0  0  0  0
392  5102  5101  2627  2628  0  0  0  0
631  7576  7575  5101  5102  0  0  0  0
870  10050  10049  7575  7576  0  0  0  0
154  2629  2628  154  155  0  0  0  0
393  5103  5102  2628  2629  0  0  0  0
632  7577  7576  5102  5103  0  0  0  0
871  10051  10050  7576  7577  0  0  0  0
155  2630  2629  155  156  0  0  0  0
394  5104  5103  2629  2630  0  0  0  0
633  7578  7577  5103  5104  0  0  0  0
872  10052  10051  7577  7578  0  0  0  0
156  2631  2630  156  157  0  0  0  0
395  5105  5104  2630  2631  0  0  0  0
634  7579  7578  5104  5105  0  0  0  0
873  10053  10052  7578  7579  0  0  0  0
157  2632  2631  157  158  0  0  0  0
396  5106  5105  2631  2632  0  0  0  0
635  7580  7579  5105  5106  0  0  0  0
874  10054  10053  7579  7580  0  0  0  0
158  2633  2632  158  159  0  0  0  0
397  5107  5106  2632  2633  0  0  0  0
636  7581  7580  5106  5107  0  0  0  0
875  10055  10054  7580  7581  0  0  0  0
159  2634  2633  159  160  0  0  0  0
398  5108  5107  2633  2634  0  0  0  0
637  7582  7581  5107  5108  0  0  0  0
876  10056  10055  7581  7582  0  0  0  0
160  2635  2634  160  161  0  0  0  0
399  5109  5108  2634  2635  0  0  0  0
638  7583  7582  5108  5109  0  0  0  0
877  10057  10056  7582  7583  0  0  0  0
161  2636  2635  161  162  0  0  0  0
400  5110  5109  2635  2636  0  0  0  0
639  7584  7583  5109  5110  0  0  0  0
878  10058  10057  7583  7584  0  0  0  0
162  2637  2636  162  163  0  0  0  0
401  5111  5110  2636  2637  0  0  0  0
640  7585  7584  5110  5111  0  0  0  0
879  10059  10058  7584  7585  0  0  0  0
163  2638  2637  163  164  0  0  0  0
402  5112  5111  2637  2638  0  0  0  0
641  7586  7585  5111  5112  0  0  0  0
880  10060  10059  7585  7586  0  0  0  0
164  2639  2638  164  165  0  0  0  0
403  5113  5112  2638  2639  0  0  0  0
642  7587  7586  5112  5113  0  0  0  0
881  10061  10060  7586  7587  0  0  0  0
165  2640  2639  165  166  0  0  0  0
404  5114  5113  2639  2640  0  0  0  0
643  7588  7587  5113  5114  0  0  0  0
882  10062  10061  7587  7588  0  0  0  0
166  2641  2640  166  167  0  0  0  0
405  5115  5114  2640  2641  0  0  0  0
644  7589  7588  5114  5115  0  0  0  0
883  10063  10062  7588  7589  0  0  0  0
167  2642  2641  167  168  0  0  0  0
406  5116  5115  2641  2642  0  0  0  0
645  7590  7589  5115  5116  0  0  0  0
884  10064  10063  7589  7590  0  0  0  0
168  2643  2642  168  169  0  0  0  0
407  5117  5116  2642  2643  0  0  0  0
646  7591  7590  5116  5117  0  0  0  0
885  10065  10064  7590  7591  0  0  0  0
169  2644  2643  169  170  0  0  0  0
408  5118  5117  2643  2644  0  0  0  0
647  7592  7591  5117  5118  0  0  0  0
886  10066  10065  7591  7592  0  0  0  0
170  2645  2644  170  171  0  0  0  0
409  5119  5118  2644  2645  0  0  0  0
648  7593  7592  5118  5119  0  0  0  0
887  10067  10066  7592  7593  0  0  0  0
171  2646  2645  171  172  0  0  0  0
410  5120  5119  2645  2646  0  0  0  0
649  7594  7593  5119  5120  0  0  0  0
888  10068  10067  7593  7594  0  0  0  0
172  2647  2646  172  173  0  0  0  0
411  5121  5120  2646  2647  0  0  0  0
650  7595  7594  5120  5121  0  0  0  0
889  10069  10068  7594  7595  0  0  0  0
173  2648  2647  173  174  0  0  0  0
412  5122  5121  2647  2648  0  0  0  0
651  7596  7595  5121  5122  0  0  0  0
890  10070  10069  7595  7596  0  0  0  0
174  2649  2648  174  175  0  0  0  0
413  5123  5122  2648  2649  0  0  0  0
652  7597  7596  5122  5123  0  0  0  0
891  10071  10070  7596  7597  0  0  0  0
175  2650  2649  175  176  0  0  0  0
414  5124  5123  2649  2650  0  0  0  0
653  7598  7597  5123  5124  0  0  0  0
892  10072  10071  7597  7598  0  0  0  0
176  2651  2650  176  177  0  0  0  0
415  5125  5124  2650  2651  0  0  0  0
654  7599  7598  5124  5125  0  0  0  0
893  10073  10072  7598  7599  0  0  0  0
177  2652  2651  177  178  0  0  0  0
416  5126  5125  2651  2652  0  0  0  0
655  7600  7599  5125  5126  0  0  0  0
894  10074  10073  7599  7600  0  0  0  0
178  2653  2652  178  179  0  0  0  0
417  5127  5126  2652  2653  0  0  0  0
656  7601  7600  5126  5127  0  0  0  0
895  10075  10074  7600  7601  0  0  0  0
179  2654  2653  179  180  0  0  0  0
418  5128  5127  2653  2654  0  0  0  0
657  7602  7601  5127  5128  0  0  0  0
896  10076  10075  7601  7602  0  0  0  0
180  2655  2654  180  181  0  0  0  0
419  5129  5128  2654  2655  0  0  0  0
658  7603  7602  5128  5129  0  0  0  0
897  10077  10076  7602  7603  0  0  0  0
181  2656  2655  181  182  0  0  0  0
420  5130  5129  2655  2656  0  0  0  0
659  7604  7603  5129  5130  0  0  0  0
898  10078  10077  7603  7604  0  0  0  0
182  2657  2656  182  183  0  0  0  0
421  5131  5130  2656  2657  0  0  0  0
660  7605  7604  5130  5131  0  0  0  0
899  10079  10078  7604  7605  0  0  0  0
183  2658  2657  183  184  0  0  0  0
422  5132  5131  2657  2658  0  0  0  0
661  7606  7605  5131  5132  0  0  0  0
900  10080  10079  7605  7606  0  0  0  0
184  2659  2658  184  185  0  0  0  0
423  5133  5132  2658  2659  0  0  0  0
662  7607  7606  5132  5133  0  0  0  0
901  10081  10080  7606  7607  0  0  0  0
185  2660  2659  185  186  0  0  0  0
424  5134  5133  2659  2660  0  0  0  0
663  7608  7607  5133  5134  0  0  0  0
902  10082  10081  7607  7608  0  0  0  0
186  2661  2660  186  187  0  0  0  0
425  5135  5134  2660  2661  0  0  0  0
664  7609  7608  5134  5135  0  0  0  0
903  10083  10082  7608  7609  0  0  0  0
187  2662  2661  187  188  0  0  0  0
426  5136  5135  2661  2662  0  0  0  0
665  7610  7609  5135  5136  0  0  0  0
904  10084  10083  7609  7610  0  0  0  0
188  2663  2662  188  189  0  0  0  0
427  5137  5136  2662  2663  0  0  0  0
666  7611  7610  5136  5137  0  0  0  0
905  10085  10084  7610  7611  0  0  0  0
189  2664  2663  189  190  0  0  0  0
428  5138  5137  2663  2664  0  0  0  0
667  7612  7611  5137  5138  0  0  0  0
906  10086  10085  7611  7612  0  0  0  0
190  2665  2664  190  191  0  0  0  0
429  5139  5138  2664  2665  0  0  0  0
668  7613  7612  5138  5139  0  0  0  0
907  10087  10086  7612  7613  0  0  0  0
191  2666  2665  191  192  0  0  0  0
430  5140  5139  2665  2666  0  0  0  0
669  7614  7613  5139  5140  0  0  0  0
908  10088  10087  7613  7614  0  0  0  0
192  2667  2666  192  193  0  0  0  0
431  5141  5140  2666  2667  0  0  0  0
670  7615  7614  5140  5141  0  0  0  0
909  10089  10088  7614  7615  0  0  0  0
193  2668  2667  193  194  0  0  0  0
432  5142  5141  2667  2668  0  0  0  0
671  7616  7615  5141  5142  0  0  0  0
910  10090  10089  7615  7616  0  0  0  0
194  2669  2668  194  195  0  0  0  0
433  5143  5142  2668  2669  0  0  0  0
672  7617  7616  5142  5143  0  0  0  0
911  10091  10090  7616  7617  0  0  0  0
195  2670  2669  195  196  0  0  0  0
434  5144  5143  2669  2670  0  0  0  0
673  7618  7617  5143  5144  0  0  0  0
912  10092  10091  7617  7618  0  0  0  0
196  2671  2670  196  197  0  0  0  0
435  5145  5144  2670  2671  0  0  0  0
674  7619  7618  5144  5145  0  0  0  0
913  10093  10092  7618  7619  0  0  0  0
197  2672  2671  197  198  0  0  0  0
436  5146  5145  2671  2672  0  0  0  0
675  7620  7619  5145  5146  0  0  0  0
914  10094  10093  7619  7620  0  0  0  0
198  2475  2672  198  1  0  0  0  0
437  4949  5146  2672  2475  0  0  0  0
676  7423  7620  5146  4949  0  0  0  0
915  9897  10094  7620  7423  0  0  0  0
199  2673  2621  147  199  0  0  0  0
438  5147  5095  2621  2673  0  0  0  0
677  7621  7569  5095  5147  0  0  0  0
916  10095  10043  7569  7621  0  0  0  0
200  2674  2673  199  200  0  0  0  0
439  5148  5147  2673  2674  0  0  0  0
678  7622  7621  5147  5148  0  0  0  0
917  10096  10095  7621  7622  0  0  0  0
201  2675  2674  200  201  0  0  0  0
440  5149  5148  2674  2675  0  0  0  0
679  7623  7622  5148  5149  0  0  0  0
918  10097  10096  7622  7623  0  0  0  0
202  2676  2675  201  202  0  0  0  0
441  5150  5149  2675  2676  0  0  0  0
680  7624  7623  5149  5150  0  0  0  0
919  10098  10097  7623  7624  0  0  0  0
203  2677  2676  202  203  0  0  0  0
442  5151  5150  2676  2677  0  0  0  0
681  7625  7624  5150  5151  0  0  0  0
920  10099  10098  7624  7625  0  0  0  0
204  2678  2677  203  204  0  0  0  0
443  5152  5151  2677  2678  0  0  0  0
682  7626  7625  5151  5152  0  0  0  0
921  10100  10099  7625  7626  0  0  0  0
205  2679  2678  204  205  0  0  0  0
444  5153  5152  2678  2679  0  0  0  0
683  7627  7626  5152  5153  0  0  0  0
922  10101  10100  7626  7627  0  0  0  0
206  2680  2679  205  206  0  0  0  0
445  5154  5153  2679  2680  0  0  0  0
684  7628  7627  5153  5154  0  0  0  0
923  10102  10101  7627  7628  0  0  0  0
207  2681  2680  206  207  0  0  0  0
446  5155  5154  2680  2681  0  0  0  0
685  7629  7628  5154  5155  0  0  0  0
924  10103  10102  7628  7629  0  0  0  0
208  2682  2681  207  208  0  0  0  0
447  5156  5155  2681  2682  0  0  0  0
686  7630  7629  5155  5156  0  0  0  0
925  10104  10103  7629  7630  0  0  0  0
209  2683  2682  208  209  0  0  0  0
448  5157  5156  2682  2683  0  0  0  0
687  7631  7630  5156  5157  0  0  0  0
926  10105  10104  7630  7631  0  0  0  0
210  2684  2683  209  210  0  0  0  0
449  5158  5157  2683  2684  0  0  0  0
688  7632  7631  5157  5158  0  0  0  0
927  10106  10105  7631  7632  0  0  0  0
211  2685  2684  210  211  0  0  0  0
450  5159  5158  2684  2685  0  0  0  0
689  7633  7632  5158  5159  0  0  0  0
928  10107  10106  7632  7633  0  0  0  0
212  2686  2685  211  212  0  0  0  0
451  5160  5159  2685  2686  0  0  0  0
690  7634  7633  5159  5160  0  0  0  0
929  10108  10107  7633  7634  0  0  0  0
213  2687  2686  212  213  0  0  0  0
452  5161  5160  2686  2687  0  0  0  0
691  7635  7634  5160  5161  0  0  0  0
930  10109  10108  7634  7635  0  0  0  0
214  2688  2687  213  214  0  0  0  0
453  5162  5161  2687  2688  0  0  0  0
692  7636  7635  5161  5162  0  0  0  0
931  10110  10109  7635  7636  0  0  0  0
215  2689  2688  214  215  0  0  0  0
454  5163  5162  2688  2689  0  0  0  0
693  7637  7636  5162  5163  0  0  0  0
932  10111  10110  7636  7637  0  0  0  0
216  2690  2689  215  216  0  0  0  0
455  5164  5163  2689  2690  0  0  0  0
694  7638  7637  5163  5164  0  0  0  0
933  10112  10111  7637  7638  0  0  0  0
217  2691  2690  216  217  0  0  0  0
456  5165  5164  2690  2691  0  0  0  0
695  7639  7638  5164  5165  0  0  0  0
934  10113  10112  7638  7639  0  0  0  0
218  2527  2691  217  53  0  0  0  0
457  5001  5165  2691  2527  0  0  0  0
696  7475  7639  5165  5001  0  0  0  0
935  9949  10113  7639  7475  0  0  0  0
219  2692  2600  126  218  0  0  0  0
458  5166  5074  2600  2692  0  0  0  0
697  7640  7548  5074  5166  0  0  0  0
936  10114  10022  7548  7640  0  0  0  0
220  2693  2692  218  219  0  0  0  0
459  5167  5166  2692  2693  0  0  0  0
698  7641  7640  5166  5167  0  0  0  0
937  10115  10114  7640  7641  0  0  0  0
221  2694  2693  219  220  0  0  0  0
460  5168  5167  2693  2694  0  0  0  0
699  7642  7641  5167  5168  0  0  0  0
938  10116  10115  7641  7642  0  0  0  0
222  2695  2694  220  221  0  0  0  0
461  5169  5168  2694  2695  0  0  0  0
700  7643  7642  5168  5169  0  0  0  0
939  10117  10116  7642  7643  0  0  0  0
223  2696  2695  221  222  0  0  0  0
462  5170  5169  2695  2696  0  0  0  0
701  7644  7643  5169  5170  0  0  0  0
940  10118  10117  7643  7644  0  0  0  0
224  2697  2696  222  223  0  0  0  0
463  5171  5170  2696  2697  0  0  0  0
702  7645  7644  5170  5171  0  0  0  0
941  10119  10118  7644  7645  0  0  0  0
225  2698  2697  223  224  0  0  0  0
464  5172  5171  2697  2698  0  0  0  0
703  7646  7645  5171  5172  0  0  0  0
942  10120  10119  7645  7646  0  0  0  0
226  2699  2698  224  225  0  0  0  0
465  5173  5172  2698  2699  0  0  0  0
704  7647  7646  5172  5173  0  0  0  0
943  10121  10120  7646  7647  0  0  0  0
227  2700  2699  225  226  0  0  0  0
466  5174  5173  2699  2700  0  0  0  0
705  7648  7647  5173  5174  0  0  0  0
944  10122  10121  7647  7648  0  0  0  0
228  2701  2700  226  227  0  0  0  0
467  5175  5174  2700  2701  0  0  0  0
706  7649  7648  5174  5175  0  0  0  0
945  10123  10122  7648  7649  0  0  0  0
229  2702  2701  227  228  0  0  0  0
468  5176  5175  2701  2702  0  0  0  0
707  7650  7649  5175  5176  0  0  0  0
946  10124  10123  7649  7650  0  0  0  0
230  2703  2702  228  229  0  0  0  0
469  5177  5176  2702  2703  0  0  0  0
708  7651  7650  5176  5177  0  0  0  0
947  10125  10124  7650  7651  0  0  0  0
231  2704  2703  229  230  0  0  0  0
470  5178  5177  2703  2704  0  0  0  0
709  7652  7651  5177  5178  0  0  0  0
948  10126  10125  7651  7652  0  0  0  0
232  2705  2704  230  231  0  0  0  0
471  5179  5178  2704  2705  0  0  0  0
710  7653  7652  5178  5179  0  0  0  0
949  10127  10126  7652  7653  0  0  0  0
233  2706  2705  231  232  0  0  0  0
472  5180  5179  2705  2706  0  0  0  0
711  7654  7653  5179  5180  0  0  0  0
950  10128  10127  7653  7654  0  0  0  0
234  2707  2706  232  233  0  0  0  0
473  5181  5180  2706  2707  0  0  0  0
712  7655  7654  5180  5181  0  0  0  0
951  10129  10128  7654  7655  0  0  0  0
235  2708  2707  233  234  0  0  0  0
474  5182  5181  2707  2708  0  0  0  0
713  7656  7655  5181  5182  0  0  0  0
952  10130  10129  7655  7656  0  0  0  0
236  2709  2708  234  235  0  0  0  0
475  5183  5182  2708  2709  0  0  0  0
714  7657  7656  5182  5183  0  0  0  0
953  10131  10130  7656  7657  0  0  0  0
237  2710  2709  235  236  0  0  0  0
476  5184  5183  2709  2710  0  0  0  0
715  7658  7657  5183  5184  0  0  0  0
954  10132  10131  7657  7658  0  0  0  0
238  2711  2710  236  237  0  0  0  0
477  5185  5184  2710  2711  0  0  0  0
716  7659  7658  5184  5185  0  0  0  0
955  10133  10132  7658  7659  0  0  0  0
239  2548  2711  237  74  0  0  0  0
478  5022  5185  2711  2548  0  0  0  0
717  7496  7659  5185  5022  0  0  0  0
956  9970  10133  7659  7496  0  0  0  0
