1  -1.12540000e+00  -2.15913600e-03
2  -1.10883448e+00  -1.57621674e-03
3  -1.09226033e+00  -1.36332773e-03
4  -1.07568502e+00  -1.48417827e-03
5  -1.05911415e+00  -1.88593001e-03
6  -1.04255064e+00  -2.52444683e-03
7  -1.02599746e+00  -3.39116721e-03
8  -1.00945488e+00  -4.44104026e-03
9  -9.92925981e-01  -5.68698110e-03
10  -9.76410079e-01  -7.09619983e-03
11  -9.59908174e-01  -8.66077224e-03
12  -9.43422174e-01  -1.03850020e-02
13  -9.26950000e-01  -1.22365773e-02
14  -9.04820499e-01  -1.48891553e-02
15  -8.88579091e-01  -1.69611292e-02
16  -8.72351485e-01  -1.91385563e-02
17  -8.56133868e-01  -2.13892847e-02
18  -8.39927097e-01  -2.37167396e-02
19  -8.23731323e-01  -2.61195493e-02
20  -8.07544039e-01  -2.85790197e-02
21  -7.91365362e-01  -3.10943360e-02
22  -7.75196361e-01  -3.36712327e-02
23  -7.59034992e-01  -3.62956968e-02
24  -7.42876341e-01  -3.89368469e-02
25  -7.26723683e-01  -4.16143853e-02
26  -7.10575954e-01  -4.43214766e-02
27  -6.94429903e-01  -4.70385966e-02
28  -6.78284230e-01  -4.97579585e-02
29  -6.62140015e-01  -5.24859649e-02
30  -6.45998434e-01  -5.52295137e-02
31  -6.29853737e-01  -5.79546390e-02
32  -6.13705517e-01  -6.06588151e-02
33  -5.97553852e-01  -6.33423549e-02
34  -5.81397993e-01  -6.60005358e-02
35  -5.65236892e-01  -6.86266155e-02
36  -5.49070370e-01  -7.12190571e-02
37  -5.32898128e-01  -7.37756622e-02
38  -5.16719060e-01  -7.62887228e-02
39  -5.00532272e-01  -7.87513860e-02
40  -4.84337791e-01  -8.11629317e-02
41  -4.68134028e-01  -8.35114699e-02
42  -4.51919694e-01  -8.57858809e-02
43  -4.35697864e-01  -8.80058812e-02
44  -4.19468185e-01  -9.01676901e-02
45  -4.03224787e-01  -9.22243093e-02
46  -3.86971968e-01  -9.42047663e-02
47  -3.70711376e-01  -9.61202582e-02
48  -3.54442018e-01  -9.79601555e-02
49  -3.38162249e-01  -9.97055266e-02
50  -3.16000000e-01  -1.01960435e-01
51  -2.99620436e-01  -1.03502779e-01
52  -2.83232329e-01  -1.04952632e-01
53  -2.66835301e-01  -1.06298331e-01
54  -2.50428825e-01  -1.07522678e-01
55  -2.34016316e-01  -1.08662853e-01
56  -2.17597811e-01  -1.09713716e-01
57  -2.01170598e-01  -1.10619195e-01
58  -1.84737941e-01  -1.11417713e-01
59  -1.68300792e-01  -1.12115868e-01
60  -1.51859029e-01  -1.12700527e-01
61  -1.35413436e-01  -1.13164622e-01
62  -1.18965132e-01  -1.13514291e-01
63  -1.02514980e-01  -1.13766552e-01
64  -8.60636549e-02  -1.13929267e-01
65  -6.96115198e-02  -1.13953872e-01
66  -5.31596174e-02  -1.13880045e-01
67  -3.67083266e-02  -1.13718640e-01
68  -2.02582010e-02  -1.13465591e-01
69  -3.81057603e-03  -1.13079785e-01
70  1.26328888e-02  -1.12546857e-01
71  2.90724264e-02  -1.11905562e-01
72  4.55071839e-02  -1.11151935e-01
73  6.19360148e-02  -1.10277498e-01
74  7.83581799e-02  -1.09284890e-01
75  9.47699423e-02  -1.08132740e-01
76  1.11171210e-01  -1.06840588e-01
77  1.27561638e-01  -1.05417975e-01
78  1.43938641e-01  -1.03849053e-01
79  1.60300000e-01  -1.02124480e-01
80  1.78273281e-01  -1.00048453e-01
81  1.95229488e-01  -9.78997071e-02
82  2.12158286e-01  -9.55444567e-02
83  2.29058763e-01  -9.29935763e-02
84  2.45927096e-01  -9.02386709e-02
85  2.63750000e-01  -8.70658452e-02
86  2.79498281e-01  -8.40296934e-02
87  2.95201962e-01  -8.07708409e-02
88  3.10851101e-01  -7.72590326e-02
89  3.26432323e-01  -7.34576369e-02
90  3.41935191e-01  -6.93496197e-02
91  3.57345623e-01  -6.49072116e-02
92  3.72634530e-01  -6.00640299e-02
93  3.87763923e-01  -5.47438064e-02
94  4.02682288e-01  -4.88604098e-02
95  4.17284466e-01  -4.22328346e-02
96  4.31424744e-01  -3.46737010e-02
97  4.44752688e-01  -2.57704755e-02
98  4.56279984e-01  -1.46849145e-02
99  4.62200000e-01  0.00000000e+00
100  4.57776653e-01  1.55302360e-02
101  4.48439173e-01  2.87811267e-02
102  4.36982149e-01  4.02894278e-02
103  4.24391776e-01  5.05561577e-02
104  4.11118249e-01  5.99279670e-02
105  3.97409233e-01  6.86512675e-02
106  3.83351699e-01  7.68019897e-02
107  3.69013544e-01  8.44490505e-02
108  3.54431084e-01  9.16198847e-02
109  3.39676084e-01  9.84290850e-02
110  3.24754613e-01  1.04864972e-01
111  3.09673561e-01  1.10918798e-01
112  2.94469720e-01  1.16657157e-01
113  2.79158538e-01  1.22102137e-01
114  2.63750000e-01  1.27265283e-01
115  2.46047925e-01  1.32830160e-01
116  2.29247848e-01  1.37769657e-01
117  2.12367039e-01  1.42426525e-01
118  1.95412039e-01  1.46804878e-01
119  1.78386663e-01  1.50901365e-01
120  1.60300000e-01  1.54923406e-01
121  1.44119837e-01  1.58273756e-01
122  1.27895915e-01  1.61404138e-01
123  1.11630261e-01  1.64311631e-01
124  9.53341144e-02  1.67043169e-01
125  7.89978994e-02  1.69524804e-01
126  6.26306130e-02  1.71791856e-01
127  4.62366465e-02  1.73855744e-01
128  2.98201724e-02  1.75731902e-01
129  1.33834171e-02  1.77420193e-01
130  -3.07327591e-03  1.78904808e-01
131  -1.95486861e-02  1.80165924e-01
132  -3.60390352e-02  1.81209688e-01
133  -5.25391882e-02  1.82085350e-01
134  -6.90473555e-02  1.82792594e-01
135  -8.55633337e-02  1.83295385e-01
136  -1.02084212e-01  1.83592156e-01
137  -1.18607180e-01  1.83680836e-01
138  -1.35129375e-01  1.83532996e-01
139  -1.51647225e-01  1.83099580e-01
140  -1.68151708e-01  1.82304624e-01
141  -1.84642579e-01  1.81276952e-01
142  -2.01120409e-01  1.80052394e-01
143  -2.17582940e-01  1.78632876e-01
144  -2.34024949e-01  1.76993771e-01
145  -2.50451030e-01  1.75203397e-01
146  -2.66862994e-01  1.73286211e-01
147  -2.83259244e-01  1.71238406e-01
148  -2.99636178e-01  1.69042086e-01
149  -3.16000000e-01  1.66750320e-01
150  -3.38214786e-01  1.63465393e-01
151  -3.54540168e-01  1.60934379e-01
152  -3.70851405e-01  1.58313745e-01
153  -3.87150833e-01  1.55620852e-01
154  -4.03440197e-01  1.52867660e-01
155  -4.19717999e-01  1.50046710e-01
156  -4.35982556e-01  1.47150516e-01
157  -4.52239528e-01  1.44212044e-01
158  -4.68488763e-01  1.41230976e-01
159  -4.84723131e-01  1.38169956e-01
160  -5.00947239e-01  1.35055105e-01
161  -5.17164727e-01  1.31905913e-01
162  -5.33377286e-01  1.28731404e-01
163  -5.49578828e-01  1.25501135e-01
164  -5.65776485e-01  1.22251464e-01
165  -5.81967374e-01  1.18968330e-01
166  -5.98147919e-01  1.15634477e-01
167  -6.14327206e-01  1.12294527e-01
168  -6.30497157e-01  1.08909764e-01
169  -6.46663318e-01  1.05506848e-01
170  -6.62829902e-01  1.02105951e-01
171  -6.78988714e-01  9.86683058e-02
172  -6.95140190e-01  9.51963774e-02
173  -7.11292491e-01  9.17282824e-02
174  -7.27443401e-01  8.82537567e-02
175  -7.43587887e-01  8.47494506e-02
176  -7.59730679e-01  8.12373533e-02
177  -7.75868170e-01  7.77009791e-02
178  -7.92006911e-01  7.41703151e-02
179  -8.08145312e-01  7.06380924e-02
180  -8.24280930e-01  6.70931909e-02
181  -8.40412871e-01  6.35315859e-02
182  -8.56542356e-01  5.99588689e-02
183  -8.72673765e-01  5.63948918e-02
184  -8.88810160e-01  5.28535314e-02
185  -9.04942133e-01  4.92920667e-02
186  -9.26950000e-01  4.44487020e-02
187  -9.43468328e-01  4.08350289e-02
188  -9.59988978e-01  3.72319831e-02
189  -9.76511672e-01  3.36383258e-02
190  -9.93034391e-01  3.00447946e-02
191  -1.00956461e+00  2.64859371e-02
192  -1.02609675e+00  2.29360144e-02
193  -1.04263156e+00  1.93985175e-02
194  -1.05917478e+00  1.59006078e-02
195  -1.07572619e+00  1.24415933e-02
196  -1.09228170e+00  9.00233516e-03
197  -1.10884492e+00  5.60046137e-03
198  -2.99635194e-01  1.52008032e-01
199  -2.99634211e-01  1.34973978e-01
200  -2.99633227e-01  1.17939924e-01
201  -2.99632243e-01  1.00905870e-01
202  -2.99631259e-01  8.38718157e-02
203  -2.99630275e-01  6.68377617e-02
204  -2.99629291e-01  4.98037077e-02
205  -2.99628307e-01  3.27696536e-02
206  -2.99627323e-01  1.57355996e-02
207  -2.99626339e-01  -1.29845445e-03
208  -2.99625355e-01  -1.83325085e-02
209  -2.99624371e-01  -3.53665625e-02
210  -2.99623387e-01  -5.24006166e-02
211  -2.99622403e-01  -6.94346706e-02
212  -2.99621419e-01  -8.64687246e-02
213  1.44108513e-01  1.41891081e-01
214  1.44097188e-01  1.25508405e-01
215  1.44085863e-01  1.09125729e-01
216  1.44074538e-01  9.27430539e-02
217  1.44063213e-01  7.63603784e-02
218  1.44051889e-01  5.99777029e-02
219  1.44040564e-01  4.35950273e-02
220  1.44029239e-01  2.72123518e-02
221  1.44017914e-01  1.08296762e-02
222  1.44006590e-01  -5.55299934e-03
223  1.43995265e-01  -2.19356749e-02
224  1.43983940e-01  -3.83183504e-02
225  1.43972615e-01  -5.47010260e-02
226  1.43961291e-01  -7.10837015e-02
227  1.43949966e-01  -8.74663771e-02
2455  -1.12297221e+00  -1.57339577e-03
2456  -1.10884648e+00  -1.07636084e-03
2457  -1.09226172e+00  -8.63329657e-04
2458  -1.07567714e+00  -9.84240405e-04
2459  -1.05909846e+00  -1.38617625e-03
2460  -1.04252794e+00  -2.02496251e-03
2461  -1.02596855e+00  -2.89200351e-03
2462  -1.00942025e+00  -3.94224070e-03
2463  -9.92885935e-01  -5.18858737e-03
2464  -9.76365227e-01  -6.59821556e-03
2465  -9.59858571e-01  -8.16323875e-03
2466  -9.43368243e-01  -9.88791908e-03
2467  -9.26892320e-01  -1.17399154e-02
2468  -9.04759108e-01  -1.43929385e-02
2469  -8.88514207e-01  -1.64653571e-02
2470  -8.72283871e-01  -1.86431490e-02
2471  -8.56063964e-01  -2.08941954e-02
2472  -8.39854870e-01  -2.32219838e-02
2473  -8.23657081e-01  -2.56250919e-02
2474  -8.07468079e-01  -2.80848233e-02
2475  -7.91287609e-01  -3.06004185e-02
2476  -7.75116941e-01  -3.31775805e-02
2477  -7.58954591e-01  -3.58022034e-02
2478  -7.42795130e-01  -3.84434862e-02
2479  -7.26641465e-01  -4.11211914e-02
2480  -7.10493132e-01  -4.38283838e-02
2481  -6.94346894e-01  -4.65455353e-02
2482  -6.78201054e-01  -4.92649252e-02
2483  -6.62056470e-01  -5.19929941e-02
2484  -6.45914933e-01  -5.47365354e-02
2485  -6.29770837e-01  -5.74615593e-02
2486  -6.13623252e-01  -6.01656290e-02
2487  -5.97472289e-01  -6.28490522e-02
2488  -5.81317308e-01  -6.55070889e-02
2489  -5.65157210e-01  -6.81330055e-02
2490  -5.48991749e-01  -7.07252770e-02
2491  -5.32820719e-01  -7.32816906e-02
2492  -5.16643086e-01  -7.57945286e-02
2493  -5.00457848e-01  -7.82569560e-02
2494  -4.84265109e-01  -8.06682425e-02
2495  -4.68063440e-01  -8.30164776e-02
2496  -4.51851069e-01  -8.52906127e-02
2497  -4.35630958e-01  -8.75103778e-02
2498  -4.19403774e-01  -8.96718563e-02
2499  -4.03163145e-01  -9.17281236e-02
2500  -3.86912481e-01  -9.37083177e-02
2501  -3.70654035e-01  -9.56235571e-02
2502  -3.54387274e-01  -9.74631614e-02
2503  -3.38110293e-01  -9.92082333e-02
2504  -3.15951257e-01  -1.01462817e-01
2505  -2.98904461e-01  -1.03066078e-01
2506  -2.83189849e-01  -1.04454440e-01
2507  -2.66796247e-01  -1.05799859e-01
2508  -2.50392894e-01  -1.07023971e-01
2509  -2.33983022e-01  -1.08163963e-01
2510  -2.17568083e-01  -1.09214601e-01
2511  -2.01144705e-01  -1.10119866e-01
2512  -1.84715198e-01  -1.10918231e-01
2513  -1.68281299e-01  -1.11616248e-01
2514  -1.51843092e-01  -1.12200781e-01
2515  -1.35401070e-01  -1.12664775e-01
2516  -1.18955985e-01  -1.13014375e-01
2517  -1.02508674e-01  -1.13266592e-01
2518  -8.60608084e-02  -1.13429275e-01
2519  -6.96122678e-02  -1.13453873e-01
2520  -5.31631919e-02  -1.13380058e-01
2521  -3.67146245e-02  -1.13218680e-01
2522  -2.02679089e-02  -1.12965685e-01
2523  -3.82453689e-03  -1.12579980e-01
2524  1.26150456e-02  -1.12047175e-01
2525  2.90512295e-02  -1.11406012e-01
2526  4.54824442e-02  -1.10652547e-01
2527  6.19076437e-02  -1.09778304e-01
2528  7.83255887e-02  -1.08785953e-01
2529  9.47327993e-02  -1.07634122e-01
2530  1.11129957e-01  -1.06342293e-01
2531  1.27516179e-01  -1.04920046e-01
2532  1.44655038e-01  -1.03274459e-01
2533  1.60245107e-01  -1.01627502e-01
2534  1.78213165e-01  -9.95520801e-02
2535  1.95163607e-01  -9.74040664e-02
2536  2.12086524e-01  -9.50496333e-02
2537  2.28981155e-01  -9.24996361e-02
2538  2.45842982e-01  -8.97457968e-02
2539  2.63658855e-01  -8.65742228e-02
2540  2.79400154e-01  -8.35394169e-02
2541  2.95096420e-01  -8.02821070e-02
2542  3.10737100e-01  -7.67722023e-02
2543  3.26309026e-01  -7.29730775e-02
2544  3.41801899e-01  -6.88677139e-02
2545  3.57200865e-01  -6.44286249e-02
2546  3.72476080e-01  -5.95898005e-02
2547  3.87589240e-01  -5.42753132e-02
2548  4.02487183e-01  -4.84000468e-02
2549  4.17063164e-01  -4.17844760e-02
2550  4.31167706e-01  -3.42448289e-02
2551  4.44439304e-01  -2.53808729e-02
2552  4.55865649e-01  -1.44050459e-02
2553  4.61700699e-01  2.64208460e-05
2554  4.57319033e-01  1.53116231e-02
2555  4.48056272e-01  2.84595885e-02
2556  4.36646537e-01  3.99188005e-02
2557  4.24089409e-01  5.01579439e-02
2558  4.10839762e-01  5.95127018e-02
2559  3.97149567e-01  6.82239814e-02
2560  3.83108614e-01  7.63650575e-02
2561  3.68785546e-01  8.40040594e-02
2562  3.54215994e-01  9.11685131e-02
2563  3.39472301e-01  9.79724969e-02
2564  3.24562454e-01  1.04403372e-01
2565  3.09492141e-01  1.10452872e-01
2566  2.94297667e-01  1.16187691e-01
2567  2.78995335e-01  1.21629522e-01
2568  2.63595590e-01  1.26789723e-01
2569  2.45902426e-01  1.32351798e-01
2570  2.29110840e-01  1.37288794e-01
2571  2.12238043e-01  1.41943451e-01
2572  1.95291043e-01  1.46319739e-01
2573  1.78273907e-01  1.50414245e-01
2574  1.60195038e-01  1.54434547e-01
2575  1.44835386e-01  1.57620746e-01
2576  1.27804559e-01  1.60912555e-01
2577  1.11544941e-01  1.63818964e-01
2578  9.52552372e-02  1.66549430e-01
2579  7.89260508e-02  1.69029993e-01
2580  6.25650846e-02  1.71296169e-01
2581  4.61770322e-02  1.73359311e-01
2582  2.97662408e-02  1.75234819e-01
2583  1.33354098e-02  1.76922503e-01
2584  -3.11481953e-03  1.78406537e-01
2585  -1.95835596e-02  1.79667142e-01
2586  -3.60680767e-02  1.80710532e-01
2587  -5.25631381e-02  1.81585924e-01
2588  -6.90656637e-02  1.82292929e-01
2589  -8.55754312e-02  1.82795531e-01
2590  -1.02090044e-01  1.83092190e-01
2591  -1.18606285e-01  1.83180837e-01
2592  -1.35120580e-01  1.83033073e-01
2593  -1.51628639e-01  1.82599926e-01
2594  -1.68124130e-01  1.81805385e-01
2595  -1.84608501e-01  1.80778115e-01
2596  -2.01080403e-01  1.79553997e-01
2597  -2.17536662e-01  1.78135022e-01
2598  -2.33973060e-01  1.76496471e-01
2599  -2.50394934e-01  1.74706554e-01
2600  -2.66803004e-01  1.72789823e-01
2601  -2.83195030e-01  1.70742547e-01
2602  -2.98920155e-01  1.68635562e-01
2603  -3.15928755e-01  1.66255422e-01
2604  -3.38139914e-01  1.62971031e-01
2605  -3.54462209e-01  1.60440494e-01
2606  -3.70770996e-01  1.57820253e-01
2607  -3.87068418e-01  1.55127691e-01
2608  -4.03355844e-01  1.52374827e-01
2609  -4.19631482e-01  1.49554252e-01
2610  -4.35894261e-01  1.46658374e-01
2611  -4.52149949e-01  1.43720134e-01
2612  -4.68397329e-01  1.40739407e-01
2613  -4.84629673e-01  1.37678768e-01
2614  -5.00852446e-01  1.34564173e-01
2615  -5.17069032e-01  1.31415156e-01
2616  -5.33280364e-01  1.28240888e-01
2617  -5.49480768e-01  1.25010845e-01
2618  -5.65677625e-01  1.21761335e-01
2619  -5.81867240e-01  1.18478459e-01
2620  -5.98046926e-01  1.15144783e-01
2621  -6.14225442e-01  1.11804992e-01
2622  -6.30394440e-01  1.08420428e-01
2623  -6.46560357e-01  1.05017564e-01
2624  -6.62726416e-01  1.01616778e-01
2625  -6.78884153e-01  9.81793610e-02
2626  -6.95035168e-01  9.47075314e-02
2627  -7.11187430e-01  9.12394449e-02
2628  -7.27337792e-01  8.77650373e-02
2629  -7.43481709e-01  8.42608543e-02
2630  -7.59624016e-01  8.07488628e-02
2631  -7.75761226e-01  7.72125500e-02
2632  -7.91900030e-01  7.36818722e-02
2633  -8.08038215e-01  7.01496967e-02
2634  -8.24173389e-01  6.66048930e-02
2635  -8.40304909e-01  6.30433808e-02
2636  -8.56434358e-01  5.94706718e-02
2637  -8.72566241e-01  5.59065900e-02
2638  -8.88702674e-01  5.23652212e-02
2639  -9.04834505e-01  4.88037878e-02
2640  -9.26842839e-01  4.39603205e-02
2641  -9.43361629e-01  4.03465463e-02
2642  -9.59882574e-01  3.67434360e-02
2643  -9.76405409e-01  3.31497481e-02
2644  -9.92928643e-01  2.95561053e-02
2645  -1.00945951e+00  2.59971087e-02
2646  -1.02599196e+00  2.24471182e-02
2647  -1.04252754e+00  1.89094571e-02
2648  -1.05907192e+00  1.54113020e-02
2649  -1.07562420e+00  1.19521060e-02
2650  -1.09218055e+00  8.51267265e-03
2651  -1.10868743e+00  5.12591269e-03
2652  -2.98919194e-01  1.52008073e-01
2653  -2.98918211e-01  1.34974019e-01
2654  -2.98917227e-01  1.17939965e-01
2655  -2.98916243e-01  1.00905911e-01
2656  -2.98915259e-01  8.38718571e-02
2657  -2.98914275e-01  6.68378031e-02
2658  -2.98913291e-01  4.98037491e-02
2659  -2.98912307e-01  3.27696950e-02
2660  -2.98911323e-01  1.57356410e-02
2661  -2.98910339e-01  -1.29841309e-03
2662  -2.98909355e-01  -1.83324671e-02
2663  -2.98908371e-01  -3.53665211e-02
2664  -2.98907387e-01  -5.24005752e-02
2665  -2.98906403e-01  -6.94346292e-02
2666  -2.98905419e-01  -8.64686833e-02
2667  1.44824513e-01  1.41890586e-01
2668  1.44813188e-01  1.25507910e-01
2669  1.44801863e-01  1.09125234e-01
2670  1.44790538e-01  9.27425589e-02
2671  1.44779213e-01  7.63598835e-02
2672  1.44767889e-01  5.99772080e-02
2673  1.44756564e-01  4.35945323e-02
2674  1.44745239e-01  2.72118568e-02
2675  1.44733914e-01  1.08291813e-02
2676  1.44722590e-01  -5.55349427e-03
2677  1.44711265e-01  -2.19361699e-02
2678  1.44699940e-01  -3.83188454e-02
2679  1.44688615e-01  -5.47015209e-02
2680  1.44677291e-01  -7.10841964e-02
2681  1.44665966e-01  -8.74668721e-02
4909  -1.11844681e+00  -4.81575969e-04
4910  -1.10886886e+00  -1.44629448e-04
4911  -1.09226431e+00  6.86667503e-05
4912  -1.07566245e+00  -5.23562240e-05
4913  -1.05906921e+00  -4.54635230e-04
4914  -1.04248562e+00  -1.09392375e-03
4915  -1.02591467e+00  -1.96156239e-03
4916  -1.00935571e+00  -3.01247832e-03
4917  -9.92811289e-01  -4.25958145e-03
4918  -9.76281624e-01  -5.66997288e-03
4919  -9.59766112e-01  -7.23583633e-03
4920  -9.43267715e-01  -8.96135651e-03
4921  -9.26784806e-01  -1.08141376e-02
4922  -9.04644675e-01  -1.34679903e-02
4923  -8.88393262e-01  -1.55412378e-02
4924  -8.72157839e-01  -1.77197098e-02
4925  -8.55933662e-01  -1.99713491e-02
4926  -8.39720240e-01  -2.22997589e-02
4927  -8.23518693e-01  -2.47034234e-02
4928  -8.07326489e-01  -2.71636413e-02
4929  -7.91142677e-01  -2.96797564e-02
4930  -7.74968903e-01  -3.22574127e-02
4931  -7.58804725e-01  -3.48823316e-02
4932  -7.42643753e-01  -3.75238618e-02
4933  -7.26488211e-01  -4.02018779e-02
4934  -7.10338751e-01  -4.29092589e-02
4935  -6.94192164e-01  -4.56264691e-02
4936  -6.78046015e-01  -4.83459112e-02
4937  -6.61900742e-01  -5.10740965e-02
4938  -6.45759287e-01  -5.38176239e-02
4939  -6.29616312e-01  -5.65424587e-02
4940  -6.13469910e-01  -5.92463302e-02
4941  -5.97320257e-01  -6.19295360e-02
4942  -5.81166910e-01  -6.45873037e-02
4943  -5.65008684e-01  -6.72129164e-02
4944  -5.48845200e-01  -6.98048709e-02
4945  -5.32676430e-01  -7.23609276e-02
4946  -5.16501470e-01  -7.48733506e-02
4947  -5.00319121e-01  -7.73353385e-02
4948  -4.84129630e-01  -7.97461420e-02
4949  -4.67931864e-01  -8.20938120e-02
4950  -4.51723151e-01  -8.43674328e-02
4951  -4.35506245e-01  -8.65867596e-02
4952  -4.19283710e-01  -8.87476221e-02
4953  -4.03048244e-01  -9.08032335e-02
4954  -3.86801596e-01  -9.27829374e-02
4955  -3.70547151e-01  -9.46977062e-02
4956  -3.54285232e-01  -9.65367644e-02
4957  -3.38013447e-01  -9.82812787e-02
4958  -3.15860400e-01  -1.00535256e-01
4959  -2.97824510e-01  -1.02228817e-01
4960  -2.83110665e-01  -1.03525810e-01
4961  -2.66723451e-01  -1.04870706e-01
4962  -2.50325920e-01  -1.06094380e-01
4963  -2.33920961e-01  -1.07234031e-01
4964  -2.17512670e-01  -1.08284249e-01
4965  -2.01096439e-01  -1.09189117e-01
4966  -1.84672805e-01  -1.09987195e-01
4967  -1.68244963e-01  -1.10684957e-01
4968  -1.51813387e-01  -1.11269255e-01
4969  -1.35378021e-01  -1.11733060e-01
4970  -1.18938936e-01  -1.12082531e-01
4971  -1.02496920e-01  -1.12334666e-01
4972  -8.60555026e-02  -1.12497290e-01
4973  -6.96136620e-02  -1.12521874e-01
4974  -5.31698548e-02  -1.12448082e-01
4975  -3.67263639e-02  -1.12286754e-01
4976  -2.02860043e-02  -1.12033861e-01
4977  -3.85055994e-03  -1.11648343e-01
4978  1.25817859e-02  -1.11115769e-01
4979  2.90117184e-02  -1.10474849e-01
4980  4.54363294e-02  -1.09721689e-01
4981  6.18547600e-02  -1.08847805e-01
4982  7.82648386e-02  -1.07855935e-01
4983  9.46635648e-02  -1.06704697e-01
4984  1.11053062e-01  -1.05413470e-01
4985  1.27431444e-01  -1.03991906e-01
4986  1.45735761e-01  -1.02229034e-01
4987  1.60142787e-01  -1.00701136e-01
4988  1.78101108e-01  -9.86268411e-02
4989  1.95040806e-01  -9.64801920e-02
4990  2.11952759e-01  -9.41272826e-02
4991  2.28836493e-01  -9.15789315e-02
4992  2.45686194e-01  -8.88270795e-02
4993  2.63488961e-01  -8.56578386e-02
4994  2.79217245e-01  -8.26255415e-02
4995  2.94899689e-01  -7.93711071e-02
4996  3.10524602e-01  -7.58647505e-02
4997  3.26079200e-01  -7.20698588e-02
4998  3.41553442e-01  -6.79694415e-02
4999  3.56931037e-01  -6.35365392e-02
5000  3.72180729e-01  -5.87058369e-02
5001  3.87263631e-01  -5.34020418e-02
5002  4.02123508e-01  -4.75419300e-02
5003  4.16650657e-01  -4.09487356e-02
5004  4.30688586e-01  -3.34454114e-02
5005  4.43855155e-01  -2.46546537e-02
5006  4.55093328e-01  -1.38833709e-02
5007  4.60770001e-01  7.56693029e-05
5008  4.56466030e-01  1.49041287e-02
5009  4.47342544e-01  2.78602413e-02
5010  4.36020956e-01  3.92279512e-02
5011  4.23525797e-01  4.94156733e-02
5012  4.10320663e-01  5.87386473e-02
5013  3.96665548e-01  6.74275202e-02
5014  3.82655504e-01  7.55506159e-02
5015  3.68360559e-01  8.31745961e-02
5016  3.53815066e-01  9.03271564e-02
5017  3.39092451e-01  9.71214168e-02
5018  3.24204269e-01  1.03542949e-01
5019  3.09153974e-01  1.09584387e-01
5020  2.93976961e-01  1.15312608e-01
5021  2.78691124e-01  1.20748568e-01
5022  2.63307769e-01  1.25903279e-01
5023  2.45631216e-01  1.31460132e-01
5024  2.28855458e-01  1.36392466e-01
5025  2.11997595e-01  1.41043002e-01
5026  1.95065507e-01  1.45415439e-01
5027  1.78063729e-01  1.49506253e-01
5028  1.59999388e-01  1.53523314e-01
5029  1.45914580e-01  1.56454454e-01
5030  1.27634271e-01  1.59996244e-01
5031  1.11385905e-01  1.62900633e-01
5032  9.51082102e-02  1.65629100e-01
5033  7.87921249e-02  1.68107666e-01
5034  6.24429397e-02  1.70372207e-01
5035  4.60659112e-02  1.72433959e-01
5036  2.96657124e-02  1.74308257e-01
5037  1.32459243e-02  1.75994809e-01
5038  -3.19225684e-03  1.77477759e-01
5039  -1.96485639e-02  1.78737411e-01
5040  -3.61222100e-02  1.79780106e-01
5041  -5.26077806e-02  1.80654994e-01
5042  -6.90997902e-02  1.81361554e-01
5043  -8.55979810e-02  1.81863804e-01
5044  -1.02100915e-01  1.82160253e-01
5045  -1.18604616e-01  1.82248838e-01
5046  -1.35104187e-01  1.82101218e-01
5047  -1.51593994e-01  1.81668570e-01
5048  -1.68072726e-01  1.80874804e-01
5049  -1.84544981e-01  1.79848282e-01
5050  -2.01005833e-01  1.78624985e-01
5051  -2.17450401e-01  1.77207023e-01
5052  -2.33876340e-01  1.75569503e-01
5053  -2.50290372e-01  1.73780438e-01
5054  -2.66691182e-01  1.71864555e-01
5055  -2.83075336e-01  1.69818265e-01
5056  -2.97840109e-01  1.67842899e-01
5057  -3.15795954e-01  1.65332932e-01
5058  -3.38000353e-01  1.62049539e-01
5059  -3.54316893e-01  1.59519892e-01
5060  -3.70621114e-01  1.56900384e-01
5061  -3.86914797e-01  1.54208439e-01
5062  -4.03198611e-01  1.51456185e-01
5063  -4.19470216e-01  1.48636310e-01
5064  -4.35729679e-01  1.45741021e-01
5065  -4.51982973e-01  1.42803213e-01
5066  -4.68226896e-01  1.39823123e-01
5067  -4.84455467e-01  1.36763194e-01
5068  -5.00675753e-01  1.33649075e-01
5069  -5.16890656e-01  1.30500385e-01
5070  -5.33099701e-01  1.27326566e-01
5071  -5.49297986e-01  1.24096944e-01
5072  -5.65493351e-01  1.20847734e-01
5073  -5.81680591e-01  1.17565340e-01
5074  -5.97858675e-01  1.14231993e-01
5075  -6.14035755e-01  1.10892500e-01
5076  -6.30202977e-01  1.07508307e-01
5077  -6.46368439e-01  1.04105538e-01
5078  -6.62533517e-01  1.00704958e-01
5079  -6.78689251e-01  9.72679680e-02
5080  -6.94839407e-01  9.37963225e-02
5081  -7.10991596e-01  9.03282517e-02
5082  -7.27140936e-01  8.68540642e-02
5083  -7.43283794e-01  8.33501109e-02
5084  -7.59425196e-01  7.98383164e-02
5085  -7.75561883e-01  7.63021181e-02
5086  -7.91700804e-01  7.27714147e-02
5087  -8.07838587e-01  6.92393272e-02
5088  -8.23972932e-01  6.56947056e-02
5089  -8.40103667e-01  6.21333666e-02
5090  -8.56233050e-01  5.85606724e-02
5091  -8.72365818e-01  5.49963953e-02
5092  -8.88502321e-01  5.14550109e-02
5093  -9.04633888e-01  4.78936359e-02
5094  -9.26643091e-01  4.30499773e-02
5095  -9.43162741e-01  3.94360148e-02
5096  -9.59684238e-01  3.58327841e-02
5097  -9.76207335e-01  3.22390392e-02
5098  -9.92731528e-01  2.86451883e-02
5099  -1.00926359e+00  2.50859325e-02
5100  -1.02579664e+00  2.15358156e-02
5101  -1.04233365e+00  1.79978485e-02
5102  -1.05888019e+00  1.44992361e-02
5103  -1.07543409e+00  1.10397018e-02
5104  -1.09199202e+00  7.59994174e-03
5105  -1.10839386e+00  4.24135395e-03
5106  -2.97839194e-01  1.52008136e-01
5107  -2.97838211e-01  1.34974082e-01
5108  -2.97837227e-01  1.17940028e-01
5109  -2.97836243e-01  1.00905974e-01
5110  -2.97835259e-01  8.38719194e-02
5111  -2.97834275e-01  6.68378654e-02
5112  -2.97833291e-01  4.98038114e-02
5113  -2.97832307e-01  3.27697573e-02
5114  -2.97831323e-01  1.57357033e-02
5115  -2.97830339e-01  -1.29835070e-03
5116  -2.97829355e-01  -1.83324048e-02
5117  -2.97828371e-01  -3.53664588e-02
5118  -2.97827387e-01  -5.24005129e-02
5119  -2.97826403e-01  -6.94345669e-02
5120  -2.97825419e-01  -8.64686209e-02
5121  1.45904513e-01  1.41889840e-01
5122  1.45893188e-01  1.25507163e-01
5123  1.45881863e-01  1.09124487e-01
5124  1.45870538e-01  9.27418124e-02
5125  1.45859213e-01  7.63591369e-02
5126  1.45847889e-01  5.99764614e-02
5127  1.45836564e-01  4.35937858e-02
5128  1.45825239e-01  2.72111103e-02
5129  1.45813914e-01  1.08284347e-02
5130  1.45802590e-01  -5.55424082e-03
5131  1.45791265e-01  -2.19369164e-02
5132  1.45779940e-01  -3.83195919e-02
5133  1.45768615e-01  -5.47022675e-02
5134  1.45757291e-01  -7.10849430e-02
5135  1.45745966e-01  -8.74676186e-02
7363  -1.10795876e+00  2.04882184e-03
7364  -1.10892071e+00  2.01474803e-03
7365  -1.09227030e+00  2.22865842e-03
7366  -1.07562839e+00  2.10737535e-03
7367  -1.05900143e+00  1.70430103e-03
7368  -1.04238754e+00  1.06384850e-03
7369  -1.02578979e+00  1.94824776e-04
7370  -1.00920612e+00  -8.57664213e-04
7371  -9.92638290e-01  -2.10652053e-03
7372  -9.76087865e-01  -3.51868082e-03
7373  -9.59551828e-01  -5.08649166e-03
7374  -9.43034733e-01  -6.81395828e-03
7375  -9.26535630e-01  -8.66855809e-03
7376  -9.04379466e-01  -1.13243335e-02
7377  -8.88112961e-01  -1.33995022e-02
7378  -8.71865748e-01  -1.55795503e-02
7379  -8.55631674e-01  -1.78325635e-02
7380  -8.39408221e-01  -2.01624138e-02
7381  -8.23197967e-01  -2.25673675e-02
7382  -8.06998342e-01  -2.50287129e-02
7383  -7.90806784e-01  -2.75460330e-02
7384  -7.74625811e-01  -3.01248350e-02
7385  -7.58457395e-01  -3.27504400e-02
7386  -7.42292922e-01  -3.53925436e-02
7387  -7.26133030e-01  -3.80712802e-02
7388  -7.09980960e-01  -4.07790980e-02
7389  -6.93833563e-01  -4.34964443e-02
7390  -6.77686696e-01  -4.62160075e-02
7391  -6.61539828e-01  -4.89444625e-02
7392  -6.45398563e-01  -5.16879578e-02
7393  -6.29258184e-01  -5.44123543e-02
7394  -6.13114526e-01  -5.71157665e-02
7395  -5.96967906e-01  -5.97984684e-02
7396  -5.80818350e-01  -6.24556129e-02
7397  -5.64664460e-01  -6.50805211e-02
7398  -5.48505559e-01  -6.76717409e-02
7399  -5.32342024e-01  -7.02269705e-02
7400  -5.16173261e-01  -7.27384317e-02
7401  -4.99997607e-01  -7.51994009e-02
7402  -4.83815645e-01  -7.76090848e-02
7403  -4.67626925e-01  -7.99554454e-02
7404  -4.51426690e-01  -8.22278742e-02
7405  -4.35217211e-01  -8.44461850e-02
7406  -4.19005453e-01  -8.66056201e-02
7407  -4.02781949e-01  -8.86597113e-02
7408  -3.86544610e-01  -9.06382793e-02
7409  -3.70299437e-01  -9.25519575e-02
7410  -3.54048740e-01  -9.43897499e-02
7411  -3.37788997e-01  -9.61329719e-02
7412  -3.14486138e-01  -8.65054014e-02
7413  -2.96745321e-01  -8.81717116e-02
7414  -2.81912976e-01  -8.94797800e-02
7415  -2.65622372e-01  -9.08167728e-02
7416  -2.49312894e-01  -9.20338259e-02
7417  -2.32982260e-01  -9.31683195e-02
7418  -2.16674516e-01  -9.42121881e-02
7419  -2.00366400e-01  -9.51110324e-02
7420  -1.84031585e-01  -9.59047860e-02
7421  -1.67695368e-01  -9.65986742e-02
7422  -1.51364072e-01  -9.71794169e-02
7423  -1.35029381e-01  -9.76403719e-02
7424  -1.18681052e-01  -9.79878896e-02
7425  -1.02319133e-01  -9.82387870e-02
7426  -8.59752494e-02  -9.84005186e-02
7427  -6.96347501e-02  -9.84248894e-02
7428  -5.32706347e-02  -9.83514418e-02
7429  -3.69039275e-02  -9.81908719e-02
7430  -2.05597081e-02  -9.79395183e-02
7431  -4.24417253e-03  -9.75568396e-02
7432  1.20787150e-02  -9.70277484e-02
7433  2.84140923e-02  -9.63905229e-02
7434  4.47388188e-02  -9.56419558e-02
7435  6.10548657e-02  -9.47735173e-02
7436  7.73459612e-02  -9.37889146e-02
7437  9.36163551e-02  -9.26466470e-02
7438  1.09889975e-01  -9.13645330e-02
7439  1.26149774e-01  -8.99532900e-02
7440  1.46825632e-01  -8.79512379e-02
7441  1.58595144e-01  -8.66893478e-02
7442  1.77841406e-01  -9.64825102e-02
7443  1.94756202e-01  -9.43390240e-02
7444  2.11642745e-01  -9.19896456e-02
7445  2.28501225e-01  -8.94451097e-02
7446  2.45322822e-01  -8.66978635e-02
7447  2.63095215e-01  -8.35340298e-02
7448  2.78793335e-01  -8.05075470e-02
7449  2.94443746e-01  -7.72597767e-02
7450  3.10032118e-01  -7.37616434e-02
7451  3.25546556e-01  -6.99765623e-02
7452  3.40977620e-01  -6.58876084e-02
7453  3.56305685e-01  -6.14690446e-02
7454  3.71496224e-01  -5.66571659e-02
7455  3.86509001e-01  -5.13781512e-02
7456  4.01280655e-01  -4.55531617e-02
7457  4.15694632e-01  -3.90118265e-02
7458  4.29578180e-01  -3.15926841e-02
7459  4.42501334e-01  -2.29715706e-02
7460  4.53303401e-01  -1.26743386e-02
7461  4.58613018e-01  1.89807358e-04
7462  4.54489113e-01  1.39597210e-02
7463  4.45688412e-01  2.64711964e-02
7464  4.34571112e-01  3.76268414e-02
7465  4.22219572e-01  4.76953896e-02
7466  4.09117601e-01  5.69447015e-02
7467  3.95543790e-01  6.55816445e-02
7468  3.81605377e-01  7.36630689e-02
7469  3.67375609e-01  8.12522346e-02
7470  3.52885878e-01  8.83772311e-02
7471  3.38212110e-01  9.51489564e-02
7472  3.23374142e-01  1.01548835e-01
7473  3.08370240e-01  1.07571587e-01
7474  2.93233694e-01  1.13284517e-01
7475  2.77986086e-01  1.18706873e-01
7476  2.62640716e-01  1.23848859e-01
7477  2.45002661e-01  1.29393608e-01
7478  2.28263586e-01  1.34315139e-01
7479  2.11440333e-01  1.38956124e-01
7480  1.94542806e-01  1.43319638e-01
7481  1.77576623e-01  1.47401894e-01
7482  1.59545951e-01  1.51411444e-01
7483  1.46984495e-01  1.41864305e-01
7484  1.25058579e-01  1.46136546e-01
7485  1.08980402e-01  1.49010386e-01
7486  9.28843472e-02  1.51708617e-01
7487  7.67664249e-02  1.54156969e-01
7488  6.05954324e-02  1.56396796e-01
7489  4.43851466e-02  1.58437515e-01
7490  2.81451657e-02  1.60293502e-01
7491  1.18924076e-02  1.61962938e-01
7492  -4.36353767e-03  1.63429503e-01
7493  -2.06317884e-02  1.64674742e-01
7494  -3.69410053e-02  1.65706905e-01
7495  -5.32830227e-02  1.66574175e-01
7496  -6.96159717e-02  1.67274008e-01
7497  -8.59390582e-02  1.67770931e-01
7498  -1.02265342e-01  1.68064212e-01
7499  -1.18579378e-01  1.68151861e-01
7500  -1.34856227e-01  1.68006398e-01
7501  -1.51069974e-01  1.67581313e-01
7502  -1.67295206e-01  1.66799262e-01
7503  -1.83584196e-01  1.65784061e-01
7504  -1.99877915e-01  1.64573180e-01
7505  -2.16145646e-01  1.63170534e-01
7506  -2.32413391e-01  1.61548619e-01
7507  -2.48708807e-01  1.59772438e-01
7508  -2.64999816e-01  1.57869389e-01
7509  -2.81264893e-01  1.55838003e-01
7510  -2.96759295e-01  1.53762226e-01
7511  -3.15488176e-01  1.63194972e-01
7512  -3.37676906e-01  1.59913893e-01
7513  -3.53980110e-01  1.57386309e-01
7514  -3.70273748e-01  1.54768498e-01
7515  -3.86558765e-01  1.52077983e-01
7516  -4.02834208e-01  1.49327146e-01
7517  -4.19096464e-01  1.46508892e-01
7518  -4.35348245e-01  1.43614966e-01
7519  -4.51595991e-01  1.40678162e-01
7520  -4.67831902e-01  1.37699546e-01
7521  -4.84051727e-01  1.34641262e-01
7522  -5.00266250e-01  1.31528248e-01
7523  -5.16477253e-01  1.28380315e-01
7524  -5.32680997e-01  1.25207536e-01
7525  -5.48874368e-01  1.21978891e-01
7526  -5.65066277e-01  1.18730375e-01
7527  -5.81248014e-01  1.15449099e-01
7528  -5.97422384e-01  1.12116514e-01
7529  -6.13596135e-01  1.08777710e-01
7530  -6.29759242e-01  1.05394377e-01
7531  -6.45923649e-01  1.01991830e-01
7532  -6.62086457e-01  9.85917294e-02
7533  -6.78237547e-01  9.51557267e-02
7534  -6.94385713e-01  9.16845078e-02
7535  -7.10537731e-01  8.82164735e-02
7536  -7.26684705e-01  8.47427962e-02
7537  -7.42825107e-01  8.12393751e-02
7538  -7.58964412e-01  7.77280373e-02
7539  -7.75099885e-01  7.41921044e-02
7540  -7.91239077e-01  7.06613416e-02
7541  -8.07375930e-01  6.71294580e-02
7542  -8.23508354e-01  6.35852584e-02
7543  -8.39637271e-01  6.00243208e-02
7544  -8.55766498e-01  5.64516608e-02
7545  -8.71901316e-01  5.28869314e-02
7546  -8.88037984e-01  4.93455108e-02
7547  -9.04168936e-01  4.57842710e-02
7548  -9.26180155e-01  4.09401692e-02
7549  -9.42701799e-01  3.73257701e-02
7550  -9.59224575e-01  3.37222606e-02
7551  -9.75748280e-01  3.01283833e-02
7552  -9.92274694e-01  2.65340504e-02
7553  -1.00880955e+00  2.29741937e-02
7554  -1.02534395e+00  1.94237839e-02
7555  -1.04188429e+00  1.58851076e-02
7556  -1.05843584e+00  1.23854352e-02
7557  -1.07499348e+00  8.92511679e-03
7558  -1.09155506e+00  5.48459970e-03
7559  -1.10771350e+00  2.19130366e-03
7560  -2.96759194e-01  1.52008198e-01
7561  -2.96758211e-01  1.34974144e-01
7562  -2.96757227e-01  1.17940090e-01
7563  -2.96756243e-01  1.00906036e-01
7564  -2.96755259e-01  8.38719818e-02
7565  -2.96754275e-01  6.68379278e-02
7566  -2.96753291e-01  4.98038738e-02
7567  -2.96752307e-01  3.27698197e-02
7568  -2.96751323e-01  1.57357657e-02
7569  -2.96750339e-01  -1.29828831e-03
7570  -2.96749355e-01  -1.83323424e-02
7571  -2.96748371e-01  -3.53663964e-02
7572  -2.96747387e-01  -5.24004505e-02
7573  -2.96746403e-01  -6.94345045e-02
7574  -2.96745419e-01  -8.64685585e-02
7575  1.46984512e-01  1.41889093e-01
7576  1.46973187e-01  1.25506417e-01
7577  1.46961862e-01  1.09123741e-01
7578  1.46950537e-01  9.27410658e-02
7579  1.46939212e-01  7.63583904e-02
7580  1.46927888e-01  5.99757149e-02
7581  1.46916563e-01  4.35930392e-02
7582  1.46905238e-01  2.72103637e-02
7583  1.46893913e-01  1.08276882e-02
7584  1.46882589e-01  -5.55498737e-03
7585  1.46871264e-01  -2.19376630e-02
7586  1.46859939e-01  -3.83203385e-02
7587  1.46848614e-01  -5.47030140e-02
7588  1.46837290e-01  -7.10856895e-02
7589  1.46825965e-01  -8.74683652e-02
9817  -1.10343336e+00  3.14064164e-03
9818  -1.10894309e+00  2.94647943e-03
9819  -1.09227289e+00  3.16065483e-03
9820  -1.07561370e+00  3.03925953e-03
9821  -1.05897219e+00  2.63584204e-03
9822  -1.04234522e+00  1.99488726e-03
9823  -1.02573591e+00  1.12526590e-03
9824  -1.00914158e+00  7.20981688e-05
9825  -9.92563644e-01  -1.17751461e-03
9826  -9.76004262e-01  -2.59043814e-03
9827  -9.59459369e-01  -4.15908924e-03
9828  -9.42934205e-01  -5.88739571e-03
9829  -9.26428115e-01  -7.74278028e-03
9830  -9.04265033e-01  -1.03993854e-02
9831  -8.87992016e-01  -1.24753830e-02
9832  -8.71739717e-01  -1.46561111e-02
9833  -8.55501372e-01  -1.69097172e-02
9834  -8.39273591e-01  -1.92401890e-02
9835  -8.23059579e-01  -2.16456990e-02
9836  -8.06856752e-01  -2.41075308e-02
9837  -7.90661852e-01  -2.66253709e-02
9838  -7.74477773e-01  -2.92046672e-02
9839  -7.58307528e-01  -3.18305683e-02
9840  -7.42141544e-01  -3.44729193e-02
9841  -7.25979776e-01  -3.71519668e-02
9842  -7.09826579e-01  -3.98599731e-02
9843  -6.93678833e-01  -4.25773781e-02
9844  -6.77531656e-01  -4.52969935e-02
9845  -6.61384100e-01  -4.80255649e-02
9846  -6.45242917e-01  -5.07690463e-02
9847  -6.29103659e-01  -5.34932537e-02
9848  -6.12961184e-01  -5.61964676e-02
9849  -5.96815874e-01  -5.88789522e-02
9850  -5.80667953e-01  -6.15358278e-02
9851  -5.64515934e-01  -6.41604320e-02
9852  -5.48359010e-01  -6.67513348e-02
9853  -5.32197735e-01  -6.93062075e-02
9854  -5.16031644e-01  -7.18172537e-02
9855  -4.99858880e-01  -7.42777834e-02
9856  -4.83680166e-01  -7.66869842e-02
9857  -4.67495349e-01  -7.90327798e-02
9858  -4.51298773e-01  -8.13046943e-02
9859  -4.35092498e-01  -8.35225668e-02
9860  -4.18885390e-01  -8.56813859e-02
9861  -4.02667048e-01  -8.77348212e-02
9862  -3.86433726e-01  -8.97128990e-02
9863  -3.70192553e-01  -9.16261066e-02
9864  -3.53946698e-01  -9.34633529e-02
9865  -3.37692152e-01  -9.52060172e-02
9866  -3.14395281e-01  -8.55778407e-02
9867  -2.96029371e-01  -8.73012112e-02
9868  -2.81833793e-01  -8.85511498e-02
9869  -2.65549576e-01  -8.98876201e-02
9870  -2.49245919e-01  -9.11042355e-02
9871  -2.32920199e-01  -9.22383881e-02
9872  -2.16619103e-01  -9.32818369e-02
9873  -2.00318134e-01  -9.41802830e-02
9874  -1.83989192e-01  -9.49737507e-02
9875  -1.67659032e-01  -9.56673828e-02
9876  -1.51334366e-01  -9.62478904e-02
9877  -1.35006331e-01  -9.67086569e-02
9878  -1.18664002e-01  -9.70560456e-02
9879  -1.02307379e-01  -9.73068612e-02
9880  -8.59699436e-02  -9.74685337e-02
9881  -6.96361443e-02  -9.74928904e-02
9882  -5.32772976e-02  -9.74194657e-02
9883  -3.69156668e-02  -9.72589459e-02
9884  -2.05778035e-02  -9.70076940e-02
9885  -4.27019557e-03  -9.66252029e-02
9886  1.20454553e-02  -9.60963420e-02
9887  2.83745812e-02  -9.54593608e-02
9888  4.46927040e-02  -9.47110973e-02
9889  6.10019820e-02  -9.38430189e-02
9890  7.72852111e-02  -9.28588966e-02
9891  9.35471205e-02  -9.17172221e-02
9892  1.09813080e-01  -9.04357106e-02
9893  1.26065039e-01  -8.90251500e-02
9894  1.47542329e-01  -8.69424335e-02
9895  1.58492824e-01  -8.57629815e-02
9896  1.77729349e-01  -9.55572712e-02
9897  1.94633400e-01  -9.34151496e-02
9898  2.11508980e-01  -9.10672949e-02
9899  2.28356563e-01  -8.85244051e-02
9900  2.45166034e-01  -8.57791462e-02
9901  2.62925320e-01  -8.26176456e-02
9902  2.78610426e-01  -7.95936716e-02
9903  2.94247015e-01  -7.63487767e-02
9904  3.09819621e-01  -7.28541916e-02
9905  3.25316730e-01  -6.90733436e-02
9906  3.40729164e-01  -6.49893359e-02
9907  3.56035856e-01  -6.05769590e-02
9908  3.71200872e-01  -5.57732023e-02
9909  3.86183392e-01  -5.05048798e-02
9910  4.00916980e-01  -4.46950450e-02
9911  4.15282125e-01  -3.81760861e-02
9912  4.29099060e-01  -3.07932665e-02
9913  4.41917185e-01  -2.22453513e-02
9914  4.52531080e-01  -1.21526636e-02
9915  4.57682320e-01  2.39055815e-04
9916  4.53636110e-01  1.35522266e-02
9917  4.44974685e-01  2.58718492e-02
9918  4.33945532e-01  3.69359921e-02
9919  4.21655960e-01  4.69531191e-02
9920  4.08598502e-01  5.61706470e-02
9921  3.95059772e-01  6.47851833e-02
9922  3.81152267e-01  7.28486273e-02
9923  3.66950621e-01  8.04227713e-02
9924  3.52484950e-01  8.75358744e-02
9925  3.37832259e-01  9.42978762e-02
9926  3.23015957e-01  1.00688412e-01
9927  3.08032074e-01  1.06703102e-01
9928  2.92912987e-01  1.12409433e-01
9929  2.77681875e-01  1.17825919e-01
9930  2.62352895e-01  1.22962415e-01
9931  2.44731451e-01  1.28501942e-01
9932  2.28008204e-01  1.33418811e-01
9933  2.11199885e-01  1.38055675e-01
9934  1.94317270e-01  1.42415338e-01
9935  1.77366445e-01  1.46493902e-01
9936  1.59350302e-01  1.50500212e-01
9937  1.47699740e-01  1.40770802e-01
9938  1.24888291e-01  1.45220235e-01
9939  1.08821366e-01  1.48092056e-01
9940  9.27373202e-02  1.50788287e-01
9941  7.66324990e-02  1.53234641e-01
9942  6.04732875e-02  1.55472834e-01
9943  4.42740256e-02  1.57512163e-01
9944  2.80446372e-02  1.59366940e-01
9945  1.18029220e-02  1.61035244e-01
9946  -4.44097498e-03  1.62500726e-01
9947  -2.06967927e-02  1.63745011e-01
9948  -3.69951386e-02  1.64776478e-01
9949  -5.33276652e-02  1.65643245e-01
9950  -6.96500982e-02  1.66342633e-01
9951  -8.59616079e-02  1.66839204e-01
9952  -1.02276213e-01  1.67132276e-01
9953  -1.18577709e-01  1.67219862e-01
9954  -1.34839833e-01  1.67074543e-01
9955  -1.51035329e-01  1.66649957e-01
9956  -1.67243801e-01  1.65868681e-01
9957  -1.83520675e-01  1.64854228e-01
9958  -1.99803345e-01  1.63644169e-01
9959  -2.16059385e-01  1.62242534e-01
9960  -2.32316670e-01  1.60621651e-01
9961  -2.48604245e-01  1.58846322e-01
9962  -2.64887994e-01  1.56944121e-01
9963  -2.81145198e-01  1.54913721e-01
9964  -2.96043247e-01  1.52919665e-01
9965  -3.15355376e-01  1.62272482e-01
9966  -3.37537345e-01  1.58992402e-01
9967  -3.53834794e-01  1.56465708e-01
9968  -3.70123866e-01  1.53848629e-01
9969  -3.86405144e-01  1.51158731e-01
9970  -4.02676975e-01  1.48408504e-01
9971  -4.18935197e-01  1.45590950e-01
9972  -4.35183664e-01  1.42697613e-01
9973  -4.51429015e-01  1.39761241e-01
9974  -4.67661469e-01  1.36783262e-01
9975  -4.83877521e-01  1.33725688e-01
9976  -5.00089556e-01  1.30613151e-01
9977  -5.16298877e-01  1.27465544e-01
9978  -5.32500334e-01  1.24293214e-01
9979  -5.48691585e-01  1.21064991e-01
9980  -5.64882003e-01  1.17816774e-01
9981  -5.81061365e-01  1.14535980e-01
9982  -5.97234133e-01  1.11203724e-01
9983  -6.13406448e-01  1.07865218e-01
9984  -6.29567778e-01  1.04482256e-01
9985  -6.45731730e-01  1.01079804e-01
9986  -6.61893559e-01  9.76799102e-02
9987  -6.78042645e-01  9.42443337e-02
9988  -6.94189952e-01  9.07732988e-02
9989  -7.10341897e-01  8.73052803e-02
9990  -7.26487849e-01  8.38318231e-02
9991  -7.42627191e-01  8.03286317e-02
9992  -7.58765592e-01  7.68174909e-02
9993  -7.74900541e-01  7.32816725e-02
9994  -7.91039851e-01  6.97508841e-02
9995  -8.07176302e-01  6.62190884e-02
9996  -8.23307897e-01  6.26750711e-02
9997  -8.39436030e-01  5.91143065e-02
9998  -8.55565190e-01  5.55416614e-02
9999  -8.71700892e-01  5.19767368e-02
10000  -8.87837631e-01  4.84353006e-02
10001  -9.03968318e-01  4.48741191e-02
10002  -9.25980407e-01  4.00298260e-02
10003  -9.42502911e-01  3.64152386e-02
10004  -9.59026239e-01  3.28116088e-02
10005  -9.75550206e-01  2.92176745e-02
10006  -9.92077579e-01  2.56231335e-02
10007  -1.00861363e+00  2.20630175e-02
10008  -1.02514863e+00  1.85124814e-02
10009  -1.04169040e+00  1.49734990e-02
10010  -1.05824412e+00  1.14733692e-02
10011  -1.07480337e+00  8.01271253e-03
10012  -1.09136653e+00  4.57186878e-03
10013  -1.10741994e+00  1.30674492e-03
10014  -2.96043194e-01  1.52008239e-01
10015  -2.96042211e-01  1.34974185e-01
10016  -2.96041227e-01  1.17940131e-01
10017  -2.96040243e-01  1.00906077e-01
10018  -2.96039259e-01  8.38720232e-02
10019  -2.96038275e-01  6.68379692e-02
10020  -2.96037291e-01  4.98039152e-02
10021  -2.96036307e-01  3.27698611e-02
10022  -2.96035323e-01  1.57358071e-02
10023  -2.96034339e-01  -1.29824695e-03
10024  -2.96033355e-01  -1.83323010e-02
10025  -2.96032371e-01  -3.53663550e-02
10026  -2.96031387e-01  -5.24004091e-02
10027  -2.96030403e-01  -6.94344631e-02
10028  -2.96029419e-01  -8.64685172e-02
10029  1.47700512e-01  1.41888598e-01
10030  1.47689187e-01  1.25505922e-01
10031  1.47677862e-01  1.09123246e-01
10032  1.47666537e-01  9.27405708e-02
10033  1.47655212e-01  7.63578954e-02
10034  1.47643888e-01  5.99752199e-02
10035  1.47632563e-01  4.35925442e-02
10036  1.47621238e-01  2.72098687e-02
10037  1.47609913e-01  1.08271932e-02
10038  1.47598589e-01  -5.55548230e-03
10039  1.47587264e-01  -2.19381580e-02
10040  1.47575939e-01  -3.83208335e-02
10041  1.47564614e-01  -5.47035090e-02
10042  1.47553290e-01  -7.10861845e-02
10043  1.47541965e-01  -8.74688602e-02
