1  -1.34720000e+00  -5.82140520e-03
2  -1.34499559e+00  -3.67698618e-02
3  -1.34068070e+00  -6.74598740e-02
4  -1.33301980e+00  -9.75088807e-02
5  -1.32250216e+00  -1.26682919e-01
6  -1.30943854e+00  -1.54813482e-01
7  -1.29406141e+00  -1.81747666e-01
8  -1.27676923e+00  -2.07500637e-01
9  -1.25788401e+00  -2.32112043e-01
10  -1.23774175e+00  -2.55705953e-01
11  -1.21649117e+00  -2.78308633e-01
12  -1.19441885e+00  -3.00110877e-01
13  -1.17150824e+00  -3.21030267e-01
14  -1.14792058e+00  -3.41184471e-01
15  -1.12380189e+00  -3.60699704e-01
16  -1.09916077e+00  -3.79552300e-01
17  -1.07418254e+00  -3.97956592e-01
18  -1.04885000e+00  -4.15869832e-01
19  -1.01599748e+00  -4.38157883e-01
20  -9.89569806e-01  -4.55558511e-01
21  -9.62904779e-01  -4.72593218e-01
22  -9.36001997e-01  -4.89250153e-01
23  -9.08919717e-01  -5.05613668e-01
24  -8.81643491e-01  -5.21651737e-01
25  -8.54185371e-01  -5.37376371e-01
26  -8.26580610e-01  -5.52842214e-01
27  -7.98875331e-01  -5.68127247e-01
28  -7.71021102e-01  -5.83139106e-01
29  -7.43007930e-01  -5.97852220e-01
30  -7.14852305e-01  -6.12290862e-01
31  -6.86543691e-01  -6.26426771e-01
32  -6.58107440e-01  -6.40304346e-01
33  -6.29526723e-01  -6.53881321e-01
34  -6.00794790e-01  -6.67134997e-01
35  -5.71910061e-01  -6.80052250e-01
36  -5.42872840e-01  -6.92622998e-01
37  -5.13691593e-01  -7.04856087e-01
38  -4.84373918e-01  -7.16758418e-01
39  -4.54897246e-01  -7.28261758e-01
40  -4.25266864e-01  -7.39363889e-01
41  -3.95431739e-01  -7.49903328e-01
42  -3.58800000e-01  -7.62179458e-01
43  -3.29184902e-01  -7.71435433e-01
44  -2.99397051e-01  -7.80116523e-01
45  -2.69439436e-01  -7.88189270e-01
46  -2.39313870e-01  -7.95609040e-01
47  -2.09029389e-01  -8.02350180e-01
48  -1.78595886e-01  -8.08383921e-01
49  -1.48022258e-01  -8.13665672e-01
50  -1.17328752e-01  -8.18206383e-01
51  -8.65296449e-02  -8.21966316e-01
52  -5.56346068e-02  -8.24833304e-01
53  -2.46784994e-02  -8.26929292e-01
54  6.32107712e-03  -8.28210711e-01
55  3.73437616e-02  -8.28592787e-01
56  6.83654377e-02  -8.28126115e-01
57  9.93634836e-02  -8.26829041e-01
58  1.30312625e-01  -8.24668832e-01
59  1.61191781e-01  -8.21658331e-01
60  1.91982295e-01  -8.17843708e-01
61  2.22663875e-01  -8.13233678e-01
62  2.53213511e-01  -8.07818390e-01
63  2.83600000e-01  -8.01545633e-01
64  3.18408069e-01  -7.93409486e-01
65  3.48611769e-01  -7.85455627e-01
66  3.78574976e-01  -7.76636675e-01
67  4.08303151e-01  -7.67054296e-01
68  4.37787411e-01  -7.56747530e-01
69  4.66964770e-01  -7.45600403e-01
70  4.95812200e-01  -7.33624854e-01
71  5.24338279e-01  -7.20902607e-01
72  5.52524187e-01  -7.07444717e-01
73  5.80325742e-01  -6.93210637e-01
74  6.07671452e-01  -6.78119079e-01
75  6.34553809e-01  -6.62217672e-01
76  6.60939639e-01  -6.45505971e-01
77  6.86809445e-01  -6.28005860e-01
78  7.12133298e-01  -6.09725208e-01
79  7.41250000e-01  -5.87106423e-01
80  7.64995439e-01  -5.67232781e-01
81  7.88098111e-01  -5.46615184e-01
82  8.10479599e-01  -5.25215807e-01
83  8.32076847e-01  -5.03024549e-01
84  8.52870440e-01  -4.80080409e-01
85  8.72729017e-01  -4.56323147e-01
86  8.91687414e-01  -4.31841228e-01
87  9.09779114e-01  -4.06713589e-01
88  9.26832139e-01  -3.80870888e-01
89  9.42931434e-01  -3.54420193e-01
90  9.57929661e-01  -3.27330710e-01
91  9.71806850e-01  -2.99650018e-01
92  9.84425103e-01  -2.71373494e-01
93  9.95814230e-01  -2.42582679e-01
94  1.00591237e+00  -2.13312519e-01
95  1.01475728e+00  -1.83639226e-01
96  1.02236861e+00  -1.53624396e-01
97  1.02834449e+00  -1.23240772e-01
98  1.03292234e+00  -9.26169132e-02
99  1.03637001e+00  -6.18446696e-02
100  1.03808112e+00  -3.09297551e-02
101  1.03960000e+00  0.00000000e+00
102  1.03806002e+00  3.13790145e-02
103  1.03630359e+00  6.27419342e-02
104  1.03302042e+00  9.39850985e-02
105  1.02874060e+00  1.25106115e-01
106  1.02292236e+00  1.55975744e-01
107  1.01559928e+00  1.86523844e-01
108  1.00701923e+00  2.16743401e-01
109  9.97097730e-01  2.46549209e-01
110  9.85912421e-01  2.75901601e-01
111  9.73478826e-01  3.04749406e-01
112  9.59883691e-01  3.33068813e-01
113  9.45106849e-01  3.60791942e-01
114  9.29131571e-01  3.87841516e-01
115  9.12081040e-01  4.14225091e-01
116  8.93994725e-01  4.39907673e-01
117  8.74891890e-01  4.64844180e-01
118  8.54823957e-01  4.89011234e-01
119  8.33820964e-01  5.12370986e-01
120  8.11923121e-01  5.34896374e-01
121  7.89144212e-01  5.56530814e-01
122  7.65551608e-01  5.77273387e-01
123  7.41250000e-01  5.97179971e-01
124  7.12189350e-01  6.19183997e-01
125  6.86908907e-01  6.36896679e-01
126  6.61064091e-01  6.53776380e-01
127  6.34667237e-01  6.69777711e-01
128  6.07721677e-01  6.84837493e-01
129  5.80306384e-01  6.99026587e-01
130  5.52469344e-01  7.12369658e-01
131  5.24236924e-01  7.24853963e-01
132  4.95633824e-01  7.36465394e-01
133  4.66698136e-01  7.47221459e-01
134  4.37484207e-01  7.57198206e-01
135  4.08019754e-01  7.66407626e-01
136  3.78308996e-01  7.74787708e-01
137  3.48394690e-01  7.82410514e-01
138  3.18278689e-01  7.89189634e-01
139  2.83600000e-01  7.96049872e-01
140  2.51674345e-01  8.01474552e-01
141  2.19622513e-01  8.06093635e-01
142  1.87462664e-01  8.09888174e-01
143  1.55219798e-01  8.12900000e-01
144  1.22916874e-01  8.15178549e-01
145  9.05729965e-02  8.16768589e-01
146  5.82010831e-02  8.17608899e-01
147  2.58186783e-02  8.17717778e-01
148  -6.55832018e-03  8.17113804e-01
149  -3.89166763e-02  8.15856621e-01
150  -7.12387703e-02  8.13886649e-01
151  -1.03510674e-01  8.11213418e-01
152  -1.35724722e-01  8.07912273e-01
153  -1.67872615e-01  8.04019296e-01
154  -1.99941460e-01  7.99521797e-01
155  -2.31920779e-01  7.94424054e-01
156  -2.63809649e-01  7.88786941e-01
157  -2.95594672e-01  7.82591210e-01
158  -3.27257349e-01  7.75795794e-01
159  -3.58800000e-01  7.68461986e-01
160  -3.95607899e-01  7.59136151e-01
161  -4.25667419e-01  7.51041950e-01
162  -4.55601614e-01  7.42495681e-01
163  -4.85410470e-01  7.33522740e-01
164  -5.15094952e-01  7.24146901e-01
165  -5.44620191e-01  7.14282464e-01
166  -5.74000066e-01  7.03992552e-01
167  -6.03231211e-01  6.93287984e-01
168  -6.32307116e-01  6.82168747e-01
169  -6.61210548e-01  6.70609300e-01
170  -6.89926183e-01  6.58589731e-01
171  -7.18460585e-01  6.46146593e-01
172  -7.46797179e-01  6.33258380e-01
173  -7.74939611e-01  6.19951620e-01
174  -8.02886412e-01  6.06238391e-01
175  -8.30612256e-01  5.92083593e-01
176  -8.58086879e-01  5.77447227e-01
177  -8.85299987e-01  5.62330324e-01
178  -9.12249946e-01  5.46749207e-01
179  -9.38922122e-01  5.30697671e-01
180  -9.65253096e-01  5.14092005e-01
181  -9.91267818e-01  4.96995514e-01
182  -1.01692539e+00  4.79368310e-01
183  -1.04885000e+00  4.56333997e-01
184  -1.07358442e+00  4.37528157e-01
185  -1.09785207e+00  4.18123403e-01
186  -1.12157476e+00  3.98055600e-01
187  -1.14472395e+00  3.77329577e-01
188  -1.16727244e+00  3.55954105e-01
189  -1.18910652e+00  3.33848693e-01
190  -1.21015330e+00  3.10992018e-01
191  -1.23022457e+00  2.87274549e-01
192  -1.24935427e+00  2.62792445e-01
193  -1.26737290e+00  2.37481849e-01
194  -1.28405361e+00  2.11270798e-01
195  -1.29936813e+00  1.84240754e-01
196  -1.31281513e+00  1.56234267e-01
197  -1.32447130e+00  1.27438449e-01
198  -1.33389778e+00  9.78394595e-02
199  -1.34097478e+00  6.75958080e-02
200  -1.34502993e+00  3.68184876e-02
201  -3.27297507e-01  7.43561810e-01
202  -3.27337664e-01  7.11327826e-01
203  -3.27377821e-01  6.79093843e-01
204  -3.27417979e-01  6.46859859e-01
205  -3.27458136e-01  6.14625875e-01
206  -3.27498293e-01  5.82391891e-01
207  -3.27538451e-01  5.50157907e-01
208  -3.27578608e-01  5.17923923e-01
209  -3.27618765e-01  4.85689939e-01
210  -3.27658923e-01  4.53455955e-01
211  -3.27699080e-01  4.21221971e-01
212  -3.27739238e-01  3.88987987e-01
213  -3.27779395e-01  3.56754004e-01
214  -3.27819552e-01  3.24520020e-01
215  -3.27859710e-01  2.92286036e-01
216  -3.27899867e-01  2.60052052e-01
217  -3.27940024e-01  2.27818068e-01
218  -3.27980182e-01  1.95584084e-01
219  -3.28020339e-01  1.63350100e-01
220  -3.28060496e-01  1.31116116e-01
221  -3.28100654e-01  9.88821324e-02
222  -3.28140811e-01  6.66481485e-02
223  -3.28180968e-01  3.44141646e-02
224  -3.28221126e-01  2.18018067e-03
225  -3.28261283e-01  -3.00538032e-02
226  -3.28301440e-01  -6.22877871e-02
227  -3.28341598e-01  -9.45217710e-02
228  -3.28381755e-01  -1.26755755e-01
229  -3.28421913e-01  -1.58989739e-01
230  -3.28462070e-01  -1.91223723e-01
231  -3.28502227e-01  -2.23457707e-01
232  -3.28542385e-01  -2.55691691e-01
233  -3.28582542e-01  -2.87925674e-01
234  -3.28622699e-01  -3.20159658e-01
235  -3.28662857e-01  -3.52393642e-01
236  -3.28703014e-01  -3.84627626e-01
237  -3.28743171e-01  -4.16861610e-01
238  -3.28783329e-01  -4.49095594e-01
239  -3.28823486e-01  -4.81329578e-01
240  -3.28863643e-01  -5.13563562e-01
241  -3.28903801e-01  -5.45797546e-01
242  -3.28943958e-01  -5.78031530e-01
243  -3.28984115e-01  -6.10265513e-01
244  -3.29024273e-01  -6.42499497e-01
245  -3.29064430e-01  -6.74733481e-01
246  -3.29104588e-01  -7.06967465e-01
247  -3.29144745e-01  -7.39201449e-01
248  2.51705128e-01  7.69288694e-01
249  2.51735911e-01  7.37102835e-01
250  2.51766695e-01  7.04916976e-01
251  2.51797478e-01  6.72731117e-01
252  2.51828261e-01  6.40545258e-01
253  2.51859045e-01  6.08359399e-01
254  2.51889828e-01  5.76173540e-01
255  2.51920611e-01  5.43987682e-01
256  2.51951395e-01  5.11801823e-01
257  2.51982178e-01  4.79615964e-01
258  2.52012961e-01  4.47430105e-01
259  2.52043744e-01  4.15244246e-01
260  2.52074528e-01  3.83058387e-01
261  2.52105311e-01  3.50872528e-01
262  2.52136094e-01  3.18686670e-01
263  2.52166878e-01  2.86500811e-01
264  2.52197661e-01  2.54314952e-01
265  2.52228444e-01  2.22129093e-01
266  2.52259228e-01  1.89943234e-01
267  2.52290011e-01  1.57757375e-01
268  2.52320794e-01  1.25571517e-01
269  2.52351578e-01  9.33856577e-02
270  2.52382361e-01  6.11997988e-02
271  2.52413144e-01  2.90139400e-02
272  2.52443928e-01  -3.17191886e-03
273  2.52474711e-01  -3.53577777e-02
274  2.52505494e-01  -6.75436366e-02
275  2.52536278e-01  -9.97294954e-02
276  2.52567061e-01  -1.31915354e-01
277  2.52597844e-01  -1.64101213e-01
278  2.52628628e-01  -1.96287072e-01
279  2.52659411e-01  -2.28472931e-01
280  2.52690194e-01  -2.60658790e-01
281  2.52720977e-01  -2.92844649e-01
282  2.52751761e-01  -3.25030507e-01
283  2.52782544e-01  -3.57216366e-01
284  2.52813327e-01  -3.89402225e-01
285  2.52844111e-01  -4.21588084e-01
286  2.52874894e-01  -4.53773943e-01
287  2.52905677e-01  -4.85959802e-01
288  2.52936461e-01  -5.18145660e-01
289  2.52967244e-01  -5.50331519e-01
290  2.52998027e-01  -5.82517378e-01
291  2.53028811e-01  -6.14703237e-01
292  2.53059594e-01  -6.46889096e-01
293  2.53090377e-01  -6.79074955e-01
294  2.53121161e-01  -7.11260814e-01
295  2.53151944e-01  -7.43446672e-01
296  2.53182727e-01  -7.75632531e-01
10369  -1.31524524e+00  -5.49770433e-03
10370  -1.31327558e+00  -3.34143188e-02
10371  -1.30938609e+00  -6.12901080e-02
10372  -1.30252695e+00  -8.81491348e-02
10373  -1.29300500e+00  -1.14544718e-01
10374  -1.28109847e+00  -1.40175901e-01
10375  -1.26695277e+00  -1.64938739e-01
10376  -1.25086299e+00  -1.88891888e-01
10377  -1.23309327e+00  -2.12041226e-01
10378  -1.21398587e+00  -2.34420351e-01
10379  -1.19366013e+00  -2.56033934e-01
10380  -1.17245309e+00  -2.76982450e-01
10381  -1.15039128e+00  -2.97124356e-01
10382  -1.12752668e+00  -3.16658823e-01
10383  -1.10407726e+00  -3.35632641e-01
10384  -1.08000863e+00  -3.54045161e-01
10385  -1.05551324e+00  -3.72093959e-01
10386  -1.03068732e+00  -3.89648928e-01
10387  -9.98272769e-01  -4.11638961e-01
10388  -9.72212868e-01  -4.28797433e-01
10389  -9.45922716e-01  -4.45592697e-01
10390  -9.19358452e-01  -4.62039658e-01
10391  -8.92588049e-01  -4.78214850e-01
10392  -8.65633860e-01  -4.94063509e-01
10393  -8.38464260e-01  -5.09622718e-01
10394  -8.11081170e-01  -5.24964158e-01
10395  -7.83604607e-01  -5.40123255e-01
10396  -7.56038608e-01  -5.54979854e-01
10397  -7.28314392e-01  -5.69541117e-01
10398  -7.00449621e-01  -5.83830691e-01
10399  -6.72423841e-01  -5.97825225e-01
10400  -6.44269232e-01  -6.11565477e-01
10401  -6.16002878e-01  -6.24993188e-01
10402  -5.87603431e-01  -6.38093533e-01
10403  -5.59062918e-01  -6.50856882e-01
10404  -5.30370594e-01  -6.63278280e-01
10405  -5.01526293e-01  -6.75370089e-01
10406  -4.72576381e-01  -6.87123359e-01
10407  -4.43503118e-01  -6.98469268e-01
10408  -4.14358384e-01  -7.09390172e-01
10409  -3.85051500e-01  -7.19742604e-01
10410  -3.48830911e-01  -7.31391208e-01
10411  -3.22145430e-01  -7.39755881e-01
10412  -2.90659150e-01  -7.48956482e-01
10413  -2.61359155e-01  -7.56852262e-01
10414  -2.31928004e-01  -7.64101136e-01
10415  -2.02366399e-01  -7.70681527e-01
10416  -1.72694096e-01  -7.76564620e-01
10417  -1.42899335e-01  -7.81711725e-01
10418  -1.12999596e-01  -7.86135252e-01
10419  -8.30733397e-02  -7.89789414e-01
10420  -5.30461836e-02  -7.92574986e-01
10421  -2.29169628e-02  -7.94615270e-01
10422  7.18873652e-03  -7.95860345e-01
10423  3.72996379e-02  -7.96230817e-01
10424  6.74454838e-02  -7.95777193e-01
10425  9.75601559e-02  -7.94517324e-01
10426  1.27615609e-01  -7.92419411e-01
10427  1.57631941e-01  -7.89492719e-01
10428  1.87588208e-01  -7.85781409e-01
10429  2.17434904e-01  -7.81296914e-01
10430  2.60180719e-01  -7.73530099e-01
10431  2.76645176e-01  -7.69939787e-01
10432  3.10715894e-01  -7.62453888e-01
10433  3.40046399e-01  -7.54730181e-01
10434  3.69178312e-01  -7.46155184e-01
10435  3.98146754e-01  -7.36817461e-01
10436  4.26831650e-01  -7.26791063e-01
10437  4.55156938e-01  -7.15969444e-01
10438  4.83200285e-01  -7.04327103e-01
10439  5.10969315e-01  -6.91942472e-01
10440  5.38382825e-01  -6.78853801e-01
10441  5.65349688e-01  -6.65047959e-01
10442  5.91843989e-01  -6.50425939e-01
10443  6.17898690e-01  -6.35014260e-01
10444  6.43468051e-01  -6.18819603e-01
10445  6.68536501e-01  -6.01861680e-01
10446  6.93011586e-01  -5.84195251e-01
10447  7.21226643e-01  -5.62277332e-01
10448  7.44137633e-01  -5.43100427e-01
10449  7.66454229e-01  -5.23185268e-01
10450  7.88025198e-01  -5.02561481e-01
10451  8.08826438e-01  -4.81187949e-01
10452  8.28811566e-01  -4.59137888e-01
10453  8.47878446e-01  -4.36326454e-01
10454  8.66131020e-01  -4.12754862e-01
10455  8.83519349e-01  -3.88607144e-01
10456  8.99892686e-01  -3.63792115e-01
10457  9.15349423e-01  -3.38399854e-01
10458  9.29713838e-01  -3.12455027e-01
10459  9.42978209e-01  -2.85999814e-01
10460  9.55023825e-01  -2.59004845e-01
10461  9.65900046e-01  -2.31511988e-01
10462  9.75545057e-01  -2.03553169e-01
10463  9.84007564e-01  -1.75161398e-01
10464  9.91249319e-01  -1.46623801e-01
10465  9.96914307e-01  -1.17803660e-01
10466  1.00129441e+00  -8.84825958e-02
10467  1.00458396e+00  -5.91864999e-02
10468  1.00622753e+00  -2.92661155e-02
10469  1.00766459e+00  4.88333232e-07
10470  1.00620695e+00  2.97054721e-02
10471  1.00450943e+00  6.01826396e-02
10472  1.00135542e+00  9.01450295e-02
10473  9.97258559e-01  1.19977790e-01
10474  9.91731355e-01  1.49301928e-01
10475  9.84741488e-01  1.78448245e-01
10476  9.76537349e-01  2.07348002e-01
10477  9.67055601e-01  2.35830575e-01
10478  9.56356497e-01  2.63907187e-01
10479  9.44449217e-01  2.91531977e-01
10480  9.31425729e-01  3.18661766e-01
10481  9.17293734e-01  3.45176268e-01
10482  9.01998892e-01  3.71071413e-01
10483  8.85641424e-01  3.96382296e-01
10484  8.68289416e-01  4.21022343e-01
10485  8.49956776e-01  4.44953008e-01
10486  8.30689863e-01  4.68155441e-01
10487  8.10521414e-01  4.90586828e-01
10488  7.89500154e-01  5.12210934e-01
10489  7.67626582e-01  5.32984897e-01
10490  7.44911534e-01  5.52954548e-01
10491  7.21512677e-01  5.72122902e-01
10492  6.93407216e-01  5.93403190e-01
10493  6.69034003e-01  6.10478760e-01
10494  6.44073344e-01  6.26781322e-01
10495  6.18616584e-01  6.42213329e-01
10496  5.92608261e-01  6.56748291e-01
10497  5.66080481e-01  6.70477642e-01
10498  5.39124305e-01  6.83398491e-01
10499  5.11786691e-01  6.95487140e-01
10500  4.84076780e-01  7.06735723e-01
10501  4.55986009e-01  7.17177009e-01
10502  4.27571242e-01  7.26880691e-01
10503  3.98931544e-01  7.35832750e-01
10504  3.70040717e-01  7.43980985e-01
10505  3.40953410e-01  7.51393648e-01
10506  3.11680752e-01  7.57982490e-01
10507  2.77832862e-01  7.64678568e-01
10508  2.58706735e-01  7.67612182e-01
10509  2.15418076e-01  7.74005915e-01
10510  1.84061444e-01  7.77705403e-01
10511  1.52576172e-01  7.80646159e-01
10512  1.20983729e-01  7.82874339e-01
10513  8.93585241e-02  7.84429385e-01
10514  5.77267631e-02  7.85250375e-01
10515  2.60660830e-02  7.85356724e-01
10516  -5.62828989e-03  7.84765171e-01
10517  -3.73040146e-02  7.83534827e-01
10518  -6.89184852e-02  7.81607936e-01
10519  -1.00525245e-01  7.78989417e-01
10520  -1.32129814e-01  7.75750562e-01
10521  -1.63679875e-01  7.71930046e-01
10522  -1.95146724e-01  7.67516961e-01
10523  -2.26556671e-01  7.62509709e-01
10524  -2.57896885e-01  7.56969677e-01
10525  -2.89103116e-01  7.50886971e-01
10526  -3.20296718e-01  7.44191063e-01
10527  -3.51270852e-01  7.37466333e-01
10528  -3.87543866e-01  7.28275335e-01
10529  -4.17142013e-01  7.20305391e-01
10530  -4.46626007e-01  7.11887560e-01
10531  -4.76009826e-01  7.03042476e-01
10532  -5.05237368e-01  6.93811334e-01
10533  -5.34294334e-01  6.84103079e-01
10534  -5.63243789e-01  6.73963881e-01
10535  -5.92049997e-01  6.63414935e-01
10536  -6.20687816e-01  6.52463352e-01
10537  -6.49129971e-01  6.41088489e-01
10538  -6.77392953e-01  6.29258233e-01
10539  -7.05482310e-01  6.17009280e-01
10540  -7.33376555e-01  6.04322149e-01
10541  -7.61096346e-01  5.91215186e-01
10542  -7.88608647e-01  5.77715347e-01
10543  -8.15861445e-01  5.63802289e-01
10544  -8.42843109e-01  5.49428553e-01
10545  -8.69572187e-01  5.34580461e-01
10546  -8.96043196e-01  5.19276314e-01
10547  -9.22190170e-01  5.03541449e-01
10548  -9.47985938e-01  4.87272910e-01
10549  -9.73476942e-01  4.70520935e-01
10550  -9.98561446e-01  4.53287970e-01
10551  -1.02986410e+00  4.30702881e-01
10552  -1.05397027e+00  4.12374555e-01
10553  -1.07758988e+00  3.93488830e-01
10554  -1.10063420e+00  3.73995019e-01
10555  -1.12311130e+00  3.53870852e-01
10556  -1.14495050e+00  3.33169254e-01
10557  -1.16602404e+00  3.11834660e-01
10558  -1.18624163e+00  2.89881574e-01
10559  -1.20547861e+00  2.67148541e-01
10560  -1.22378840e+00  2.43718780e-01
10561  -1.24091661e+00  2.19663794e-01
10562  -1.25671361e+00  1.94840855e-01
10563  -1.27109860e+00  1.69467384e-01
10564  -1.28364021e+00  1.43340757e-01
10565  -1.29446972e+00  1.16606825e-01
10566  -1.30314865e+00  8.93594922e-02
10567  -1.30959560e+00  6.18717019e-02
10568  -1.31326469e+00  3.39222122e-02
10569  -3.20297512e-01  7.43553089e-01
10570  -3.20337669e-01  7.11319105e-01
10571  -3.20377826e-01  6.79085122e-01
10572  -3.20417984e-01  6.46851138e-01
10573  -3.20458141e-01  6.14617154e-01
10574  -3.20498298e-01  5.82383170e-01
10575  -3.20538456e-01  5.50149186e-01
10576  -3.20578613e-01  5.17915202e-01
10577  -3.20618770e-01  4.85681218e-01
10578  -3.20658928e-01  4.53447234e-01
10579  -3.20699085e-01  4.21213250e-01
10580  -3.20739243e-01  3.88979266e-01
10581  -3.20779400e-01  3.56745283e-01
10582  -3.20819557e-01  3.24511299e-01
10583  -3.20859715e-01  2.92277315e-01
10584  -3.20899872e-01  2.60043331e-01
10585  -3.20940029e-01  2.27809347e-01
10586  -3.20980187e-01  1.95575363e-01
10587  -3.21020344e-01  1.63341379e-01
10588  -3.21060501e-01  1.31107395e-01
10589  -3.21100659e-01  9.88734117e-02
10590  -3.21140816e-01  6.66394279e-02
10591  -3.21180973e-01  3.44054439e-02
10592  -3.21221131e-01  2.17145999e-03
10593  -3.21261288e-01  -3.00625238e-02
10594  -3.21301445e-01  -6.22965078e-02
10595  -3.21341603e-01  -9.45304917e-02
10596  -3.21381760e-01  -1.26764476e-01
10597  -3.21421918e-01  -1.58998460e-01
10598  -3.21462075e-01  -1.91232444e-01
10599  -3.21502232e-01  -2.23466428e-01
10600  -3.21542390e-01  -2.55700412e-01
10601  -3.21582547e-01  -2.87934395e-01
10602  -3.21622704e-01  -3.20168379e-01
10603  -3.21662862e-01  -3.52402363e-01
10604  -3.21703019e-01  -3.84636347e-01
10605  -3.21743176e-01  -4.16870331e-01
10606  -3.21783334e-01  -4.49104315e-01
10607  -3.21823491e-01  -4.81338299e-01
10608  -3.21863648e-01  -5.13572283e-01
10609  -3.21903806e-01  -5.45806267e-01
10610  -3.21943963e-01  -5.78040251e-01
10611  -3.21984120e-01  -6.10274234e-01
10612  -3.22024278e-01  -6.42508218e-01
10613  -3.22064435e-01  -6.74742202e-01
10614  -3.22104593e-01  -7.06976186e-01
10615  -3.22144750e-01  -7.39210170e-01
10616  2.58705125e-01  7.69295389e-01
10617  2.58735908e-01  7.37109530e-01
10618  2.58766692e-01  7.04923671e-01
10619  2.58797475e-01  6.72737812e-01
10620  2.58828258e-01  6.40551953e-01
10621  2.58859042e-01  6.08366094e-01
10622  2.58889825e-01  5.76180235e-01
10623  2.58920608e-01  5.43994377e-01
10624  2.58951392e-01  5.11808518e-01
10625  2.58982175e-01  4.79622659e-01
10626  2.59012958e-01  4.47436800e-01
10627  2.59043741e-01  4.15250941e-01
10628  2.59074525e-01  3.83065082e-01
10629  2.59105308e-01  3.50879223e-01
10630  2.59136091e-01  3.18693365e-01
10631  2.59166875e-01  2.86507506e-01
10632  2.59197658e-01  2.54321647e-01
10633  2.59228441e-01  2.22135788e-01
10634  2.59259225e-01  1.89949929e-01
10635  2.59290008e-01  1.57764070e-01
10636  2.59320791e-01  1.25578212e-01
10637  2.59351575e-01  9.33923527e-02
10638  2.59382358e-01  6.12064937e-02
10639  2.59413141e-01  2.90206350e-02
10640  2.59443925e-01  -3.16522386e-03
10641  2.59474708e-01  -3.53510828e-02
10642  2.59505491e-01  -6.75369416e-02
10643  2.59536275e-01  -9.97228004e-02
10644  2.59567058e-01  -1.31908659e-01
10645  2.59597841e-01  -1.64094518e-01
10646  2.59628625e-01  -1.96280377e-01
10647  2.59659408e-01  -2.28466236e-01
10648  2.59690191e-01  -2.60652095e-01
10649  2.59720974e-01  -2.92837954e-01
10650  2.59751758e-01  -3.25023812e-01
10651  2.59782541e-01  -3.57209671e-01
10652  2.59813324e-01  -3.89395530e-01
10653  2.59844108e-01  -4.21581389e-01
10654  2.59874891e-01  -4.53767248e-01
10655  2.59905674e-01  -4.85953107e-01
10656  2.59936458e-01  -5.18138965e-01
10657  2.59967241e-01  -5.50324824e-01
10658  2.59998024e-01  -5.82510683e-01
10659  2.60028808e-01  -6.14696542e-01
10660  2.60059591e-01  -6.46882401e-01
10661  2.60090374e-01  -6.79068260e-01
10662  2.60121158e-01  -7.11254119e-01
10663  2.60151941e-01  -7.43439977e-01
10664  2.60182724e-01  -7.75625836e-01
2593  -1.34669909e+00  -5.81633104e-03
2594  -1.34449836e+00  -3.67172621e-02
2595  -1.34019014e+00  -6.73631601e-02
2596  -1.33254181e+00  -9.73621624e-02
2597  -1.32203978e+00  -1.26492647e-01
2598  -1.30899430e+00  -1.54584031e-01
2599  -1.29363647e+00  -1.81484178e-01
2600  -1.27636314e+00  -2.07208936e-01
2601  -1.25749540e+00  -2.31797424e-01
2602  -1.23736937e+00  -2.55372291e-01
2603  -1.21613328e+00  -2.77959467e-01
2604  -1.19407453e+00  -2.99748328e-01
2605  -1.17117722e+00  -3.20655531e-01
2606  -1.14760090e+00  -3.40800020e-01
2607  -1.12349270e+00  -3.60306766e-01
2608  -1.09886055e+00  -3.79152464e-01
2609  -1.07388989e+00  -3.97551183e-01
2610  -1.04856529e+00  -4.15458807e-01
2611  -1.01571964e+00  -4.37742187e-01
2612  -9.89297728e-01  -4.55139019e-01
2613  -9.62638577e-01  -4.72169973e-01
2614  -9.35741102e-01  -4.88823616e-01
2615  -9.08663711e-01  -5.05184179e-01
2616  -8.81392533e-01  -5.21219279e-01
2617  -8.53938935e-01  -5.36941320e-01
2618  -8.26337649e-01  -5.52405213e-01
2619  -7.98635955e-01  -5.67688272e-01
2620  -7.70786245e-01  -5.82697697e-01
2621  -7.42777602e-01  -5.97408431e-01
2622  -7.14626536e-01  -6.11844736e-01
2623  -6.86322356e-01  -6.25978429e-01
2624  -6.57890520e-01  -6.39853851e-01
2625  -6.29314731e-01  -6.53428486e-01
2626  -6.00588009e-01  -6.66679759e-01
2627  -5.71708676e-01  -6.79594599e-01
2628  -5.42676862e-01  -6.92163006e-01
2629  -5.13500896e-01  -7.04393881e-01
2630  -4.84188986e-01  -7.16293875e-01
2631  -4.54718638e-01  -7.27794747e-01
2632  -4.25095869e-01  -7.38894037e-01
2633  -3.95269024e-01  -7.49430545e-01
2634  -3.58645975e-01  -7.61703773e-01
2635  -3.28184627e-01  -7.71215175e-01
2636  -2.99262049e-01  -7.79635094e-01
2637  -2.69314594e-01  -7.87705106e-01
2638  -2.39199757e-01  -7.95122236e-01
2639  -2.08926444e-01  -8.01860892e-01
2640  -1.78504702e-01  -8.07892306e-01
2641  -1.47943108e-01  -8.13171977e-01
2642  -1.17261866e-01  -8.17710877e-01
2643  -8.64762442e-02  -8.21469176e-01
2644  -5.55946151e-02  -8.24334906e-01
2645  -2.46512833e-02  -8.26430033e-01
2646  6.33448265e-03  -8.27710891e-01
2647  3.73430799e-02  -8.28092787e-01
2648  6.83512242e-02  -8.27626317e-01
2649  9.93356218e-02  -8.26329818e-01
2650  1.30270956e-01  -8.24170571e-01
2651  1.61136781e-01  -8.21161365e-01
2652  1.91914405e-01  -8.17348338e-01
2653  2.22583086e-01  -8.12740248e-01
2654  2.54212841e-01  -8.07117596e-01
2655  2.83492546e-01  -8.01057316e-01
2656  3.18287491e-01  -7.92924243e-01
2657  3.48477503e-01  -7.84973992e-01
2658  3.78427679e-01  -7.76158864e-01
2659  4.08143945e-01  -7.66580320e-01
2660  4.37615674e-01  -7.56277949e-01
2661  4.66779677e-01  -7.45135924e-01
2662  4.95614502e-01  -7.33165598e-01
2663  5.24128714e-01  -7.20448644e-01
2664  5.52302515e-01  -7.06996541e-01
2665  5.80090986e-01  -6.92769174e-01
2666  6.07423349e-01  -6.77684976e-01
2667  6.34292732e-01  -6.61791246e-01
2668  6.60665764e-01  -6.45087650e-01
2669  6.86523008e-01  -6.27596038e-01
2670  7.11833556e-01  -6.09325014e-01
2671  7.40936125e-01  -5.86717216e-01
2672  7.64668483e-01  -5.66854495e-01
2673  7.87758833e-01  -5.46247909e-01
2674  8.10127616e-01  -5.24860690e-01
2675  8.31712386e-01  -5.02682250e-01
2676  8.52493306e-01  -4.79752125e-01
2677  8.72339473e-01  -4.56009690e-01
2678  8.91286806e-01  -4.31542041e-01
2679  9.09367480e-01  -4.06429762e-01
2680  9.26409851e-01  -3.80603170e-01
2681  9.42499073e-01  -3.54169067e-01
2682  9.57487365e-01  -3.27097527e-01
2683  9.71354948e-01  -2.99436045e-01
2684  9.83964225e-01  -2.71179610e-01
2685  9.95345312e-01  -2.42409141e-01
2686  1.00543635e+00  -2.13159537e-01
2687  1.01427526e+00  -1.83506332e-01
2688  1.02188080e+00  -1.53514658e-01
2689  1.02785181e+00  -1.23155543e-01
2690  1.03242656e+00  -9.25521059e-02
2691  1.03587175e+00  -6.18030016e-02
2692  1.03758180e+00  -3.09036768e-02
2693  1.03909940e+00  7.65484578e-09
2694  1.03756071e+00  3.13527810e-02
2695  1.03580520e+00  6.27018161e-02
2696  1.03252406e+00  9.39249037e-02
2697  1.02824710e+00  1.25025726e-01
2698  1.02243343e+00  1.55871129e-01
2699  1.01511557e+00  1.86397255e-01
2700  1.00654141e+00  2.16596124e-01
2701  9.96626806e-01  2.46381190e-01
2702  9.85449118e-01  2.75713583e-01
2703  9.73023774e-01  3.04542217e-01
2704  9.59437599e-01  3.32842976e-01
2705  9.44670866e-01  3.60547159e-01
2706  9.28706254e-01  3.87578637e-01
2707  9.11666587e-01  4.13945397e-01
2708  8.93591783e-01  4.39611637e-01
2709  8.74501021e-01  4.64532377e-01
2710  8.54445644e-01  4.88684310e-01
2711  8.33455733e-01  5.12029509e-01
2712  8.11571631e-01  5.34540769e-01
2713  7.88806913e-01  5.56161721e-01
2714  7.65228065e-01  5.76892178e-01
2715  7.40940608e-01  5.96787190e-01
2716  7.11894931e-01  6.18779871e-01
2717  6.86628710e-01  6.36482566e-01
2718  6.60797753e-01  6.53353220e-01
2719  6.34415636e-01  6.69345627e-01
2720  6.07484767e-01  6.84397182e-01
2721  5.80083386e-01  6.98579069e-01
2722  5.52260154e-01  7.11915522e-01
2723  5.24041761e-01  7.24393625e-01
2724  4.95452662e-01  7.35999368e-01
2725  4.66530219e-01  7.46750499e-01
2726  4.37328817e-01  7.56722965e-01
2727  4.07877292e-01  7.65928351e-01
2728  3.78179387e-01  7.74304799e-01
2729  3.48278045e-01  7.81924311e-01
2730  3.18175263e-01  7.88700448e-01
2731  2.83509597e-01  7.95558113e-01
2732  2.52674980e-01  8.00811340e-01
2733  2.19557554e-01  8.05597873e-01
2734  1.87410114e-01  8.09390943e-01
2735  1.55178953e-01  8.12401671e-01
2736  1.22887006e-01  8.14679442e-01
2737  9.05542326e-02  8.16268941e-01
2738  5.81937548e-02  8.17108953e-01
2739  2.58225008e-02  8.17217793e-01
2740  -6.54395101e-03  8.16614011e-01
2741  -3.88917603e-02  8.15357242e-01
2742  -7.12029214e-02  8.13387936e-01
2743  -1.03464548e-01  8.10715550e-01
2744  -1.35669180e-01  8.07415368e-01
2745  -1.67807836e-01  8.03523510e-01
2746  -1.99867380e-01  7.99027315e-01
2747  -2.31837902e-01  7.93930970e-01
2748  -2.63718295e-01  7.88295357e-01
2749  -2.95494376e-01  7.82101373e-01
2750  -3.26257708e-01  7.75506918e-01
2751  -3.58681977e-01  7.67976115e-01
2752  -3.95481492e-01  7.58652394e-01
2753  -4.25533779e-01  7.50560140e-01
2754  -4.55460917e-01  7.42015885e-01
2755  -4.85263111e-01  7.33044948e-01
2756  -5.14940430e-01  7.23671377e-01
2757  -5.44458328e-01  7.13809388e-01
2758  -5.73831456e-01  7.03521839e-01
2759  -6.03055940e-01  6.92819710e-01
2760  -6.32124978e-01  6.81703101e-01
2761  -6.61021179e-01  6.70146548e-01
2762  -6.89729719e-01  6.58129946e-01
2763  -7.18257145e-01  6.45689852e-01
2764  -7.46586805e-01  6.32804791e-01
2765  -7.74722612e-01  6.19501163e-01
2766  -8.02662602e-01  6.05791279e-01
2767  -8.30381030e-01  5.91640271e-01
2768  -8.57847926e-01  5.77008022e-01
2769  -8.85053447e-01  5.61895332e-01
2770  -9.11995898e-01  5.46318557e-01
2771  -9.38659841e-01  5.30271985e-01
2772  -9.64982425e-01  5.13671603e-01
2773  -9.90988938e-01  4.96580513e-01
2774  -1.01663753e+00  4.78959489e-01
2775  -1.04855239e+00  4.55932218e-01
2776  -1.07327696e+00  4.37133863e-01
2777  -1.09753445e+00  4.17737245e-01
2778  -1.12124651e+00  3.97678439e-01
2779  -1.14438516e+00  3.76961851e-01
2780  -1.16692253e+00  3.55596942e-01
2781  -1.18874469e+00  3.33503613e-01
2782  -1.20977847e+00  3.10661102e-01
2783  -1.22983667e+00  2.86959065e-01
2784  -1.24895351e+00  2.62493457e-01
2785  -1.26695819e+00  2.37202543e-01
2786  -1.28362504e+00  2.11013251e-01
2787  -1.29892499e+00  1.84009175e-01
2788  -1.31235780e+00  1.56032155e-01
2789  -1.32400101e+00  1.27268658e-01
2790  -1.33341577e+00  9.77065322e-02
2791  -1.34048290e+00  6.75060800e-02
2792  -1.34453200e+00  3.67730872e-02
2793  -3.26297508e-01  7.43560564e-01
2794  -3.26337665e-01  7.11326580e-01
2795  -3.26377822e-01  6.79092597e-01
2796  -3.26417980e-01  6.46858613e-01
2797  -3.26458137e-01  6.14624629e-01
2798  -3.26498294e-01  5.82390645e-01
2799  -3.26538452e-01  5.50156661e-01
2800  -3.26578609e-01  5.17922677e-01
2801  -3.26618766e-01  4.85688693e-01
2802  -3.26658924e-01  4.53454709e-01
2803  -3.26699081e-01  4.21220725e-01
2804  -3.26739239e-01  3.88986741e-01
2805  -3.26779396e-01  3.56752758e-01
2806  -3.26819553e-01  3.24518774e-01
2807  -3.26859711e-01  2.92284790e-01
2808  -3.26899868e-01  2.60050806e-01
2809  -3.26940025e-01  2.27816822e-01
2810  -3.26980183e-01  1.95582838e-01
2811  -3.27020340e-01  1.63348854e-01
2812  -3.27060497e-01  1.31114870e-01
2813  -3.27100655e-01  9.88808866e-02
2814  -3.27140812e-01  6.66469027e-02
2815  -3.27180969e-01  3.44129188e-02
2816  -3.27221127e-01  2.17893486e-03
2817  -3.27261284e-01  -3.00550490e-02
2818  -3.27301441e-01  -6.22890329e-02
2819  -3.27341599e-01  -9.45230168e-02
2820  -3.27381756e-01  -1.26757001e-01
2821  -3.27421914e-01  -1.58990985e-01
2822  -3.27462071e-01  -1.91224969e-01
2823  -3.27502228e-01  -2.23458953e-01
2824  -3.27542386e-01  -2.55692937e-01
2825  -3.27582543e-01  -2.87926920e-01
2826  -3.27622700e-01  -3.20160904e-01
2827  -3.27662858e-01  -3.52394888e-01
2828  -3.27703015e-01  -3.84628872e-01
2829  -3.27743172e-01  -4.16862856e-01
2830  -3.27783330e-01  -4.49096840e-01
2831  -3.27823487e-01  -4.81330824e-01
2832  -3.27863644e-01  -5.13564808e-01
2833  -3.27903802e-01  -5.45798792e-01
2834  -3.27943959e-01  -5.78032776e-01
2835  -3.27984116e-01  -6.10266759e-01
2836  -3.28024274e-01  -6.42500743e-01
2837  -3.28064431e-01  -6.74734727e-01
2838  -3.28104589e-01  -7.06968711e-01
2839  -3.28144746e-01  -7.39202695e-01
2840  2.52705128e-01  7.69289650e-01
2841  2.52735911e-01  7.37103791e-01
2842  2.52766695e-01  7.04917932e-01
2843  2.52797478e-01  6.72732073e-01
2844  2.52828261e-01  6.40546214e-01
2845  2.52859045e-01  6.08360355e-01
2846  2.52889828e-01  5.76174496e-01
2847  2.52920611e-01  5.43988638e-01
2848  2.52951395e-01  5.11802779e-01
2849  2.52982178e-01  4.79616920e-01
2850  2.53012961e-01  4.47431061e-01
2851  2.53043744e-01  4.15245202e-01
2852  2.53074528e-01  3.83059343e-01
2853  2.53105311e-01  3.50873484e-01
2854  2.53136094e-01  3.18687626e-01
2855  2.53166878e-01  2.86501767e-01
2856  2.53197661e-01  2.54315908e-01
2857  2.53228444e-01  2.22130049e-01
2858  2.53259228e-01  1.89944190e-01
2859  2.53290011e-01  1.57758331e-01
2860  2.53320794e-01  1.25572473e-01
2861  2.53351578e-01  9.33866141e-02
2862  2.53382361e-01  6.12007552e-02
2863  2.53413144e-01  2.90148964e-02
2864  2.53443928e-01  -3.17096243e-03
2865  2.53474711e-01  -3.53568213e-02
2866  2.53505494e-01  -6.75426802e-02
2867  2.53536278e-01  -9.97285390e-02
2868  2.53567061e-01  -1.31914398e-01
2869  2.53597844e-01  -1.64100257e-01
2870  2.53628628e-01  -1.96286116e-01
2871  2.53659411e-01  -2.28471975e-01
2872  2.53690194e-01  -2.60657834e-01
2873  2.53720977e-01  -2.92843693e-01
2874  2.53751761e-01  -3.25029551e-01
2875  2.53782544e-01  -3.57215410e-01
2876  2.53813327e-01  -3.89401269e-01
2877  2.53844111e-01  -4.21587128e-01
2878  2.53874894e-01  -4.53772987e-01
2879  2.53905677e-01  -4.85958846e-01
2880  2.53936461e-01  -5.18144704e-01
2881  2.53967244e-01  -5.50330563e-01
2882  2.53998027e-01  -5.82516422e-01
2883  2.54028811e-01  -6.14702281e-01
2884  2.54059594e-01  -6.46888140e-01
2885  2.54090377e-01  -6.79073999e-01
2886  2.54121161e-01  -7.11259858e-01
2887  2.54151944e-01  -7.43445716e-01
2888  2.54182727e-01  -7.75631575e-01
5185  -1.33749446e+00  -5.72308830e-03
5186  -1.33536135e+00  -3.57506907e-02
5187  -1.33117566e+00  -6.55859456e-02
5188  -1.32375828e+00  -9.46660673e-02
5189  -1.31354306e+00  -1.22996212e-01
5190  -1.30083088e+00  -1.50367644e-01
5191  -1.28582777e+00  -1.76642330e-01
5192  -1.26890079e+00  -2.01848646e-01
5193  -1.25035438e+00  -2.26015981e-01
5194  -1.23052643e+00  -2.49240928e-01
5195  -1.20955675e+00  -2.71543192e-01
5196  -1.18774724e+00  -2.93086135e-01
5197  -1.16509444e+00  -3.13769381e-01
5198  -1.14172639e+00  -3.33735354e-01
5199  -1.11781098e+00  -3.53086145e-01
5200  -1.09334374e+00  -3.71805077e-01
5201  -1.06851216e+00  -3.90101396e-01
5202  -1.04333349e+00  -4.07905819e-01
5203  -1.01061400e+00  -4.30103354e-01
5204  -9.84298025e-01  -4.47430432e-01
5205  -9.57746857e-01  -4.64392414e-01
5206  -9.30946893e-01  -4.80985574e-01
5207  -9.03959338e-01  -4.97291890e-01
5208  -8.76780924e-01  -5.13272430e-01
5209  -8.49410435e-01  -5.28946820e-01
5210  -8.21873002e-01  -5.44374878e-01
5211  -7.94237190e-01  -5.59621661e-01
5212  -7.66470505e-01  -5.74586363e-01
5213  -7.38545097e-01  -5.89253356e-01
5214  -7.10477812e-01  -6.03646722e-01
5215  -6.82255103e-01  -6.17739691e-01
5216  -6.53904394e-01  -6.31575558e-01
5217  -6.25419158e-01  -6.45107197e-01
5218  -5.96788210e-01  -6.58314302e-01
5219  -5.68008029e-01  -6.71184810e-01
5220  -5.39075562e-01  -6.83710197e-01
5221  -5.09996655e-01  -6.95900375e-01
5222  -4.80790680e-01  -7.07757432e-01
5223  -4.51436535e-01  -7.19212956e-01
5224  -4.21953657e-01  -7.30260043e-01
5225  -3.92278974e-01  -7.40742683e-01
5226  -3.55815619e-01  -7.52962581e-01
5227  -3.25673613e-01  -7.62375657e-01
5228  -2.96781243e-01  -7.70788346e-01
5229  -2.67020495e-01  -7.78808115e-01
5230  -2.37102812e-01  -7.86176725e-01
5231  -2.07034733e-01  -7.92869743e-01
5232  -1.76829106e-01  -7.98858385e-01
5233  -1.46488642e-01  -8.04099828e-01
5234  -1.16032761e-01  -8.08605459e-01
5235  -8.54949535e-02  -8.12333728e-01
5236  -5.48597275e-02  -8.15176342e-01
5237  -2.41511597e-02  -8.17255655e-01
5238  6.58082263e-03  -8.18526194e-01
5239  3.73305526e-02  -8.18904796e-01
5240  6.80900371e-02  -8.18442030e-01
5241  9.88236332e-02  -8.17156094e-01
5242  1.29505237e-01  -8.15014534e-01
5243  1.60126095e-01  -8.12029122e-01
5244  1.90666866e-01  -8.08245427e-01
5245  2.21098512e-01  -8.03672978e-01
5246  2.56703437e-01  -7.97284392e-01
5247  2.81517980e-01  -7.92083998e-01
5248  3.16071743e-01  -7.84007416e-01
5249  3.46010230e-01  -7.76123460e-01
5250  3.75720949e-01  -7.67378604e-01
5251  4.05218373e-01  -7.57870534e-01
5252  4.34459844e-01  -7.47648923e-01
5253  4.63378405e-01  -7.36600662e-01
5254  4.91981613e-01  -7.24726318e-01
5255  5.20277755e-01  -7.12106614e-01
5256  5.48229065e-01  -6.98760866e-01
5257  5.75777101e-01  -6.84656854e-01
5258  6.02864214e-01  -6.69707907e-01
5259  6.29495189e-01  -6.53955244e-01
5260  6.55633035e-01  -6.37400584e-01
5261  6.81259447e-01  -6.20065150e-01
5262  7.06325506e-01  -6.01971055e-01
5263  7.35168353e-01  -5.79565142e-01
5264  7.58660347e-01  -5.59903118e-01
5265  7.81524266e-01  -5.39498871e-01
5266  8.03659577e-01  -5.18335062e-01
5267  8.25015055e-01  -4.96392171e-01
5268  8.45563095e-01  -4.73719587e-01
5269  8.65181212e-01  -4.50249599e-01
5270  8.83925231e-01  -4.26044172e-01
5271  9.01803298e-01  -4.01214162e-01
5272  9.18649883e-01  -3.75683593e-01
5273  9.34554015e-01  -3.49554374e-01
5274  9.49359736e-01  -3.22812554e-01
5275  9.63050795e-01  -2.95504074e-01
5276  9.75495123e-01  -2.67616794e-01
5277  9.86728466e-01  -2.39220204e-01
5278  9.96688978e-01  -2.10348335e-01
5279  1.00541774e+00  -1.81064276e-01
5280  1.01291682e+00  -1.51498122e-01
5281  1.01879828e+00  -1.21589371e-01
5282  1.02331606e+00  -9.13612068e-02
5283  1.02671571e+00  -6.10373100e-02
5284  1.02840631e+00  -3.04244618e-02
5285  1.02990033e+00  1.48320292e-07
5286  1.02838536e+00  3.08707134e-02
5287  1.02664683e+00  6.19646057e-02
5288  1.02340288e+00  9.28187635e-02
5289  1.01917863e+00  1.23548501e-01
5290  1.01344879e+00  1.53948722e-01
5291  1.00622692e+00  1.84071062e-01
5292  9.97761041e-01  2.13889759e-01
5293  9.87973106e-01  2.43293664e-01
5294  9.76935470e-01  2.72258566e-01
5295  9.64661732e-01  3.00734908e-01
5296  9.51240222e-01  3.28692995e-01
5297  9.36659238e-01  3.56049031e-01
5298  9.20890627e-01  3.82747972e-01
5299  9.04050598e-01  4.08805741e-01
5300  8.86187313e-01  4.34171677e-01
5301  8.67318407e-01  4.58802682e-01
5302  8.47493766e-01  4.82676753e-01
5303  8.26744247e-01  5.05754535e-01
5304  8.05112647e-01  5.28006179e-01
5305  7.82608714e-01  5.49379268e-01
5306  7.59282647e-01  5.69887084e-01
5307  7.35255230e-01  5.89569447e-01
5308  7.06484697e-01  6.11353654e-01
5309  6.81479805e-01  6.28872827e-01
5310  6.55903532e-01  6.45577235e-01
5311  6.29792210e-01  6.61405647e-01
5312  6.03131315e-01  6.76306026e-01
5313  5.75985584e-01  6.90355484e-01
5314  5.48416087e-01  7.03570314e-01
5315  5.20455444e-01  7.15934448e-01
5316  4.92123630e-01  7.27435672e-01
5317  4.63444567e-01  7.38096130e-01
5318  4.34473366e-01  7.47989939e-01
5319  4.05259414e-01  7.57121192e-01
5320  3.75797691e-01  7.65430855e-01
5321  3.46134568e-01  7.72989835e-01
5322  3.16274713e-01  7.79711162e-01
5323  2.81848361e-01  7.86521540e-01
5324  2.55184253e-01  7.91116879e-01
5325  2.18363858e-01  7.96487744e-01
5326  1.86444463e-01  8.00253829e-01
5327  1.54428393e-01  8.03244379e-01
5328  1.22338161e-01  8.05507849e-01
5329  9.02094279e-02  8.07087413e-01
5330  5.80590890e-02  8.07921940e-01
5331  2.58927422e-02  8.08030061e-01
5332  -6.27990310e-03  8.07429805e-01
5333  -3.84339043e-02  8.06180657e-01
5334  -7.05441617e-02  8.04223582e-01
5335  -1.02616946e-01  8.01566730e-01
5336  -1.34648538e-01  7.98284232e-01
5337  -1.66617462e-01  7.94412947e-01
5338  -1.98506091e-01  7.89940719e-01
5339  -2.30314961e-01  7.84870066e-01
5340  -2.62039583e-01  7.79262015e-01
5341  -2.93651337e-01  7.73100120e-01
5342  -3.23768742e-01  7.66648539e-01
5343  -3.56513190e-01  7.59047750e-01
5344  -3.93158630e-01  7.49762869e-01
5345  -4.23078018e-01  7.41706408e-01
5346  -4.52875474e-01  7.33199149e-01
5347  -4.82555235e-01  7.24265042e-01
5348  -5.12100931e-01  7.14933151e-01
5349  -5.41483943e-01  7.05116151e-01
5350  -5.70733087e-01  6.94872015e-01
5351  -5.99835167e-01  6.84214714e-01
5352  -6.28778014e-01  6.73146398e-01
5353  -6.57541343e-01  6.61643014e-01
5354  -6.86119495e-01  6.49680945e-01
5355  -7.14518725e-01  6.37296786e-01
5356  -7.42720965e-01  6.24469647e-01
5357  -7.70735029e-01  6.11223571e-01
5358  -7.98549860e-01  5.97575155e-01
5359  -8.26132027e-01  5.83493780e-01
5360  -8.53456925e-01  5.68937182e-01
5361  -8.80523020e-01  5.53901924e-01
5362  -9.07327508e-01  5.38404931e-01
5363  -9.33840166e-01  5.22449576e-01
5364  -9.60008583e-01  5.05946305e-01
5365  -9.85864238e-01  4.88954453e-01
5366  -1.01134775e+00  4.71446990e-01
5367  -1.04308346e+00  4.48549119e-01
5368  -1.06762706e+00  4.29888313e-01
5369  -1.09169788e+00  4.10641203e-01
5370  -1.11521453e+00  3.90747737e-01
5371  -1.13815959e+00  3.70204514e-01
5372  -1.16049265e+00  3.49033716e-01
5373  -1.18209573e+00  3.27162423e-01
5374  -1.20289067e+00  3.04580193e-01
5375  -1.22270854e+00  2.81161724e-01
5376  -1.24158921e+00  2.56999246e-01
5377  -1.25933739e+00  2.32070014e-01
5378  -1.27574970e+00  2.06280570e-01
5379  -1.29078189e+00  1.79753673e-01
5380  -1.30395390e+00  1.52318152e-01
5381  -1.31535899e+00  1.24148585e-01
5382  -1.32455842e+00  9.52638592e-02
5383  -1.33144405e+00  6.58572389e-02
5384  -1.33538195e+00  3.59388088e-02
5385  -3.23797510e-01  7.43557450e-01
5386  -3.23837667e-01  7.11323466e-01
5387  -3.23877824e-01  6.79089483e-01
5388  -3.23917982e-01  6.46855499e-01
5389  -3.23958139e-01  6.14621515e-01
5390  -3.23998296e-01  5.82387531e-01
5391  -3.24038454e-01  5.50153547e-01
5392  -3.24078611e-01  5.17919563e-01
5393  -3.24118768e-01  4.85685579e-01
5394  -3.24158926e-01  4.53451595e-01
5395  -3.24199083e-01  4.21217611e-01
5396  -3.24239241e-01  3.88983627e-01
5397  -3.24279398e-01  3.56749644e-01
5398  -3.24319555e-01  3.24515660e-01
5399  -3.24359713e-01  2.92281676e-01
5400  -3.24399870e-01  2.60047692e-01
5401  -3.24440027e-01  2.27813708e-01
5402  -3.24480185e-01  1.95579724e-01
5403  -3.24520342e-01  1.63345740e-01
5404  -3.24560499e-01  1.31111756e-01
5405  -3.24600657e-01  9.88777721e-02
5406  -3.24640814e-01  6.66437882e-02
5407  -3.24680971e-01  3.44098043e-02
5408  -3.24721129e-01  2.17582033e-03
5409  -3.24761286e-01  -3.00581635e-02
5410  -3.24801443e-01  -6.22921474e-02
5411  -3.24841601e-01  -9.45261313e-02
5412  -3.24881758e-01  -1.26760115e-01
5413  -3.24921916e-01  -1.58994099e-01
5414  -3.24962073e-01  -1.91228083e-01
5415  -3.25002230e-01  -2.23462067e-01
5416  -3.25042388e-01  -2.55696051e-01
5417  -3.25082545e-01  -2.87930034e-01
5418  -3.25122702e-01  -3.20164018e-01
5419  -3.25162860e-01  -3.52398002e-01
5420  -3.25203017e-01  -3.84631986e-01
5421  -3.25243174e-01  -4.16865970e-01
5422  -3.25283332e-01  -4.49099954e-01
5423  -3.25323489e-01  -4.81333938e-01
5424  -3.25363646e-01  -5.13567922e-01
5425  -3.25403804e-01  -5.45801906e-01
5426  -3.25443961e-01  -5.78035890e-01
5427  -3.25484118e-01  -6.10269873e-01
5428  -3.25524276e-01  -6.42503857e-01
5429  -3.25564433e-01  -6.74737841e-01
5430  -3.25604591e-01  -7.06971825e-01
5431  -3.25644748e-01  -7.39205809e-01
5432  2.55205126e-01  7.69292041e-01
5433  2.55235909e-01  7.37106183e-01
5434  2.55266693e-01  7.04920324e-01
5435  2.55297476e-01  6.72734464e-01
5436  2.55328259e-01  6.40548606e-01
5437  2.55359043e-01  6.08362747e-01
5438  2.55389826e-01  5.76176887e-01
5439  2.55420609e-01  5.43991030e-01
5440  2.55451393e-01  5.11805171e-01
5441  2.55482176e-01  4.79619311e-01
5442  2.55512959e-01  4.47433452e-01
5443  2.55543742e-01  4.15247594e-01
5444  2.55574526e-01  3.83061735e-01
5445  2.55605309e-01  3.50875875e-01
5446  2.55636092e-01  3.18690018e-01
5447  2.55666876e-01  2.86504159e-01
5448  2.55697659e-01  2.54318299e-01
5449  2.55728442e-01  2.22132441e-01
5450  2.55759226e-01  1.89946582e-01
5451  2.55790009e-01  1.57760722e-01
5452  2.55820792e-01  1.25574865e-01
5453  2.55851576e-01  9.33890052e-02
5454  2.55882359e-01  6.12031462e-02
5455  2.55913142e-01  2.90172875e-02
5456  2.55943926e-01  -3.16857136e-03
5457  2.55974709e-01  -3.53544303e-02
5458  2.56005492e-01  -6.75402891e-02
5459  2.56036276e-01  -9.97261479e-02
5460  2.56067059e-01  -1.31912007e-01
5461  2.56097842e-01  -1.64097865e-01
5462  2.56128626e-01  -1.96283724e-01
5463  2.56159409e-01  -2.28469584e-01
5464  2.56190192e-01  -2.60655443e-01
5465  2.56220975e-01  -2.92841301e-01
5466  2.56251759e-01  -3.25027159e-01
5467  2.56282542e-01  -3.57213019e-01
5468  2.56313325e-01  -3.89398877e-01
5469  2.56344109e-01  -4.21584736e-01
5470  2.56374892e-01  -4.53770596e-01
5471  2.56405675e-01  -4.85956454e-01
5472  2.56436459e-01  -5.18142312e-01
5473  2.56467242e-01  -5.50328172e-01
5474  2.56498025e-01  -5.82514030e-01
5475  2.56528809e-01  -6.14699889e-01
5476  2.56559592e-01  -6.46885749e-01
5477  2.56590375e-01  -6.79071607e-01
5478  2.56621159e-01  -7.11257466e-01
5479  2.56651942e-01  -7.43443325e-01
5480  2.56682725e-01  -7.75629183e-01
7777  -1.32444988e+00  -5.59094707e-03
7778  -1.32241260e+00  -3.43808902e-02
7779  -1.31840057e+00  -6.30673225e-02
7780  -1.31131048e+00  -9.08452299e-02
7781  -1.30150172e+00  -1.18041153e-01
7782  -1.28926189e+00  -1.44392288e-01
7783  -1.27476147e+00  -1.69780587e-01
7784  -1.25832534e+00  -1.94252179e-01
7785  -1.24023429e+00  -2.17822668e-01
7786  -1.22082880e+00  -2.40551715e-01
7787  -1.20023666e+00  -2.62450209e-01
7788  -1.17878038e+00  -2.83644644e-01
7789  -1.15647407e+00  -3.04010505e-01
7790  -1.13340119e+00  -3.23723489e-01
7791  -1.10975898e+00  -3.42853263e-01
7792  -1.08552545e+00  -3.61392548e-01
7793  -1.06089097e+00  -3.79543747e-01
7794  -1.03591912e+00  -3.97201916e-01
7795  -1.00337841e+00  -4.19277794e-01
7796  -9.77212572e-01  -4.36506019e-01
7797  -9.50814436e-01  -4.53370256e-01
7798  -9.24152661e-01  -4.69877700e-01
7799  -8.97292421e-01  -4.86107139e-01
7800  -8.70245469e-01  -5.02010358e-01
7801  -8.42992760e-01  -5.17617218e-01
7802  -8.15545818e-01  -5.32994493e-01
7803  -7.88003372e-01  -5.48189865e-01
7804  -7.60354348e-01  -5.63091188e-01
7805  -7.32546897e-01  -5.77696192e-01
7806  -7.04598346e-01  -5.92028705e-01
7807  -6.76491095e-01  -6.06063962e-01
7808  -6.48255358e-01  -6.19843770e-01
7809  -6.19898451e-01  -6.33314477e-01
7810  -5.91403230e-01  -6.46458989e-01
7811  -5.62763565e-01  -6.59266671e-01
7812  -5.33971893e-01  -6.71731090e-01
7813  -5.05030534e-01  -6.83863595e-01
7814  -4.75974687e-01  -6.95659802e-01
7815  -4.46785221e-01  -7.07051059e-01
7816  -4.17500596e-01  -7.18024167e-01
7817  -3.88041550e-01  -7.28430466e-01
7818  -3.51661267e-01  -7.40132400e-01
7819  -3.23157007e-01  -7.49048162e-01
7820  -2.93139956e-01  -7.57803230e-01
7821  -2.63653254e-01  -7.65749253e-01
7822  -2.34024949e-01  -7.73046647e-01
7823  -2.04258110e-01  -7.79672676e-01
7824  -1.74369692e-01  -7.85598541e-01
7825  -1.44353800e-01  -7.90783874e-01
7826  -1.14228701e-01  -7.95240670e-01
7827  -8.40546305e-02  -7.98924862e-01
7828  -5.37810712e-02  -8.01733549e-01
7829  -2.34170863e-02  -8.03789648e-01
7830  6.94239653e-03  -8.05045042e-01
7831  3.73121652e-02  -8.05418809e-01
7832  6.77066709e-02  -8.04961480e-01
7833  9.80721445e-02  -8.03691048e-01
7834  1.28381328e-01  -8.01575448e-01
7835  1.58642627e-01  -7.98624962e-01
7836  1.88835748e-01  -7.94884320e-01
7837  2.18919478e-01  -7.90364184e-01
7838  2.59189849e-01  -7.83075643e-01
7839  2.78619743e-01  -7.78913105e-01
7840  3.12931642e-01  -7.71370715e-01
7841  3.42513673e-01  -7.63580712e-01
7842  3.71885041e-01  -7.54935443e-01
7843  4.01072326e-01  -7.45527247e-01
7844  4.29987481e-01  -7.35420088e-01
7845  4.58558209e-01  -7.24504706e-01
7846  4.86833174e-01  -7.12766384e-01
7847  5.14820274e-01  -7.00284502e-01
7848  5.42456275e-01  -6.87089476e-01
7849  5.69663573e-01  -6.73160280e-01
7850  5.96403124e-01  -6.58403008e-01
7851  6.22696233e-01  -6.42850262e-01
7852  6.48500780e-01  -6.26506669e-01
7853  6.73800062e-01  -6.09392568e-01
7854  6.98519636e-01  -5.91549210e-01
7855  7.26994414e-01  -5.69429405e-01
7856  7.50145769e-01  -5.50051804e-01
7857  7.72688796e-01  -5.29934306e-01
7858  7.94493237e-01  -5.09087109e-01
7859  8.15523769e-01  -4.87478029e-01
7860  8.35741777e-01  -4.65170427e-01
7861  8.55036707e-01  -4.42086545e-01
7862  8.73492595e-01  -4.18252731e-01
7863  8.91083531e-01  -3.93822745e-01
7864  9.07652654e-01  -3.68711693e-01
7865  9.23294481e-01  -3.43014548e-01
7866  9.37841467e-01  -3.16740000e-01
7867  9.51282362e-01  -2.89931785e-01
7868  9.63492927e-01  -2.62567661e-01
7869  9.74516891e-01  -2.34700925e-01
7870  9.84292427e-01  -2.06364371e-01
7871  9.92865086e-01  -1.77603455e-01
7872  1.00021330e+00  -1.48640338e-01
7873  1.00596784e+00  -1.19369832e-01
7874  1.01040490e+00  -8.96734949e-02
7875  1.01374000e+00  -5.99521914e-02
7876  1.01540303e+00  -2.97453305e-02
7877  1.01686365e+00  3.47667786e-07
7878  1.01538230e+00  3.01875396e-02
7879  1.01366781e+00  6.09198499e-02
7880  1.01047659e+00  9.12511697e-02
7881  1.00632703e+00  1.21455015e-01
7882  1.00071599e+00  1.51224335e-01
7883  9.93630142e-01  1.80774439e-01
7884  9.85317721e-01  2.10054367e-01
7885  9.75709302e-01  2.38918101e-01
7886  9.64870145e-01  2.67362204e-01
7887  9.52811259e-01  2.95339286e-01
7888  9.39623107e-01  3.22811747e-01
7889  9.25305362e-01  3.49674397e-01
7890  9.09814519e-01  3.75902077e-01
7891  8.93257413e-01  4.01521952e-01
7892  8.75693886e-01  4.26462303e-01
7893  8.57139390e-01  4.50682704e-01
7894  8.37641741e-01  4.74162997e-01
7895  8.17232900e-01  4.96861802e-01
7896  7.95959139e-01  5.18745524e-01
7897  7.73824782e-01  5.39767349e-01
7898  7.50856952e-01  5.59959642e-01
7899  7.27198056e-01  5.79340645e-01
7900  6.98817450e-01  6.00829407e-01
7901  6.74182908e-01  6.18088499e-01
7902  6.48967566e-01  6.34557307e-01
7903  6.23240009e-01  6.50153309e-01
7904  5.96961714e-01  6.64839446e-01
7905  5.70178283e-01  6.78701227e-01
7906  5.42968372e-01  6.91743698e-01
7907  5.15373007e-01  7.03946317e-01
7908  4.87405811e-01  7.15299419e-01
7909  4.59071660e-01  7.25831378e-01
7910  4.30426693e-01  7.35613717e-01
7911  4.01549422e-01  7.44639909e-01
7912  3.72422413e-01  7.52854928e-01
7913  3.43096887e-01  7.60328124e-01
7914  3.13581302e-01  7.66971775e-01
7915  2.79494099e-01  7.73715140e-01
7916  2.57697688e-01  7.77071124e-01
7917  2.16611772e-01  7.83116043e-01
7918  1.85027095e-01  7.86842518e-01
7919  1.53326733e-01  7.89803451e-01
7920  1.21532575e-01  7.92045932e-01
7921  8.97033289e-02  7.93610913e-01
7922  5.78614288e-02  7.94437388e-01
7923  2.59958415e-02  7.94544455e-01
7924  -5.89233779e-03  7.93949376e-01
7925  -3.77618706e-02  7.92711412e-01
7926  -6.95772448e-02  7.90772290e-01
7927  -1.01372848e-01  7.88138237e-01
7928  -1.33150456e-01  7.84881697e-01
7929  -1.64870249e-01  7.81040609e-01
7930  -1.96508013e-01  7.76603557e-01
7931  -2.28079613e-01  7.71570614e-01
7932  -2.59575597e-01  7.66003020e-01
7933  -2.90946155e-01  7.59888224e-01
7934  -3.21285265e-01  7.53384852e-01
7935  -3.53439639e-01  7.46394698e-01
7936  -3.89866728e-01  7.37164860e-01
7937  -4.19597775e-01  7.29159123e-01
7938  -4.49211450e-01  7.20704295e-01
7939  -4.78717702e-01  7.11822382e-01
7940  -5.08076866e-01  7.02549560e-01
7941  -5.37268719e-01  6.92796316e-01
7942  -5.66342158e-01  6.82613704e-01
7943  -5.95270770e-01  6.72019931e-01
7944  -6.24034780e-01  6.61020056e-01
7945  -6.52609808e-01  6.49592023e-01
7946  -6.81003177e-01  6.37707235e-01
7947  -7.09220731e-01  6.25402346e-01
7948  -7.37242395e-01  6.12657293e-01
7949  -7.65083929e-01  5.99492778e-01
7950  -7.92721388e-01  5.85931472e-01
7951  -8.20110448e-01  5.71948780e-01
7952  -8.47234110e-01  5.57499393e-01
7953  -8.74102614e-01  5.42573869e-01
7954  -9.00711585e-01  5.27189940e-01
7955  -9.27009845e-01  5.11363858e-01
7956  -9.52959780e-01  4.94998208e-01
7957  -9.78601643e-01  4.78146995e-01
7958  -1.00385122e+00  4.60800468e-01
7959  -1.03533303e+00  4.38085979e-01
7960  -1.05962017e+00  4.19620105e-01
7961  -1.08342645e+00  4.00584872e-01
7962  -1.10666617e+00  3.80925721e-01
7963  -1.12933687e+00  3.60628189e-01
7964  -1.15138038e+00  3.39732479e-01
7965  -1.17267300e+00  3.18175850e-01
7966  -1.19312944e+00  2.95962483e-01
7967  -1.21260674e+00  2.72945881e-01
7968  -1.23115270e+00  2.49212991e-01
7969  -1.24853740e+00  2.24796323e-01
7970  -1.26458896e+00  1.99573536e-01
7971  -1.27924170e+00  1.73722885e-01
7972  -1.29204411e+00  1.47054761e-01
7973  -1.30311174e+00  1.19726897e-01
7974  -1.31200601e+00  9.18021652e-02
7975  -1.31863444e+00  6.35205431e-02
7976  -1.32241474e+00  3.47564906e-02
7977  -3.21297512e-01  7.43554335e-01
7978  -3.21337669e-01  7.11320351e-01
7979  -3.21377826e-01  6.79086368e-01
7980  -3.21417984e-01  6.46852384e-01
7981  -3.21458141e-01  6.14618400e-01
7982  -3.21498298e-01  5.82384416e-01
7983  -3.21538456e-01  5.50150432e-01
7984  -3.21578613e-01  5.17916448e-01
7985  -3.21618770e-01  4.85682464e-01
7986  -3.21658928e-01  4.53448480e-01
7987  -3.21699085e-01  4.21214496e-01
7988  -3.21739243e-01  3.88980512e-01
7989  -3.21779400e-01  3.56746529e-01
7990  -3.21819557e-01  3.24512545e-01
7991  -3.21859715e-01  2.92278561e-01
7992  -3.21899872e-01  2.60044577e-01
7993  -3.21940029e-01  2.27810593e-01
7994  -3.21980187e-01  1.95576609e-01
7995  -3.22020344e-01  1.63342625e-01
7996  -3.22060501e-01  1.31108641e-01
7997  -3.22100659e-01  9.88746575e-02
7998  -3.22140816e-01  6.66406737e-02
7999  -3.22180973e-01  3.44066897e-02
8000  -3.22221131e-01  2.17270580e-03
8001  -3.22261288e-01  -3.00612780e-02
8002  -3.22301445e-01  -6.22952620e-02
8003  -3.22341603e-01  -9.45292459e-02
8004  -3.22381760e-01  -1.26763230e-01
8005  -3.22421918e-01  -1.58997214e-01
8006  -3.22462075e-01  -1.91231198e-01
8007  -3.22502232e-01  -2.23465182e-01
8008  -3.22542390e-01  -2.55699166e-01
8009  -3.22582547e-01  -2.87933149e-01
8010  -3.22622704e-01  -3.20167133e-01
8011  -3.22662862e-01  -3.52401117e-01
8012  -3.22703019e-01  -3.84635101e-01
8013  -3.22743176e-01  -4.16869085e-01
8014  -3.22783334e-01  -4.49103069e-01
8015  -3.22823491e-01  -4.81337053e-01
8016  -3.22863648e-01  -5.13571037e-01
8017  -3.22903806e-01  -5.45805021e-01
8018  -3.22943963e-01  -5.78039005e-01
8019  -3.22984120e-01  -6.10272988e-01
8020  -3.23024278e-01  -6.42506972e-01
8021  -3.23064435e-01  -6.74740956e-01
8022  -3.23104593e-01  -7.06974940e-01
8023  -3.23144750e-01  -7.39208924e-01
8024  2.57705125e-01  7.69294432e-01
8025  2.57735908e-01  7.37108574e-01
8026  2.57766692e-01  7.04922715e-01
8027  2.57797475e-01  6.72736855e-01
8028  2.57828258e-01  6.40550997e-01
8029  2.57859042e-01  6.08365138e-01
8030  2.57889825e-01  5.76179278e-01
8031  2.57920608e-01  5.43993421e-01
8032  2.57951392e-01  5.11807562e-01
8033  2.57982175e-01  4.79621702e-01
8034  2.58012958e-01  4.47435843e-01
8035  2.58043741e-01  4.15249985e-01
8036  2.58074525e-01  3.83064126e-01
8037  2.58105308e-01  3.50878266e-01
8038  2.58136091e-01  3.18692409e-01
8039  2.58166875e-01  2.86506550e-01
8040  2.58197658e-01  2.54320690e-01
8041  2.58228441e-01  2.22134832e-01
8042  2.58259225e-01  1.89948973e-01
8043  2.58290008e-01  1.57763113e-01
8044  2.58320791e-01  1.25577256e-01
8045  2.58351575e-01  9.33913963e-02
8046  2.58382358e-01  6.12055373e-02
8047  2.58413141e-01  2.90196786e-02
8048  2.58443925e-01  -3.16618029e-03
8049  2.58474708e-01  -3.53520392e-02
8050  2.58505491e-01  -6.75378980e-02
8051  2.58536275e-01  -9.97237568e-02
8052  2.58567058e-01  -1.31909616e-01
8053  2.58597841e-01  -1.64095474e-01
8054  2.58628625e-01  -1.96281333e-01
8055  2.58659408e-01  -2.28467193e-01
8056  2.58690191e-01  -2.60653052e-01
8057  2.58720974e-01  -2.92838910e-01
8058  2.58751758e-01  -3.25024768e-01
8059  2.58782541e-01  -3.57210628e-01
8060  2.58813324e-01  -3.89396486e-01
8061  2.58844108e-01  -4.21582345e-01
8062  2.58874891e-01  -4.53768205e-01
8063  2.58905674e-01  -4.85954063e-01
8064  2.58936458e-01  -5.18139921e-01
8065  2.58967241e-01  -5.50325781e-01
8066  2.58998024e-01  -5.82511639e-01
8067  2.59028808e-01  -6.14697498e-01
8068  2.59059591e-01  -6.46883358e-01
8069  2.59090374e-01  -6.79069216e-01
8070  2.59121158e-01  -7.11255075e-01
8071  2.59151941e-01  -7.43440934e-01
8072  2.59182724e-01  -7.75626792e-01
