1  -9.73700000e-01  -1.64869750e-03
2  -9.59570956e-01  -1.34321085e-03
3  -9.45438726e-01  -1.36784166e-03
4  -9.31309982e-01  -1.68945998e-03
5  -9.17188877e-01  -2.25466182e-03
6  -9.03077381e-01  -3.02440619e-03
7  -8.88977634e-01  -3.98630633e-03
8  -8.74889226e-01  -5.10205325e-03
9  -8.60814237e-01  -6.37567078e-03
10  -8.46751523e-01  -7.77904145e-03
11  -8.32700947e-01  -9.29925401e-03
12  -8.18663673e-01  -1.09378041e-02
13  -8.04637500e-01  -1.26687831e-02
14  -7.86150612e-01  -1.50676817e-02
15  -7.72389253e-01  -1.69381010e-02
16  -7.58637240e-01  -1.88761194e-02
17  -7.44892371e-01  -2.08642217e-02
18  -7.31154753e-01  -2.29017873e-02
19  -7.17423827e-01  -2.49839838e-02
20  -7.03697888e-01  -2.70988420e-02
21  -6.89976574e-01  -2.92434867e-02
22  -6.76260440e-01  -3.14210584e-02
23  -6.62548359e-01  -3.36240292e-02
24  -6.48836939e-01  -3.58311110e-02
25  -6.35127825e-01  -3.80524685e-02
26  -6.21420114e-01  -4.02824658e-02
27  -6.07712431e-01  -4.25126377e-02
28  -5.94003728e-01  -4.47365317e-02
29  -5.80294184e-01  -4.69552344e-02
30  -5.66583690e-01  -4.91680603e-02
31  -5.52870224e-01  -5.13623548e-02
32  -5.39153231e-01  -5.35344996e-02
33  -5.25432119e-01  -5.56804953e-02
34  -5.11706577e-01  -5.77979766e-02
35  -4.97976445e-01  -5.98854081e-02
36  -4.84241669e-01  -6.19420497e-02
37  -4.70501398e-01  -6.39617487e-02
38  -4.56754727e-01  -6.59373922e-02
39  -4.43002485e-01  -6.78736650e-02
40  -4.29244327e-01  -6.97674942e-02
41  -4.15478307e-01  -7.16035039e-02
42  -4.01704598e-01  -7.33807236e-02
43  -3.87924948e-01  -7.51111191e-02
44  -3.74138741e-01  -7.67886837e-02
45  -3.60342649e-01  -7.83830503e-02
46  -3.46539905e-01  -7.99184019e-02
47  -3.32731402e-01  -8.14011870e-02
48  -3.14200000e-01  -8.32813934e-02
49  -3.00428052e-01  -8.45965903e-02
50  -2.86649401e-01  -8.58392137e-02
51  -2.72865054e-01  -8.70159947e-02
52  -2.59074150e-01  -8.81145742e-02
53  -2.45276235e-01  -8.91213906e-02
54  -2.31473058e-01  -9.00521939e-02
55  -2.17665366e-01  -9.09140389e-02
56  -2.03852620e-01  -9.16914387e-02
57  -1.90034345e-01  -9.23615500e-02
58  -1.76212636e-01  -9.29567004e-02
59  -1.62387642e-01  -9.34715479e-02
60  -1.48559081e-01  -9.38800157e-02
61  -1.34728365e-01  -9.42054214e-02
62  -1.20896090e-01  -9.44537179e-02
63  -1.07062418e-01  -9.46143731e-02
64  -9.32279811e-02  -9.46804620e-02
65  -7.93934831e-02  -9.46691183e-02
66  -6.55592077e-02  -9.45851759e-02
67  -5.17254910e-02  -9.44296512e-02
68  -3.78930898e-02  -9.41827382e-02
69  -2.40626074e-02  -9.38487263e-02
70  -1.02346659e-02  -9.34240906e-02
71  3.59023405e-03  -9.29071859e-02
72  1.74113357e-02  -9.22962970e-02
73  3.12275682e-02  -9.15841344e-02
74  4.50385563e-02  -9.07770944e-02
75  5.88433995e-02  -8.98721988e-02
76  7.26410309e-02  -8.88626769e-02
77  8.64303054e-02  -8.77443226e-02
78  1.00210541e-01  -8.65191307e-02
79  1.13979004e-01  -8.51681774e-02
80  1.27734380e-01  -8.36899730e-02
81  1.41476072e-01  -8.20897850e-02
82  1.55200000e-01  -8.03445466e-02
83  1.69130010e-01  -7.84209988e-02
84  1.82515735e-01  -7.64275507e-02
85  1.95878251e-01  -7.42842877e-02
86  2.09737500e-01  -7.18820406e-02
87  2.23084619e-01  -6.93871159e-02
88  2.36396081e-01  -6.67085310e-02
89  2.49664471e-01  -6.38238576e-02
90  2.62879178e-01  -6.07027597e-02
91  2.76030320e-01  -5.73249819e-02
92  2.89106126e-01  -5.36662164e-02
93  3.02086248e-01  -4.96819775e-02
94  3.14937079e-01  -4.52988881e-02
95  3.27623451e-01  -4.04624010e-02
96  3.40065455e-01  -3.50288380e-02
97  3.52134991e-01  -2.88149983e-02
98  3.63541473e-01  -2.14643651e-02
99  3.73506271e-01  -1.22959992e-02
100  3.78800000e-01  0.00000000e+00
101  3.74788914e-01  1.30918029e-02
102  3.66693752e-01  2.42147231e-02
103  3.56888972e-01  3.38975250e-02
104  3.46169374e-01  4.25646665e-02
105  3.34880429e-01  5.04800186e-02
106  3.23224248e-01  5.78442276e-02
107  3.11279849e-01  6.47321981e-02
108  2.99099933e-01  7.11950125e-02
109  2.86719949e-01  7.72662718e-02
110  2.74192048e-01  8.30264163e-02
111  2.61521408e-01  8.84653090e-02
112  2.48720258e-01  9.35905454e-02
113  2.35813938e-01  9.84447112e-02
114  2.22816755e-01  1.03049657e-01
115  2.09737500e-01  1.07416129e-01
116  1.95937166e-01  1.11750597e-01
117  1.82592586e-01  1.15691547e-01
118  1.69185804e-01  1.19415775e-01
119  1.55200000e-01  1.23068004e-01
120  1.41683226e-01  1.26370146e-01
121  1.28117014e-01  1.29463654e-01
122  1.14506095e-01  1.32354694e-01
123  1.00858468e-01  1.35067182e-01
124  8.71698637e-02  1.37564613e-01
125  7.34536244e-02  1.39904865e-01
126  5.97082373e-02  1.42066149e-01
127  4.59368475e-02  1.44054994e-01
128  3.21430749e-02  1.45883563e-01
129  1.83269791e-02  1.47535743e-01
130  4.49149329e-03  1.49017002e-01
131  -9.36118440e-03  1.50325691e-01
132  -2.32280053e-02  1.51472550e-01
133  -3.71072451e-02  1.52460259e-01
134  -5.09977684e-02  1.53278230e-01
135  -6.48971629e-02  1.53926046e-01
136  -7.88024662e-02  1.54424565e-01
137  -9.27121544e-02  1.54782843e-01
138  -1.06624971e-01  1.55004421e-01
139  -1.20539529e-01  1.54977376e-01
140  -1.34451011e-01  1.54722248e-01
141  -1.48356800e-01  1.54243301e-01
142  -1.62251977e-01  1.53509772e-01
143  -1.76132449e-01  1.52538024e-01
144  -1.90000320e-01  1.51403029e-01
145  -2.03856075e-01  1.50127484e-01
146  -2.17694881e-01  1.48677248e-01
147  -2.31517854e-01  1.47084152e-01
148  -2.45329949e-01  1.45399325e-01
149  -2.59130802e-01  1.43623966e-01
150  -2.72914862e-01  1.41722713e-01
151  -2.86687657e-01  1.39742147e-01
152  -3.00450395e-01  1.37692421e-01
153  -3.14200000e-01  1.35556044e-01
154  -3.32757353e-01  1.32563359e-01
155  -3.46588679e-01  1.30255851e-01
156  -3.60412065e-01  1.27901303e-01
157  -3.74226758e-01  1.25496082e-01
158  -3.88030908e-01  1.23031115e-01
159  -4.01827878e-01  1.20526365e-01
160  -4.15617995e-01  1.17984129e-01
161  -4.29398505e-01  1.15390211e-01
162  -4.43170483e-01  1.12751454e-01
163  -4.56937253e-01  1.10085635e-01
164  -4.70699328e-01  1.07395644e-01
165  -4.84453793e-01  1.04666992e-01
166  -4.98204173e-01  1.01917848e-01
167  -5.11949043e-01  9.91413459e-02
168  -5.25687573e-01  9.63335644e-02
169  -5.39423637e-01  9.35137396e-02
170  -5.53152870e-01  9.06608760e-02
171  -5.66879621e-01  8.77960617e-02
172  -5.80605020e-01  8.49247928e-02
173  -5.94325128e-01  8.20283336e-02
174  -6.08040413e-01  7.91091295e-02
175  -6.21755572e-01  7.61893229e-02
176  -6.35468857e-01  7.32607544e-02
177  -6.49178451e-01  7.03149281e-02
178  -6.62886964e-01  6.73640763e-02
179  -6.76591516e-01  6.43948796e-02
180  -6.90296962e-01  6.14298187e-02
181  -7.04001830e-01  5.84620826e-02
182  -7.17705073e-01  5.54868566e-02
183  -7.31406457e-01  5.25030796e-02
184  -7.45106947e-01  4.95151983e-02
185  -7.58809057e-01  4.65347640e-02
186  -7.72513656e-01  4.35657858e-02
187  -7.86216895e-01  4.05905366e-02
188  -8.04637500e-01  3.66055932e-02
189  -8.18702645e-01  3.35801320e-02
190  -8.32770163e-01  3.05657272e-02
191  -8.46840531e-01  2.75646475e-02
192  -8.60912738e-01  2.45722185e-02
193  -8.74990806e-01  2.16074936e-02
194  -8.89072662e-01  1.86607979e-02
195  -9.03158639e-01  1.57338708e-02
196  -9.17252368e-01  1.28445196e-02
197  -9.31354185e-01  9.99489516e-03
198  -9.45462471e-01  7.17748560e-03
199  -9.59579933e-01  4.40641603e-03
200  -3.00448999e-01  1.23799357e-01
201  -3.00447603e-01  1.09906294e-01
202  -3.00446206e-01  9.60132310e-02
203  -3.00444810e-01  8.21201678e-02
204  -3.00443413e-01  6.82271047e-02
205  -3.00442017e-01  5.43340415e-02
206  -3.00440620e-01  4.04409783e-02
207  -3.00439224e-01  2.65479151e-02
208  -3.00437827e-01  1.26548519e-02
209  -3.00436431e-01  -1.23821123e-03
210  -3.00435035e-01  -1.51312744e-02
211  -3.00433638e-01  -2.90243376e-02
212  -3.00432242e-01  -4.29174008e-02
213  -3.00430845e-01  -5.68104639e-02
214  -3.00429449e-01  -7.07035271e-02
215  1.41668429e-01  1.11480151e-01
216  1.41653633e-01  9.65901556e-02
217  1.41638836e-01  8.17001606e-02
218  1.41624039e-01  6.68101655e-02
219  1.41609243e-01  5.19201705e-02
220  1.41594446e-01  3.70301754e-02
221  1.41579649e-01  2.21401804e-02
222  1.41564853e-01  7.25018531e-03
223  1.41550056e-01  -7.63980974e-03
224  1.41535259e-01  -2.25298048e-02
225  1.41520462e-01  -3.74197999e-02
226  1.41505666e-01  -5.23097949e-02
227  1.41490869e-01  -6.71997900e-02
2455  -9.71135835e-01  -1.09314036e-03
2456  -9.59575925e-01  -8.43235538e-04
2457  -9.45432601e-01  -8.67879182e-04
2458  -9.31294294e-01  -1.18970616e-03
2459  -9.17165261e-01  -1.75521982e-03
2460  -9.03046748e-01  -2.52534545e-03
2461  -8.88940881e-01  -3.48765898e-03
2462  -8.74846958e-01  -4.60384302e-03
2463  -8.60766881e-01  -5.87791838e-03
2464  -8.46699805e-01  -7.28172335e-03
2465  -8.32645069e-01  -8.80238615e-03
2466  -8.18604067e-01  -1.04413697e-02
2467  -8.04574709e-01  -1.21727415e-02
2468  -7.86084771e-01  -1.45720357e-02
2469  -7.72320696e-01  -1.64428234e-02
2470  -7.58566565e-01  -1.83811396e-02
2471  -7.44819904e-01  -2.03695011e-02
2472  -7.31080592e-01  -2.24073178e-02
2473  -7.17348275e-01  -2.44897249e-02
2474  -7.03621211e-01  -2.66047563e-02
2475  -6.89898769e-01  -2.87495775e-02
2476  -6.76181585e-01  -3.09273157e-02
2477  -6.62468972e-01  -3.31303716e-02
2478  -6.48757222e-01  -3.53375068e-02
2479  -6.35047695e-01  -3.75589311e-02
2480  -6.21339825e-01  -3.97889542e-02
2481  -6.07632252e-01  -4.20191082e-02
2482  -5.93923756e-01  -4.42429687e-02
2483  -5.80214411e-01  -4.64616392e-02
2484  -5.66504356e-01  -4.86743943e-02
2485  -5.52791623e-01  -5.08685716e-02
2486  -5.39075499e-01  -5.30405788e-02
2487  -5.25355371e-01  -5.51864207e-02
2488  -5.11630883e-01  -5.73037394e-02
2489  -4.97901846e-01  -5.93910044e-02
2490  -4.84168290e-01  -6.14474635e-02
2491  -4.70429477e-01  -6.34669484e-02
2492  -4.56684307e-01  -6.54423760e-02
2493  -4.42933538e-01  -6.73784415e-02
2494  -4.29177185e-01  -6.92720228e-02
2495  -4.15413264e-01  -7.11077525e-02
2496  -4.01641456e-01  -7.28847265e-02
2497  -3.87863600e-01  -7.46148969e-02
2498  -3.74079842e-01  -7.62921649e-02
2499  -3.60286310e-01  -7.78862345e-02
2500  -3.46485574e-01  -7.94213625e-02
2501  -3.32679474e-01  -8.09038908e-02
2502  -3.14150998e-01  -8.27838004e-02
2503  -2.99813097e-01  -8.41515330e-02
2504  -2.86605680e-01  -8.53411289e-02
2505  -2.72823936e-01  -8.65176882e-02
2506  -2.59036104e-01  -8.76160238e-02
2507  -2.45241221e-01  -8.86226181e-02
2508  -2.31440663e-01  -8.95532444e-02
2509  -2.17635744e-01  -9.04149172e-02
2510  -2.03826462e-01  -9.11921234e-02
2511  -1.90011481e-01  -9.18620731e-02
2512  -1.76192577e-01  -9.24571029e-02
2513  -1.62370957e-01  -9.29718264e-02
2514  -1.48545819e-01  -9.33801916e-02
2515  -1.34717998e-01  -9.37055289e-02
2516  -1.20888700e-01  -9.39537725e-02
2517  -1.07058321e-01  -9.41143899e-02
2518  -9.32269918e-02  -9.41804630e-02
2519  -7.93952050e-02  -9.41691213e-02
2520  -6.55635350e-02  -9.40851946e-02
2521  -5.17327633e-02  -9.39297041e-02
2522  -3.79035876e-02  -9.36828484e-02
2523  -2.40763168e-02  -9.33489143e-02
2524  -1.02516803e-02  -9.29243802e-02
2525  3.56985396e-03  -9.24076014e-02
2526  1.73874271e-02  -9.17968689e-02
2527  3.12001150e-02  -9.10848886e-02
2528  4.50076201e-02  -9.02780524e-02
2529  5.88088042e-02  -8.93733971e-02
2530  7.26025783e-02  -8.83641577e-02
2531  8.63879556e-02  -8.72461193e-02
2532  1.00163988e-01  -8.60213026e-02
2533  1.13927879e-01  -8.46707981e-02
2534  1.27678751e-01  -8.31930772e-02
2535  1.42091647e-01  -8.15111099e-02
2536  1.55134264e-01  -7.98488867e-02
2537  1.69058987e-01  -7.79260688e-02
2538  1.82439317e-01  -7.59334250e-02
2539  1.95795961e-01  -7.37911059e-02
2540  2.09648866e-01  -7.13899593e-02
2541  2.22989363e-01  -6.88962734e-02
2542  2.36293649e-01  -6.62191358e-02
2543  2.49553890e-01  -6.33362390e-02
2544  2.62759515e-01  -6.02172900e-02
2545  2.75900755e-01  -5.68420607e-02
2546  2.88965390e-01  -5.31864316e-02
2547  3.01932167e-01  -4.92063106e-02
2548  3.14767292e-01  -4.48285983e-02
2549  3.27434288e-01  -3.99995647e-02
2550  3.39850859e-01  -3.45772312e-02
2551  3.51884840e-01  -2.83820726e-02
2552  3.63235657e-01  -2.10687938e-02
2553  3.73098396e-01  -1.20067974e-02
2554  3.78300746e-01  2.72963225e-05
2555  3.74335376e-01  1.28652774e-02
2556  3.66314700e-01  2.38886560e-02
2557  3.56555712e-01  3.35247813e-02
2558  3.45868490e-01  4.21653310e-02
2559  3.34603295e-01  5.00638497e-02
2560  3.22965776e-01  5.74162177e-02
2561  3.11037743e-01  6.42947227e-02
2562  2.98872647e-01  7.07496574e-02
2563  2.86505418e-01  7.68146342e-02
2564  2.73988984e-01  8.25695084e-02
2565  2.61329859e-01  8.80034550e-02
2566  2.48539318e-01  9.31244332e-02
2567  2.35642432e-01  9.79750458e-02
2568  2.22654091e-01  1.02576856e-01
2569  2.09583414e-01  1.06940464e-01
2570  1.95791440e-01  1.11272304e-01
2571  1.82454861e-01  1.15210889e-01
2572  1.69055721e-01  1.18932993e-01
2573  1.55077500e-01  1.22583243e-01
2574  1.42297572e-01  1.25711316e-01
2575  1.28009487e-01  1.28975353e-01
2576  1.14405415e-01  1.31864935e-01
2577  1.00764860e-01  1.34576023e-01
2578  8.70829443e-02  1.37072226e-01
2579  7.33727434e-02  1.39411450e-01
2580  5.96336697e-02  1.41571741e-01
2581  4.58682586e-02  1.43559721e-01
2582  3.20805354e-02  1.45387490e-01
2583  1.82706801e-02  1.47038923e-01
2584  4.44136555e-03  1.48519521e-01
2585  -9.40530440e-03  1.49827641e-01
2586  -2.32663581e-02  1.50974023e-01
2587  -3.71396882e-02  1.51961313e-01
2588  -5.10241044e-02  1.52778924e-01
2589  -6.49177594e-02  1.53426470e-01
2590  -7.88178606e-02  1.53924802e-01
2591  -9.27225728e-02  1.54282952e-01
2592  -1.06628466e-01  1.54504433e-01
2593  -1.20534459e-01  1.54477402e-01
2594  -1.34437821e-01  1.54222422e-01
2595  -1.48335014e-01  1.53743776e-01
2596  -1.62221337e-01  1.53010712e-01
2597  -1.76094596e-01  1.52039459e-01
2598  -1.89957009e-01  1.50904908e-01
2599  -2.03807100e-01  1.49629888e-01
2600  -2.17640201e-01  1.48180247e-01
2601  -2.31458960e-01  1.46587633e-01
2602  -2.45267780e-01  1.44903205e-01
2603  -2.59064744e-01  1.43128349e-01
2604  -2.72845118e-01  1.41227601e-01
2605  -2.86615245e-01  1.39247418e-01
2606  -2.99835354e-01  1.37280247e-01
2607  -3.14121813e-01  1.35062195e-01
2608  -3.32676411e-01  1.32069954e-01
2609  -3.46505561e-01  1.29762808e-01
2610  -3.60327205e-01  1.27408557e-01
2611  -3.74139930e-01  1.25003679e-01
2612  -3.87942305e-01  1.22539028e-01
2613  -4.01737898e-01  1.20034528e-01
2614  -4.15526425e-01  1.17492586e-01
2615  -4.29305214e-01  1.14898991e-01
2616  -4.43075910e-01  1.12260479e-01
2617  -4.56841767e-01  1.09594837e-01
2618  -4.70602722e-01  1.06905066e-01
2619  -4.84356132e-01  1.04176622e-01
2620  -4.98105659e-01  1.01427649e-01
2621  -5.11849484e-01  9.86513582e-02
2622  -5.25587241e-01  9.58437343e-02
2623  -5.39322502e-01  9.30240748e-02
2624  -5.53050932e-01  9.01713775e-02
2625  -5.66777355e-01  8.73066317e-02
2626  -5.80502190e-01  8.44354810e-02
2627  -5.94221444e-01  8.15392022e-02
2628  -6.07936312e-01  7.86200865e-02
2629  -6.21651304e-01  7.57003155e-02
2630  -6.35364125e-01  7.27718461e-02
2631  -6.49073322e-01  6.98261051e-02
2632  -6.62781419e-01  6.68753431e-02
2633  -6.76485717e-01  6.39062012e-02
2634  -6.90191189e-01  6.09411346e-02
2635  -7.03895876e-01  5.79734378e-02
2636  -7.17598833e-01  5.49982739e-02
2637  -7.31299991e-01  5.20145460e-02
2638  -7.45000541e-01  4.90266517e-02
2639  -7.58702988e-01  4.60461441e-02
2640  -7.72407679e-01  4.30771459e-02
2641  -7.86110991e-01  4.01018810e-02
2642  -8.04532067e-01  3.61168358e-02
2643  -8.18597690e-01  3.30912716e-02
2644  -8.32665632e-01  3.00767760e-02
2645  -8.46736382e-01  2.70756148e-02
2646  -8.60809221e-01  2.40830517e-02
2647  -8.74888083e-01  2.11181593e-02
2648  -8.88970596e-01  1.81713262e-02
2649  -9.03057570e-01  1.52441924e-02
2650  -9.17152642e-01  1.23545658e-02
2651  -9.31255709e-01  9.50468859e-03
2652  -9.45365360e-01  6.68700680e-03
2653  -9.59432428e-01  3.92866903e-03
2654  -2.99833999e-01  1.23799419e-01
2655  -2.99832603e-01  1.09906356e-01
2656  -2.99831206e-01  9.60132928e-02
2657  -2.99829810e-01  8.21202296e-02
2658  -2.99828413e-01  6.82271665e-02
2659  -2.99827017e-01  5.43341033e-02
2660  -2.99825620e-01  4.04410401e-02
2661  -2.99824224e-01  2.65479769e-02
2662  -2.99822827e-01  1.26549137e-02
2663  -2.99821431e-01  -1.23814943e-03
2664  -2.99820035e-01  -1.51312126e-02
2665  -2.99818638e-01  -2.90242758e-02
2666  -2.99817242e-01  -4.29173390e-02
2667  -2.99815845e-01  -5.68104021e-02
2668  -2.99814449e-01  -7.07034653e-02
2669  1.42283429e-01  1.11479540e-01
2670  1.42268633e-01  9.65895445e-02
2671  1.42253836e-01  8.16995494e-02
2672  1.42239039e-01  6.68095544e-02
2673  1.42224243e-01  5.19195594e-02
2674  1.42209446e-01  3.70295642e-02
2675  1.42194649e-01  2.21395693e-02
2676  1.42179853e-01  7.24957417e-03
2677  1.42165056e-01  -7.64042090e-03
2678  1.42150259e-01  -2.25304160e-02
2679  1.42135462e-01  -3.74204110e-02
2680  1.42120666e-01  -5.23104060e-02
2681  1.42105869e-01  -6.72004012e-02
4909  -9.67397282e-01  -2.83138042e-04
4910  -9.59583169e-01  -1.14271533e-04
4911  -9.45423670e-01  -1.38933890e-04
4912  -9.31271420e-01  -4.61065098e-04
4913  -9.17130830e-01  -1.02703340e-03
4914  -9.03002085e-01  -1.79771490e-03
4915  -8.88887294e-01  -2.76063114e-03
4916  -8.74785332e-01  -3.87745251e-03
4917  -8.60697837e-01  -5.15219539e-03
4918  -8.46624401e-01  -6.55663356e-03
4919  -8.32563599e-01  -8.07795281e-03
4920  -8.18517161e-01  -9.71756832e-03
4921  -8.04483159e-01  -1.14495129e-02
4922  -7.85988775e-01  -1.38493838e-02
4923  -7.72220740e-01  -1.57207086e-02
4924  -7.58463520e-01  -1.76594591e-02
4925  -7.44714246e-01  -1.96481984e-02
4926  -7.30972465e-01  -2.16863812e-02
4927  -7.17238119e-01  -2.37690955e-02
4928  -7.03509417e-01  -2.58843793e-02
4929  -6.89785328e-01  -2.80294578e-02
4930  -6.76066614e-01  -3.02074389e-02
4931  -6.62353227e-01  -3.24106189e-02
4932  -6.48640993e-01  -3.46178318e-02
4933  -6.34930865e-01  -3.68393535e-02
4934  -6.21222764e-01  -3.90694142e-02
4935  -6.07515352e-01  -4.12995422e-02
4936  -5.93807156e-01  -4.35233539e-02
4937  -5.80098102e-01  -4.57419773e-02
4938  -5.66388688e-01  -4.79546292e-02
4939  -5.52677022e-01  -5.01486358e-02
4940  -5.38962166e-01  -5.23204423e-02
4941  -5.25243472e-01  -5.44660598e-02
4942  -5.11520522e-01  -5.65831415e-02
4943  -4.97793082e-01  -5.86701638e-02
4944  -4.84061303e-01  -6.07263569e-02
4945  -4.70324615e-01  -6.27455296e-02
4946  -4.56581636e-01  -6.47206423e-02
4947  -4.42833014e-01  -6.66564056e-02
4948  -4.29079292e-01  -6.85496254e-02
4949  -4.15318432e-01  -7.03849470e-02
4950  -4.01549396e-01  -7.21615627e-02
4951  -3.87774155e-01  -7.38914050e-02
4952  -3.73993967e-01  -7.55682406e-02
4953  -3.60204168e-01  -7.71618771e-02
4954  -3.46406361e-01  -7.86966790e-02
4955  -3.32603763e-01  -8.01788330e-02
4956  -3.14079553e-01  -8.20583098e-02
4957  -2.99240165e-01  -8.34725894e-02
4958  -2.86541936e-01  -8.46149211e-02
4959  -2.72763987e-01  -8.57911574e-02
4960  -2.58980633e-01  -8.68891373e-02
4961  -2.45190170e-01  -8.78954078e-02
4962  -2.31393432e-01  -8.88257761e-02
4963  -2.17592554e-01  -8.96871977e-02
4964  -2.03788324e-01  -9.04641217e-02
4965  -1.89978145e-01  -9.11338357e-02
4966  -1.76163332e-01  -9.17286898e-02
4967  -1.62346630e-01  -9.22432324e-02
4968  -1.48526484e-01  -9.26514481e-02
4969  -1.34702882e-01  -9.29766856e-02
4970  -1.20877925e-01  -9.32248521e-02
4971  -1.07052347e-01  -9.33854144e-02
4972  -9.32255494e-02  -9.34514644e-02
4973  -7.93977155e-02  -9.34401256e-02
4974  -6.55698443e-02  -9.33562219e-02
4975  -5.17433664e-02  -9.32007812e-02
4976  -3.79188933e-02  -9.29540091e-02
4977  -2.40963052e-02  -9.26201884e-02
4978  -1.02764874e-02  -9.21958024e-02
4979  3.54013978e-03  -9.16792073e-02
4980  1.73525684e-02  -9.10687028e-02
4981  3.11600882e-02  -9.03569883e-02
4982  4.49625152e-02  -8.95504491e-02
4983  5.87583644e-02  -8.86461441e-02
4984  7.25465145e-02  -8.76373167e-02
4985  8.63262097e-02  -8.65197390e-02
4986  1.00096113e-01  -8.52954693e-02
4987  1.13853338e-01  -8.39456190e-02
4988  1.27597643e-01  -8.24686032e-02
4989  1.42665447e-01  -8.07068309e-02
4990  1.55038421e-01  -7.91262145e-02
4991  1.68955436e-01  -7.72044608e-02
4992  1.82327899e-01  -7.52129896e-02
4993  1.95675981e-01  -7.30720468e-02
4994  2.09519637e-01  -7.06725048e-02
4995  2.22850481e-01  -6.81806250e-02
4996  2.36144303e-01  -6.55055976e-02
4997  2.49392663e-01  -6.26252912e-02
4998  2.62585047e-01  -5.95094752e-02
4999  2.75711849e-01  -5.61379616e-02
5000  2.88760198e-01  -5.24869053e-02
5001  3.01707517e-01  -4.85127882e-02
5002  3.14519743e-01  -4.41429159e-02
5003  3.27158489e-01  -3.93247494e-02
5004  3.39537979e-01  -3.39187885e-02
5005  3.51520121e-01  -2.77508669e-02
5006  3.62789777e-01  -2.04920509e-02
5007  3.72503713e-01  -1.15851413e-02
5008  3.77572833e-01  6.70943608e-05
5009  3.73674118e-01  1.25350032e-02
5010  3.65762043e-01  2.34132501e-02
5011  3.56069819e-01  3.29813209e-02
5012  3.45429801e-01  4.15830999e-02
5013  3.34199233e-01  4.94570753e-02
5014  3.22588925e-01  5.67921793e-02
5015  3.10684752e-01  6.36568837e-02
5016  2.98541265e-01  7.01003296e-02
5017  2.86192632e-01  7.61561465e-02
5018  2.73692916e-01  8.19033367e-02
5019  2.61050581e-01  8.73300719e-02
5020  2.48275506e-01  9.24448417e-02
5021  2.35392375e-01  9.72902737e-02
5022  2.22416927e-01  1.01887513e-01
5023  2.09358757e-01  1.06246943e-01
5024  1.95578972e-01  1.10574953e-01
5025  1.82254058e-01  1.14510090e-01
5026  1.68866059e-01  1.18229097e-01
5027  1.54898894e-01  1.21876460e-01
5028  1.42869693e-01  1.24827158e-01
5029  1.27852714e-01  1.28263410e-01
5030  1.14258625e-01  1.31150867e-01
5031  1.00628379e-01  1.33859912e-01
5032  8.69562158e-02  1.36354326e-01
5033  7.32548189e-02  1.38692051e-01
5034  5.95249503e-02  1.40850893e-01
5035  4.57682560e-02  1.42837612e-01
5036  3.19893528e-02  1.44664215e-01
5037  1.81885962e-02  1.46314559e-01
5038  4.36827930e-03  1.47794194e-01
5039  -9.46963135e-03  1.49101485e-01
5040  -2.33222766e-02  1.50247171e-01
5041  -3.71869903e-02  1.51233849e-01
5042  -5.10625023e-02  1.52050936e-01
5043  -6.49477892e-02  1.52698089e-01
5044  -7.88403057e-02  1.53196148e-01
5045  -9.27377628e-02  1.53554110e-01
5046  -1.06633562e-01  1.53775451e-01
5047  -1.20527067e-01  1.53748439e-01
5048  -1.34418590e-01  1.53493676e-01
5049  -1.48303251e-01  1.53015468e-01
5050  -1.62176665e-01  1.52283082e-01
5051  -1.76039407e-01  1.51312551e-01
5052  -1.89893861e-01  1.50178649e-01
5053  -2.03735695e-01  1.48904394e-01
5054  -2.17560478e-01  1.47455619e-01
5055  -2.31373091e-01  1.45863707e-01
5056  -2.45177138e-01  1.44179862e-01
5057  -2.58968433e-01  1.42405739e-01
5058  -2.72743430e-01  1.40505728e-01
5059  -2.86509668e-01  1.38526104e-01
5060  -2.99262288e-01  1.36630051e-01
5061  -3.14007817e-01  1.34342163e-01
5062  -3.32558397e-01  1.31350570e-01
5063  -3.46384376e-01  1.29043951e-01
5064  -3.60203480e-01  1.26690133e-01
5065  -3.74013334e-01  1.24285755e-01
5066  -3.87813123e-01  1.21821565e-01
5067  -4.01606706e-01  1.19317430e-01
5068  -4.15392916e-01  1.16775915e-01
5069  -4.29169196e-01  1.14182793e-01
5070  -4.42938023e-01  1.11544639e-01
5071  -4.56702548e-01  1.08879254e-01
5072  -4.70461870e-01  1.06189802e-01
5073  -4.84213743e-01  1.03461663e-01
5074  -4.97962026e-01  1.00712939e-01
5075  -5.11704326e-01  9.79369562e-02
5076  -5.25440958e-01  9.51295619e-02
5077  -5.39175046e-01  9.23101435e-02
5078  -5.52902308e-01  8.94576888e-02
5079  -5.66628252e-01  8.65930427e-02
5080  -5.80352264e-01  8.37220644e-02
5081  -5.94070272e-01  8.08260486e-02
5082  -6.07784534e-01  7.79070618e-02
5083  -6.21499282e-01  7.49873427e-02
5084  -6.35211427e-01  7.20590179e-02
5085  -6.48920044e-01  6.91134011e-02
5086  -6.62627533e-01  6.61627701e-02
5087  -6.76331463e-01  6.31937080e-02
5088  -6.90036973e-01  6.02286332e-02
5089  -7.03741395e-01  5.72609936e-02
5090  -7.17443935e-01  5.42859203e-02
5091  -7.31144765e-01  5.13022640e-02
5092  -7.44845401e-01  4.83143508e-02
5093  -7.58548339e-01  4.53337364e-02
5094  -7.72253166e-01  4.23647089e-02
5095  -7.85956583e-01  3.93894211e-02
5096  -8.04378345e-01  3.54042275e-02
5097  -8.18444667e-01  3.23785130e-02
5098  -8.32513226e-01  2.93638851e-02
5099  -8.46584533e-01  2.63626051e-02
5100  -8.60658292e-01  2.33698465e-02
5101  -8.74738314e-01  2.04047099e-02
5102  -8.88821784e-01  1.74576764e-02
5103  -9.02910210e-01  1.45302412e-02
5104  -9.17007241e-01  1.16402132e-02
5105  -9.31112131e-01  8.78996741e-03
5106  -9.45223772e-01  5.97188871e-03
5107  -9.59217365e-01  3.23211389e-03
5108  -2.99260999e-01  1.23799476e-01
5109  -2.99259603e-01  1.09906413e-01
5110  -2.99258206e-01  9.60133504e-02
5111  -2.99256810e-01  8.21202872e-02
5112  -2.99255413e-01  6.82272241e-02
5113  -2.99254017e-01  5.43341609e-02
5114  -2.99252620e-01  4.04410977e-02
5115  -2.99251224e-01  2.65480345e-02
5116  -2.99249827e-01  1.26549713e-02
5117  -2.99248431e-01  -1.23809186e-03
5118  -2.99247035e-01  -1.51311550e-02
5119  -2.99245638e-01  -2.90242182e-02
5120  -2.99244242e-01  -4.29172814e-02
5121  -2.99242845e-01  -5.68103445e-02
5122  -2.99241449e-01  -7.07034077e-02
5123  1.42856428e-01  1.11478970e-01
5124  1.42841632e-01  9.65889751e-02
5125  1.42826835e-01  8.16989800e-02
5126  1.42812038e-01  6.68089850e-02
5127  1.42797242e-01  5.19189900e-02
5128  1.42782445e-01  3.70289948e-02
5129  1.42767648e-01  2.21389999e-02
5130  1.42752852e-01  7.24900477e-03
5131  1.42738055e-01  -7.64099032e-03
5132  1.42723258e-01  -2.25309854e-02
5133  1.42708461e-01  -3.74209804e-02
5134  1.42693665e-01  -5.23109754e-02
5135  1.42678868e-01  -6.72009706e-02
7363  -9.61520215e-01  9.90198930e-04
7364  -9.59594557e-01  1.03167188e-03
7365  -9.45409630e-01  1.00698011e-03
7366  -9.31235463e-01  6.84370651e-04
7367  -9.17076703e-01  1.17687657e-04
7368  -9.02931874e-01  -6.53867695e-04
7369  -8.88803055e-01  -1.61773141e-03
7370  -8.74688454e-01  -2.73555467e-03
7371  -8.60589298e-01  -4.01134689e-03
7372  -8.46505865e-01  -5.41678047e-03
7373  -8.32435527e-01  -6.93913168e-03
7374  -8.18380544e-01  -8.57974065e-03
7375  -8.04339240e-01  -1.03125857e-02
7376  -7.85837867e-01  -1.27133632e-02
7377  -7.72063607e-01  -1.45855322e-02
7378  -7.58301532e-01  -1.65249654e-02
7379  -7.44548151e-01  -1.85142987e-02
7380  -7.30802488e-01  -2.05530569e-02
7381  -7.17064953e-01  -2.26362541e-02
7382  -7.03333675e-01  -2.47519348e-02
7383  -6.89606998e-01  -2.68974179e-02
7384  -6.75885877e-01  -2.90757807e-02
7385  -6.62171273e-01  -3.12791558e-02
7386  -6.48458281e-01  -3.34864910e-02
7387  -6.34747208e-01  -3.57081658e-02
7388  -6.21038743e-01  -3.79382856e-02
7389  -6.07331582e-01  -4.01683726e-02
7390  -5.93623859e-01  -4.23921075e-02
7391  -5.79915262e-01  -4.46106570e-02
7392  -5.66206855e-01  -4.68231466e-02
7393  -5.52496867e-01  -4.90168848e-02
7394  -5.38784004e-01  -5.11883759e-02
7395  -5.25067566e-01  -5.33336408e-02
7396  -5.11347031e-01  -5.54503497e-02
7397  -4.97622101e-01  -5.75369904e-02
7398  -4.83893117e-01  -5.95927654e-02
7399  -4.70159772e-01  -6.16114473e-02
7400  -4.56420234e-01  -6.35860650e-02
7401  -4.42674987e-01  -6.55213533e-02
7402  -4.28925402e-01  -6.74140048e-02
7403  -4.15169353e-01  -6.92486849e-02
7404  -4.01404675e-01  -7.10247374e-02
7405  -3.87633546e-01  -7.27540638e-02
7406  -3.73858970e-01  -7.44302196e-02
7407  -3.60075038e-01  -7.60231754e-02
7408  -3.46281835e-01  -7.75574646e-02
7409  -3.32484745e-01  -7.90390301e-02
7410  -3.13254551e-01  -7.36808343e-02
7411  -2.98668010e-01  -7.50715075e-02
7412  -2.85805857e-01  -7.62291646e-02
7413  -2.72071732e-01  -7.74016695e-02
7414  -2.58340089e-01  -7.84955429e-02
7415  -2.44600670e-01  -7.94980741e-02
7416  -2.30848038e-01  -8.04254624e-02
7417  -2.17093832e-01  -8.12839840e-02
7418  -2.03347933e-01  -8.20576492e-02
7419  -1.89593201e-01  -8.27246417e-02
7420  -1.75825627e-01  -8.33174664e-02
7421  -1.62065721e-01  -8.38299207e-02
7422  -1.48303211e-01  -8.42364096e-02
7423  -1.34528339e-01  -8.45604953e-02
7424  -1.20753506e-01  -8.48077717e-02
7425  -1.06983362e-01  -8.49676970e-02
7426  -9.32088939e-02  -8.50334809e-02
7427  -7.94267053e-02  -8.50221755e-02
7428  -6.56426995e-02  -8.49385372e-02
7429  -5.18658036e-02  -8.47836717e-02
7430  -3.80956338e-02  -8.45378647e-02
7431  -2.43271172e-02  -8.42053533e-02
7432  -1.05629423e-02  -8.37826777e-02
7433  3.19702051e-03  -8.32682030e-02
7434  1.69500438e-02  -8.26603321e-02
7435  3.06978862e-02  -8.19516868e-02
7436  4.44416739e-02  -8.11485774e-02
7437  5.81759186e-02  -8.02483182e-02
7438  7.18991273e-02  -7.92442473e-02
7439  8.56132090e-02  -7.81319887e-02
7440  9.93123454e-02  -7.69140355e-02
7441  1.12992592e-01  -7.55717405e-02
7442  1.26661070e-01  -7.41028663e-02
7443  1.43246945e-01  -7.21557861e-02
7444  1.53931690e-01  -7.07812837e-02
7445  1.68792651e-01  -7.60700811e-02
7446  1.82152748e-01  -7.40804535e-02
7447  1.95487372e-01  -7.19416741e-02
7448  2.09316488e-01  -6.95446545e-02
7449  2.22632155e-01  -6.70556140e-02
7450  2.35909528e-01  -6.43839038e-02
7451  2.49139212e-01  -6.15076695e-02
7452  2.62310780e-01  -5.83967786e-02
7453  2.75414886e-01  -5.50311061e-02
7454  2.88437632e-01  -5.13872385e-02
7455  3.01354363e-01  -4.74225597e-02
7456  3.14130592e-01  -4.30650117e-02
7457  3.26724927e-01  -3.82639287e-02
7458  3.39046126e-01  -3.28837057e-02
7459  3.50946776e-01  -2.67586011e-02
7460  3.62088847e-01  -1.95854016e-02
7461  3.71568863e-01  -1.09222908e-02
7462  3.76428542e-01  1.29657532e-04
7463  3.72634609e-01  1.20158067e-02
7464  3.64893256e-01  2.26659043e-02
7465  3.55305988e-01  3.21269923e-02
7466  3.44740175e-01  4.06678229e-02
7467  3.33564041e-01  4.85032161e-02
7468  3.21996508e-01  5.58111807e-02
7469  3.10129846e-01  6.26541901e-02
7470  2.98020326e-01  6.90795757e-02
7471  2.85700928e-01  7.51209931e-02
7472  2.73227492e-01  8.08561038e-02
7473  2.60611552e-01  8.62715026e-02
7474  2.47860791e-01  9.13765126e-02
7475  2.34999283e-01  9.62138007e-02
7476  2.22044102e-01  1.00803854e-01
7477  2.09005593e-01  1.05156718e-01
7478  1.95244969e-01  1.09478706e-01
7479  1.81938393e-01  1.13408423e-01
7480  1.68567909e-01  1.17122561e-01
7481  1.54618124e-01  1.20765387e-01
7482  1.43433966e-01  1.16044366e-01
7483  1.26042397e-01  1.20042371e-01
7484  1.12563585e-01  1.22905289e-01
7485  9.90523880e-02  1.25590754e-01
7486  8.54928410e-02  1.28064497e-01
7487  7.18931060e-02  1.30384918e-01
7488  5.82695310e-02  1.32527033e-01
7489  4.46134937e-02  1.34499192e-01
7490  3.09364379e-02  1.36312323e-01
7491  1.72407463e-02  1.37950092e-01
7492  3.52432863e-03  1.39418606e-01
7493  -1.02124356e-02  1.40716322e-01
7494  -2.39679849e-02  1.41853972e-01
7495  -3.77332029e-02  1.42833588e-01
7496  -5.15058956e-02  1.43644621e-01
7497  -6.52945524e-02  1.44287234e-01
7498  -7.90994861e-02  1.44782139e-01
7499  -9.29131668e-02  1.45137937e-01
7500  -1.06692409e-01  1.45357657e-01
7501  -1.20441705e-01  1.45330872e-01
7502  -1.34196524e-01  1.45078605e-01
7503  -1.47936469e-01  1.44605463e-01
7504  -1.61660815e-01  1.43880902e-01
7505  -1.75402119e-01  1.42918709e-01
7506  -1.89164677e-01  1.41792290e-01
7507  -2.02911155e-01  1.40526873e-01
7508  -2.16639890e-01  1.39088108e-01
7509  -2.30381544e-01  1.37504308e-01
7510  -2.44130462e-01  1.35827186e-01
7511  -2.57856287e-01  1.34061528e-01
7512  -2.71569215e-01  1.32170025e-01
7513  -2.85290541e-01  1.30196851e-01
7514  -2.98688441e-01  1.28202480e-01
7515  -3.13828614e-01  1.33210261e-01
7516  -3.32372878e-01  1.30219686e-01
7517  -3.46193870e-01  1.27913896e-01
7518  -3.60008982e-01  1.25560758e-01
7519  -3.73814324e-01  1.23157167e-01
7520  -3.87610045e-01  1.20693702e-01
7521  -4.01400472e-01  1.18190140e-01
7522  -4.15183037e-01  1.15649298e-01
7523  -4.28955374e-01  1.13056917e-01
7524  -4.42721263e-01  1.10419325e-01
7525  -4.56483694e-01  1.07754346e-01
7526  -4.70240448e-01  1.05065396e-01
7527  -4.83989904e-01  1.02337736e-01
7528  -4.97736232e-01  9.95894030e-02
7529  -5.11476136e-01  9.68139044e-02
7530  -5.25210998e-01  9.40068713e-02
7531  -5.38943243e-01  9.11878318e-02
7532  -5.52668667e-01  8.83357583e-02
7533  -5.66393859e-01  8.54712691e-02
7534  -5.80116578e-01  8.26005618e-02
7535  -5.93832627e-01  7.97049594e-02
7536  -6.07545935e-01  7.67861753e-02
7537  -6.21260301e-01  7.38665376e-02
7538  -6.34971382e-01  7.09384401e-02
7539  -6.48679089e-01  6.79930188e-02
7540  -6.62385623e-01  6.50425935e-02
7541  -6.76088972e-01  6.20736570e-02
7542  -6.89794542e-01  5.91085693e-02
7543  -7.03498549e-01  5.61410197e-02
7544  -7.17200433e-01  5.31660887e-02
7545  -7.30900746e-01  5.01825450e-02
7546  -7.44601519e-01  4.71946020e-02
7547  -7.58305229e-01  4.42138196e-02
7548  -7.72010268e-01  4.12447461e-02
7549  -7.85713851e-01  3.82694224e-02
7550  -8.04136692e-01  3.42839954e-02
7551  -8.18204111e-01  3.12580449e-02
7552  -8.32273641e-01  2.82432089e-02
7553  -8.46345823e-01  2.52417422e-02
7554  -8.60421031e-01  2.22486762e-02
7555  -8.74502874e-01  1.92831556e-02
7556  -8.88587849e-01  1.63358072e-02
7557  -9.02678559e-01  1.34078982e-02
7558  -9.16778669e-01  1.05172392e-02
7559  -9.30886424e-01  7.66641394e-03
7560  -9.45001194e-01  4.84771130e-03
7561  -9.58879283e-01  2.13711776e-03
7562  -2.98687999e-01  1.23799534e-01
7563  -2.98686603e-01  1.09906471e-01
7564  -2.98685206e-01  9.60134080e-02
7565  -2.98683810e-01  8.21203448e-02
7566  -2.98682413e-01  6.82272817e-02
7567  -2.98681017e-01  5.43342185e-02
7568  -2.98679620e-01  4.04411553e-02
7569  -2.98678224e-01  2.65480921e-02
7570  -2.98676827e-01  1.26550289e-02
7571  -2.98675431e-01  -1.23803428e-03
7572  -2.98674035e-01  -1.51310974e-02
7573  -2.98672638e-01  -2.90241606e-02
7574  -2.98671242e-01  -4.29172238e-02
7575  -2.98669845e-01  -5.68102869e-02
7576  -2.98668449e-01  -7.07033501e-02
7577  1.43429428e-01  1.11478401e-01
7578  1.43414632e-01  9.65884057e-02
7579  1.43399835e-01  8.16984106e-02
7580  1.43385038e-01  6.68084156e-02
7581  1.43370242e-01  5.19184206e-02
7582  1.43355445e-01  3.70284254e-02
7583  1.43340648e-01  2.21384305e-02
7584  1.43325852e-01  7.24843537e-03
7585  1.43311055e-01  -7.64155974e-03
7586  1.43296258e-01  -2.25315548e-02
7587  1.43281461e-01  -3.74215498e-02
7588  1.43266665e-01  -5.23115448e-02
7589  1.43251868e-01  -6.72015400e-02
9817  -9.57781662e-01  1.80020124e-03
9818  -9.59601801e-01  1.76063589e-03
9819  -9.45400699e-01  1.73592540e-03
9820  -9.31212589e-01  1.41301172e-03
9821  -9.17042272e-01  8.45874086e-04
9822  -9.02887211e-01  7.37628575e-05
9823  -8.88749468e-01  -8.90703575e-04
9824  -8.74626827e-01  -2.00916416e-03
9825  -8.60520254e-01  -3.28562390e-03
9826  -8.46430460e-01  -4.69169068e-03
9827  -8.32354058e-01  -6.21469834e-03
9828  -8.18293639e-01  -7.85593928e-03
9829  -8.04247690e-01  -9.58935710e-03
9830  -7.85741870e-01  -1.19907114e-02
9831  -7.71963651e-01  -1.38634174e-02
9832  -7.58198488e-01  -1.58032848e-02
9833  -7.44442494e-01  -1.77929961e-02
9834  -7.30694361e-01  -1.98321203e-02
9835  -7.16954798e-01  -2.19156247e-02
9836  -7.03221880e-01  -2.40315578e-02
9837  -6.89493558e-01  -2.61772983e-02
9838  -6.75770906e-01  -2.83559038e-02
9839  -6.62055528e-01  -3.05594031e-02
9840  -6.48342053e-01  -3.27668160e-02
9841  -6.34630378e-01  -3.49885882e-02
9842  -6.20921682e-01  -3.72187456e-02
9843  -6.07214681e-01  -3.94488066e-02
9844  -5.93507260e-01  -4.16724927e-02
9845  -5.79798953e-01  -4.38909952e-02
9846  -5.66091186e-01  -4.61033815e-02
9847  -5.52382266e-01  -4.82969489e-02
9848  -5.38670671e-01  -5.04682394e-02
9849  -5.24955667e-01  -5.26132800e-02
9850  -5.11236670e-01  -5.47297518e-02
9851  -4.97513337e-01  -5.68161498e-02
9852  -4.83786130e-01  -5.88716588e-02
9853  -4.70054911e-01  -6.08900285e-02
9854  -4.56317562e-01  -6.28643314e-02
9855  -4.42574463e-01  -6.47993174e-02
9856  -4.28827509e-01  -6.66916075e-02
9857  -4.15074521e-01  -6.85258794e-02
9858  -4.01312614e-01  -7.03015736e-02
9859  -3.87544101e-01  -7.20305719e-02
9860  -3.73773095e-01  -7.37062952e-02
9861  -3.59992896e-01  -7.52988180e-02
9862  -3.46202621e-01  -7.68327811e-02
9863  -3.32409034e-01  -7.83139723e-02
9864  -3.13183106e-01  -7.29553437e-02
9865  -2.98053078e-01  -7.43964633e-02
9866  -2.85742113e-01  -7.55029569e-02
9867  -2.72011782e-01  -7.66751387e-02
9868  -2.58284618e-01  -7.77686564e-02
9869  -2.44549619e-01  -7.87708638e-02
9870  -2.30800807e-01  -7.96979941e-02
9871  -2.17050643e-01  -8.05562645e-02
9872  -2.03309795e-01  -8.13296475e-02
9873  -1.89559865e-01  -8.19964043e-02
9874  -1.75796381e-01  -8.25890532e-02
9875  -1.62041394e-01  -8.31013267e-02
9876  -1.48283875e-01  -8.35076660e-02
9877  -1.34513224e-01  -8.38316521e-02
9878  -1.20742731e-01  -8.40788513e-02
9879  -1.06977388e-01  -8.42387215e-02
9880  -9.32074515e-02  -8.43044823e-02
9881  -7.94292159e-02  -8.42931798e-02
9882  -6.56490088e-02  -8.42095645e-02
9883  -5.18764067e-02  -8.40547488e-02
9884  -3.81109395e-02  -8.38090254e-02
9885  -2.43471055e-02  -8.34766273e-02
9886  -1.05877494e-02  -8.30540999e-02
9887  3.16730633e-03  -8.25398088e-02
9888  1.69151851e-02  -8.19321660e-02
9889  3.06578595e-02  -8.12237865e-02
9890  4.43965690e-02  -8.04209741e-02
9891  5.81254787e-02  -7.95210652e-02
9892  7.18430634e-02  -7.85174063e-02
9893  8.55514631e-02  -7.74056084e-02
9894  9.92444710e-02  -7.61882022e-02
9895  1.12918052e-01  -7.48465614e-02
9896  1.26579963e-01  -7.33783923e-02
9897  1.43862749e-01  -7.13463906e-02
9898  1.53835846e-01  -7.00586115e-02
9899  1.68689100e-01  -7.53484731e-02
9900  1.82041330e-01  -7.33600181e-02
9901  1.95367393e-01  -7.12226150e-02
9902  2.09187260e-01  -6.88271999e-02
9903  2.22493272e-01  -6.63399656e-02
9904  2.35760182e-01  -6.36703657e-02
9905  2.48977985e-01  -6.07967216e-02
9906  2.62136312e-01  -5.76889637e-02
9907  2.75225980e-01  -5.43270070e-02
9908  2.88232439e-01  -5.06877123e-02
9909  3.01129712e-01  -4.67290373e-02
9910  3.13883043e-01  -4.23793293e-02
9911  3.26449128e-01  -3.75891134e-02
9912  3.38733245e-01  -3.22252630e-02
9913  3.50582056e-01  -2.61273954e-02
9914  3.61642968e-01  -1.90086587e-02
9915  3.70974181e-01  -1.05006347e-02
9916  3.75700629e-01  1.69455570e-04
9917  3.71973351e-01  1.16855325e-02
9918  3.64340599e-01  2.21904984e-02
9919  3.54820095e-01  3.15835320e-02
9920  3.44301486e-01  4.00855918e-02
9921  3.33159979e-01  4.78964418e-02
9922  3.21619657e-01  5.51871423e-02
9923  3.09776855e-01  6.20163511e-02
9924  2.97688943e-01  6.84302479e-02
9925  2.85388142e-01  7.44625054e-02
9926  2.72931424e-01  8.01899321e-02
9927  2.60332274e-01  8.55981194e-02
9928  2.47596980e-01  9.06969210e-02
9929  2.34749226e-01  9.55290286e-02
9930  2.21806938e-01  1.00114510e-01
9931  2.08780936e-01  1.04463198e-01
9932  1.95032501e-01  1.08781355e-01
9933  1.81737590e-01  1.12707624e-01
9934  1.68378247e-01  1.16418665e-01
9935  1.54439519e-01  1.20058605e-01
9936  1.44048077e-01  1.15150292e-01
9937  1.25885624e-01  1.19330428e-01
9938  1.12416794e-01  1.22191220e-01
9939  9.89159070e-02  1.24874644e-01
9940  8.53661126e-02  1.27346597e-01
9941  7.17751815e-02  1.29665519e-01
9942  5.81608115e-02  1.31806186e-01
9943  4.45134912e-02  1.33777084e-01
9944  3.08452553e-02  1.35589048e-01
9945  1.71586624e-02  1.37225728e-01
9946  3.45124238e-03  1.38693279e-01
9947  -1.02767626e-02  1.39990165e-01
9948  -2.40239033e-02  1.41127120e-01
9949  -3.77805050e-02  1.42106125e-01
9950  -5.15442935e-02  1.42916633e-01
9951  -6.53245821e-02  1.43558853e-01
9952  -7.91219311e-02  1.44053484e-01
9953  -9.29283569e-02  1.44409096e-01
9954  -1.06697505e-01  1.44628675e-01
9955  -1.20434313e-01  1.44601909e-01
9956  -1.34177293e-01  1.44349859e-01
9957  -1.47904706e-01  1.43877155e-01
9958  -1.61616143e-01  1.43153272e-01
9959  -1.75346930e-01  1.42191801e-01
9960  -1.89101529e-01  1.41066030e-01
9961  -2.02839750e-01  1.39801378e-01
9962  -2.16560166e-01  1.38363481e-01
9963  -2.30295676e-01  1.36780383e-01
9964  -2.44039820e-01  1.35103843e-01
9965  -2.57759975e-01  1.33338918e-01
9966  -2.71467527e-01  1.31448152e-01
9967  -2.85184965e-01  1.29475536e-01
9968  -2.98073377e-01  1.27558674e-01
9969  -3.13714618e-01  1.32490229e-01
9970  -3.32254864e-01  1.29500302e-01
9971  -3.46072685e-01  1.27195040e-01
9972  -3.59885256e-01  1.24842334e-01
9973  -3.73687728e-01  1.22439243e-01
9974  -3.87480863e-01  1.19976239e-01
9975  -4.01269280e-01  1.17473041e-01
9976  -4.15049528e-01  1.14932627e-01
9977  -4.28819356e-01  1.12340719e-01
9978  -4.42583376e-01  1.09703484e-01
9979  -4.56344476e-01  1.07038763e-01
9980  -4.70099596e-01  1.04350133e-01
9981  -4.83847515e-01  1.01622777e-01
9982  -4.97592598e-01  9.88746930e-02
9983  -5.11330978e-01  9.60995024e-02
9984  -5.25064714e-01  9.32926989e-02
9985  -5.38795788e-01  9.04739005e-02
9986  -5.52520042e-01  8.76220695e-02
9987  -5.66244756e-01  8.47576802e-02
9988  -5.79966652e-01  8.18871452e-02
9989  -5.93681455e-01  7.89918058e-02
9990  -6.07394156e-01  7.60731506e-02
9991  -6.21108279e-01  7.31535648e-02
9992  -6.34818684e-01  7.02256118e-02
9993  -6.48525812e-01  6.72803148e-02
9994  -6.62231738e-01  6.43300205e-02
9995  -6.75934717e-01  6.13611638e-02
9996  -6.89640325e-01  5.83960679e-02
9997  -7.03344068e-01  5.54285756e-02
9998  -7.17045535e-01  5.24537351e-02
9999  -7.30745519e-01  4.94702630e-02
10000  -7.44446379e-01  4.64823011e-02
10001  -7.58150581e-01  4.35014119e-02
10002  -7.71855754e-01  4.05323091e-02
10003  -7.85559442e-01  3.75569625e-02
10004  -8.03982970e-01  3.35713871e-02
10005  -8.18051087e-01  3.05452863e-02
10006  -8.32121235e-01  2.75303181e-02
10007  -8.46193974e-01  2.45287325e-02
10008  -8.60270102e-01  2.15354710e-02
10009  -8.74353104e-01  1.85697062e-02
10010  -8.88439038e-01  1.56221574e-02
10011  -9.02531200e-01  1.26939470e-02
10012  -9.16633268e-01  9.80288658e-03
10013  -9.30742846e-01  6.95169276e-03
10014  -9.44859606e-01  4.13259320e-03
10015  -9.58664220e-01  1.44056263e-03
10016  -2.98072999e-01  1.23799596e-01
10017  -2.98071603e-01  1.09906533e-01
10018  -2.98070206e-01  9.60134698e-02
10019  -2.98068810e-01  8.21204066e-02
10020  -2.98067413e-01  6.82273435e-02
10021  -2.98066017e-01  5.43342803e-02
10022  -2.98064620e-01  4.04412171e-02
10023  -2.98063224e-01  2.65481539e-02
10024  -2.98061827e-01  1.26550907e-02
10025  -2.98060431e-01  -1.23797249e-03
10026  -2.98059035e-01  -1.51310356e-02
10027  -2.98057638e-01  -2.90240988e-02
10028  -2.98056242e-01  -4.29171620e-02
10029  -2.98054845e-01  -5.68102251e-02
10030  -2.98053449e-01  -7.07032883e-02
10031  1.44044428e-01  1.11477790e-01
10032  1.44029632e-01  9.65877945e-02
10033  1.44014835e-01  8.16977994e-02
10034  1.44000038e-01  6.68078044e-02
10035  1.43985242e-01  5.19178094e-02
10036  1.43970445e-01  3.70278142e-02
10037  1.43955648e-01  2.21378193e-02
10038  1.43940852e-01  7.24782423e-03
10039  1.43926055e-01  -7.64217090e-03
10040  1.43911258e-01  -2.25321660e-02
10041  1.43896461e-01  -3.74221610e-02
10042  1.43881665e-01  -5.23121560e-02
10043  1.43866868e-01  -6.72021512e-02
