1  2536  2535  1  2  0  0  0  0
270  5070  5069  2535  2536  0  0  0  0
539  7604  7603  5069  5070  0  0  0  0
808  10138  10137  7603  7604  0  0  0  0
2  2537  2536  2  3  0  0  0  0
271  5071  5070  2536  2537  0  0  0  0
540  7605  7604  5070  5071  0  0  0  0
809  10139  10138  7604  7605  0  0  0  0
3  2538  2537  3  4  0  0  0  0
272  5072  5071  2537  2538  0  0  0  0
541  7606  7605  5071  5072  0  0  0  0
810  10140  10139  7605  7606  0  0  0  0
4  2539  2538  4  5  0  0  0  0
273  5073  5072  2538  2539  0  0  0  0
542  7607  7606  5072  5073  0  0  0  0
811  10141  10140  7606  7607  0  0  0  0
5  2540  2539  5  6  0  0  0  0
274  5074  5073  2539  2540  0  0  0  0
543  7608  7607  5073  5074  0  0  0  0
812  10142  10141  7607  7608  0  0  0  0
6  2541  2540  6  7  0  0  0  0
275  5075  5074  2540  2541  0  0  0  0
544  7609  7608  5074  5075  0  0  0  0
813  10143  10142  7608  7609  0  0  0  0
7  2542  2541  7  8  0  0  0  0
276  5076  5075  2541  2542  0  0  0  0
545  7610  7609  5075  5076  0  0  0  0
814  10144  10143  7609  7610  0  0  0  0
8  2543  2542  8  9  0  0  0  0
277  5077  5076  2542  2543  0  0  0  0
546  7611  7610  5076  5077  0  0  0  0
815  10145  10144  7610  7611  0  0  0  0
9  2544  2543  9  10  0  0  0  0
278  5078  5077  2543  2544  0  0  0  0
547  7612  7611  5077  5078  0  0  0  0
816  10146  10145  7611  7612  0  0  0  0
10  2545  2544  10  11  0  0  0  0
279  5079  5078  2544  2545  0  0  0  0
548  7613  7612  5078  5079  0  0  0  0
817  10147  10146  7612  7613  0  0  0  0
11  2546  2545  11  12  0  0  0  0
280  5080  5079  2545  2546  0  0  0  0
549  7614  7613  5079  5080  0  0  0  0
818  10148  10147  7613  7614  0  0  0  0
12  2547  2546  12  13  0  0  0  0
281  5081  5080  2546  2547  0  0  0  0
550  7615  7614  5080  5081  0  0  0  0
819  10149  10148  7614  7615  0  0  0  0
13  2548  2547  13  14  0  0  0  0
282  5082  5081  2547  2548  0  0  0  0
551  7616  7615  5081  5082  0  0  0  0
820  10150  10149  7615  7616  0  0  0  0
14  2549  2548  14  15  0  0  0  0
283  5083  5082  2548  2549  0  0  0  0
552  7617  7616  5082  5083  0  0  0  0
821  10151  10150  7616  7617  0  0  0  0
15  2550  2549  15  16  0  0  0  0
284  5084  5083  2549  2550  0  0  0  0
553  7618  7617  5083  5084  0  0  0  0
822  10152  10151  7617  7618  0  0  0  0
16  2551  2550  16  17  0  0  0  0
285  5085  5084  2550  2551  0  0  0  0
554  7619  7618  5084  5085  0  0  0  0
823  10153  10152  7618  7619  0  0  0  0
17  2552  2551  17  18  0  0  0  0
286  5086  5085  2551  2552  0  0  0  0
555  7620  7619  5085  5086  0  0  0  0
824  10154  10153  7619  7620  0  0  0  0
18  2553  2552  18  19  0  0  0  0
287  5087  5086  2552  2553  0  0  0  0
556  7621  7620  5086  5087  0  0  0  0
825  10155  10154  7620  7621  0  0  0  0
19  2554  2553  19  20  0  0  0  0
288  5088  5087  2553  2554  0  0  0  0
557  7622  7621  5087  5088  0  0  0  0
826  10156  10155  7621  7622  0  0  0  0
20  2555  2554  20  21  0  0  0  0
289  5089  5088  2554  2555  0  0  0  0
558  7623  7622  5088  5089  0  0  0  0
827  10157  10156  7622  7623  0  0  0  0
21  2556  2555  21  22  0  0  0  0
290  5090  5089  2555  2556  0  0  0  0
559  7624  7623  5089  5090  0  0  0  0
828  10158  10157  7623  7624  0  0  0  0
22  2557  2556  22  23  0  0  0  0
291  5091  5090  2556  2557  0  0  0  0
560  7625  7624  5090  5091  0  0  0  0
829  10159  10158  7624  7625  0  0  0  0
23  2558  2557  23  24  0  0  0  0
292  5092  5091  2557  2558  0  0  0  0
561  7626  7625  5091  5092  0  0  0  0
830  10160  10159  7625  7626  0  0  0  0
24  2559  2558  24  25  0  0  0  0
293  5093  5092  2558  2559  0  0  0  0
562  7627  7626  5092  5093  0  0  0  0
831  10161  10160  7626  7627  0  0  0  0
25  2560  2559  25  26  0  0  0  0
294  5094  5093  2559  2560  0  0  0  0
563  7628  7627  5093  5094  0  0  0  0
832  10162  10161  7627  7628  0  0  0  0
26  2561  2560  26  27  0  0  0  0
295  5095  5094  2560  2561  0  0  0  0
564  7629  7628  5094  5095  0  0  0  0
833  10163  10162  7628  7629  0  0  0  0
27  2562  2561  27  28  0  0  0  0
296  5096  5095  2561  2562  0  0  0  0
565  7630  7629  5095  5096  0  0  0  0
834  10164  10163  7629  7630  0  0  0  0
28  2563  2562  28  29  0  0  0  0
297  5097  5096  2562  2563  0  0  0  0
566  7631  7630  5096  5097  0  0  0  0
835  10165  10164  7630  7631  0  0  0  0
29  2564  2563  29  30  0  0  0  0
298  5098  5097  2563  2564  0  0  0  0
567  7632  7631  5097  5098  0  0  0  0
836  10166  10165  7631  7632  0  0  0  0
30  2565  2564  30  31  0  0  0  0
299  5099  5098  2564  2565  0  0  0  0
568  7633  7632  5098  5099  0  0  0  0
837  10167  10166  7632  7633  0  0  0  0
31  2566  2565  31  32  0  0  0  0
300  5100  5099  2565  2566  0  0  0  0
569  7634  7633  5099  5100  0  0  0  0
838  10168  10167  7633  7634  0  0  0  0
32  2567  2566  32  33  0  0  0  0
301  5101  5100  2566  2567  0  0  0  0
570  7635  7634  5100  5101  0  0  0  0
839  10169  10168  7634  7635  0  0  0  0
33  2568  2567  33  34  0  0  0  0
302  5102  5101  2567  2568  0  0  0  0
571  7636  7635  5101  5102  0  0  0  0
840  10170  10169  7635  7636  0  0  0  0
34  2569  2568  34  35  0  0  0  0
303  5103  5102  2568  2569  0  0  0  0
572  7637  7636  5102  5103  0  0  0  0
841  10171  10170  7636  7637  0  0  0  0
35  2570  2569  35  36  0  0  0  0
304  5104  5103  2569  2570  0  0  0  0
573  7638  7637  5103  5104  0  0  0  0
842  10172  10171  7637  7638  0  0  0  0
36  2571  2570  36  37  0  0  0  0
305  5105  5104  2570  2571  0  0  0  0
574  7639  7638  5104  5105  0  0  0  0
843  10173  10172  7638  7639  0  0  0  0
37  2572  2571  37  38  0  0  0  0
306  5106  5105  2571  2572  0  0  0  0
575  7640  7639  5105  5106  0  0  0  0
844  10174  10173  7639  7640  0  0  0  0
38  2573  2572  38  39  0  0  0  0
307  5107  5106  2572  2573  0  0  0  0
576  7641  7640  5106  5107  0  0  0  0
845  10175  10174  7640  7641  0  0  0  0
39  2574  2573  39  40  0  0  0  0
308  5108  5107  2573  2574  0  0  0  0
577  7642  7641  5107  5108  0  0  0  0
846  10176  10175  7641  7642  0  0  0  0
40  2575  2574  40  41  0  0  0  0
309  5109  5108  2574  2575  0  0  0  0
578  7643  7642  5108  5109  0  0  0  0
847  10177  10176  7642  7643  0  0  0  0
41  2576  2575  41  42  0  0  0  0
310  5110  5109  2575  2576  0  0  0  0
579  7644  7643  5109  5110  0  0  0  0
848  10178  10177  7643  7644  0  0  0  0
42  2577  2576  42  43  0  0  0  0
311  5111  5110  2576  2577  0  0  0  0
580  7645  7644  5110  5111  0  0  0  0
849  10179  10178  7644  7645  0  0  0  0
43  2578  2577  43  44  0  0  0  0
312  5112  5111  2577  2578  0  0  0  0
581  7646  7645  5111  5112  0  0  0  0
850  10180  10179  7645  7646  0  0  0  0
44  2579  2578  44  45  0  0  0  0
313  5113  5112  2578  2579  0  0  0  0
582  7647  7646  5112  5113  0  0  0  0
851  10181  10180  7646  7647  0  0  0  0
45  2580  2579  45  46  0  0  0  0
314  5114  5113  2579  2580  0  0  0  0
583  7648  7647  5113  5114  0  0  0  0
852  10182  10181  7647  7648  0  0  0  0
46  2581  2580  46  47  0  0  0  0
315  5115  5114  2580  2581  0  0  0  0
584  7649  7648  5114  5115  0  0  0  0
853  10183  10182  7648  7649  0  0  0  0
47  2582  2581  47  48  0  0  0  0
316  5116  5115  2581  2582  0  0  0  0
585  7650  7649  5115  5116  0  0  0  0
854  10184  10183  7649  7650  0  0  0  0
48  2583  2582  48  49  0  0  0  0
317  5117  5116  2582  2583  0  0  0  0
586  7651  7650  5116  5117  0  0  0  0
855  10185  10184  7650  7651  0  0  0  0
49  2584  2583  49  50  0  0  0  0
318  5118  5117  2583  2584  0  0  0  0
587  7652  7651  5117  5118  0  0  0  0
856  10186  10185  7651  7652  0  0  0  0
50  2585  2584  50  51  0  0  0  0
319  5119  5118  2584  2585  0  0  0  0
588  7653  7652  5118  5119  0  0  0  0
857  10187  10186  7652  7653  0  0  0  0
51  2586  2585  51  52  0  0  0  0
320  5120  5119  2585  2586  0  0  0  0
589  7654  7653  5119  5120  0  0  0  0
858  10188  10187  7653  7654  0  0  0  0
52  2587  2586  52  53  0  0  0  0
321  5121  5120  2586  2587  0  0  0  0
590  7655  7654  5120  5121  0  0  0  0
859  10189  10188  7654  7655  0  0  0  0
53  2588  2587  53  54  0  0  0  0
322  5122  5121  2587  2588  0  0  0  0
591  7656  7655  5121  5122  0  0  0  0
860  10190  10189  7655  7656  0  0  0  0
54  2589  2588  54  55  0  0  0  0
323  5123  5122  2588  2589  0  0  0  0
592  7657  7656  5122  5123  0  0  0  0
861  10191  10190  7656  7657  0  0  0  0
55  2590  2589  55  56  0  0  0  0
324  5124  5123  2589  2590  0  0  0  0
593  7658  7657  5123  5124  0  0  0  0
862  10192  10191  7657  7658  0  0  0  0
56  2591  2590  56  57  0  0  0  0
325  5125  5124  2590  2591  0  0  0  0
594  7659  7658  5124  5125  0  0  0  0
863  10193  10192  7658  7659  0  0  0  0
57  2592  2591  57  58  0  0  0  0
326  5126  5125  2591  2592  0  0  0  0
595  7660  7659  5125  5126  0  0  0  0
864  10194  10193  7659  7660  0  0  0  0
58  2593  2592  58  59  0  0  0  0
327  5127  5126  2592  2593  0  0  0  0
596  7661  7660  5126  5127  0  0  0  0
865  10195  10194  7660  7661  0  0  0  0
59  2594  2593  59  60  0  0  0  0
328  5128  5127  2593  2594  0  0  0  0
597  7662  7661  5127  5128  0  0  0  0
866  10196  10195  7661  7662  0  0  0  0
60  2595  2594  60  61  0  0  0  0
329  5129  5128  2594  2595  0  0  0  0
598  7663  7662  5128  5129  0  0  0  0
867  10197  10196  7662  7663  0  0  0  0
61  2596  2595  61  62  0  0  0  0
330  5130  5129  2595  2596  0  0  0  0
599  7664  7663  5129  5130  0  0  0  0
868  10198  10197  7663  7664  0  0  0  0
62  2597  2596  62  63  0  0  0  0
331  5131  5130  2596  2597  0  0  0  0
600  7665  7664  5130  5131  0  0  0  0
869  10199  10198  7664  7665  0  0  0  0
63  2598  2597  63  64  0  0  0  0
332  5132  5131  2597  2598  0  0  0  0
601  7666  7665  5131  5132  0  0  0  0
870  10200  10199  7665  7666  0  0  0  0
64  2599  2598  64  65  0  0  0  0
333  5133  5132  2598  2599  0  0  0  0
602  7667  7666  5132  5133  0  0  0  0
871  10201  10200  7666  7667  0  0  0  0
65  2600  2599  65  66  0  0  0  0
334  5134  5133  2599  2600  0  0  0  0
603  7668  7667  5133  5134  0  0  0  0
872  10202  10201  7667  7668  0  0  0  0
66  2601  2600  66  67  0  0  0  0
335  5135  5134  2600  2601  0  0  0  0
604  7669  7668  5134  5135  0  0  0  0
873  10203  10202  7668  7669  0  0  0  0
67  2602  2601  67  68  0  0  0  0
336  5136  5135  2601  2602  0  0  0  0
605  7670  7669  5135  5136  0  0  0  0
874  10204  10203  7669  7670  0  0  0  0
68  2603  2602  68  69  0  0  0  0
337  5137  5136  2602  2603  0  0  0  0
606  7671  7670  5136  5137  0  0  0  0
875  10205  10204  7670  7671  0  0  0  0
69  2604  2603  69  70  0  0  0  0
338  5138  5137  2603  2604  0  0  0  0
607  7672  7671  5137  5138  0  0  0  0
876  10206  10205  7671  7672  0  0  0  0
70  2605  2604  70  71  0  0  0  0
339  5139  5138  2604  2605  0  0  0  0
608  7673  7672  5138  5139  0  0  0  0
877  10207  10206  7672  7673  0  0  0  0
71  2606  2605  71  72  0  0  0  0
340  5140  5139  2605  2606  0  0  0  0
609  7674  7673  5139  5140  0  0  0  0
878  10208  10207  7673  7674  0  0  0  0
72  2607  2606  72  73  0  0  0  0
341  5141  5140  2606  2607  0  0  0  0
610  7675  7674  5140  5141  0  0  0  0
879  10209  10208  7674  7675  0  0  0  0
73  2608  2607  73  74  0  0  0  0
342  5142  5141  2607  2608  0  0  0  0
611  7676  7675  5141  5142  0  0  0  0
880  10210  10209  7675  7676  0  0  0  0
74  2609  2608  74  75  0  0  0  0
343  5143  5142  2608  2609  0  0  0  0
612  7677  7676  5142  5143  0  0  0  0
881  10211  10210  7676  7677  0  0  0  0
75  2610  2609  75  76  0  0  0  0
344  5144  5143  2609  2610  0  0  0  0
613  7678  7677  5143  5144  0  0  0  0
882  10212  10211  7677  7678  0  0  0  0
76  2611  2610  76  77  0  0  0  0
345  5145  5144  2610  2611  0  0  0  0
614  7679  7678  5144  5145  0  0  0  0
883  10213  10212  7678  7679  0  0  0  0
77  2612  2611  77  78  0  0  0  0
346  5146  5145  2611  2612  0  0  0  0
615  7680  7679  5145  5146  0  0  0  0
884  10214  10213  7679  7680  0  0  0  0
78  2613  2612  78  79  0  0  0  0
347  5147  5146  2612  2613  0  0  0  0
616  7681  7680  5146  5147  0  0  0  0
885  10215  10214  7680  7681  0  0  0  0
79  2614  2613  79  80  0  0  0  0
348  5148  5147  2613  2614  0  0  0  0
617  7682  7681  5147  5148  0  0  0  0
886  10216  10215  7681  7682  0  0  0  0
80  2615  2614  80  81  0  0  0  0
349  5149  5148  2614  2615  0  0  0  0
618  7683  7682  5148  5149  0  0  0  0
887  10217  10216  7682  7683  0  0  0  0
81  2616  2615  81  82  0  0  0  0
350  5150  5149  2615  2616  0  0  0  0
619  7684  7683  5149  5150  0  0  0  0
888  10218  10217  7683  7684  0  0  0  0
82  2617  2616  82  83  0  0  0  0
351  5151  5150  2616  2617  0  0  0  0
620  7685  7684  5150  5151  0  0  0  0
889  10219  10218  7684  7685  0  0  0  0
83  2618  2617  83  84  0  0  0  0
352  5152  5151  2617  2618  0  0  0  0
621  7686  7685  5151  5152  0  0  0  0
890  10220  10219  7685  7686  0  0  0  0
84  2619  2618  84  85  0  0  0  0
353  5153  5152  2618  2619  0  0  0  0
622  7687  7686  5152  5153  0  0  0  0
891  10221  10220  7686  7687  0  0  0  0
85  2620  2619  85  86  0  0  0  0
354  5154  5153  2619  2620  0  0  0  0
623  7688  7687  5153  5154  0  0  0  0
892  10222  10221  7687  7688  0  0  0  0
86  2621  2620  86  87  0  0  0  0
355  5155  5154  2620  2621  0  0  0  0
624  7689  7688  5154  5155  0  0  0  0
893  10223  10222  7688  7689  0  0  0  0
87  2622  2621  87  88  0  0  0  0
356  5156  5155  2621  2622  0  0  0  0
625  7690  7689  5155  5156  0  0  0  0
894  10224  10223  7689  7690  0  0  0  0
88  2623  2622  88  89  0  0  0  0
357  5157  5156  2622  2623  0  0  0  0
626  7691  7690  5156  5157  0  0  0  0
895  10225  10224  7690  7691  0  0  0  0
89  2624  2623  89  90  0  0  0  0
358  5158  5157  2623  2624  0  0  0  0
627  7692  7691  5157  5158  0  0  0  0
896  10226  10225  7691  7692  0  0  0  0
90  2625  2624  90  91  0  0  0  0
359  5159  5158  2624  2625  0  0  0  0
628  7693  7692  5158  5159  0  0  0  0
897  10227  10226  7692  7693  0  0  0  0
91  2626  2625  91  92  0  0  0  0
360  5160  5159  2625  2626  0  0  0  0
629  7694  7693  5159  5160  0  0  0  0
898  10228  10227  7693  7694  0  0  0  0
92  2627  2626  92  93  0  0  0  0
361  5161  5160  2626  2627  0  0  0  0
630  7695  7694  5160  5161  0  0  0  0
899  10229  10228  7694  7695  0  0  0  0
93  2628  2627  93  94  0  0  0  0
362  5162  5161  2627  2628  0  0  0  0
631  7696  7695  5161  5162  0  0  0  0
900  10230  10229  7695  7696  0  0  0  0
94  2629  2628  94  95  0  0  0  0
363  5163  5162  2628  2629  0  0  0  0
632  7697  7696  5162  5163  0  0  0  0
901  10231  10230  7696  7697  0  0  0  0
95  2630  2629  95  96  0  0  0  0
364  5164  5163  2629  2630  0  0  0  0
633  7698  7697  5163  5164  0  0  0  0
902  10232  10231  7697  7698  0  0  0  0
96  2631  2630  96  97  0  0  0  0
365  5165  5164  2630  2631  0  0  0  0
634  7699  7698  5164  5165  0  0  0  0
903  10233  10232  7698  7699  0  0  0  0
97  2632  2631  97  98  0  0  0  0
366  5166  5165  2631  2632  0  0  0  0
635  7700  7699  5165  5166  0  0  0  0
904  10234  10233  7699  7700  0  0  0  0
98  2633  2632  98  99  0  0  0  0
367  5167  5166  2632  2633  0  0  0  0
636  7701  7700  5166  5167  0  0  0  0
905  10235  10234  7700  7701  0  0  0  0
99  2634  2633  99  100  0  0  0  0
368  5168  5167  2633  2634  0  0  0  0
637  7702  7701  5167  5168  0  0  0  0
906  10236  10235  7701  7702  0  0  0  0
100  2635  2634  100  101  0  0  0  0
369  5169  5168  2634  2635  0  0  0  0
638  7703  7702  5168  5169  0  0  0  0
907  10237  10236  7702  7703  0  0  0  0
101  2636  2635  101  102  0  0  0  0
370  5170  5169  2635  2636  0  0  0  0
639  7704  7703  5169  5170  0  0  0  0
908  10238  10237  7703  7704  0  0  0  0
102  2637  2636  102  103  0  0  0  0
371  5171  5170  2636  2637  0  0  0  0
640  7705  7704  5170  5171  0  0  0  0
909  10239  10238  7704  7705  0  0  0  0
103  2638  2637  103  104  0  0  0  0
372  5172  5171  2637  2638  0  0  0  0
641  7706  7705  5171  5172  0  0  0  0
910  10240  10239  7705  7706  0  0  0  0
104  2639  2638  104  105  0  0  0  0
373  5173  5172  2638  2639  0  0  0  0
642  7707  7706  5172  5173  0  0  0  0
911  10241  10240  7706  7707  0  0  0  0
105  2640  2639  105  106  0  0  0  0
374  5174  5173  2639  2640  0  0  0  0
643  7708  7707  5173  5174  0  0  0  0
912  10242  10241  7707  7708  0  0  0  0
106  2641  2640  106  107  0  0  0  0
375  5175  5174  2640  2641  0  0  0  0
644  7709  7708  5174  5175  0  0  0  0
913  10243  10242  7708  7709  0  0  0  0
107  2642  2641  107  108  0  0  0  0
376  5176  5175  2641  2642  0  0  0  0
645  7710  7709  5175  5176  0  0  0  0
914  10244  10243  7709  7710  0  0  0  0
108  2643  2642  108  109  0  0  0  0
377  5177  5176  2642  2643  0  0  0  0
646  7711  7710  5176  5177  0  0  0  0
915  10245  10244  7710  7711  0  0  0  0
109  2644  2643  109  110  0  0  0  0
378  5178  5177  2643  2644  0  0  0  0
647  7712  7711  5177  5178  0  0  0  0
916  10246  10245  7711  7712  0  0  0  0
110  2645  2644  110  111  0  0  0  0
379  5179  5178  2644  2645  0  0  0  0
648  7713  7712  5178  5179  0  0  0  0
917  10247  10246  7712  7713  0  0  0  0
111  2646  2645  111  112  0  0  0  0
380  5180  5179  2645  2646  0  0  0  0
649  7714  7713  5179  5180  0  0  0  0
918  10248  10247  7713  7714  0  0  0  0
112  2647  2646  112  113  0  0  0  0
381  5181  5180  2646  2647  0  0  0  0
650  7715  7714  5180  5181  0  0  0  0
919  10249  10248  7714  7715  0  0  0  0
113  2648  2647  113  114  0  0  0  0
382  5182  5181  2647  2648  0  0  0  0
651  7716  7715  5181  5182  0  0  0  0
920  10250  10249  7715  7716  0  0  0  0
114  2649  2648  114  115  0  0  0  0
383  5183  5182  2648  2649  0  0  0  0
652  7717  7716  5182  5183  0  0  0  0
921  10251  10250  7716  7717  0  0  0  0
115  2650  2649  115  116  0  0  0  0
384  5184  5183  2649  2650  0  0  0  0
653  7718  7717  5183  5184  0  0  0  0
922  10252  10251  7717  7718  0  0  0  0
116  2651  2650  116  117  0  0  0  0
385  5185  5184  2650  2651  0  0  0  0
654  7719  7718  5184  5185  0  0  0  0
923  10253  10252  7718  7719  0  0  0  0
117  2652  2651  117  118  0  0  0  0
386  5186  5185  2651  2652  0  0  0  0
655  7720  7719  5185  5186  0  0  0  0
924  10254  10253  7719  7720  0  0  0  0
118  2653  2652  118  119  0  0  0  0
387  5187  5186  2652  2653  0  0  0  0
656  7721  7720  5186  5187  0  0  0  0
925  10255  10254  7720  7721  0  0  0  0
119  2654  2653  119  120  0  0  0  0
388  5188  5187  2653  2654  0  0  0  0
657  7722  7721  5187  5188  0  0  0  0
926  10256  10255  7721  7722  0  0  0  0
120  2655  2654  120  121  0  0  0  0
389  5189  5188  2654  2655  0  0  0  0
658  7723  7722  5188  5189  0  0  0  0
927  10257  10256  7722  7723  0  0  0  0
121  2656  2655  121  122  0  0  0  0
390  5190  5189  2655  2656  0  0  0  0
659  7724  7723  5189  5190  0  0  0  0
928  10258  10257  7723  7724  0  0  0  0
122  2657  2656  122  123  0  0  0  0
391  5191  5190  2656  2657  0  0  0  0
660  7725  7724  5190  5191  0  0  0  0
929  10259  10258  7724  7725  0  0  0  0
123  2658  2657  123  124  0  0  0  0
392  5192  5191  2657  2658  0  0  0  0
661  7726  7725  5191  5192  0  0  0  0
930  10260  10259  7725  7726  0  0  0  0
124  2659  2658  124  125  0  0  0  0
393  5193  5192  2658  2659  0  0  0  0
662  7727  7726  5192  5193  0  0  0  0
931  10261  10260  7726  7727  0  0  0  0
125  2660  2659  125  126  0  0  0  0
394  5194  5193  2659  2660  0  0  0  0
663  7728  7727  5193  5194  0  0  0  0
932  10262  10261  7727  7728  0  0  0  0
126  2661  2660  126  127  0  0  0  0
395  5195  5194  2660  2661  0  0  0  0
664  7729  7728  5194  5195  0  0  0  0
933  10263  10262  7728  7729  0  0  0  0
127  2662  2661  127  128  0  0  0  0
396  5196  5195  2661  2662  0  0  0  0
665  7730  7729  5195  5196  0  0  0  0
934  10264  10263  7729  7730  0  0  0  0
128  2663  2662  128  129  0  0  0  0
397  5197  5196  2662  2663  0  0  0  0
666  7731  7730  5196  5197  0  0  0  0
935  10265  10264  7730  7731  0  0  0  0
129  2664  2663  129  130  0  0  0  0
398  5198  5197  2663  2664  0  0  0  0
667  7732  7731  5197  5198  0  0  0  0
936  10266  10265  7731  7732  0  0  0  0
130  2665  2664  130  131  0  0  0  0
399  5199  5198  2664  2665  0  0  0  0
668  7733  7732  5198  5199  0  0  0  0
937  10267  10266  7732  7733  0  0  0  0
131  2666  2665  131  132  0  0  0  0
400  5200  5199  2665  2666  0  0  0  0
669  7734  7733  5199  5200  0  0  0  0
938  10268  10267  7733  7734  0  0  0  0
132  2667  2666  132  133  0  0  0  0
401  5201  5200  2666  2667  0  0  0  0
670  7735  7734  5200  5201  0  0  0  0
939  10269  10268  7734  7735  0  0  0  0
133  2668  2667  133  134  0  0  0  0
402  5202  5201  2667  2668  0  0  0  0
671  7736  7735  5201  5202  0  0  0  0
940  10270  10269  7735  7736  0  0  0  0
134  2669  2668  134  135  0  0  0  0
403  5203  5202  2668  2669  0  0  0  0
672  7737  7736  5202  5203  0  0  0  0
941  10271  10270  7736  7737  0  0  0  0
135  2670  2669  135  136  0  0  0  0
404  5204  5203  2669  2670  0  0  0  0
673  7738  7737  5203  5204  0  0  0  0
942  10272  10271  7737  7738  0  0  0  0
136  2671  2670  136  137  0  0  0  0
405  5205  5204  2670  2671  0  0  0  0
674  7739  7738  5204  5205  0  0  0  0
943  10273  10272  7738  7739  0  0  0  0
137  2672  2671  137  138  0  0  0  0
406  5206  5205  2671  2672  0  0  0  0
675  7740  7739  5205  5206  0  0  0  0
944  10274  10273  7739  7740  0  0  0  0
138  2673  2672  138  139  0  0  0  0
407  5207  5206  2672  2673  0  0  0  0
676  7741  7740  5206  5207  0  0  0  0
945  10275  10274  7740  7741  0  0  0  0
139  2674  2673  139  140  0  0  0  0
408  5208  5207  2673  2674  0  0  0  0
677  7742  7741  5207  5208  0  0  0  0
946  10276  10275  7741  7742  0  0  0  0
140  2675  2674  140  141  0  0  0  0
409  5209  5208  2674  2675  0  0  0  0
678  7743  7742  5208  5209  0  0  0  0
947  10277  10276  7742  7743  0  0  0  0
141  2676  2675  141  142  0  0  0  0
410  5210  5209  2675  2676  0  0  0  0
679  7744  7743  5209  5210  0  0  0  0
948  10278  10277  7743  7744  0  0  0  0
142  2677  2676  142  143  0  0  0  0
411  5211  5210  2676  2677  0  0  0  0
680  7745  7744  5210  5211  0  0  0  0
949  10279  10278  7744  7745  0  0  0  0
143  2678  2677  143  144  0  0  0  0
412  5212  5211  2677  2678  0  0  0  0
681  7746  7745  5211  5212  0  0  0  0
950  10280  10279  7745  7746  0  0  0  0
144  2679  2678  144  145  0  0  0  0
413  5213  5212  2678  2679  0  0  0  0
682  7747  7746  5212  5213  0  0  0  0
951  10281  10280  7746  7747  0  0  0  0
145  2680  2679  145  146  0  0  0  0
414  5214  5213  2679  2680  0  0  0  0
683  7748  7747  5213  5214  0  0  0  0
952  10282  10281  7747  7748  0  0  0  0
146  2681  2680  146  147  0  0  0  0
415  5215  5214  2680  2681  0  0  0  0
684  7749  7748  5214  5215  0  0  0  0
953  10283  10282  7748  7749  0  0  0  0
147  2682  2681  147  148  0  0  0  0
416  5216  5215  2681  2682  0  0  0  0
685  7750  7749  5215  5216  0  0  0  0
954  10284  10283  7749  7750  0  0  0  0
148  2683  2682  148  149  0  0  0  0
417  5217  5216  2682  2683  0  0  0  0
686  7751  7750  5216  5217  0  0  0  0
955  10285  10284  7750  7751  0  0  0  0
149  2684  2683  149  150  0  0  0  0
418  5218  5217  2683  2684  0  0  0  0
687  7752  7751  5217  5218  0  0  0  0
956  10286  10285  7751  7752  0  0  0  0
150  2685  2684  150  151  0  0  0  0
419  5219  5218  2684  2685  0  0  0  0
688  7753  7752  5218  5219  0  0  0  0
957  10287  10286  7752  7753  0  0  0  0
151  2686  2685  151  152  0  0  0  0
420  5220  5219  2685  2686  0  0  0  0
689  7754  7753  5219  5220  0  0  0  0
958  10288  10287  7753  7754  0  0  0  0
152  2687  2686  152  153  0  0  0  0
421  5221  5220  2686  2687  0  0  0  0
690  7755  7754  5220  5221  0  0  0  0
959  10289  10288  7754  7755  0  0  0  0
153  2688  2687  153  154  0  0  0  0
422  5222  5221  2687  2688  0  0  0  0
691  7756  7755  5221  5222  0  0  0  0
960  10290  10289  7755  7756  0  0  0  0
154  2689  2688  154  155  0  0  0  0
423  5223  5222  2688  2689  0  0  0  0
692  7757  7756  5222  5223  0  0  0  0
961  10291  10290  7756  7757  0  0  0  0
155  2690  2689  155  156  0  0  0  0
424  5224  5223  2689  2690  0  0  0  0
693  7758  7757  5223  5224  0  0  0  0
962  10292  10291  7757  7758  0  0  0  0
156  2691  2690  156  157  0  0  0  0
425  5225  5224  2690  2691  0  0  0  0
694  7759  7758  5224  5225  0  0  0  0
963  10293  10292  7758  7759  0  0  0  0
157  2692  2691  157  158  0  0  0  0
426  5226  5225  2691  2692  0  0  0  0
695  7760  7759  5225  5226  0  0  0  0
964  10294  10293  7759  7760  0  0  0  0
158  2693  2692  158  159  0  0  0  0
427  5227  5226  2692  2693  0  0  0  0
696  7761  7760  5226  5227  0  0  0  0
965  10295  10294  7760  7761  0  0  0  0
159  2694  2693  159  160  0  0  0  0
428  5228  5227  2693  2694  0  0  0  0
697  7762  7761  5227  5228  0  0  0  0
966  10296  10295  7761  7762  0  0  0  0
160  2695  2694  160  161  0  0  0  0
429  5229  5228  2694  2695  0  0  0  0
698  7763  7762  5228  5229  0  0  0  0
967  10297  10296  7762  7763  0  0  0  0
161  2696  2695  161  162  0  0  0  0
430  5230  5229  2695  2696  0  0  0  0
699  7764  7763  5229  5230  0  0  0  0
968  10298  10297  7763  7764  0  0  0  0
162  2697  2696  162  163  0  0  0  0
431  5231  5230  2696  2697  0  0  0  0
700  7765  7764  5230  5231  0  0  0  0
969  10299  10298  7764  7765  0  0  0  0
163  2698  2697  163  164  0  0  0  0
432  5232  5231  2697  2698  0  0  0  0
701  7766  7765  5231  5232  0  0  0  0
970  10300  10299  7765  7766  0  0  0  0
164  2699  2698  164  165  0  0  0  0
433  5233  5232  2698  2699  0  0  0  0
702  7767  7766  5232  5233  0  0  0  0
971  10301  10300  7766  7767  0  0  0  0
165  2700  2699  165  166  0  0  0  0
434  5234  5233  2699  2700  0  0  0  0
703  7768  7767  5233  5234  0  0  0  0
972  10302  10301  7767  7768  0  0  0  0
166  2701  2700  166  167  0  0  0  0
435  5235  5234  2700  2701  0  0  0  0
704  7769  7768  5234  5235  0  0  0  0
973  10303  10302  7768  7769  0  0  0  0
167  2702  2701  167  168  0  0  0  0
436  5236  5235  2701  2702  0  0  0  0
705  7770  7769  5235  5236  0  0  0  0
974  10304  10303  7769  7770  0  0  0  0
168  2703  2702  168  169  0  0  0  0
437  5237  5236  2702  2703  0  0  0  0
706  7771  7770  5236  5237  0  0  0  0
975  10305  10304  7770  7771  0  0  0  0
169  2704  2703  169  170  0  0  0  0
438  5238  5237  2703  2704  0  0  0  0
707  7772  7771  5237  5238  0  0  0  0
976  10306  10305  7771  7772  0  0  0  0
170  2705  2704  170  171  0  0  0  0
439  5239  5238  2704  2705  0  0  0  0
708  7773  7772  5238  5239  0  0  0  0
977  10307  10306  7772  7773  0  0  0  0
171  2706  2705  171  172  0  0  0  0
440  5240  5239  2705  2706  0  0  0  0
709  7774  7773  5239  5240  0  0  0  0
978  10308  10307  7773  7774  0  0  0  0
172  2707  2706  172  173  0  0  0  0
441  5241  5240  2706  2707  0  0  0  0
710  7775  7774  5240  5241  0  0  0  0
979  10309  10308  7774  7775  0  0  0  0
173  2708  2707  173  174  0  0  0  0
442  5242  5241  2707  2708  0  0  0  0
711  7776  7775  5241  5242  0  0  0  0
980  10310  10309  7775  7776  0  0  0  0
174  2709  2708  174  175  0  0  0  0
443  5243  5242  2708  2709  0  0  0  0
712  7777  7776  5242  5243  0  0  0  0
981  10311  10310  7776  7777  0  0  0  0
175  2710  2709  175  176  0  0  0  0
444  5244  5243  2709  2710  0  0  0  0
713  7778  7777  5243  5244  0  0  0  0
982  10312  10311  7777  7778  0  0  0  0
176  2711  2710  176  177  0  0  0  0
445  5245  5244  2710  2711  0  0  0  0
714  7779  7778  5244  5245  0  0  0  0
983  10313  10312  7778  7779  0  0  0  0
177  2712  2711  177  178  0  0  0  0
446  5246  5245  2711  2712  0  0  0  0
715  7780  7779  5245  5246  0  0  0  0
984  10314  10313  7779  7780  0  0  0  0
178  2713  2712  178  179  0  0  0  0
447  5247  5246  2712  2713  0  0  0  0
716  7781  7780  5246  5247  0  0  0  0
985  10315  10314  7780  7781  0  0  0  0
179  2714  2713  179  180  0  0  0  0
448  5248  5247  2713  2714  0  0  0  0
717  7782  7781  5247  5248  0  0  0  0
986  10316  10315  7781  7782  0  0  0  0
180  2715  2714  180  181  0  0  0  0
449  5249  5248  2714  2715  0  0  0  0
718  7783  7782  5248  5249  0  0  0  0
987  10317  10316  7782  7783  0  0  0  0
181  2716  2715  181  182  0  0  0  0
450  5250  5249  2715  2716  0  0  0  0
719  7784  7783  5249  5250  0  0  0  0
988  10318  10317  7783  7784  0  0  0  0
182  2717  2716  182  183  0  0  0  0
451  5251  5250  2716  2717  0  0  0  0
720  7785  7784  5250  5251  0  0  0  0
989  10319  10318  7784  7785  0  0  0  0
183  2718  2717  183  184  0  0  0  0
452  5252  5251  2717  2718  0  0  0  0
721  7786  7785  5251  5252  0  0  0  0
990  10320  10319  7785  7786  0  0  0  0
184  2719  2718  184  185  0  0  0  0
453  5253  5252  2718  2719  0  0  0  0
722  7787  7786  5252  5253  0  0  0  0
991  10321  10320  7786  7787  0  0  0  0
185  2720  2719  185  186  0  0  0  0
454  5254  5253  2719  2720  0  0  0  0
723  7788  7787  5253  5254  0  0  0  0
992  10322  10321  7787  7788  0  0  0  0
186  2721  2720  186  187  0  0  0  0
455  5255  5254  2720  2721  0  0  0  0
724  7789  7788  5254  5255  0  0  0  0
993  10323  10322  7788  7789  0  0  0  0
187  2722  2721  187  188  0  0  0  0
456  5256  5255  2721  2722  0  0  0  0
725  7790  7789  5255  5256  0  0  0  0
994  10324  10323  7789  7790  0  0  0  0
188  2723  2722  188  189  0  0  0  0
457  5257  5256  2722  2723  0  0  0  0
726  7791  7790  5256  5257  0  0  0  0
995  10325  10324  7790  7791  0  0  0  0
189  2724  2723  189  190  0  0  0  0
458  5258  5257  2723  2724  0  0  0  0
727  7792  7791  5257  5258  0  0  0  0
996  10326  10325  7791  7792  0  0  0  0
190  2725  2724  190  191  0  0  0  0
459  5259  5258  2724  2725  0  0  0  0
728  7793  7792  5258  5259  0  0  0  0
997  10327  10326  7792  7793  0  0  0  0
191  2726  2725  191  192  0  0  0  0
460  5260  5259  2725  2726  0  0  0  0
729  7794  7793  5259  5260  0  0  0  0
998  10328  10327  7793  7794  0  0  0  0
192  2727  2726  192  193  0  0  0  0
461  5261  5260  2726  2727  0  0  0  0
730  7795  7794  5260  5261  0  0  0  0
999  10329  10328  7794  7795  0  0  0  0
193  2728  2727  193  194  0  0  0  0
462  5262  5261  2727  2728  0  0  0  0
731  7796  7795  5261  5262  0  0  0  0
1000  10330  10329  7795  7796  0  0  0  0
194  2729  2728  194  195  0  0  0  0
463  5263  5262  2728  2729  0  0  0  0
732  7797  7796  5262  5263  0  0  0  0
1001  10331  10330  7796  7797  0  0  0  0
195  2730  2729  195  196  0  0  0  0
464  5264  5263  2729  2730  0  0  0  0
733  7798  7797  5263  5264  0  0  0  0
1002  10332  10331  7797  7798  0  0  0  0
196  2731  2730  196  197  0  0  0  0
465  5265  5264  2730  2731  0  0  0  0
734  7799  7798  5264  5265  0  0  0  0
1003  10333  10332  7798  7799  0  0  0  0
197  2535  2731  197  1  0  0  0  0
466  5069  5265  2731  2535  0  0  0  0
735  7603  7799  5265  5069  0  0  0  0
1004  10137  10333  7799  7603  0  0  0  0
198  2732  2678  144  198  0  0  0  0
467  5266  5212  2678  2732  0  0  0  0
736  7800  7746  5212  5266  0  0  0  0
1005  10334  10280  7746  7800  0  0  0  0
199  2733  2732  198  199  0  0  0  0
468  5267  5266  2732  2733  0  0  0  0
737  7801  7800  5266  5267  0  0  0  0
1006  10335  10334  7800  7801  0  0  0  0
200  2734  2733  199  200  0  0  0  0
469  5268  5267  2733  2734  0  0  0  0
738  7802  7801  5267  5268  0  0  0  0
1007  10336  10335  7801  7802  0  0  0  0
201  2735  2734  200  201  0  0  0  0
470  5269  5268  2734  2735  0  0  0  0
739  7803  7802  5268  5269  0  0  0  0
1008  10337  10336  7802  7803  0  0  0  0
202  2736  2735  201  202  0  0  0  0
471  5270  5269  2735  2736  0  0  0  0
740  7804  7803  5269  5270  0  0  0  0
1009  10338  10337  7803  7804  0  0  0  0
203  2737  2736  202  203  0  0  0  0
472  5271  5270  2736  2737  0  0  0  0
741  7805  7804  5270  5271  0  0  0  0
1010  10339  10338  7804  7805  0  0  0  0
204  2738  2737  203  204  0  0  0  0
473  5272  5271  2737  2738  0  0  0  0
742  7806  7805  5271  5272  0  0  0  0
1011  10340  10339  7805  7806  0  0  0  0
205  2739  2738  204  205  0  0  0  0
474  5273  5272  2738  2739  0  0  0  0
743  7807  7806  5272  5273  0  0  0  0
1012  10341  10340  7806  7807  0  0  0  0
206  2740  2739  205  206  0  0  0  0
475  5274  5273  2739  2740  0  0  0  0
744  7808  7807  5273  5274  0  0  0  0
1013  10342  10341  7807  7808  0  0  0  0
207  2741  2740  206  207  0  0  0  0
476  5275  5274  2740  2741  0  0  0  0
745  7809  7808  5274  5275  0  0  0  0
1014  10343  10342  7808  7809  0  0  0  0
208  2742  2741  207  208  0  0  0  0
477  5276  5275  2741  2742  0  0  0  0
746  7810  7809  5275  5276  0  0  0  0
1015  10344  10343  7809  7810  0  0  0  0
209  2743  2742  208  209  0  0  0  0
478  5277  5276  2742  2743  0  0  0  0
747  7811  7810  5276  5277  0  0  0  0
1016  10345  10344  7810  7811  0  0  0  0
210  2744  2743  209  210  0  0  0  0
479  5278  5277  2743  2744  0  0  0  0
748  7812  7811  5277  5278  0  0  0  0
1017  10346  10345  7811  7812  0  0  0  0
211  2745  2744  210  211  0  0  0  0
480  5279  5278  2744  2745  0  0  0  0
749  7813  7812  5278  5279  0  0  0  0
1018  10347  10346  7812  7813  0  0  0  0
212  2746  2745  211  212  0  0  0  0
481  5280  5279  2745  2746  0  0  0  0
750  7814  7813  5279  5280  0  0  0  0
1019  10348  10347  7813  7814  0  0  0  0
213  2747  2746  212  213  0  0  0  0
482  5281  5280  2746  2747  0  0  0  0
751  7815  7814  5280  5281  0  0  0  0
1020  10349  10348  7814  7815  0  0  0  0
214  2748  2747  213  214  0  0  0  0
483  5282  5281  2747  2748  0  0  0  0
752  7816  7815  5281  5282  0  0  0  0
1021  10350  10349  7815  7816  0  0  0  0
215  2749  2748  214  215  0  0  0  0
484  5283  5282  2748  2749  0  0  0  0
753  7817  7816  5282  5283  0  0  0  0
1022  10351  10350  7816  7817  0  0  0  0
216  2750  2749  215  216  0  0  0  0
485  5284  5283  2749  2750  0  0  0  0
754  7818  7817  5283  5284  0  0  0  0
1023  10352  10351  7817  7818  0  0  0  0
217  2751  2750  216  217  0  0  0  0
486  5285  5284  2750  2751  0  0  0  0
755  7819  7818  5284  5285  0  0  0  0
1024  10353  10352  7818  7819  0  0  0  0
218  2752  2751  217  218  0  0  0  0
487  5286  5285  2751  2752  0  0  0  0
756  7820  7819  5285  5286  0  0  0  0
1025  10354  10353  7819  7820  0  0  0  0
219  2753  2752  218  219  0  0  0  0
488  5287  5286  2752  2753  0  0  0  0
757  7821  7820  5286  5287  0  0  0  0
1026  10355  10354  7820  7821  0  0  0  0
220  2754  2753  219  220  0  0  0  0
489  5288  5287  2753  2754  0  0  0  0
758  7822  7821  5287  5288  0  0  0  0
1027  10356  10355  7821  7822  0  0  0  0
221  2755  2754  220  221  0  0  0  0
490  5289  5288  2754  2755  0  0  0  0
759  7823  7822  5288  5289  0  0  0  0
1028  10357  10356  7822  7823  0  0  0  0
222  2756  2755  221  222  0  0  0  0
491  5290  5289  2755  2756  0  0  0  0
760  7824  7823  5289  5290  0  0  0  0
1029  10358  10357  7823  7824  0  0  0  0
223  2757  2756  222  223  0  0  0  0
492  5291  5290  2756  2757  0  0  0  0
761  7825  7824  5290  5291  0  0  0  0
1030  10359  10358  7824  7825  0  0  0  0
224  2758  2757  223  224  0  0  0  0
493  5292  5291  2757  2758  0  0  0  0
762  7826  7825  5291  5292  0  0  0  0
1031  10360  10359  7825  7826  0  0  0  0
225  2759  2758  224  225  0  0  0  0
494  5293  5292  2758  2759  0  0  0  0
763  7827  7826  5292  5293  0  0  0  0
1032  10361  10360  7826  7827  0  0  0  0
226  2760  2759  225  226  0  0  0  0
495  5294  5293  2759  2760  0  0  0  0
764  7828  7827  5293  5294  0  0  0  0
1033  10362  10361  7827  7828  0  0  0  0
227  2761  2760  226  227  0  0  0  0
496  5295  5294  2760  2761  0  0  0  0
765  7829  7828  5294  5295  0  0  0  0
1034  10363  10362  7828  7829  0  0  0  0
228  2762  2761  227  228  0  0  0  0
497  5296  5295  2761  2762  0  0  0  0
766  7830  7829  5295  5296  0  0  0  0
1035  10364  10363  7829  7830  0  0  0  0
229  2763  2762  228  229  0  0  0  0
498  5297  5296  2762  2763  0  0  0  0
767  7831  7830  5296  5297  0  0  0  0
1036  10365  10364  7830  7831  0  0  0  0
230  2764  2763  229  230  0  0  0  0
499  5298  5297  2763  2764  0  0  0  0
768  7832  7831  5297  5298  0  0  0  0
1037  10366  10365  7831  7832  0  0  0  0
231  2765  2764  230  231  0  0  0  0
500  5299  5298  2764  2765  0  0  0  0
769  7833  7832  5298  5299  0  0  0  0
1038  10367  10366  7832  7833  0  0  0  0
232  2766  2765  231  232  0  0  0  0
501  5300  5299  2765  2766  0  0  0  0
770  7834  7833  5299  5300  0  0  0  0
1039  10368  10367  7833  7834  0  0  0  0
233  2589  2766  232  55  0  0  0  0
502  5123  5300  2766  2589  0  0  0  0
771  7657  7834  5300  5123  0  0  0  0
1040  10191  10368  7834  7657  0  0  0  0
234  2767  2666  132  233  0  0  0  0
503  5301  5200  2666  2767  0  0  0  0
772  7835  7734  5200  5301  0  0  0  0
1041  10369  10268  7734  7835  0  0  0  0
235  2768  2767  233  234  0  0  0  0
504  5302  5301  2767  2768  0  0  0  0
773  7836  7835  5301  5302  0  0  0  0
1042  10370  10369  7835  7836  0  0  0  0
236  2769  2768  234  235  0  0  0  0
505  5303  5302  2768  2769  0  0  0  0
774  7837  7836  5302  5303  0  0  0  0
1043  10371  10370  7836  7837  0  0  0  0
237  2770  2769  235  236  0  0  0  0
506  5304  5303  2769  2770  0  0  0  0
775  7838  7837  5303  5304  0  0  0  0
1044  10372  10371  7837  7838  0  0  0  0
238  2771  2770  236  237  0  0  0  0
507  5305  5304  2770  2771  0  0  0  0
776  7839  7838  5304  5305  0  0  0  0
1045  10373  10372  7838  7839  0  0  0  0
239  2772  2771  237  238  0  0  0  0
508  5306  5305  2771  2772  0  0  0  0
777  7840  7839  5305  5306  0  0  0  0
1046  10374  10373  7839  7840  0  0  0  0
240  2773  2772  238  239  0  0  0  0
509  5307  5306  2772  2773  0  0  0  0
778  7841  7840  5306  5307  0  0  0  0
1047  10375  10374  7840  7841  0  0  0  0
241  2774  2773  239  240  0  0  0  0
510  5308  5307  2773  2774  0  0  0  0
779  7842  7841  5307  5308  0  0  0  0
1048  10376  10375  7841  7842  0  0  0  0
242  2775  2774  240  241  0  0  0  0
511  5309  5308  2774  2775  0  0  0  0
780  7843  7842  5308  5309  0  0  0  0
1049  10377  10376  7842  7843  0  0  0  0
243  2776  2775  241  242  0  0  0  0
512  5310  5309  2775  2776  0  0  0  0
781  7844  7843  5309  5310  0  0  0  0
1050  10378  10377  7843  7844  0  0  0  0
244  2777  2776  242  243  0  0  0  0
513  5311  5310  2776  2777  0  0  0  0
782  7845  7844  5310  5311  0  0  0  0
1051  10379  10378  7844  7845  0  0  0  0
245  2778  2777  243  244  0  0  0  0
514  5312  5311  2777  2778  0  0  0  0
783  7846  7845  5311  5312  0  0  0  0
1052  10380  10379  7845  7846  0  0  0  0
246  2779  2778  244  245  0  0  0  0
515  5313  5312  2778  2779  0  0  0  0
784  7847  7846  5312  5313  0  0  0  0
1053  10381  10380  7846  7847  0  0  0  0
247  2780  2779  245  246  0  0  0  0
516  5314  5313  2779  2780  0  0  0  0
785  7848  7847  5313  5314  0  0  0  0
1054  10382  10381  7847  7848  0  0  0  0
248  2781  2780  246  247  0  0  0  0
517  5315  5314  2780  2781  0  0  0  0
786  7849  7848  5314  5315  0  0  0  0
1055  10383  10382  7848  7849  0  0  0  0
249  2782  2781  247  248  0  0  0  0
518  5316  5315  2781  2782  0  0  0  0
787  7850  7849  5315  5316  0  0  0  0
1056  10384  10383  7849  7850  0  0  0  0
250  2783  2782  248  249  0  0  0  0
519  5317  5316  2782  2783  0  0  0  0
788  7851  7850  5316  5317  0  0  0  0
1057  10385  10384  7850  7851  0  0  0  0
251  2784  2783  249  250  0  0  0  0
520  5318  5317  2783  2784  0  0  0  0
789  7852  7851  5317  5318  0  0  0  0
1058  10386  10385  7851  7852  0  0  0  0
252  2785  2784  250  251  0  0  0  0
521  5319  5318  2784  2785  0  0  0  0
790  7853  7852  5318  5319  0  0  0  0
1059  10387  10386  7852  7853  0  0  0  0
253  2786  2785  251  252  0  0  0  0
522  5320  5319  2785  2786  0  0  0  0
791  7854  7853  5319  5320  0  0  0  0
1060  10388  10387  7853  7854  0  0  0  0
254  2787  2786  252  253  0  0  0  0
523  5321  5320  2786  2787  0  0  0  0
792  7855  7854  5320  5321  0  0  0  0
1061  10389  10388  7854  7855  0  0  0  0
255  2788  2787  253  254  0  0  0  0
524  5322  5321  2787  2788  0  0  0  0
793  7856  7855  5321  5322  0  0  0  0
1062  10390  10389  7855  7856  0  0  0  0
256  2789  2788  254  255  0  0  0  0
525  5323  5322  2788  2789  0  0  0  0
794  7857  7856  5322  5323  0  0  0  0
1063  10391  10390  7856  7857  0  0  0  0
257  2790  2789  255  256  0  0  0  0
526  5324  5323  2789  2790  0  0  0  0
795  7858  7857  5323  5324  0  0  0  0
1064  10392  10391  7857  7858  0  0  0  0
258  2791  2790  256  257  0  0  0  0
527  5325  5324  2790  2791  0  0  0  0
796  7859  7858  5324  5325  0  0  0  0
1065  10393  10392  7858  7859  0  0  0  0
259  2792  2791  257  258  0  0  0  0
528  5326  5325  2791  2792  0  0  0  0
797  7860  7859  5325  5326  0  0  0  0
1066  10394  10393  7859  7860  0  0  0  0
260  2793  2792  258  259  0  0  0  0
529  5327  5326  2792  2793  0  0  0  0
798  7861  7860  5326  5327  0  0  0  0
1067  10395  10394  7860  7861  0  0  0  0
261  2794  2793  259  260  0  0  0  0
530  5328  5327  2793  2794  0  0  0  0
799  7862  7861  5327  5328  0  0  0  0
1068  10396  10395  7861  7862  0  0  0  0
262  2795  2794  260  261  0  0  0  0
531  5329  5328  2794  2795  0  0  0  0
800  7863  7862  5328  5329  0  0  0  0
1069  10397  10396  7862  7863  0  0  0  0
263  2796  2795  261  262  0  0  0  0
532  5330  5329  2795  2796  0  0  0  0
801  7864  7863  5329  5330  0  0  0  0
1070  10398  10397  7863  7864  0  0  0  0
264  2797  2796  262  263  0  0  0  0
533  5331  5330  2796  2797  0  0  0  0
802  7865  7864  5330  5331  0  0  0  0
1071  10399  10398  7864  7865  0  0  0  0
265  2798  2797  263  264  0  0  0  0
534  5332  5331  2797  2798  0  0  0  0
803  7866  7865  5331  5332  0  0  0  0
1072  10400  10399  7865  7866  0  0  0  0
266  2799  2798  264  265  0  0  0  0
535  5333  5332  2798  2799  0  0  0  0
804  7867  7866  5332  5333  0  0  0  0
1073  10401  10400  7866  7867  0  0  0  0
267  2800  2799  265  266  0  0  0  0
536  5334  5333  2799  2800  0  0  0  0
805  7868  7867  5333  5334  0  0  0  0
1074  10402  10401  7867  7868  0  0  0  0
268  2801  2800  266  267  0  0  0  0
537  5335  5334  2800  2801  0  0  0  0
806  7869  7868  5334  5335  0  0  0  0
1075  10403  10402  7868  7869  0  0  0  0
269  2601  2801  267  67  0  0  0  0
538  5135  5335  2801  2601  0  0  0  0
807  7669  7869  5335  5135  0  0  0  0
1076  10203  10403  7869  7669  0  0  0  0
