1  -6.29500000e-01  -9.45469700e-04
2  -6.20503655e-01  -8.55007758e-04
3  -6.11507744e-01  -9.82403428e-04
4  -6.02516628e-01  -1.30432192e-03
5  -5.93532477e-01  -1.78291222e-03
6  -5.84556351e-01  -2.39446198e-03
7  -5.75589187e-01  -3.12607973e-03
8  -5.66630513e-01  -3.95527703e-03
9  -5.57681168e-01  -4.87969212e-03
10  -5.48740008e-01  -5.88047312e-03
11  -5.39806777e-01  -6.94981473e-03
12  -5.30881336e-01  -8.08236682e-03
13  -5.21962500e-01  -9.26580992e-03
14  -5.10571047e-01  -1.08388493e-02
15  -5.01203381e-01  -1.21788786e-02
16  -4.91841054e-01  -1.35557817e-02
17  -4.82482881e-01  -1.49606706e-02
18  -4.73128470e-01  -1.63903954e-02
19  -4.63777309e-01  -1.78412209e-02
20  -4.54428112e-01  -1.93046690e-02
21  -4.45080876e-01  -2.07805828e-02
22  -4.35735024e-01  -2.22652400e-02
23  -4.26389511e-01  -2.37520319e-02
24  -4.17043860e-01  -2.52379582e-02
25  -4.07697921e-01  -2.67220745e-02
26  -3.98351266e-01  -2.82016667e-02
27  -3.89002949e-01  -2.96707258e-02
28  -3.79652716e-01  -3.11275427e-02
29  -3.70300251e-01  -3.25699517e-02
30  -3.60945003e-01  -3.39941574e-02
31  -3.51586750e-01  -3.53984858e-02
32  -3.42225396e-01  -3.67820081e-02
33  -3.32860493e-01  -3.81413290e-02
34  -3.23491147e-01  -3.94696583e-02
35  -3.12100000e-01  -4.10475394e-02
36  -3.02896227e-01  -4.22890859e-02
37  -2.93688695e-01  -4.35024415e-02
38  -2.84476844e-01  -4.46825856e-02
39  -2.75259766e-01  -4.58212353e-02
40  -2.66038327e-01  -4.69238424e-02
41  -2.56812584e-01  -4.79898434e-02
42  -2.47582068e-01  -4.90137415e-02
43  -2.38346677e-01  -4.99928051e-02
44  -2.29106380e-01  -5.09242122e-02
45  -2.19862222e-01  -5.18163943e-02
46  -2.10613982e-01  -5.26655082e-02
47  -2.01361368e-01  -5.34655723e-02
48  -1.92104425e-01  -5.42138018e-02
49  -1.82843922e-01  -5.49160751e-02
50  -1.73579897e-01  -5.55707563e-02
51  -1.64311664e-01  -5.61630991e-02
52  -1.55040298e-01  -5.67038006e-02
53  -1.45766090e-01  -5.71931419e-02
54  -1.36489220e-01  -5.76288293e-02
55  -1.27209445e-01  -5.79986750e-02
56  -1.17927407e-01  -5.83055731e-02
57  -1.08643657e-01  -5.85551085e-02
58  -9.93585687e-02  -5.87488477e-02
59  -9.00725075e-02  -5.88906749e-02
60  -8.07855872e-02  -5.89544171e-02
61  -7.14984783e-02  -5.89697735e-02
62  -6.22114322e-02  -5.89354219e-02
63  -5.29246887e-02  -5.88517670e-02
64  -4.36386232e-02  -5.87107105e-02
65  -3.43534271e-02  -5.85209278e-02
66  -2.50696924e-02  -5.82709143e-02
67  -1.57877891e-02  -5.79602829e-02
68  -6.50817395e-03  -5.75876750e-02
69  2.76887217e-03  -5.71550207e-02
70  1.20429757e-02  -5.66631201e-02
71  2.13128597e-02  -5.60973035e-02
72  3.05782251e-02  -5.54618312e-02
73  3.98386094e-02  -5.47578568e-02
74  4.90931339e-02  -5.39811062e-02
75  5.83408942e-02  -5.31274073e-02
76  6.75808158e-02  -5.21925451e-02
77  7.68118933e-02  -5.11741004e-02
78  8.60320903e-02  -5.00617417e-02
79  9.52393858e-02  -4.88471591e-02
80  1.04432952e-01  -4.75327455e-02
81  1.13610666e-01  -4.61119031e-02
82  1.22769729e-01  -4.45753783e-02
83  1.31907313e-01  -4.29157436e-02
84  1.41020385e-01  -4.11262551e-02
85  1.50100000e-01  -3.91741466e-02
86  1.41096448e-01  -4.11110667e-02
87  1.32320026e-01  -4.28390891e-02
88  1.23262500e-01  -4.44900871e-02
89  1.32365232e-01  -4.28306930e-02
90  1.41442550e-01  -4.10374481e-02
91  1.50487134e-01  -3.90859265e-02
92  1.59495302e-01  -3.69730648e-02
93  1.68458229e-01  -3.46761940e-02
94  1.77357404e-01  -3.21436447e-02
95  1.86186585e-01  -2.93772183e-02
96  1.94908046e-01  -2.62885247e-02
97  2.03486730e-01  -2.28252124e-02
98  2.11843479e-01  -1.88583194e-02
99  2.19800613e-01  -1.41476770e-02
100  2.26861548e-01  -8.20149747e-03
101  2.30800000e-01  0.00000000e+00
102  2.27808472e-01  8.79435899e-03
103  2.22043612e-01  1.61525068e-02
104  2.15204439e-01  2.25429387e-02
105  2.07790850e-01  2.82611824e-02
106  2.00026697e-01  3.34962532e-02
107  1.92020429e-01  3.83545933e-02
108  1.83813230e-01  4.28655020e-02
109  1.75466419e-01  4.71127897e-02
110  1.66986382e-01  5.10876985e-02
111  1.58402562e-01  5.48328400e-02
112  1.49727276e-01  5.83615730e-02
113  1.40973389e-01  6.16909924e-02
114  1.32147811e-01  6.48253106e-02
115  1.23262500e-01  6.77859644e-02
116  1.32357870e-01  6.47542019e-02
117  1.41136361e-01  6.16339134e-02
118  1.50100000e-01  5.82125831e-02
119  1.41153096e-01  6.16281291e-02
120  1.32128203e-01  6.48319481e-02
121  1.23041729e-01  6.78564886e-02
122  1.13900013e-01  7.07095199e-02
123  1.04707929e-01  7.33956709e-02
124  9.54705573e-02  7.59217365e-02
125  8.61922181e-02  7.82928917e-02
126  7.68744392e-02  8.05039806e-02
127  6.75210681e-02  8.25595547e-02
128  5.81376688e-02  8.44735493e-02
129  4.87270727e-02  8.62486989e-02
130  3.92921261e-02  8.78892027e-02
131  2.98354734e-02  8.94001546e-02
132  2.03586842e-02  9.07796506e-02
133  1.08645182e-02  9.20336435e-02
134  1.35323536e-03  9.31510862e-02
135  -8.17045335e-03  9.41573962e-02
136  -1.77069827e-02  9.50327478e-02
137  -2.72546362e-02  9.57771163e-02
138  -3.68107914e-02  9.64012575e-02
139  -4.63737459e-02  9.69133387e-02
140  -5.59420510e-02  9.73127632e-02
141  -6.55148136e-02  9.75885117e-02
142  -7.50900207e-02  9.77557169e-02
143  -8.46665593e-02  9.77796533e-02
144  -9.42415636e-02  9.76391495e-02
145  -1.03812689e-01  9.73165216e-02
146  -1.13374555e-01  9.67842197e-02
147  -1.22926469e-01  9.60959824e-02
148  -1.32467480e-01  9.52719758e-02
149  -1.41998066e-01  9.43350143e-02
150  -1.51517525e-01  9.32892820e-02
151  -1.61026298e-01  9.21503544e-02
152  -1.70524515e-01  9.09265157e-02
153  -1.80013931e-01  8.96367646e-02
154  -1.89494898e-01  8.82859738e-02
155  -1.98966498e-01  8.68707510e-02
156  -2.08429717e-01  8.54005984e-02
157  -2.17885137e-01  8.38811218e-02
158  -2.27333925e-01  8.23209706e-02
159  -2.36776425e-01  8.07230570e-02
160  -2.46210882e-01  7.90783040e-02
161  -2.55639625e-01  7.74011688e-02
162  -2.65062763e-01  7.56928238e-02
163  -2.74480440e-01  7.39546216e-02
164  -2.83892401e-01  7.21856764e-02
165  -2.93298893e-01  7.03878979e-02
166  -3.02701333e-01  6.85690444e-02
167  -3.12100000e-01  6.67307958e-02
168  -3.23496008e-01  6.44729950e-02
169  -3.32870841e-01  6.25973111e-02
170  -3.42240902e-01  6.06979275e-02
171  -3.51608490e-01  5.87863880e-02
172  -3.60972872e-01  5.68592235e-02
173  -3.70334743e-01  5.49198776e-02
174  -3.79694870e-01  5.29721342e-02
175  -3.89052026e-01  5.10101609e-02
176  -3.98406565e-01  4.90357494e-02
177  -4.07760228e-01  4.70571914e-02
178  -4.17112166e-01  4.50705001e-02
179  -4.26462649e-01  4.30769696e-02
180  -4.35811881e-01  4.10775777e-02
181  -4.45160172e-01  3.90737916e-02
182  -4.54508305e-01  3.70692644e-02
183  -4.63855945e-01  3.50624445e-02
184  -4.73202792e-01  3.30519293e-02
185  -4.82549466e-01  3.10406132e-02
186  -4.91896701e-01  2.90319089e-02
187  -5.01245384e-01  2.70299496e-02
188  -5.10594231e-01  2.50287593e-02
189  -5.21962500e-01  2.26055534e-02
190  -5.30905394e-01  2.07091506e-02
191  -5.39850118e-01  1.88213931e-02
192  -5.48797247e-01  1.69450732e-02
193  -5.57746329e-01  1.50780917e-02
194  -5.66699176e-01  1.32292622e-02
195  -5.75655355e-01  1.13966283e-02
196  -5.84615061e-01  9.58132190e-03
197  -5.93580084e-01  7.79246566e-03
198  -6.02550604e-01  6.03139550e-03
199  -6.11526858e-01  4.29978748e-03
200  -6.20510493e-01  2.60688045e-03
201  -3.02719051e-01  5.84910325e-02
202  -3.02736769e-01  4.84130207e-02
203  -3.02754486e-01  3.83350088e-02
204  -3.02772204e-01  2.82569970e-02
205  -3.02789921e-01  1.81789851e-02
206  -3.02807639e-01  8.10097330e-03
207  -3.02825356e-01  -1.97703854e-03
208  -3.02843074e-01  -1.20550504e-02
209  -3.02860792e-01  -2.21330622e-02
210  -3.02878509e-01  -3.22110741e-02
211  1.40112573e-01  5.12388239e-02
212  1.39251757e-01  4.07866554e-02
213  1.38390942e-01  3.03344868e-02
214  1.37530126e-01  1.98823183e-02
215  1.36669310e-01  9.43014973e-03
216  1.35808494e-01  -1.02201881e-03
217  1.34947679e-01  -1.14741874e-02
218  1.34086863e-01  -2.19263559e-02
219  1.33226047e-01  -3.23785244e-02
2439  -6.26805584e-01  -4.18350966e-04
2440  -6.20502629e-01  -3.55008811e-04
2441  -6.11495258e-01  -4.82559353e-04
2442  -6.02494383e-01  -8.04817001e-04
2443  -5.93502184e-01  -1.28383072e-03
2444  -5.84519027e-01  -1.89585698e-03
2445  -5.75545816e-01  -2.62796435e-03
2446  -5.66581784e-01  -3.45765717e-03
2447  -5.57627672e-01  -4.38256219e-03
2448  -5.48682485e-01  -5.38379304e-03
2449  -5.39745593e-01  -6.45357239e-03
2450  -5.30816981e-01  -7.58652566e-03
2451  -5.21895418e-01  -8.77033041e-03
2452  -5.10501447e-01  -1.03437171e-02
2453  -5.01131603e-01  -1.16840575e-02
2454  -4.91767563e-01  -1.30612121e-02
2455  -4.82407994e-01  -1.44663104e-02
2456  -4.73052370e-01  -1.58962206e-02
2457  -4.63700318e-01  -1.73471841e-02
2458  -4.54350458e-01  -1.88107359e-02
2459  -4.45002662e-01  -2.02867381e-02
2460  -4.35656523e-01  -2.17714409e-02
2461  -4.26310976e-01  -2.32582382e-02
2462  -4.16965396e-01  -2.47441532e-02
2463  -4.07619624e-01  -2.62282430e-02
2464  -3.98273367e-01  -2.77077723e-02
2465  -3.88925652e-01  -2.91767368e-02
2466  -3.79576123e-01  -3.06334441e-02
2467  -3.70224519e-01  -3.20757203e-02
2468  -3.60870277e-01  -3.34997729e-02
2469  -3.51513099e-01  -3.49039400e-02
2470  -3.42152934e-01  -3.62872867e-02
2471  -3.32789489e-01  -3.76463962e-02
2472  -3.23421752e-01  -3.89744973e-02
2473  -3.12032277e-01  -4.05521471e-02
2474  -3.02638900e-01  -4.18189719e-02
2475  -2.93624264e-01  -4.30066102e-02
2476  -2.84414424e-01  -4.41864971e-02
2477  -2.75199434e-01  -4.53248886e-02
2478  -2.65979950e-01  -4.64272620e-02
2479  -2.56756326e-01  -4.74930185e-02
2480  -2.47528150e-01  -4.85166571e-02
2481  -2.38295249e-01  -4.94954570e-02
2482  -2.29057291e-01  -5.04266278e-02
2483  -2.19815348e-01  -5.13185963e-02
2484  -2.10569588e-01  -5.21674830e-02
2485  -2.01319689e-01  -5.29673124e-02
2486  -1.92065379e-01  -5.37153287e-02
2487  -1.82807394e-01  -5.44174112e-02
2488  -1.73546328e-01  -5.50718844e-02
2489  -1.64281163e-01  -5.56640302e-02
2490  -1.55012570e-01  -5.62045700e-02
2491  -1.45741189e-01  -5.66937623e-02
2492  -1.36467536e-01  -5.71292997e-02
2493  -1.27191228e-01  -5.74990070e-02
2494  -1.17912428e-01  -5.78057975e-02
2495  -1.08631724e-01  -5.80552509e-02
2496  -9.93495356e-02  -5.82489293e-02
2497  -9.00669737e-02  -5.83907055e-02
2498  -8.07834579e-02  -5.84544216e-02
2499  -7.14989896e-02  -5.84697738e-02
2500  -6.22146088e-02  -5.84354320e-02
2501  -5.29307377e-02  -5.83518036e-02
2502  -4.36475291e-02  -5.82107898e-02
2503  -3.43652660e-02  -5.80210680e-02
2504  -2.50847845e-02  -5.77711421e-02
2505  -1.58061814e-02  -5.74606213e-02
2506  -6.52985094e-03  -5.70881451e-02
2507  2.74398399e-03  -5.66556405e-02
2508  1.20145028e-02  -5.61639315e-02
2509  2.12805220e-02  -5.55983503e-02
2510  3.05421683e-02  -5.49631330e-02
2511  3.97987493e-02  -5.42594482e-02
2512  4.90492432e-02  -5.34830363e-02
2513  5.82927473e-02  -5.26297308e-02
2514  6.75282340e-02  -5.16953176e-02
2515  7.67545332e-02  -5.06774015e-02
2516  8.59694500e-02  -4.95656810e-02
2517  9.51713063e-02  -4.83518156e-02
2518  1.04359320e-01  -4.70381969e-02
2519  1.13531054e-01  -4.56182818e-02
2520  1.22683689e-01  -4.40828368e-02
2521  1.31814463e-01  -4.24244403e-02
2522  1.40919661e-01  -4.06365056e-02
2523  1.50588823e-01  -3.90690185e-02
2524  1.41197327e-01  -4.16007844e-02
2525  1.32413156e-01  -4.33303394e-02
2526  1.22770606e-01  -4.45797534e-02
2527  1.32669271e-01  -4.22640150e-02
2528  1.41341366e-01  -4.05477933e-02
2529  1.50377313e-01  -3.85981362e-02
2530  1.59376147e-01  -3.64874702e-02
2531  1.68327729e-01  -3.41935247e-02
2532  1.77214214e-01  -3.16645866e-02
2533  1.86028352e-01  -2.89029165e-02
2534  1.94730958e-01  -2.58209355e-02
2535  2.03285845e-01  -2.23673423e-02
2536  2.11608670e-01  -1.84168846e-02
2537  2.19511232e-01  -1.37399291e-02
2538  2.26466335e-01  -7.89521868e-03
2539  2.30260865e-01  3.23344658e-05
2540  2.27368781e-01  8.55630137e-03
2541  2.21675033e-01  1.58146467e-02
2542  2.14880708e-01  2.21618897e-02
2543  2.07498251e-01  2.78557372e-02
2544  1.99757163e-01  3.30751219e-02
2545  1.91770261e-01  3.79216778e-02
2546  1.83579405e-01  4.24235453e-02
2547  1.75246906e-01  4.66635526e-02
2548  1.66780283e-01  5.06321514e-02
2549  1.58208377e-01  5.43720881e-02
2550  1.49544196e-01  5.78962971e-02
2551  1.41180608e-01  6.10820733e-02
2552  1.31985108e-01  6.43525236e-02
2553  1.23736851e-01  6.76278780e-02
2554  1.32520664e-01  6.52269578e-02
2555  1.41309251e-01  6.21030710e-02
2556  1.49632876e-01  5.83908953e-02
2557  1.40980285e-01  6.11589421e-02
2558  1.31965603e-01  6.43591255e-02
2559  1.22888286e-01  6.73806153e-02
2560  1.13755404e-01  7.02308882e-02
2561  1.04571856e-01  7.29145428e-02
2562  9.53427085e-02  7.54383581e-02
2563  8.60725920e-02  7.78074130e-02
2564  7.67630523e-02  8.00165455e-02
2565  6.74174383e-02  8.20704117e-02
2566  5.80413598e-02  8.39829124e-02
2567  4.86379032e-02  8.57567144e-02
2568  3.92098541e-02  8.73960178e-02
2569  2.97600158e-02  8.89058812e-02
2570  2.02899350e-02  9.02843996e-02
2571  1.08026099e-02  9.15374909e-02
2572  1.29779381e-03  9.26541695e-02
2573  -8.21957551e-03  9.36598150e-02
2574  -1.77492669e-02  9.45345390e-02
2575  -2.72903624e-02  9.52783943e-02
2576  -3.68404534e-02  9.59021381e-02
2577  -4.63975413e-02  9.64139052e-02
2578  -5.59596768e-02  9.68130740e-02
2579  -6.55263771e-02  9.70886454e-02
2580  -7.50950106e-02  9.72557418e-02
2581  -8.46635159e-02  9.72796626e-02
2582  -9.42294726e-02  9.71392957e-02
2583  -1.03790370e-01  9.68170200e-02
2584  -1.13342692e-01  9.62852360e-02
2585  -1.22886990e-01  9.55975434e-02
2586  -1.32421508e-01  9.47740937e-02
2587  -1.41946307e-01  9.38377006e-02
2588  -1.51460494e-01  9.27925452e-02
2589  -1.60964618e-01  9.16541735e-02
2590  -1.70458897e-01  9.04308401e-02
2591  -1.79944999e-01  8.91415390e-02
2592  -1.89422691e-01  8.77912151e-02
2593  -1.98891175e-01  8.63764571e-02
2594  -2.08351673e-01  8.49067269e-02
2595  -2.17804743e-01  8.33876273e-02
2596  -2.27251484e-01  8.18278140e-02
2597  -2.36691775e-01  8.02302747e-02
2598  -2.46124164e-01  7.85858814e-02
2599  -2.55551247e-01  7.69090414e-02
2600  -2.64972791e-01  7.52009854e-02
2601  -2.74388886e-01  7.34630752e-02
2602  -2.83799292e-01  7.16944222e-02
2603  -2.93204481e-01  6.98968924e-02
2604  -3.02445641e-01  6.81094092e-02
2605  -3.12003427e-01  6.62402109e-02
2606  -3.23398375e-01  6.39826199e-02
2607  -3.32772127e-01  6.21071524e-02
2608  -3.42141251e-01  6.02079585e-02
2609  -3.51508112e-01  5.82965673e-02
2610  -3.60871767e-01  5.63695524e-02
2611  -3.70233100e-01  5.44303179e-02
2612  -3.79592635e-01  5.24826977e-02
2613  -3.88949094e-01  5.05208706e-02
2614  -3.98303199e-01  4.85465506e-02
2615  -4.07656541e-01  4.65680605e-02
2616  -4.17008088e-01  4.45814524e-02
2617  -4.26358238e-01  4.25879927e-02
2618  -4.35707202e-01  4.05886581e-02
2619  -4.45055359e-01  3.85849008e-02
2620  -4.54403413e-01  3.65803906e-02
2621  -4.63750896e-01  3.45736043e-02
2622  -4.73097626e-01  3.25631144e-02
2623  -4.82444347e-01  3.05517881e-02
2624  -4.91791827e-01  2.85430313e-02
2625  -5.01140706e-01  2.65410298e-02
2626  -5.10489784e-01  2.45397901e-02
2627  -5.21858521e-01  2.21164845e-02
2628  -5.30801908e-01  2.02199771e-02
2629  -5.39747182e-01  1.83321037e-02
2630  -5.48694879e-01  1.64556646e-02
2631  -5.57644712e-01  1.45885265e-02
2632  -5.66598499e-01  1.27395030e-02
2633  -5.75555595e-01  1.09066815e-02
2634  -5.84516498e-01  9.09113288e-03
2635  -5.93483004e-01  7.30198075e-03
2636  -6.02455089e-01  5.54060332e-03
2637  -6.11433207e-01  3.80863622e-03
2638  -6.20371693e-01  2.12653219e-03
2639  -3.02462551e-01  5.84905816e-02
2640  -3.02480269e-01  4.84125698e-02
2641  -3.02497986e-01  3.83345579e-02
2642  -3.02515704e-01  2.82565461e-02
2643  -3.02533421e-01  1.81785342e-02
2644  -3.02551139e-01  8.10052236e-03
2645  -3.02568856e-01  -1.97748948e-03
2646  -3.02586574e-01  -1.20555013e-02
2647  -3.02604292e-01  -2.21335131e-02
2648  -3.02622009e-01  -3.22115250e-02
2649  1.40368208e-01  5.12177704e-02
2650  1.39507392e-01  4.07656020e-02
2651  1.38646577e-01  3.03134334e-02
2652  1.37785761e-01  1.98612648e-02
2653  1.36924945e-01  9.40909627e-03
2654  1.36064129e-01  -1.04307225e-03
2655  1.35203314e-01  -1.14952408e-02
2656  1.34342498e-01  -2.19474094e-02
2657  1.33481682e-01  -3.23995778e-02
4877  -6.23971059e-01  1.36177942e-04
4878  -6.20501549e-01  1.70990080e-04
4879  -6.11482123e-01  4.32766130e-05
4880  -6.02470981e-01  -2.79337826e-04
4881  -5.93470316e-01  -7.58796987e-04
4882  -5.84479763e-01  -1.37132453e-03
4883  -5.75500189e-01  -2.10394696e-03
4884  -5.66530522e-01  -2.93416108e-03
4885  -5.57571394e-01  -3.85958151e-03
4886  -5.48621971e-01  -4.86128559e-03
4887  -5.39681227e-01  -5.93152544e-03
4888  -5.30749280e-01  -7.06490076e-03
4889  -5.21824847e-01  -8.24908596e-03
4890  -5.10428228e-01  -9.82283807e-03
4891  -5.01056093e-01  -1.11635056e-02
4892  -4.91690250e-01  -1.25409249e-02
4893  -4.82329214e-01  -1.39462435e-02
4894  -4.72972313e-01  -1.53763486e-02
4895  -4.63619324e-01  -1.68274573e-02
4896  -4.54268767e-01  -1.82911183e-02
4897  -4.44920381e-01  -1.97672135e-02
4898  -4.35573939e-01  -2.12519643e-02
4899  -4.26228357e-01  -2.27387671e-02
4900  -4.16882851e-01  -2.42246704e-02
4901  -4.07537256e-01  -2.57087322e-02
4902  -3.98191417e-01  -2.71881953e-02
4903  -3.88844335e-01  -2.86570604e-02
4904  -3.79495546e-01  -3.01136523e-02
4905  -3.70144849e-01  -3.15557889e-02
4906  -3.60791665e-01  -3.29796804e-02
4907  -3.51435618e-01  -3.43836779e-02
4908  -3.42076704e-01  -3.57668398e-02
4909  -3.32714793e-01  -3.71257270e-02
4910  -3.23348749e-01  -3.84535880e-02
4911  -3.11961032e-01  -4.00309943e-02
4912  -3.02381527e-01  -4.13226340e-02
4913  -2.93556483e-01  -4.24849956e-02
4914  -2.84348759e-01  -4.36646120e-02
4915  -2.75135964e-01  -4.48027320e-02
4916  -2.65918538e-01  -4.59048593e-02
4917  -2.56697142e-01  -4.69703586e-02
4918  -2.47471429e-01  -4.79937244e-02
4919  -2.38241147e-01  -4.89722468e-02
4920  -2.29005649e-01  -4.99031690e-02
4921  -2.19766036e-01  -5.07949129e-02
4922  -2.10522885e-01  -5.16435604e-02
4923  -2.01275843e-01  -5.24431431e-02
4924  -1.92024302e-01  -5.31909351e-02
4925  -1.82768967e-01  -5.38928167e-02
4926  -1.73511014e-01  -5.45470712e-02
4927  -1.64249077e-01  -5.51390098e-02
4928  -1.54983400e-01  -5.56793795e-02
4929  -1.45714993e-01  -5.61684151e-02
4930  -1.36444724e-01  -5.66037946e-02
4931  -1.27172063e-01  -5.69733562e-02
4932  -1.17896671e-01  -5.72800336e-02
4933  -1.08619171e-01  -5.75294007e-02
4934  -9.93400327e-02  -5.77230152e-02
4935  -9.00611522e-02  -5.78647377e-02
4936  -8.07812180e-02  -5.79284264e-02
4937  -7.14995276e-02  -5.79437740e-02
4938  -6.22179506e-02  -5.79094426e-02
4939  -5.29371013e-02  -5.78258421e-02
4940  -4.36568981e-02  -5.76848733e-02
4941  -3.43777206e-02  -5.74952154e-02
4942  -2.51006614e-02  -5.72453818e-02
4943  -1.58255300e-02  -5.69349773e-02
4944  -6.55265512e-03  -5.65626397e-02
4945  2.71780162e-03  -5.61302925e-02
4946  1.19845494e-02  -5.56387850e-02
4947  2.12465028e-02  -5.50734516e-02
4948  3.05042365e-02  -5.44385025e-02
4949  3.97568165e-02  -5.37351223e-02
4950  4.90030702e-02  -5.29590668e-02
4951  5.82420967e-02  -5.21061752e-02
4952  6.74729180e-02  -5.11722343e-02
4953  7.66941903e-02  -5.01548742e-02
4954  8.59035524e-02  -4.90438252e-02
4955  9.50996866e-02  -4.78307142e-02
4956  1.04281859e-01  -4.65179318e-02
4957  1.13447303e-01  -4.50989922e-02
4958  1.22593175e-01  -4.35646831e-02
4959  1.31716786e-01  -4.19075892e-02
4960  1.40813699e-01  -4.01212890e-02
4961  1.51103065e-01  -3.89584237e-02
4962  1.41303452e-01  -4.21159673e-02
4963  1.32511128e-01  -4.38471348e-02
4964  1.22253133e-01  -4.46740823e-02
4965  1.32975523e-01  -4.16704518e-02
4966  1.41234921e-01  -4.00326764e-02
4967  1.50261782e-01  -3.80849808e-02
4968  1.59250796e-01  -3.59766247e-02
4969  1.68190442e-01  -3.36857567e-02
4970  1.77063579e-01  -3.11606174e-02
4971  1.85861890e-01  -2.84039509e-02
4972  1.94544660e-01  -2.53290316e-02
4973  2.03074513e-01  -2.18856630e-02
4974  2.11361651e-01  -1.79524951e-02
4975  2.19206802e-01  -1.33109782e-02
4976  2.26050571e-01  -7.57301340e-03
4977  2.29693694e-01  6.63503238e-05
4978  2.26906225e-01  8.30586476e-03
4979  2.21287288e-01  1.54592179e-02
4980  2.14540143e-01  2.17610262e-02
4981  2.07190437e-01  2.74292089e-02
4982  1.99473614e-01  3.26320918e-02
4983  1.91507084e-01  3.74662507e-02
4984  1.83333421e-01  4.19586068e-02
4985  1.75015978e-01  4.61909553e-02
4986  1.66563467e-01  5.01529158e-02
4987  1.58004095e-01  5.38873771e-02
4988  1.49351596e-01  5.74068268e-02
4989  1.41385613e-01  6.04462666e-02
4990  1.31813943e-01  6.38551516e-02
4991  1.24235868e-01  6.74615711e-02
4992  1.32691923e-01  6.57242970e-02
4993  1.41491132e-01  6.25966248e-02
4994  1.49141462e-01  5.85784798e-02
4995  1.40798488e-01  6.06653574e-02
4996  1.31794548e-01  6.38617161e-02
4997  1.22726865e-01  6.68799966e-02
4998  1.13603276e-01  6.97273676e-02
4999  1.04428708e-01  7.24083960e-02
5000  9.52082116e-02  7.49298440e-02
5001  8.59467452e-02  7.72966894e-02
5002  7.66458733e-02  7.95037638e-02
5003  6.73084198e-02  8.15558333e-02
5004  5.79400428e-02  8.34667623e-02
5005  4.85440968e-02  8.52391466e-02
5006  3.91233039e-02  8.68771874e-02
5007  2.96806345e-02  8.83859057e-02
5008  2.02176109e-02  8.97633956e-02
5009  1.07374825e-02  9.10155384e-02
5010  1.23946931e-03  9.21314131e-02
5011  -8.27125202e-03  9.31363597e-02
5012  -1.77937498e-02  9.40104233e-02
5013  -2.73279463e-02  9.47537387e-02
5014  -3.68716578e-02  9.53770645e-02
5015  -4.64225741e-02  9.58885012e-02
5016  -5.59782192e-02  9.62874009e-02
5017  -6.55385419e-02  9.65627861e-02
5018  -7.51002600e-02  9.67297680e-02
5019  -8.46603143e-02  9.67536723e-02
5020  -9.42167529e-02  9.66134495e-02
5021  -1.03766889e-01  9.62915443e-02
5022  -1.13309171e-01  9.57603052e-02
5023  -1.22845459e-01  9.50731856e-02
5024  -1.32373146e-01  9.42503217e-02
5025  -1.41891856e-01  9.33145265e-02
5026  -1.51400497e-01  9.22699781e-02
5027  -1.60899730e-01  9.11321911e-02
5028  -1.70389867e-01  8.99093893e-02
5029  -1.79872483e-01  8.86205617e-02
5030  -1.89346729e-01  8.72707290e-02
5031  -1.98811936e-01  8.58564599e-02
5032  -2.08269570e-01  8.43871740e-02
5033  -2.17720169e-01  8.28684710e-02
5034  -2.27164756e-01  8.13090132e-02
5035  -2.36602724e-01  7.97118677e-02
5036  -2.46032937e-01  7.80678528e-02
5037  -2.55458274e-01  7.63913234e-02
5038  -2.64878141e-01  7.46835713e-02
5039  -2.74292572e-01  7.29459683e-02
5040  -2.83701341e-01  7.11776227e-02
5041  -2.93105160e-01  6.93803546e-02
5042  -3.02189995e-01  6.76232777e-02
5043  -3.11901831e-01  6.57241156e-02
5044  -3.23295665e-01  6.34667453e-02
5045  -3.32668280e-01  6.15915054e-02
5046  -3.42036417e-01  5.96925112e-02
5047  -3.51402514e-01  5.77812760e-02
5048  -3.60765404e-01  5.58544184e-02
5049  -3.70126171e-01  5.39153011e-02
5050  -3.79485084e-01  5.19678106e-02
5051  -3.88840809e-01  5.00061373e-02
5052  -3.98194458e-01  4.80319134e-02
5053  -4.07547462e-01  4.60534948e-02
5054  -4.16898597e-01  4.40669742e-02
5055  -4.26248399e-01  4.20735889e-02
5056  -4.35597080e-01  4.00743147e-02
5057  -4.44945096e-01  3.80705876e-02
5058  -4.54293066e-01  3.60660953e-02
5059  -4.63640385e-01  3.40593444e-02
5060  -4.72986990e-01  3.20488811e-02
5061  -4.82333762e-01  3.00375441e-02
5062  -4.91681499e-01  2.80287320e-02
5063  -5.01030585e-01  2.60266863e-02
5064  -5.10379906e-01  2.40253946e-02
5065  -5.21749135e-01  2.16019841e-02
5066  -5.30693042e-01  1.97053665e-02
5067  -5.39638892e-01  1.78173713e-02
5068  -5.48587187e-01  1.59408068e-02
5069  -5.57537812e-01  1.40735039e-02
5070  -5.66492586e-01  1.22242763e-02
5071  -5.75450647e-01  1.03912575e-02
5072  -5.84412809e-01  8.57545404e-03
5073  -5.93380876e-01  6.78599063e-03
5074  -6.02354608e-01  5.02428996e-03
5075  -6.11334687e-01  3.29194510e-03
5076  -6.20225675e-01  1.62120582e-03
5077  -3.02206052e-01  5.84901306e-02
5078  -3.02223770e-01  4.84121188e-02
5079  -3.02241487e-01  3.83341069e-02
5080  -3.02259205e-01  2.82560951e-02
5081  -3.02276922e-01  1.81780832e-02
5082  -3.02294640e-01  8.10007143e-03
5083  -3.02312357e-01  -1.97794041e-03
5084  -3.02330075e-01  -1.20559523e-02
5085  -3.02347793e-01  -2.21339641e-02
5086  -3.02365510e-01  -3.22119760e-02
5087  1.40623842e-01  5.11967170e-02
5088  1.39763026e-01  4.07445485e-02
5089  1.38902211e-01  3.02923799e-02
5090  1.38041395e-01  1.98402114e-02
5091  1.37180579e-01  9.38804282e-03
5092  1.36319763e-01  -1.06412570e-03
5093  1.35458948e-01  -1.15162943e-02
5094  1.34598132e-01  -2.19684628e-02
5095  1.33737316e-01  -3.24206313e-02
7315  -6.23259733e-01  2.75337288e-04
7316  -6.20501278e-01  3.02989802e-04
7317  -6.11478826e-01  1.75235449e-04
7318  -6.02465109e-01  -1.47468527e-04
7319  -5.93462319e-01  -6.27039472e-04
7320  -5.84469909e-01  -1.23969281e-03
7321  -5.75488739e-01  -1.97244450e-03
7322  -5.66517658e-01  -2.80278943e-03
7323  -5.57557271e-01  -3.72833921e-03
7324  -5.48606785e-01  -4.73016205e-03
7325  -5.39665074e-01  -5.80051746e-03
7326  -5.30732290e-01  -6.93399870e-03
7327  -5.21807137e-01  -8.11827937e-03
7328  -5.10409854e-01  -9.69212318e-03
7329  -5.01037144e-01  -1.10328728e-02
7330  -4.91670849e-01  -1.24103586e-02
7331  -4.82309444e-01  -1.38157324e-02
7332  -4.72952222e-01  -1.52458865e-02
7333  -4.63598998e-01  -1.66970316e-02
7334  -4.54248266e-01  -1.81607200e-02
7335  -4.44899732e-01  -1.96368385e-02
7336  -4.35553215e-01  -2.11216013e-02
7337  -4.26207624e-01  -2.26084056e-02
7338  -4.16862137e-01  -2.40943059e-02
7339  -4.07516585e-01  -2.55783607e-02
7340  -3.98170852e-01  -2.70578072e-02
7341  -3.88823928e-01  -2.85266473e-02
7342  -3.79475326e-01  -2.99832103e-02
7343  -3.70124856e-01  -3.14253118e-02
7344  -3.60771938e-01  -3.28491629e-02
7345  -3.51416174e-01  -3.42531178e-02
7346  -3.42057574e-01  -3.56362334e-02
7347  -3.32696048e-01  -3.69950647e-02
7348  -3.23330429e-01  -3.83228655e-02
7349  -3.11590179e-01  -3.73182260e-02
7350  -3.02244703e-01  -3.85786459e-02
7351  -2.93203661e-01  -3.97698233e-02
7352  -2.84006949e-01  -4.09480314e-02
7353  -2.74805584e-01  -4.20847377e-02
7354  -2.65598866e-01  -4.31855848e-02
7355  -2.56389073e-01  -4.42497452e-02
7356  -2.47176175e-01  -4.52716904e-02
7357  -2.37959526e-01  -4.62487684e-02
7358  -2.28736836e-01  -4.71783968e-02
7359  -2.19509354e-01  -4.80689712e-02
7360  -2.10279782e-01  -4.89163741e-02
7361  -2.01047611e-01  -4.97146720e-02
7362  -1.91810485e-01  -5.04612966e-02
7363  -1.82568939e-01  -5.11621331e-02
7364  -1.73327191e-01  -5.18152489e-02
7365  -1.64082056e-01  -5.24061088e-02
7366  -1.54831563e-01  -5.29455928e-02
7367  -1.45578635e-01  -5.34338126e-02
7368  -1.36325981e-01  -5.38683707e-02
7369  -1.27072305e-01  -5.42371742e-02
7370  -1.17814647e-01  -5.45432625e-02
7371  -1.08553829e-01  -5.47921805e-02
7372  -9.92905672e-02  -5.49854620e-02
7373  -9.00308494e-02  -5.51269054e-02
7374  -8.07695581e-02  -5.51904512e-02
7375  -7.15023276e-02  -5.52057755e-02
7376  -6.22353459e-02  -5.51714979e-02
7377  -5.29702258e-02  -5.50880425e-02
7378  -4.37056666e-02  -5.49473076e-02
7379  -3.44425507e-02  -5.47579831e-02
7380  -2.51833058e-02  -5.45086294e-02
7381  -1.59262461e-02  -5.41988303e-02
7382  -6.67135830e-03  -5.38272140e-02
7383  2.58151394e-03  -5.33956866e-02
7384  1.18286320e-02  -5.29052280e-02
7385  2.10694217e-02  -5.23411840e-02
7386  3.03067893e-02  -5.17076311e-02
7387  3.95385425e-02  -5.10058366e-02
7388  4.87627249e-02  -5.02316361e-02
7389  5.79784443e-02  -4.93808988e-02
7390  6.71849802e-02  -4.84494167e-02
7391  7.63800861e-02  -4.74349510e-02
7392  8.55605340e-02  -4.63273970e-02
7393  9.47268832e-02  -4.51182133e-02
7394  1.03878649e-01  -4.38097837e-02
7395  1.13011350e-01  -4.23959219e-02
7396  1.22122021e-01  -4.08675258e-02
7397  1.31692273e-01  -4.17778851e-02
7398  1.40787108e-01  -3.99919952e-02
7399  1.51232114e-01  -3.89306698e-02
7400  1.41330084e-01  -4.22452528e-02
7401  1.32535714e-01  -4.39768248e-02
7402  1.22123273e-01  -4.46977542e-02
7403  1.33121316e-01  -4.15084044e-02
7404  1.41208208e-01  -3.99034076e-02
7405  1.50232789e-01  -3.79562041e-02
7406  1.59219339e-01  -3.58484277e-02
7407  1.68155990e-01  -3.35583320e-02
7408  1.77025777e-01  -3.10341460e-02
7409  1.85820117e-01  -2.82787353e-02
7410  1.94497909e-01  -2.52055881e-02
7411  2.03021479e-01  -2.17647852e-02
7412  2.11299661e-01  -1.78359563e-02
7413  2.19130406e-01  -1.32033328e-02
7414  2.25946235e-01  -7.49215580e-03
7415  2.29551363e-01  7.48866227e-05
7416  2.26790147e-01  8.24301754e-03
7417  2.21189983e-01  1.53700229e-02
7418  2.14454678e-01  2.16604292e-02
7419  2.07113191e-01  2.73221714e-02
7420  1.99402457e-01  3.25209132e-02
7421  1.91441039e-01  3.73519610e-02
7422  1.83271691e-01  4.18419302e-02
7423  1.74958026e-01  4.60723567e-02
7424  1.66509056e-01  5.00326514e-02
7425  1.57952830e-01  5.37657386e-02
7426  1.49303263e-01  5.72839940e-02
7427  1.41502925e-01  6.02624926e-02
7428  1.31770990e-01  6.37303358e-02
7429  1.24361096e-01  6.74198363e-02
7430  1.32734901e-01  6.58491045e-02
7431  1.41536775e-01  6.27204825e-02
7432  1.49018141e-01  5.86255542e-02
7433  1.40752866e-01  6.05414920e-02
7434  1.31751621e-01  6.37368909e-02
7435  1.22686356e-01  6.67543660e-02
7436  1.12811398e-01  6.71063804e-02
7437  1.03683574e-01  6.97737386e-02
7438  9.45081118e-02  7.22828638e-02
7439  8.52916725e-02  7.46382079e-02
7440  7.60359186e-02  7.68345693e-02
7441  6.67409433e-02  7.88772862e-02
7442  5.74126550e-02  8.07800346e-02
7443  4.80558044e-02  8.25450392e-02
7444  3.86727821e-02  8.41765070e-02
7445  2.92674288e-02  8.56792647e-02
7446  1.98411403e-02  8.70514011e-02
7447  1.03984729e-02  8.82986070e-02
7448  9.35871397e-04  8.94102971e-02
7449  -8.54024496e-03  9.04116052e-02
7450  -1.80252980e-02  9.12822316e-02
7451  -2.75235827e-02  9.20227370e-02
7452  -3.70340869e-02  9.26438867e-02
7453  -4.65528778e-02  9.31536036e-02
7454  -5.60747382e-02  9.35511026e-02
7455  -6.56018636e-02  9.38255184e-02
7456  -7.51275848e-02  9.39919043e-02
7457  -8.46436489e-02  9.40157230e-02
7458  -9.41505426e-02  9.38762502e-02
7459  -1.03644668e-01  9.35562736e-02
7460  -1.13134688e-01  9.30278705e-02
7461  -1.22629274e-01  9.23437336e-02
7462  -1.32121405e-01  9.15239192e-02
7463  -1.41608421e-01  9.05912365e-02
7464  -1.51088195e-01  8.95498473e-02
7465  -1.60561968e-01  8.84151043e-02
7466  -1.70030545e-01  8.71950697e-02
7467  -1.79495012e-01  8.59087063e-02
7468  -1.88951323e-01  8.45614305e-02
7469  -1.98399468e-01  8.31497064e-02
7470  -2.07842199e-01  8.16827336e-02
7471  -2.17279933e-01  8.01660950e-02
7472  -2.26713308e-01  7.86084876e-02
7473  -2.36139182e-01  7.70133916e-02
7474  -2.45558071e-01  7.53713465e-02
7475  -2.54974317e-01  7.36964338e-02
7476  -2.64385454e-01  7.19902640e-02
7477  -2.73791223e-01  7.02542601e-02
7478  -2.83191476e-01  6.84875146e-02
7479  -2.92588161e-01  6.66916085e-02
7480  -3.02062855e-01  6.48586915e-02
7481  -3.11876336e-01  6.55946011e-02
7482  -3.23269889e-01  6.33372862e-02
7483  -3.32642220e-01  6.14621035e-02
7484  -3.42010109e-01  5.95631594e-02
7485  -3.51376015e-01  5.76519634e-02
7486  -3.60738713e-01  5.57251453e-02
7487  -3.70099338e-01  5.37860574e-02
7488  -3.79458094e-01  5.18385994e-02
7489  -3.88813635e-01  4.98769646e-02
7490  -3.98167170e-01  4.79027649e-02
7491  -4.07520089e-01  4.59243643e-02
7492  -4.16871120e-01  4.39378656e-02
7493  -4.26220834e-01  4.19444990e-02
7494  -4.35569445e-01  3.99452399e-02
7495  -4.44917425e-01  3.79415204e-02
7496  -4.54265374e-01  3.59370326e-02
7497  -4.63612652e-01  3.39302906e-02
7498  -4.72959227e-01  3.19198340e-02
7499  -4.82306010e-01  2.99084943e-02
7500  -4.91653812e-01  2.78996683e-02
7501  -5.01002950e-01  2.58976114e-02
7502  -5.10352332e-01  2.38963067e-02
7503  -5.21721685e-01  2.14728699e-02
7504  -5.30665721e-01  1.95762247e-02
7505  -5.39611717e-01  1.76881989e-02
7506  -5.48560162e-01  1.58116030e-02
7507  -5.57510985e-01  1.39442587e-02
7508  -5.66466008e-01  1.20949798e-02
7509  -5.75424310e-01  1.02619115e-02
7510  -5.84386788e-01  8.44604414e-03
7511  -5.93355246e-01  6.65650262e-03
7512  -6.02329392e-01  4.89472082e-03
7513  -6.11309963e-01  3.16228116e-03
7514  -6.20189031e-01  1.49439388e-03
7515  -3.02074052e-01  5.84898985e-02
7516  -3.02091770e-01  4.84118868e-02
7517  -3.02109487e-01  3.83338749e-02
7518  -3.02127205e-01  2.82558631e-02
7519  -3.02144922e-01  1.81778512e-02
7520  -3.02162640e-01  8.09983937e-03
7521  -3.02180357e-01  -1.97817247e-03
7522  -3.02198075e-01  -1.20561844e-02
7523  -3.02215793e-01  -2.21341961e-02
7524  -3.02233510e-01  -3.22122080e-02
7525  1.40755397e-01  5.11858825e-02
7526  1.39894581e-01  4.07337140e-02
7527  1.39033766e-01  3.02815454e-02
7528  1.38172950e-01  1.98293769e-02
7529  1.37312134e-01  9.37720829e-03
7530  1.36451318e-01  -1.07496022e-03
7531  1.35590503e-01  -1.15271288e-02
7532  1.34729687e-01  -2.19792973e-02
7533  1.33868871e-01  -3.24314658e-02
9753  -6.20425208e-01  8.29866196e-04
9754  -6.20500198e-01  8.28988694e-04
9755  -6.11465691e-01  7.01071415e-04
9756  -6.02441707e-01  3.78010648e-04
9757  -5.93430451e-01  -1.02005736e-04
9758  -5.84430645e-01  -7.15160355e-04
9759  -5.75443113e-01  -1.44842712e-03
9760  -5.66466395e-01  -2.27929334e-03
9761  -5.57500993e-01  -3.20535852e-03
9762  -5.48546271e-01  -4.20765460e-03
9763  -5.39600708e-01  -5.27847052e-03
9764  -5.30664589e-01  -6.41237380e-03
9765  -5.21736566e-01  -7.59703492e-03
9766  -5.10336635e-01  -9.17124413e-03
9767  -5.00961634e-01  -1.05123210e-02
9768  -4.91593536e-01  -1.18900714e-02
9769  -4.82230663e-01  -1.32956654e-02
9770  -4.72872165e-01  -1.47260145e-02
9771  -4.63518003e-01  -1.61773048e-02
9772  -4.54166574e-01  -1.76411024e-02
9773  -4.44817451e-01  -1.91173139e-02
9774  -4.35470631e-01  -2.06021247e-02
9775  -4.26125005e-01  -2.20889346e-02
9776  -4.16779592e-01  -2.35748230e-02
9777  -4.07434217e-01  -2.50588499e-02
9778  -3.98088902e-01  -2.65382302e-02
9779  -3.88742611e-01  -2.80069709e-02
9780  -3.79394749e-01  -2.94634185e-02
9781  -3.70045186e-01  -3.09053803e-02
9782  -3.60693326e-01  -3.23290704e-02
9783  -3.51338693e-01  -3.37328557e-02
9784  -3.41981344e-01  -3.51157865e-02
9785  -3.32621352e-01  -3.64743955e-02
9786  -3.23257426e-01  -3.78019562e-02
9787  -3.11518934e-01  -3.67970732e-02
9788  -3.01730889e-01  -3.81165009e-02
9789  -2.93135880e-01  -3.92482088e-02
9790  -2.83941284e-01  -4.04261464e-02
9791  -2.74742114e-01  -4.15625810e-02
9792  -2.65537454e-01  -4.26631821e-02
9793  -2.56329890e-01  -4.37270854e-02
9794  -2.47119453e-01  -4.47487576e-02
9795  -2.37905424e-01  -4.57255582e-02
9796  -2.28685194e-01  -4.66549380e-02
9797  -2.19460043e-01  -4.75452877e-02
9798  -2.10233079e-01  -4.83924516e-02
9799  -2.01003766e-01  -4.91905027e-02
9800  -1.91769408e-01  -4.99369029e-02
9801  -1.82530512e-01  -5.06375387e-02
9802  -1.73291877e-01  -5.12904357e-02
9803  -1.64049970e-01  -5.18810883e-02
9804  -1.54802393e-01  -5.24204023e-02
9805  -1.45552439e-01  -5.29084653e-02
9806  -1.36303169e-01  -5.33428656e-02
9807  -1.27053140e-01  -5.37115234e-02
9808  -1.17798890e-01  -5.40174986e-02
9809  -1.08541275e-01  -5.42663304e-02
9810  -9.92810643e-02  -5.44595479e-02
9811  -9.00250279e-02  -5.46009376e-02
9812  -8.07673182e-02  -5.46644560e-02
9813  -7.15028656e-02  -5.46797757e-02
9814  -6.22386877e-02  -5.46455085e-02
9815  -5.29765894e-02  -5.45620810e-02
9816  -4.37150356e-02  -5.44213911e-02
9817  -3.44550052e-02  -5.42321305e-02
9818  -2.51991827e-02  -5.39828690e-02
9819  -1.59455948e-02  -5.36731863e-02
9820  -6.69416249e-03  -5.33017086e-02
9821  2.55533157e-03  -5.28703386e-02
9822  1.17986785e-02  -5.23800816e-02
9823  2.10354024e-02  -5.18162852e-02
9824  3.02688575e-02  -5.11830006e-02
9825  3.94966097e-02  -5.04815107e-02
9826  4.87165519e-02  -4.97076666e-02
9827  5.79277937e-02  -4.88573431e-02
9828  6.71296642e-02  -4.79263334e-02
9829  7.63197432e-02  -4.69124237e-02
9830  8.54946363e-02  -4.58055411e-02
9831  9.46552635e-02  -4.45971119e-02
9832  1.03801188e-01  -4.32895186e-02
9833  1.12927599e-01  -4.18766322e-02
9834  1.22031507e-01  -4.03493721e-02
9835  1.31594596e-01  -4.12610340e-02
9836  1.40681146e-01  -3.94767786e-02
9837  1.51746356e-01  -3.88200750e-02
9838  1.41436209e-01  -4.27604358e-02
9839  1.32633686e-01  -4.44936202e-02
9840  1.21605800e-01  -4.47920831e-02
9841  1.33689027e-01  -4.08651868e-02
9842  1.41101763e-01  -3.93882907e-02
9843  1.50117258e-01  -3.74430487e-02
9844  1.59093989e-01  -3.53375821e-02
9845  1.68018703e-01  -3.30505639e-02
9846  1.76875141e-01  -3.05301769e-02
9847  1.85653655e-01  -2.77797697e-02
9848  1.94311612e-01  -2.47136842e-02
9849  2.02810148e-01  -2.12831059e-02
9850  2.11052642e-01  -1.73715669e-02
9851  2.18825976e-01  -1.27743819e-02
9852  2.25530471e-01  -7.16995051e-03
9853  2.28984192e-01  1.08902481e-04
9854  2.26327591e-01  7.99258093e-03
9855  2.20802237e-01  1.50145941e-02
9856  2.14114113e-01  2.12595657e-02
9857  2.06805376e-01  2.68956430e-02
9858  1.99118907e-01  3.20778831e-02
9859  1.91177862e-01  3.68965338e-02
9860  1.83025707e-01  4.13769917e-02
9861  1.74727098e-01  4.55997593e-02
9862  1.66292240e-01  4.95534159e-02
9863  1.57748548e-01  5.32810275e-02
9864  1.49110662e-01  5.67945237e-02
9865  1.41957734e-01  5.95348363e-02
9866  1.31599826e-01  6.32329639e-02
9867  1.24860114e-01  6.72535294e-02
9868  1.32906160e-01  6.63464437e-02
9869  1.41718656e-01  6.32140363e-02
9870  1.48526727e-01  5.88131387e-02
9871  1.40571069e-01  6.00479073e-02
9872  1.31580566e-01  6.32394815e-02
9873  1.22524935e-01  6.62537473e-02
9874  1.12659270e-01  6.66028599e-02
9875  1.03540426e-01  6.92675918e-02
9876  9.43736149e-02  7.17743497e-02
9877  8.51658257e-02  7.41274843e-02
9878  7.59187396e-02  7.63217876e-02
9879  6.66319248e-02  7.83627078e-02
9880  5.73113379e-02  8.02638846e-02
9881  4.79619980e-02  8.20274715e-02
9882  3.85862319e-02  8.36576766e-02
9883  2.91880474e-02  8.51592892e-02
9884  1.97688161e-02  8.65303971e-02
9885  1.03333454e-02  8.77766545e-02
9886  8.77546890e-04  8.88875407e-02
9887  -8.59192148e-03  8.98881498e-02
9888  -1.80697809e-02  9.07581159e-02
9889  -2.75611666e-02  9.14980815e-02
9890  -3.70652914e-02  9.21188131e-02
9891  -4.65779106e-02  9.26281996e-02
9892  -5.60932805e-02  9.30254296e-02
9893  -6.56140284e-02  9.32996591e-02
9894  -7.51328342e-02  9.34659305e-02
9895  -8.46404473e-02  9.34897328e-02
9896  -9.41378229e-02  9.33504040e-02
9897  -1.03621188e-01  9.30307979e-02
9898  -1.13101167e-01  9.25029396e-02
9899  -1.22587743e-01  9.18193757e-02
9900  -1.32073042e-01  9.10001473e-02
9901  -1.41553970e-01  9.00680624e-02
9902  -1.51028198e-01  8.90272802e-02
9903  -1.60497080e-01  8.78931220e-02
9904  -1.69961515e-01  8.66736189e-02
9905  -1.79422496e-01  8.53877289e-02
9906  -1.88875361e-01  8.40409444e-02
9907  -1.98320228e-01  8.26297092e-02
9908  -2.07760097e-01  8.11631807e-02
9909  -2.17195359e-01  7.96469387e-02
9910  -2.26626579e-01  7.80896868e-02
9911  -2.36050131e-01  7.64949846e-02
9912  -2.45466844e-01  7.48533179e-02
9913  -2.54881344e-01  7.31787158e-02
9914  -2.64290804e-01  7.14728500e-02
9915  -2.73694908e-01  6.97371532e-02
9916  -2.83093525e-01  6.79707152e-02
9917  -2.92488839e-01  6.61750707e-02
9918  -3.01550621e-01  6.44224703e-02
9919  -3.11774740e-01  6.50785058e-02
9920  -3.23167179e-01  6.28214116e-02
9921  -3.32538372e-01  6.09464566e-02
9922  -3.41905276e-01  5.90477120e-02
9923  -3.51270417e-01  5.71366720e-02
9924  -3.60632350e-01  5.52100113e-02
9925  -3.69992409e-01  5.32710406e-02
9926  -3.79350543e-01  5.13237122e-02
9927  -3.88705351e-01  4.93622312e-02
9928  -3.98058429e-01  4.73881277e-02
9929  -4.07411010e-01  4.54097986e-02
9930  -4.16761630e-01  4.34233873e-02
9931  -4.26110994e-01  4.14300953e-02
9932  -4.35459323e-01  3.94308965e-02
9933  -4.44807162e-01  3.74272073e-02
9934  -4.54155028e-01  3.54227374e-02
9935  -4.63502140e-01  3.34160307e-02
9936  -4.72848591e-01  3.14056007e-02
9937  -4.82195425e-01  2.93942503e-02
9938  -4.91543484e-01  2.73853690e-02
9939  -5.00892829e-01  2.53832679e-02
9940  -5.10242454e-01  2.33819111e-02
9941  -5.21612299e-01  2.09583694e-02
9942  -5.30556854e-01  1.90616142e-02
9943  -5.39503428e-01  1.71734665e-02
9944  -5.48452471e-01  1.52967452e-02
9945  -5.57404085e-01  1.34292361e-02
9946  -5.66360095e-01  1.15797531e-02
9947  -5.75319362e-01  9.74648752e-03
9948  -5.84283100e-01  7.93036530e-03
9949  -5.93253118e-01  6.14051250e-03
9950  -6.02228911e-01  4.37840745e-03
9951  -6.11211443e-01  2.64559004e-03
9952  -6.20043013e-01  9.89067503e-04
9953  -3.01561053e-01  5.84889966e-02
9954  -3.01578771e-01  4.84109849e-02
9955  -3.01596488e-01  3.83329730e-02
9956  -3.01614206e-01  2.82549612e-02
9957  -3.01631923e-01  1.81769493e-02
9958  -3.01649641e-01  8.09893750e-03
9959  -3.01667358e-01  -1.97907434e-03
9960  -3.01685076e-01  -1.20570863e-02
9961  -3.01702794e-01  -2.21350980e-02
9962  -3.01720511e-01  -3.22131099e-02
9963  1.41266666e-01  5.11437755e-02
9964  1.40405850e-01  4.06916071e-02
9965  1.39545035e-01  3.02394385e-02
9966  1.38684219e-01  1.97872699e-02
9967  1.37823403e-01  9.33510138e-03
9968  1.36962587e-01  -1.11706711e-03
9969  1.36101772e-01  -1.15692357e-02
9970  1.35240956e-01  -2.20214043e-02
9971  1.34380140e-01  -3.24735727e-02
