1  2510  2509  1  2  0  0  0  0
257  5018  5017  2509  2510  0  0  0  0
513  7526  7525  5017  5018  0  0  0  0
769  10034  10033  7525  7526  0  0  0  0
2  2511  2510  2  3  0  0  0  0
258  5019  5018  2510  2511  0  0  0  0
514  7527  7526  5018  5019  0  0  0  0
770  10035  10034  7526  7527  0  0  0  0
3  2512  2511  3  4  0  0  0  0
259  5020  5019  2511  2512  0  0  0  0
515  7528  7527  5019  5020  0  0  0  0
771  10036  10035  7527  7528  0  0  0  0
4  2513  2512  4  5  0  0  0  0
260  5021  5020  2512  2513  0  0  0  0
516  7529  7528  5020  5021  0  0  0  0
772  10037  10036  7528  7529  0  0  0  0
5  2514  2513  5  6  0  0  0  0
261  5022  5021  2513  2514  0  0  0  0
517  7530  7529  5021  5022  0  0  0  0
773  10038  10037  7529  7530  0  0  0  0
6  2515  2514  6  7  0  0  0  0
262  5023  5022  2514  2515  0  0  0  0
518  7531  7530  5022  5023  0  0  0  0
774  10039  10038  7530  7531  0  0  0  0
7  2516  2515  7  8  0  0  0  0
263  5024  5023  2515  2516  0  0  0  0
519  7532  7531  5023  5024  0  0  0  0
775  10040  10039  7531  7532  0  0  0  0
8  2517  2516  8  9  0  0  0  0
264  5025  5024  2516  2517  0  0  0  0
520  7533  7532  5024  5025  0  0  0  0
776  10041  10040  7532  7533  0  0  0  0
9  2518  2517  9  10  0  0  0  0
265  5026  5025  2517  2518  0  0  0  0
521  7534  7533  5025  5026  0  0  0  0
777  10042  10041  7533  7534  0  0  0  0
10  2519  2518  10  11  0  0  0  0
266  5027  5026  2518  2519  0  0  0  0
522  7535  7534  5026  5027  0  0  0  0
778  10043  10042  7534  7535  0  0  0  0
11  2520  2519  11  12  0  0  0  0
267  5028  5027  2519  2520  0  0  0  0
523  7536  7535  5027  5028  0  0  0  0
779  10044  10043  7535  7536  0  0  0  0
12  2521  2520  12  13  0  0  0  0
268  5029  5028  2520  2521  0  0  0  0
524  7537  7536  5028  5029  0  0  0  0
780  10045  10044  7536  7537  0  0  0  0
13  2522  2521  13  14  0  0  0  0
269  5030  5029  2521  2522  0  0  0  0
525  7538  7537  5029  5030  0  0  0  0
781  10046  10045  7537  7538  0  0  0  0
14  2523  2522  14  15  0  0  0  0
270  5031  5030  2522  2523  0  0  0  0
526  7539  7538  5030  5031  0  0  0  0
782  10047  10046  7538  7539  0  0  0  0
15  2524  2523  15  16  0  0  0  0
271  5032  5031  2523  2524  0  0  0  0
527  7540  7539  5031  5032  0  0  0  0
783  10048  10047  7539  7540  0  0  0  0
16  2525  2524  16  17  0  0  0  0
272  5033  5032  2524  2525  0  0  0  0
528  7541  7540  5032  5033  0  0  0  0
784  10049  10048  7540  7541  0  0  0  0
17  2526  2525  17  18  0  0  0  0
273  5034  5033  2525  2526  0  0  0  0
529  7542  7541  5033  5034  0  0  0  0
785  10050  10049  7541  7542  0  0  0  0
18  2527  2526  18  19  0  0  0  0
274  5035  5034  2526  2527  0  0  0  0
530  7543  7542  5034  5035  0  0  0  0
786  10051  10050  7542  7543  0  0  0  0
19  2528  2527  19  20  0  0  0  0
275  5036  5035  2527  2528  0  0  0  0
531  7544  7543  5035  5036  0  0  0  0
787  10052  10051  7543  7544  0  0  0  0
20  2529  2528  20  21  0  0  0  0
276  5037  5036  2528  2529  0  0  0  0
532  7545  7544  5036  5037  0  0  0  0
788  10053  10052  7544  7545  0  0  0  0
21  2530  2529  21  22  0  0  0  0
277  5038  5037  2529  2530  0  0  0  0
533  7546  7545  5037  5038  0  0  0  0
789  10054  10053  7545  7546  0  0  0  0
22  2531  2530  22  23  0  0  0  0
278  5039  5038  2530  2531  0  0  0  0
534  7547  7546  5038  5039  0  0  0  0
790  10055  10054  7546  7547  0  0  0  0
23  2532  2531  23  24  0  0  0  0
279  5040  5039  2531  2532  0  0  0  0
535  7548  7547  5039  5040  0  0  0  0
791  10056  10055  7547  7548  0  0  0  0
24  2533  2532  24  25  0  0  0  0
280  5041  5040  2532  2533  0  0  0  0
536  7549  7548  5040  5041  0  0  0  0
792  10057  10056  7548  7549  0  0  0  0
25  2534  2533  25  26  0  0  0  0
281  5042  5041  2533  2534  0  0  0  0
537  7550  7549  5041  5042  0  0  0  0
793  10058  10057  7549  7550  0  0  0  0
26  2535  2534  26  27  0  0  0  0
282  5043  5042  2534  2535  0  0  0  0
538  7551  7550  5042  5043  0  0  0  0
794  10059  10058  7550  7551  0  0  0  0
27  2536  2535  27  28  0  0  0  0
283  5044  5043  2535  2536  0  0  0  0
539  7552  7551  5043  5044  0  0  0  0
795  10060  10059  7551  7552  0  0  0  0
28  2537  2536  28  29  0  0  0  0
284  5045  5044  2536  2537  0  0  0  0
540  7553  7552  5044  5045  0  0  0  0
796  10061  10060  7552  7553  0  0  0  0
29  2538  2537  29  30  0  0  0  0
285  5046  5045  2537  2538  0  0  0  0
541  7554  7553  5045  5046  0  0  0  0
797  10062  10061  7553  7554  0  0  0  0
30  2539  2538  30  31  0  0  0  0
286  5047  5046  2538  2539  0  0  0  0
542  7555  7554  5046  5047  0  0  0  0
798  10063  10062  7554  7555  0  0  0  0
31  2540  2539  31  32  0  0  0  0
287  5048  5047  2539  2540  0  0  0  0
543  7556  7555  5047  5048  0  0  0  0
799  10064  10063  7555  7556  0  0  0  0
32  2541  2540  32  33  0  0  0  0
288  5049  5048  2540  2541  0  0  0  0
544  7557  7556  5048  5049  0  0  0  0
800  10065  10064  7556  7557  0  0  0  0
33  2542  2541  33  34  0  0  0  0
289  5050  5049  2541  2542  0  0  0  0
545  7558  7557  5049  5050  0  0  0  0
801  10066  10065  7557  7558  0  0  0  0
34  2543  2542  34  35  0  0  0  0
290  5051  5050  2542  2543  0  0  0  0
546  7559  7558  5050  5051  0  0  0  0
802  10067  10066  7558  7559  0  0  0  0
35  2544  2543  35  36  0  0  0  0
291  5052  5051  2543  2544  0  0  0  0
547  7560  7559  5051  5052  0  0  0  0
803  10068  10067  7559  7560  0  0  0  0
36  2545  2544  36  37  0  0  0  0
292  5053  5052  2544  2545  0  0  0  0
548  7561  7560  5052  5053  0  0  0  0
804  10069  10068  7560  7561  0  0  0  0
37  2546  2545  37  38  0  0  0  0
293  5054  5053  2545  2546  0  0  0  0
549  7562  7561  5053  5054  0  0  0  0
805  10070  10069  7561  7562  0  0  0  0
38  2547  2546  38  39  0  0  0  0
294  5055  5054  2546  2547  0  0  0  0
550  7563  7562  5054  5055  0  0  0  0
806  10071  10070  7562  7563  0  0  0  0
39  2548  2547  39  40  0  0  0  0
295  5056  5055  2547  2548  0  0  0  0
551  7564  7563  5055  5056  0  0  0  0
807  10072  10071  7563  7564  0  0  0  0
40  2549  2548  40  41  0  0  0  0
296  5057  5056  2548  2549  0  0  0  0
552  7565  7564  5056  5057  0  0  0  0
808  10073  10072  7564  7565  0  0  0  0
41  2550  2549  41  42  0  0  0  0
297  5058  5057  2549  2550  0  0  0  0
553  7566  7565  5057  5058  0  0  0  0
809  10074  10073  7565  7566  0  0  0  0
42  2551  2550  42  43  0  0  0  0
298  5059  5058  2550  2551  0  0  0  0
554  7567  7566  5058  5059  0  0  0  0
810  10075  10074  7566  7567  0  0  0  0
43  2552  2551  43  44  0  0  0  0
299  5060  5059  2551  2552  0  0  0  0
555  7568  7567  5059  5060  0  0  0  0
811  10076  10075  7567  7568  0  0  0  0
44  2553  2552  44  45  0  0  0  0
300  5061  5060  2552  2553  0  0  0  0
556  7569  7568  5060  5061  0  0  0  0
812  10077  10076  7568  7569  0  0  0  0
45  2554  2553  45  46  0  0  0  0
301  5062  5061  2553  2554  0  0  0  0
557  7570  7569  5061  5062  0  0  0  0
813  10078  10077  7569  7570  0  0  0  0
46  2555  2554  46  47  0  0  0  0
302  5063  5062  2554  2555  0  0  0  0
558  7571  7570  5062  5063  0  0  0  0
814  10079  10078  7570  7571  0  0  0  0
47  2556  2555  47  48  0  0  0  0
303  5064  5063  2555  2556  0  0  0  0
559  7572  7571  5063  5064  0  0  0  0
815  10080  10079  7571  7572  0  0  0  0
48  2557  2556  48  49  0  0  0  0
304  5065  5064  2556  2557  0  0  0  0
560  7573  7572  5064  5065  0  0  0  0
816  10081  10080  7572  7573  0  0  0  0
49  2558  2557  49  50  0  0  0  0
305  5066  5065  2557  2558  0  0  0  0
561  7574  7573  5065  5066  0  0  0  0
817  10082  10081  7573  7574  0  0  0  0
50  2559  2558  50  51  0  0  0  0
306  5067  5066  2558  2559  0  0  0  0
562  7575  7574  5066  5067  0  0  0  0
818  10083  10082  7574  7575  0  0  0  0
51  2560  2559  51  52  0  0  0  0
307  5068  5067  2559  2560  0  0  0  0
563  7576  7575  5067  5068  0  0  0  0
819  10084  10083  7575  7576  0  0  0  0
52  2561  2560  52  53  0  0  0  0
308  5069  5068  2560  2561  0  0  0  0
564  7577  7576  5068  5069  0  0  0  0
820  10085  10084  7576  7577  0  0  0  0
53  2562  2561  53  54  0  0  0  0
309  5070  5069  2561  2562  0  0  0  0
565  7578  7577  5069  5070  0  0  0  0
821  10086  10085  7577  7578  0  0  0  0
54  2563  2562  54  55  0  0  0  0
310  5071  5070  2562  2563  0  0  0  0
566  7579  7578  5070  5071  0  0  0  0
822  10087  10086  7578  7579  0  0  0  0
55  2564  2563  55  56  0  0  0  0
311  5072  5071  2563  2564  0  0  0  0
567  7580  7579  5071  5072  0  0  0  0
823  10088  10087  7579  7580  0  0  0  0
56  2565  2564  56  57  0  0  0  0
312  5073  5072  2564  2565  0  0  0  0
568  7581  7580  5072  5073  0  0  0  0
824  10089  10088  7580  7581  0  0  0  0
57  2566  2565  57  58  0  0  0  0
313  5074  5073  2565  2566  0  0  0  0
569  7582  7581  5073  5074  0  0  0  0
825  10090  10089  7581  7582  0  0  0  0
58  2567  2566  58  59  0  0  0  0
314  5075  5074  2566  2567  0  0  0  0
570  7583  7582  5074  5075  0  0  0  0
826  10091  10090  7582  7583  0  0  0  0
59  2568  2567  59  60  0  0  0  0
315  5076  5075  2567  2568  0  0  0  0
571  7584  7583  5075  5076  0  0  0  0
827  10092  10091  7583  7584  0  0  0  0
60  2569  2568  60  61  0  0  0  0
316  5077  5076  2568  2569  0  0  0  0
572  7585  7584  5076  5077  0  0  0  0
828  10093  10092  7584  7585  0  0  0  0
61  2570  2569  61  62  0  0  0  0
317  5078  5077  2569  2570  0  0  0  0
573  7586  7585  5077  5078  0  0  0  0
829  10094  10093  7585  7586  0  0  0  0
62  2571  2570  62  63  0  0  0  0
318  5079  5078  2570  2571  0  0  0  0
574  7587  7586  5078  5079  0  0  0  0
830  10095  10094  7586  7587  0  0  0  0
63  2572  2571  63  64  0  0  0  0
319  5080  5079  2571  2572  0  0  0  0
575  7588  7587  5079  5080  0  0  0  0
831  10096  10095  7587  7588  0  0  0  0
64  2573  2572  64  65  0  0  0  0
320  5081  5080  2572  2573  0  0  0  0
576  7589  7588  5080  5081  0  0  0  0
832  10097  10096  7588  7589  0  0  0  0
65  2574  2573  65  66  0  0  0  0
321  5082  5081  2573  2574  0  0  0  0
577  7590  7589  5081  5082  0  0  0  0
833  10098  10097  7589  7590  0  0  0  0
66  2575  2574  66  67  0  0  0  0
322  5083  5082  2574  2575  0  0  0  0
578  7591  7590  5082  5083  0  0  0  0
834  10099  10098  7590  7591  0  0  0  0
67  2576  2575  67  68  0  0  0  0
323  5084  5083  2575  2576  0  0  0  0
579  7592  7591  5083  5084  0  0  0  0
835  10100  10099  7591  7592  0  0  0  0
68  2577  2576  68  69  0  0  0  0
324  5085  5084  2576  2577  0  0  0  0
580  7593  7592  5084  5085  0  0  0  0
836  10101  10100  7592  7593  0  0  0  0
69  2578  2577  69  70  0  0  0  0
325  5086  5085  2577  2578  0  0  0  0
581  7594  7593  5085  5086  0  0  0  0
837  10102  10101  7593  7594  0  0  0  0
70  2579  2578  70  71  0  0  0  0
326  5087  5086  2578  2579  0  0  0  0
582  7595  7594  5086  5087  0  0  0  0
838  10103  10102  7594  7595  0  0  0  0
71  2580  2579  71  72  0  0  0  0
327  5088  5087  2579  2580  0  0  0  0
583  7596  7595  5087  5088  0  0  0  0
839  10104  10103  7595  7596  0  0  0  0
72  2581  2580  72  73  0  0  0  0
328  5089  5088  2580  2581  0  0  0  0
584  7597  7596  5088  5089  0  0  0  0
840  10105  10104  7596  7597  0  0  0  0
73  2582  2581  73  74  0  0  0  0
329  5090  5089  2581  2582  0  0  0  0
585  7598  7597  5089  5090  0  0  0  0
841  10106  10105  7597  7598  0  0  0  0
74  2583  2582  74  75  0  0  0  0
330  5091  5090  2582  2583  0  0  0  0
586  7599  7598  5090  5091  0  0  0  0
842  10107  10106  7598  7599  0  0  0  0
75  2584  2583  75  76  0  0  0  0
331  5092  5091  2583  2584  0  0  0  0
587  7600  7599  5091  5092  0  0  0  0
843  10108  10107  7599  7600  0  0  0  0
76  2585  2584  76  77  0  0  0  0
332  5093  5092  2584  2585  0  0  0  0
588  7601  7600  5092  5093  0  0  0  0
844  10109  10108  7600  7601  0  0  0  0
77  2586  2585  77  78  0  0  0  0
333  5094  5093  2585  2586  0  0  0  0
589  7602  7601  5093  5094  0  0  0  0
845  10110  10109  7601  7602  0  0  0  0
78  2587  2586  78  79  0  0  0  0
334  5095  5094  2586  2587  0  0  0  0
590  7603  7602  5094  5095  0  0  0  0
846  10111  10110  7602  7603  0  0  0  0
79  2588  2587  79  80  0  0  0  0
335  5096  5095  2587  2588  0  0  0  0
591  7604  7603  5095  5096  0  0  0  0
847  10112  10111  7603  7604  0  0  0  0
80  2589  2588  80  81  0  0  0  0
336  5097  5096  2588  2589  0  0  0  0
592  7605  7604  5096  5097  0  0  0  0
848  10113  10112  7604  7605  0  0  0  0
81  2590  2589  81  82  0  0  0  0
337  5098  5097  2589  2590  0  0  0  0
593  7606  7605  5097  5098  0  0  0  0
849  10114  10113  7605  7606  0  0  0  0
82  2591  2590  82  83  0  0  0  0
338  5099  5098  2590  2591  0  0  0  0
594  7607  7606  5098  5099  0  0  0  0
850  10115  10114  7606  7607  0  0  0  0
83  2592  2591  83  84  0  0  0  0
339  5100  5099  2591  2592  0  0  0  0
595  7608  7607  5099  5100  0  0  0  0
851  10116  10115  7607  7608  0  0  0  0
84  2593  2592  84  85  0  0  0  0
340  5101  5100  2592  2593  0  0  0  0
596  7609  7608  5100  5101  0  0  0  0
852  10117  10116  7608  7609  0  0  0  0
85  2594  2593  85  86  0  0  0  0
341  5102  5101  2593  2594  0  0  0  0
597  7610  7609  5101  5102  0  0  0  0
853  10118  10117  7609  7610  0  0  0  0
86  2595  2594  86  87  0  0  0  0
342  5103  5102  2594  2595  0  0  0  0
598  7611  7610  5102  5103  0  0  0  0
854  10119  10118  7610  7611  0  0  0  0
87  2596  2595  87  88  0  0  0  0
343  5104  5103  2595  2596  0  0  0  0
599  7612  7611  5103  5104  0  0  0  0
855  10120  10119  7611  7612  0  0  0  0
88  2597  2596  88  89  0  0  0  0
344  5105  5104  2596  2597  0  0  0  0
600  7613  7612  5104  5105  0  0  0  0
856  10121  10120  7612  7613  0  0  0  0
89  2598  2597  89  90  0  0  0  0
345  5106  5105  2597  2598  0  0  0  0
601  7614  7613  5105  5106  0  0  0  0
857  10122  10121  7613  7614  0  0  0  0
90  2599  2598  90  91  0  0  0  0
346  5107  5106  2598  2599  0  0  0  0
602  7615  7614  5106  5107  0  0  0  0
858  10123  10122  7614  7615  0  0  0  0
91  2600  2599  91  92  0  0  0  0
347  5108  5107  2599  2600  0  0  0  0
603  7616  7615  5107  5108  0  0  0  0
859  10124  10123  7615  7616  0  0  0  0
92  2601  2600  92  93  0  0  0  0
348  5109  5108  2600  2601  0  0  0  0
604  7617  7616  5108  5109  0  0  0  0
860  10125  10124  7616  7617  0  0  0  0
93  2602  2601  93  94  0  0  0  0
349  5110  5109  2601  2602  0  0  0  0
605  7618  7617  5109  5110  0  0  0  0
861  10126  10125  7617  7618  0  0  0  0
94  2603  2602  94  95  0  0  0  0
350  5111  5110  2602  2603  0  0  0  0
606  7619  7618  5110  5111  0  0  0  0
862  10127  10126  7618  7619  0  0  0  0
95  2604  2603  95  96  0  0  0  0
351  5112  5111  2603  2604  0  0  0  0
607  7620  7619  5111  5112  0  0  0  0
863  10128  10127  7619  7620  0  0  0  0
96  2605  2604  96  97  0  0  0  0
352  5113  5112  2604  2605  0  0  0  0
608  7621  7620  5112  5113  0  0  0  0
864  10129  10128  7620  7621  0  0  0  0
97  2606  2605  97  98  0  0  0  0
353  5114  5113  2605  2606  0  0  0  0
609  7622  7621  5113  5114  0  0  0  0
865  10130  10129  7621  7622  0  0  0  0
98  2607  2606  98  99  0  0  0  0
354  5115  5114  2606  2607  0  0  0  0
610  7623  7622  5114  5115  0  0  0  0
866  10131  10130  7622  7623  0  0  0  0
99  2608  2607  99  100  0  0  0  0
355  5116  5115  2607  2608  0  0  0  0
611  7624  7623  5115  5116  0  0  0  0
867  10132  10131  7623  7624  0  0  0  0
100  2609  2608  100  101  0  0  0  0
356  5117  5116  2608  2609  0  0  0  0
612  7625  7624  5116  5117  0  0  0  0
868  10133  10132  7624  7625  0  0  0  0
101  2610  2609  101  102  0  0  0  0
357  5118  5117  2609  2610  0  0  0  0
613  7626  7625  5117  5118  0  0  0  0
869  10134  10133  7625  7626  0  0  0  0
102  2611  2610  102  103  0  0  0  0
358  5119  5118  2610  2611  0  0  0  0
614  7627  7626  5118  5119  0  0  0  0
870  10135  10134  7626  7627  0  0  0  0
103  2612  2611  103  104  0  0  0  0
359  5120  5119  2611  2612  0  0  0  0
615  7628  7627  5119  5120  0  0  0  0
871  10136  10135  7627  7628  0  0  0  0
104  2613  2612  104  105  0  0  0  0
360  5121  5120  2612  2613  0  0  0  0
616  7629  7628  5120  5121  0  0  0  0
872  10137  10136  7628  7629  0  0  0  0
105  2614  2613  105  106  0  0  0  0
361  5122  5121  2613  2614  0  0  0  0
617  7630  7629  5121  5122  0  0  0  0
873  10138  10137  7629  7630  0  0  0  0
106  2615  2614  106  107  0  0  0  0
362  5123  5122  2614  2615  0  0  0  0
618  7631  7630  5122  5123  0  0  0  0
874  10139  10138  7630  7631  0  0  0  0
107  2616  2615  107  108  0  0  0  0
363  5124  5123  2615  2616  0  0  0  0
619  7632  7631  5123  5124  0  0  0  0
875  10140  10139  7631  7632  0  0  0  0
108  2617  2616  108  109  0  0  0  0
364  5125  5124  2616  2617  0  0  0  0
620  7633  7632  5124  5125  0  0  0  0
876  10141  10140  7632  7633  0  0  0  0
109  2618  2617  109  110  0  0  0  0
365  5126  5125  2617  2618  0  0  0  0
621  7634  7633  5125  5126  0  0  0  0
877  10142  10141  7633  7634  0  0  0  0
110  2619  2618  110  111  0  0  0  0
366  5127  5126  2618  2619  0  0  0  0
622  7635  7634  5126  5127  0  0  0  0
878  10143  10142  7634  7635  0  0  0  0
111  2620  2619  111  112  0  0  0  0
367  5128  5127  2619  2620  0  0  0  0
623  7636  7635  5127  5128  0  0  0  0
879  10144  10143  7635  7636  0  0  0  0
112  2621  2620  112  113  0  0  0  0
368  5129  5128  2620  2621  0  0  0  0
624  7637  7636  5128  5129  0  0  0  0
880  10145  10144  7636  7637  0  0  0  0
113  2622  2621  113  114  0  0  0  0
369  5130  5129  2621  2622  0  0  0  0
625  7638  7637  5129  5130  0  0  0  0
881  10146  10145  7637  7638  0  0  0  0
114  2623  2622  114  115  0  0  0  0
370  5131  5130  2622  2623  0  0  0  0
626  7639  7638  5130  5131  0  0  0  0
882  10147  10146  7638  7639  0  0  0  0
115  2624  2623  115  116  0  0  0  0
371  5132  5131  2623  2624  0  0  0  0
627  7640  7639  5131  5132  0  0  0  0
883  10148  10147  7639  7640  0  0  0  0
116  2625  2624  116  117  0  0  0  0
372  5133  5132  2624  2625  0  0  0  0
628  7641  7640  5132  5133  0  0  0  0
884  10149  10148  7640  7641  0  0  0  0
117  2626  2625  117  118  0  0  0  0
373  5134  5133  2625  2626  0  0  0  0
629  7642  7641  5133  5134  0  0  0  0
885  10150  10149  7641  7642  0  0  0  0
118  2627  2626  118  119  0  0  0  0
374  5135  5134  2626  2627  0  0  0  0
630  7643  7642  5134  5135  0  0  0  0
886  10151  10150  7642  7643  0  0  0  0
119  2628  2627  119  120  0  0  0  0
375  5136  5135  2627  2628  0  0  0  0
631  7644  7643  5135  5136  0  0  0  0
887  10152  10151  7643  7644  0  0  0  0
120  2629  2628  120  121  0  0  0  0
376  5137  5136  2628  2629  0  0  0  0
632  7645  7644  5136  5137  0  0  0  0
888  10153  10152  7644  7645  0  0  0  0
121  2630  2629  121  122  0  0  0  0
377  5138  5137  2629  2630  0  0  0  0
633  7646  7645  5137  5138  0  0  0  0
889  10154  10153  7645  7646  0  0  0  0
122  2631  2630  122  123  0  0  0  0
378  5139  5138  2630  2631  0  0  0  0
634  7647  7646  5138  5139  0  0  0  0
890  10155  10154  7646  7647  0  0  0  0
123  2632  2631  123  124  0  0  0  0
379  5140  5139  2631  2632  0  0  0  0
635  7648  7647  5139  5140  0  0  0  0
891  10156  10155  7647  7648  0  0  0  0
124  2633  2632  124  125  0  0  0  0
380  5141  5140  2632  2633  0  0  0  0
636  7649  7648  5140  5141  0  0  0  0
892  10157  10156  7648  7649  0  0  0  0
125  2634  2633  125  126  0  0  0  0
381  5142  5141  2633  2634  0  0  0  0
637  7650  7649  5141  5142  0  0  0  0
893  10158  10157  7649  7650  0  0  0  0
126  2635  2634  126  127  0  0  0  0
382  5143  5142  2634  2635  0  0  0  0
638  7651  7650  5142  5143  0  0  0  0
894  10159  10158  7650  7651  0  0  0  0
127  2636  2635  127  128  0  0  0  0
383  5144  5143  2635  2636  0  0  0  0
639  7652  7651  5143  5144  0  0  0  0
895  10160  10159  7651  7652  0  0  0  0
128  2637  2636  128  129  0  0  0  0
384  5145  5144  2636  2637  0  0  0  0
640  7653  7652  5144  5145  0  0  0  0
896  10161  10160  7652  7653  0  0  0  0
129  2638  2637  129  130  0  0  0  0
385  5146  5145  2637  2638  0  0  0  0
641  7654  7653  5145  5146  0  0  0  0
897  10162  10161  7653  7654  0  0  0  0
130  2639  2638  130  131  0  0  0  0
386  5147  5146  2638  2639  0  0  0  0
642  7655  7654  5146  5147  0  0  0  0
898  10163  10162  7654  7655  0  0  0  0
131  2640  2639  131  132  0  0  0  0
387  5148  5147  2639  2640  0  0  0  0
643  7656  7655  5147  5148  0  0  0  0
899  10164  10163  7655  7656  0  0  0  0
132  2641  2640  132  133  0  0  0  0
388  5149  5148  2640  2641  0  0  0  0
644  7657  7656  5148  5149  0  0  0  0
900  10165  10164  7656  7657  0  0  0  0
133  2642  2641  133  134  0  0  0  0
389  5150  5149  2641  2642  0  0  0  0
645  7658  7657  5149  5150  0  0  0  0
901  10166  10165  7657  7658  0  0  0  0
134  2643  2642  134  135  0  0  0  0
390  5151  5150  2642  2643  0  0  0  0
646  7659  7658  5150  5151  0  0  0  0
902  10167  10166  7658  7659  0  0  0  0
135  2644  2643  135  136  0  0  0  0
391  5152  5151  2643  2644  0  0  0  0
647  7660  7659  5151  5152  0  0  0  0
903  10168  10167  7659  7660  0  0  0  0
136  2645  2644  136  137  0  0  0  0
392  5153  5152  2644  2645  0  0  0  0
648  7661  7660  5152  5153  0  0  0  0
904  10169  10168  7660  7661  0  0  0  0
137  2646  2645  137  138  0  0  0  0
393  5154  5153  2645  2646  0  0  0  0
649  7662  7661  5153  5154  0  0  0  0
905  10170  10169  7661  7662  0  0  0  0
138  2647  2646  138  139  0  0  0  0
394  5155  5154  2646  2647  0  0  0  0
650  7663  7662  5154  5155  0  0  0  0
906  10171  10170  7662  7663  0  0  0  0
139  2648  2647  139  140  0  0  0  0
395  5156  5155  2647  2648  0  0  0  0
651  7664  7663  5155  5156  0  0  0  0
907  10172  10171  7663  7664  0  0  0  0
140  2649  2648  140  141  0  0  0  0
396  5157  5156  2648  2649  0  0  0  0
652  7665  7664  5156  5157  0  0  0  0
908  10173  10172  7664  7665  0  0  0  0
141  2650  2649  141  142  0  0  0  0
397  5158  5157  2649  2650  0  0  0  0
653  7666  7665  5157  5158  0  0  0  0
909  10174  10173  7665  7666  0  0  0  0
142  2651  2650  142  143  0  0  0  0
398  5159  5158  2650  2651  0  0  0  0
654  7667  7666  5158  5159  0  0  0  0
910  10175  10174  7666  7667  0  0  0  0
143  2652  2651  143  144  0  0  0  0
399  5160  5159  2651  2652  0  0  0  0
655  7668  7667  5159  5160  0  0  0  0
911  10176  10175  7667  7668  0  0  0  0
144  2653  2652  144  145  0  0  0  0
400  5161  5160  2652  2653  0  0  0  0
656  7669  7668  5160  5161  0  0  0  0
912  10177  10176  7668  7669  0  0  0  0
145  2654  2653  145  146  0  0  0  0
401  5162  5161  2653  2654  0  0  0  0
657  7670  7669  5161  5162  0  0  0  0
913  10178  10177  7669  7670  0  0  0  0
146  2655  2654  146  147  0  0  0  0
402  5163  5162  2654  2655  0  0  0  0
658  7671  7670  5162  5163  0  0  0  0
914  10179  10178  7670  7671  0  0  0  0
147  2656  2655  147  148  0  0  0  0
403  5164  5163  2655  2656  0  0  0  0
659  7672  7671  5163  5164  0  0  0  0
915  10180  10179  7671  7672  0  0  0  0
148  2657  2656  148  149  0  0  0  0
404  5165  5164  2656  2657  0  0  0  0
660  7673  7672  5164  5165  0  0  0  0
916  10181  10180  7672  7673  0  0  0  0
149  2658  2657  149  150  0  0  0  0
405  5166  5165  2657  2658  0  0  0  0
661  7674  7673  5165  5166  0  0  0  0
917  10182  10181  7673  7674  0  0  0  0
150  2659  2658  150  151  0  0  0  0
406  5167  5166  2658  2659  0  0  0  0
662  7675  7674  5166  5167  0  0  0  0
918  10183  10182  7674  7675  0  0  0  0
151  2660  2659  151  152  0  0  0  0
407  5168  5167  2659  2660  0  0  0  0
663  7676  7675  5167  5168  0  0  0  0
919  10184  10183  7675  7676  0  0  0  0
152  2661  2660  152  153  0  0  0  0
408  5169  5168  2660  2661  0  0  0  0
664  7677  7676  5168  5169  0  0  0  0
920  10185  10184  7676  7677  0  0  0  0
153  2662  2661  153  154  0  0  0  0
409  5170  5169  2661  2662  0  0  0  0
665  7678  7677  5169  5170  0  0  0  0
921  10186  10185  7677  7678  0  0  0  0
154  2663  2662  154  155  0  0  0  0
410  5171  5170  2662  2663  0  0  0  0
666  7679  7678  5170  5171  0  0  0  0
922  10187  10186  7678  7679  0  0  0  0
155  2664  2663  155  156  0  0  0  0
411  5172  5171  2663  2664  0  0  0  0
667  7680  7679  5171  5172  0  0  0  0
923  10188  10187  7679  7680  0  0  0  0
156  2665  2664  156  157  0  0  0  0
412  5173  5172  2664  2665  0  0  0  0
668  7681  7680  5172  5173  0  0  0  0
924  10189  10188  7680  7681  0  0  0  0
157  2666  2665  157  158  0  0  0  0
413  5174  5173  2665  2666  0  0  0  0
669  7682  7681  5173  5174  0  0  0  0
925  10190  10189  7681  7682  0  0  0  0
158  2667  2666  158  159  0  0  0  0
414  5175  5174  2666  2667  0  0  0  0
670  7683  7682  5174  5175  0  0  0  0
926  10191  10190  7682  7683  0  0  0  0
159  2668  2667  159  160  0  0  0  0
415  5176  5175  2667  2668  0  0  0  0
671  7684  7683  5175  5176  0  0  0  0
927  10192  10191  7683  7684  0  0  0  0
160  2669  2668  160  161  0  0  0  0
416  5177  5176  2668  2669  0  0  0  0
672  7685  7684  5176  5177  0  0  0  0
928  10193  10192  7684  7685  0  0  0  0
161  2670  2669  161  162  0  0  0  0
417  5178  5177  2669  2670  0  0  0  0
673  7686  7685  5177  5178  0  0  0  0
929  10194  10193  7685  7686  0  0  0  0
162  2671  2670  162  163  0  0  0  0
418  5179  5178  2670  2671  0  0  0  0
674  7687  7686  5178  5179  0  0  0  0
930  10195  10194  7686  7687  0  0  0  0
163  2672  2671  163  164  0  0  0  0
419  5180  5179  2671  2672  0  0  0  0
675  7688  7687  5179  5180  0  0  0  0
931  10196  10195  7687  7688  0  0  0  0
164  2673  2672  164  165  0  0  0  0
420  5181  5180  2672  2673  0  0  0  0
676  7689  7688  5180  5181  0  0  0  0
932  10197  10196  7688  7689  0  0  0  0
165  2674  2673  165  166  0  0  0  0
421  5182  5181  2673  2674  0  0  0  0
677  7690  7689  5181  5182  0  0  0  0
933  10198  10197  7689  7690  0  0  0  0
166  2675  2674  166  167  0  0  0  0
422  5183  5182  2674  2675  0  0  0  0
678  7691  7690  5182  5183  0  0  0  0
934  10199  10198  7690  7691  0  0  0  0
167  2676  2675  167  168  0  0  0  0
423  5184  5183  2675  2676  0  0  0  0
679  7692  7691  5183  5184  0  0  0  0
935  10200  10199  7691  7692  0  0  0  0
168  2677  2676  168  169  0  0  0  0
424  5185  5184  2676  2677  0  0  0  0
680  7693  7692  5184  5185  0  0  0  0
936  10201  10200  7692  7693  0  0  0  0
169  2678  2677  169  170  0  0  0  0
425  5186  5185  2677  2678  0  0  0  0
681  7694  7693  5185  5186  0  0  0  0
937  10202  10201  7693  7694  0  0  0  0
170  2679  2678  170  171  0  0  0  0
426  5187  5186  2678  2679  0  0  0  0
682  7695  7694  5186  5187  0  0  0  0
938  10203  10202  7694  7695  0  0  0  0
171  2680  2679  171  172  0  0  0  0
427  5188  5187  2679  2680  0  0  0  0
683  7696  7695  5187  5188  0  0  0  0
939  10204  10203  7695  7696  0  0  0  0
172  2681  2680  172  173  0  0  0  0
428  5189  5188  2680  2681  0  0  0  0
684  7697  7696  5188  5189  0  0  0  0
940  10205  10204  7696  7697  0  0  0  0
173  2682  2681  173  174  0  0  0  0
429  5190  5189  2681  2682  0  0  0  0
685  7698  7697  5189  5190  0  0  0  0
941  10206  10205  7697  7698  0  0  0  0
174  2683  2682  174  175  0  0  0  0
430  5191  5190  2682  2683  0  0  0  0
686  7699  7698  5190  5191  0  0  0  0
942  10207  10206  7698  7699  0  0  0  0
175  2684  2683  175  176  0  0  0  0
431  5192  5191  2683  2684  0  0  0  0
687  7700  7699  5191  5192  0  0  0  0
943  10208  10207  7699  7700  0  0  0  0
176  2685  2684  176  177  0  0  0  0
432  5193  5192  2684  2685  0  0  0  0
688  7701  7700  5192  5193  0  0  0  0
944  10209  10208  7700  7701  0  0  0  0
177  2686  2685  177  178  0  0  0  0
433  5194  5193  2685  2686  0  0  0  0
689  7702  7701  5193  5194  0  0  0  0
945  10210  10209  7701  7702  0  0  0  0
178  2687  2686  178  179  0  0  0  0
434  5195  5194  2686  2687  0  0  0  0
690  7703  7702  5194  5195  0  0  0  0
946  10211  10210  7702  7703  0  0  0  0
179  2688  2687  179  180  0  0  0  0
435  5196  5195  2687  2688  0  0  0  0
691  7704  7703  5195  5196  0  0  0  0
947  10212  10211  7703  7704  0  0  0  0
180  2689  2688  180  181  0  0  0  0
436  5197  5196  2688  2689  0  0  0  0
692  7705  7704  5196  5197  0  0  0  0
948  10213  10212  7704  7705  0  0  0  0
181  2690  2689  181  182  0  0  0  0
437  5198  5197  2689  2690  0  0  0  0
693  7706  7705  5197  5198  0  0  0  0
949  10214  10213  7705  7706  0  0  0  0
182  2691  2690  182  183  0  0  0  0
438  5199  5198  2690  2691  0  0  0  0
694  7707  7706  5198  5199  0  0  0  0
950  10215  10214  7706  7707  0  0  0  0
183  2692  2691  183  184  0  0  0  0
439  5200  5199  2691  2692  0  0  0  0
695  7708  7707  5199  5200  0  0  0  0
951  10216  10215  7707  7708  0  0  0  0
184  2693  2692  184  185  0  0  0  0
440  5201  5200  2692  2693  0  0  0  0
696  7709  7708  5200  5201  0  0  0  0
952  10217  10216  7708  7709  0  0  0  0
185  2694  2693  185  186  0  0  0  0
441  5202  5201  2693  2694  0  0  0  0
697  7710  7709  5201  5202  0  0  0  0
953  10218  10217  7709  7710  0  0  0  0
186  2695  2694  186  187  0  0  0  0
442  5203  5202  2694  2695  0  0  0  0
698  7711  7710  5202  5203  0  0  0  0
954  10219  10218  7710  7711  0  0  0  0
187  2696  2695  187  188  0  0  0  0
443  5204  5203  2695  2696  0  0  0  0
699  7712  7711  5203  5204  0  0  0  0
955  10220  10219  7711  7712  0  0  0  0
188  2697  2696  188  189  0  0  0  0
444  5205  5204  2696  2697  0  0  0  0
700  7713  7712  5204  5205  0  0  0  0
956  10221  10220  7712  7713  0  0  0  0
189  2698  2697  189  190  0  0  0  0
445  5206  5205  2697  2698  0  0  0  0
701  7714  7713  5205  5206  0  0  0  0
957  10222  10221  7713  7714  0  0  0  0
190  2699  2698  190  191  0  0  0  0
446  5207  5206  2698  2699  0  0  0  0
702  7715  7714  5206  5207  0  0  0  0
958  10223  10222  7714  7715  0  0  0  0
191  2700  2699  191  192  0  0  0  0
447  5208  5207  2699  2700  0  0  0  0
703  7716  7715  5207  5208  0  0  0  0
959  10224  10223  7715  7716  0  0  0  0
192  2701  2700  192  193  0  0  0  0
448  5209  5208  2700  2701  0  0  0  0
704  7717  7716  5208  5209  0  0  0  0
960  10225  10224  7716  7717  0  0  0  0
193  2702  2701  193  194  0  0  0  0
449  5210  5209  2701  2702  0  0  0  0
705  7718  7717  5209  5210  0  0  0  0
961  10226  10225  7717  7718  0  0  0  0
194  2703  2702  194  195  0  0  0  0
450  5211  5210  2702  2703  0  0  0  0
706  7719  7718  5210  5211  0  0  0  0
962  10227  10226  7718  7719  0  0  0  0
195  2704  2703  195  196  0  0  0  0
451  5212  5211  2703  2704  0  0  0  0
707  7720  7719  5211  5212  0  0  0  0
963  10228  10227  7719  7720  0  0  0  0
196  2705  2704  196  197  0  0  0  0
452  5213  5212  2704  2705  0  0  0  0
708  7721  7720  5212  5213  0  0  0  0
964  10229  10228  7720  7721  0  0  0  0
197  2509  2705  197  1  0  0  0  0
453  5017  5213  2705  2509  0  0  0  0
709  7525  7721  5213  5017  0  0  0  0
965  10033  10229  7721  7525  0  0  0  0
198  2706  2650  142  198  0  0  0  0
454  5214  5158  2650  2706  0  0  0  0
710  7722  7666  5158  5214  0  0  0  0
966  10230  10174  7666  7722  0  0  0  0
199  2707  2706  198  199  0  0  0  0
455  5215  5214  2706  2707  0  0  0  0
711  7723  7722  5214  5215  0  0  0  0
967  10231  10230  7722  7723  0  0  0  0
200  2708  2707  199  200  0  0  0  0
456  5216  5215  2707  2708  0  0  0  0
712  7724  7723  5215  5216  0  0  0  0
968  10232  10231  7723  7724  0  0  0  0
201  2709  2708  200  201  0  0  0  0
457  5217  5216  2708  2709  0  0  0  0
713  7725  7724  5216  5217  0  0  0  0
969  10233  10232  7724  7725  0  0  0  0
202  2710  2709  201  202  0  0  0  0
458  5218  5217  2709  2710  0  0  0  0
714  7726  7725  5217  5218  0  0  0  0
970  10234  10233  7725  7726  0  0  0  0
203  2711  2710  202  203  0  0  0  0
459  5219  5218  2710  2711  0  0  0  0
715  7727  7726  5218  5219  0  0  0  0
971  10235  10234  7726  7727  0  0  0  0
204  2712  2711  203  204  0  0  0  0
460  5220  5219  2711  2712  0  0  0  0
716  7728  7727  5219  5220  0  0  0  0
972  10236  10235  7727  7728  0  0  0  0
205  2713  2712  204  205  0  0  0  0
461  5221  5220  2712  2713  0  0  0  0
717  7729  7728  5220  5221  0  0  0  0
973  10237  10236  7728  7729  0  0  0  0
206  2714  2713  205  206  0  0  0  0
462  5222  5221  2713  2714  0  0  0  0
718  7730  7729  5221  5222  0  0  0  0
974  10238  10237  7729  7730  0  0  0  0
207  2715  2714  206  207  0  0  0  0
463  5223  5222  2714  2715  0  0  0  0
719  7731  7730  5222  5223  0  0  0  0
975  10239  10238  7730  7731  0  0  0  0
208  2716  2715  207  208  0  0  0  0
464  5224  5223  2715  2716  0  0  0  0
720  7732  7731  5223  5224  0  0  0  0
976  10240  10239  7731  7732  0  0  0  0
209  2717  2716  208  209  0  0  0  0
465  5225  5224  2716  2717  0  0  0  0
721  7733  7732  5224  5225  0  0  0  0
977  10241  10240  7732  7733  0  0  0  0
210  2718  2717  209  210  0  0  0  0
466  5226  5225  2717  2718  0  0  0  0
722  7734  7733  5225  5226  0  0  0  0
978  10242  10241  7733  7734  0  0  0  0
211  2719  2718  210  211  0  0  0  0
467  5227  5226  2718  2719  0  0  0  0
723  7735  7734  5226  5227  0  0  0  0
979  10243  10242  7734  7735  0  0  0  0
212  2720  2719  211  212  0  0  0  0
468  5228  5227  2719  2720  0  0  0  0
724  7736  7735  5227  5228  0  0  0  0
980  10244  10243  7735  7736  0  0  0  0
213  2721  2720  212  213  0  0  0  0
469  5229  5228  2720  2721  0  0  0  0
725  7737  7736  5228  5229  0  0  0  0
981  10245  10244  7736  7737  0  0  0  0
214  2722  2721  213  214  0  0  0  0
470  5230  5229  2721  2722  0  0  0  0
726  7738  7737  5229  5230  0  0  0  0
982  10246  10245  7737  7738  0  0  0  0
215  2723  2722  214  215  0  0  0  0
471  5231  5230  2722  2723  0  0  0  0
727  7739  7738  5230  5231  0  0  0  0
983  10247  10246  7738  7739  0  0  0  0
216  2724  2723  215  216  0  0  0  0
472  5232  5231  2723  2724  0  0  0  0
728  7740  7739  5231  5232  0  0  0  0
984  10248  10247  7739  7740  0  0  0  0
217  2725  2724  216  217  0  0  0  0
473  5233  5232  2724  2725  0  0  0  0
729  7741  7740  5232  5233  0  0  0  0
985  10249  10248  7740  7741  0  0  0  0
218  2726  2725  217  218  0  0  0  0
474  5234  5233  2725  2726  0  0  0  0
730  7742  7741  5233  5234  0  0  0  0
986  10250  10249  7741  7742  0  0  0  0
219  2727  2726  218  219  0  0  0  0
475  5235  5234  2726  2727  0  0  0  0
731  7743  7742  5234  5235  0  0  0  0
987  10251  10250  7742  7743  0  0  0  0
220  2728  2727  219  220  0  0  0  0
476  5236  5235  2727  2728  0  0  0  0
732  7744  7743  5235  5236  0  0  0  0
988  10252  10251  7743  7744  0  0  0  0
221  2729  2728  220  221  0  0  0  0
477  5237  5236  2728  2729  0  0  0  0
733  7745  7744  5236  5237  0  0  0  0
989  10253  10252  7744  7745  0  0  0  0
222  2730  2729  221  222  0  0  0  0
478  5238  5237  2729  2730  0  0  0  0
734  7746  7745  5237  5238  0  0  0  0
990  10254  10253  7745  7746  0  0  0  0
223  2731  2730  222  223  0  0  0  0
479  5239  5238  2730  2731  0  0  0  0
735  7747  7746  5238  5239  0  0  0  0
991  10255  10254  7746  7747  0  0  0  0
224  2732  2731  223  224  0  0  0  0
480  5240  5239  2731  2732  0  0  0  0
736  7748  7747  5239  5240  0  0  0  0
992  10256  10255  7747  7748  0  0  0  0
225  2733  2732  224  225  0  0  0  0
481  5241  5240  2732  2733  0  0  0  0
737  7749  7748  5240  5241  0  0  0  0
993  10257  10256  7748  7749  0  0  0  0
226  2564  2733  225  56  0  0  0  0
482  5072  5241  2733  2564  0  0  0  0
738  7580  7749  5241  5072  0  0  0  0
994  10088  10257  7749  7580  0  0  0  0
227  2734  2637  129  226  0  0  0  0
483  5242  5145  2637  2734  0  0  0  0
739  7750  7653  5145  5242  0  0  0  0
995  10258  10161  7653  7750  0  0  0  0
228  2735  2734  226  227  0  0  0  0
484  5243  5242  2734  2735  0  0  0  0
740  7751  7750  5242  5243  0  0  0  0
996  10259  10258  7750  7751  0  0  0  0
229  2736  2735  227  228  0  0  0  0
485  5244  5243  2735  2736  0  0  0  0
741  7752  7751  5243  5244  0  0  0  0
997  10260  10259  7751  7752  0  0  0  0
230  2737  2736  228  229  0  0  0  0
486  5245  5244  2736  2737  0  0  0  0
742  7753  7752  5244  5245  0  0  0  0
998  10261  10260  7752  7753  0  0  0  0
231  2738  2737  229  230  0  0  0  0
487  5246  5245  2737  2738  0  0  0  0
743  7754  7753  5245  5246  0  0  0  0
999  10262  10261  7753  7754  0  0  0  0
232  2739  2738  230  231  0  0  0  0
488  5247  5246  2738  2739  0  0  0  0
744  7755  7754  5246  5247  0  0  0  0
1000  10263  10262  7754  7755  0  0  0  0
233  2740  2739  231  232  0  0  0  0
489  5248  5247  2739  2740  0  0  0  0
745  7756  7755  5247  5248  0  0  0  0
1001  10264  10263  7755  7756  0  0  0  0
234  2741  2740  232  233  0  0  0  0
490  5249  5248  2740  2741  0  0  0  0
746  7757  7756  5248  5249  0  0  0  0
1002  10265  10264  7756  7757  0  0  0  0
235  2742  2741  233  234  0  0  0  0
491  5250  5249  2741  2742  0  0  0  0
747  7758  7757  5249  5250  0  0  0  0
1003  10266  10265  7757  7758  0  0  0  0
236  2743  2742  234  235  0  0  0  0
492  5251  5250  2742  2743  0  0  0  0
748  7759  7758  5250  5251  0  0  0  0
1004  10267  10266  7758  7759  0  0  0  0
237  2744  2743  235  236  0  0  0  0
493  5252  5251  2743  2744  0  0  0  0
749  7760  7759  5251  5252  0  0  0  0
1005  10268  10267  7759  7760  0  0  0  0
238  2745  2744  236  237  0  0  0  0
494  5253  5252  2744  2745  0  0  0  0
750  7761  7760  5252  5253  0  0  0  0
1006  10269  10268  7760  7761  0  0  0  0
239  2746  2745  237  238  0  0  0  0
495  5254  5253  2745  2746  0  0  0  0
751  7762  7761  5253  5254  0  0  0  0
1007  10270  10269  7761  7762  0  0  0  0
240  2747  2746  238  239  0  0  0  0
496  5255  5254  2746  2747  0  0  0  0
752  7763  7762  5254  5255  0  0  0  0
1008  10271  10270  7762  7763  0  0  0  0
241  2748  2747  239  240  0  0  0  0
497  5256  5255  2747  2748  0  0  0  0
753  7764  7763  5255  5256  0  0  0  0
1009  10272  10271  7763  7764  0  0  0  0
242  2749  2748  240  241  0  0  0  0
498  5257  5256  2748  2749  0  0  0  0
754  7765  7764  5256  5257  0  0  0  0
1010  10273  10272  7764  7765  0  0  0  0
243  2750  2749  241  242  0  0  0  0
499  5258  5257  2749  2750  0  0  0  0
755  7766  7765  5257  5258  0  0  0  0
1011  10274  10273  7765  7766  0  0  0  0
244  2751  2750  242  243  0  0  0  0
500  5259  5258  2750  2751  0  0  0  0
756  7767  7766  5258  5259  0  0  0  0
1012  10275  10274  7766  7767  0  0  0  0
245  2752  2751  243  244  0  0  0  0
501  5260  5259  2751  2752  0  0  0  0
757  7768  7767  5259  5260  0  0  0  0
1013  10276  10275  7767  7768  0  0  0  0
246  2753  2752  244  245  0  0  0  0
502  5261  5260  2752  2753  0  0  0  0
758  7769  7768  5260  5261  0  0  0  0
1014  10277  10276  7768  7769  0  0  0  0
247  2754  2753  245  246  0  0  0  0
503  5262  5261  2753  2754  0  0  0  0
759  7770  7769  5261  5262  0  0  0  0
1015  10278  10277  7769  7770  0  0  0  0
248  2755  2754  246  247  0  0  0  0
504  5263  5262  2754  2755  0  0  0  0
760  7771  7770  5262  5263  0  0  0  0
1016  10279  10278  7770  7771  0  0  0  0
249  2756  2755  247  248  0  0  0  0
505  5264  5263  2755  2756  0  0  0  0
761  7772  7771  5263  5264  0  0  0  0
1017  10280  10279  7771  7772  0  0  0  0
250  2757  2756  248  249  0  0  0  0
506  5265  5264  2756  2757  0  0  0  0
762  7773  7772  5264  5265  0  0  0  0
1018  10281  10280  7772  7773  0  0  0  0
251  2758  2757  249  250  0  0  0  0
507  5266  5265  2757  2758  0  0  0  0
763  7774  7773  5265  5266  0  0  0  0
1019  10282  10281  7773  7774  0  0  0  0
252  2759  2758  250  251  0  0  0  0
508  5267  5266  2758  2759  0  0  0  0
764  7775  7774  5266  5267  0  0  0  0
1020  10283  10282  7774  7775  0  0  0  0
253  2760  2759  251  252  0  0  0  0
509  5268  5267  2759  2760  0  0  0  0
765  7776  7775  5267  5268  0  0  0  0
1021  10284  10283  7775  7776  0  0  0  0
254  2761  2760  252  253  0  0  0  0
510  5269  5268  2760  2761  0  0  0  0
766  7777  7776  5268  5269  0  0  0  0
1022  10285  10284  7776  7777  0  0  0  0
255  2762  2761  253  254  0  0  0  0
511  5270  5269  2761  2762  0  0  0  0
767  7778  7777  5269  5270  0  0  0  0
1023  10286  10285  7777  7778  0  0  0  0
256  2577  2762  254  69  0  0  0  0
512  5085  5270  2762  2577  0  0  0  0
768  7593  7778  5270  5085  0  0  0  0
1024  10101  10286  7778  7593  0  0  0  0
