1  3  0  2.01527
230  5  0  2.01504
459  1  0  2.01325
688  5  0  -177.98
2  3  0  0.735913
231  5  0  0.735942
460  1  0  0.736004
689  5  0  0.736066
3  3  0  -0.417723
232  5  0  -0.417687
461  1  0  -0.417608
690  5  0  -0.41753
4  3  0  -1.38882
233  5  0  -1.3888
462  1  0  -1.38874
691  5  0  -1.38869
5  3  0  -2.20764
234  5  0  -2.20763
463  1  0  -2.20762
692  5  0  -2.20761
6  3  0  -2.99725
235  5  0  -2.99723
464  1  0  -2.99718
693  5  0  -2.99714
7  3  0  -3.6314
236  5  0  -3.63141
465  1  0  -3.63142
694  5  0  -3.63143
8  3  0  -4.31077
237  5  0  -4.31076
466  1  0  -4.31073
695  5  0  -4.3107
9  3  0  -4.87695
238  5  0  -4.87694
467  1  0  -4.87694
696  5  0  -4.87693
10  3  0  -5.41612
239  5  0  -5.41612
468  1  0  -5.41612
697  5  0  -5.41612
11  3  0  -5.97071
240  5  0  -5.9707
469  1  0  -5.97068
698  5  0  -5.97066
12  3  0  -6.41348
241  5  0  -6.41348
470  1  0  -6.41348
699  5  0  -6.41347
13  3  0  -6.83521
242  5  0  -6.83521
471  1  0  -6.83522
700  5  0  -6.83522
14  3  0  -7.27015
243  5  0  -7.27015
472  1  0  -7.27014
701  5  0  -7.27013
15  3  0  -7.64232
244  5  0  -7.64232
473  1  0  -7.6423
702  5  0  -7.64229
16  3  0  -7.90121
245  5  0  -7.90121
474  1  0  -7.90121
703  5  0  -7.90121
17  3  0  -8.17237
246  5  0  -8.17237
475  1  0  -8.17237
704  5  0  -8.17237
18  3  0  -8.43886
247  5  0  -8.43886
476  1  0  -8.43885
705  5  0  -8.43885
19  3  0  -8.63935
248  5  0  -8.63935
477  1  0  -8.63935
706  5  0  -8.63935
20  3  0  -8.83709
249  5  0  -8.83709
478  1  0  -8.83709
707  5  0  -8.83709
21  3  0  -9.05523
250  5  0  -9.05522
479  1  0  -9.05522
708  5  0  -9.05522
22  3  0  -9.22381
251  5  0  -9.22381
480  1  0  -9.2238
709  5  0  -9.2238
23  3  0  -9.28297
252  5  0  -9.28297
481  1  0  -9.28298
710  5  0  -9.28298
24  3  0  -9.41203
253  5  0  -9.41202
482  1  0  -9.41202
711  5  0  -9.41202
25  3  0  -9.51687
254  5  0  -9.51687
483  1  0  -9.51687
712  5  0  -9.51687
26  3  0  -9.55245
255  5  0  -9.55245
484  1  0  -9.55245
713  5  0  -9.55245
27  3  0  -9.56041
256  5  0  -9.56041
485  1  0  -9.56041
714  5  0  -9.56041
28  3  0  -9.59109
257  5  0  -9.59109
486  1  0  -9.59109
715  5  0  -9.59109
29  3  0  -9.64625
258  5  0  -9.64625
487  1  0  -9.64625
716  5  0  -9.64625
30  3  0  -9.58086
259  5  0  -9.58087
488  1  0  -9.58087
717  5  0  -9.58087
31  3  0  -9.50653
260  5  0  -9.50653
489  1  0  -9.50653
718  5  0  -9.50653
32  3  0  -9.43331
261  5  0  -9.43331
490  1  0  -9.43331
719  5  0  -9.43331
33  3  0  -9.34337
262  5  0  -9.34337
491  1  0  -9.34337
720  5  0  -9.34337
34  3  0  -9.22954
263  5  0  -9.22954
492  1  0  -9.22954
721  5  0  -9.22954
35  3  0  -9.11031
264  5  0  -9.11031
493  1  0  -9.11031
722  5  0  -9.11031
36  3  0  -8.98332
265  5  0  -8.98332
494  1  0  -8.98332
723  5  0  -8.98332
37  3  0  -8.82908
266  5  0  -8.82908
495  1  0  -8.82908
724  5  0  -8.82908
38  3  0  -8.65066
267  5  0  -8.65066
496  1  0  -8.65066
725  5  0  -8.65066
39  3  0  -8.46977
268  5  0  -8.46977
497  1  0  -8.46977
726  5  0  -8.46978
40  3  0  -8.2469
269  5  0  -8.2469
498  1  0  -8.2469
727  5  0  -8.24691
41  3  0  -7.98487
270  5  0  -7.98487
499  1  0  -7.98486
728  5  0  -7.98486
42  3  0  -7.79267
271  5  0  -7.79267
500  1  0  -7.79267
729  5  0  -7.79267
43  3  0  -7.58719
272  5  0  -7.5872
501  1  0  -7.58722
730  5  0  -7.58724
44  3  0  -7.21597
273  5  0  -7.21596
502  1  0  -7.21595
731  5  0  -7.21594
45  3  0  -6.94742
274  5  0  -6.94742
503  1  0  -6.94741
732  5  0  -6.94741
46  3  0  -6.71846
275  5  0  -6.71846
504  1  0  -6.71847
733  5  0  -6.71847
47  3  0  -6.45215
276  5  0  -6.45216
505  1  0  -6.45216
734  5  0  -6.45217
48  3  0  -6.11937
277  5  0  -6.11936
506  1  0  -6.11936
735  5  0  -6.11936
49  3  0  -5.8096
278  5  0  -5.8096
507  1  0  9.21393
736  5  0  22.4512
50  3  0  -5.37602
279  5  0  -5.36849
508  6  0  -5.36504
737  5  0  -5.36318
51  3  0  -5.05241
280  5  0  -5.04337
509  6  0  -5.03869
738  5  0  -5.03603
52  3  0  -4.69173
281  5  0  -4.69174
510  6  0  -4.69179
739  5  0  -4.69183
53  3  0  -4.26783
282  5  0  -4.26782
511  6  0  -4.26773
740  5  0  -4.26764
54  3  0  -3.97395
283  5  0  -3.97395
512  6  0  -3.97396
741  5  0  -3.97397
55  3  0  -3.66221
284  5  0  -3.66223
513  6  0  -3.66239
742  5  0  -3.66255
56  3  0  -3.15499
285  5  0  -3.15497
514  6  0  -3.15486
743  5  0  -3.15474
57  3  0  -2.78201
286  5  0  -2.782
515  6  0  -2.78199
744  5  0  -2.78197
58  3  0  -2.43213
287  5  0  -2.43214
516  6  0  -2.43217
745  5  0  -2.4322
59  3  0  -2.03655
288  5  0  -2.03655
517  6  0  -2.03657
746  5  0  -2.03659
60  3  0  -1.61646
289  5  0  -1.61646
518  6  0  -1.61644
747  5  0  -1.61642
61  3  0  -1.21785
290  5  0  -1.21784
519  6  0  -1.2178
748  5  0  -1.21775
62  3  0  -0.878554
291  5  0  -0.878552
520  6  0  -0.878535
749  5  0  -0.878517
63  3  0  -0.566681
292  5  0  -0.566694
521  6  0  -0.566828
750  5  0  -0.566963
64  3  0  -0.0856849
293  5  0  -0.0856741
522  6  0  -0.0855602
751  5  0  -0.0854455
65  3  0  0.257111
294  5  0  0.257113
523  6  0  0.257138
752  5  0  0.257162
66  3  0  0.562115
295  5  0  0.562115
524  6  0  0.562106
753  5  0  0.562097
67  3  0  0.881296
296  5  0  0.881286
525  6  0  0.881174
754  5  0  0.881061
68  3  0  1.34372
297  5  0  1.34371
526  6  0  1.34366
755  5  0  1.34362
69  3  0  1.85629
298  5  0  1.85631
527  6  0  1.85643
756  5  0  1.85655
70  3  0  2.23394
299  5  0  2.23393
528  6  0  2.23392
757  5  0  2.23391
71  3  0  2.6255
300  5  0  2.62549
529  6  0  2.62547
758  5  0  2.62545
72  3  0  3.04674
301  5  0  3.04674
530  6  0  3.04674
759  5  0  3.04675
73  3  0  3.45893
302  5  0  3.45891
531  6  0  3.45877
760  5  0  3.45863
74  3  0  4.01573
303  5  0  4.01574
532  6  0  4.01581
761  5  0  4.01588
75  3  0  4.50467
304  5  0  4.50467
533  6  0  4.5047
762  5  0  4.50473
76  3  0  4.96057
305  5  0  4.96057
534  6  0  4.96051
763  5  0  4.96046
77  3  0  5.47848
306  5  0  5.49306
535  6  0  5.51684
764  5  0  5.53485
78  3  0  6.02359
307  5  0  6.04162
536  6  0  6.08339
765  5  0  6.13309
79  3  0  6.58882
308  5  0  6.58882
537  1  0  -11.7209
766  5  0  -26.9758
80  3  0  7.22221
309  5  0  7.2222
538  1  0  7.22218
767  5  0  7.22217
81  3  0  7.92054
310  5  0  7.92054
539  1  0  7.92055
768  5  0  7.92056
82  3  0  8.58317
311  5  0  8.58317
540  1  0  8.58316
769  5  0  8.58315
83  3  0  9.27555
312  5  0  9.27553
541  1  0  9.27549
770  5  0  9.27545
84  3  0  10.094
313  5  0  10.094
542  1  0  10.094
771  5  0  10.094
85  3  0  10.9123
314  5  0  10.9123
543  1  0  10.9123
772  5  0  10.9123
86  3  0  11.7237
315  5  0  11.7237
544  1  0  11.7236
773  5  0  11.7236
87  3  0  12.6481
316  5  0  12.6481
545  1  0  12.6481
774  5  0  12.648
88  3  0  13.7108
317  5  0  13.7108
546  1  0  13.7107
775  5  0  13.7107
89  3  0  14.8414
318  5  0  14.8414
547  1  0  14.8413
776  5  0  14.8412
90  3  0  16.0808
319  5  0  16.0807
548  1  0  16.0806
777  5  0  16.0804
91  3  0  17.577
320  5  0  17.5769
549  1  0  17.5767
778  5  0  17.5765
92  3  0  19.3741
321  5  0  19.3739
550  1  0  19.3737
779  5  0  19.3734
93  3  0  21.5228
322  5  0  21.5224
551  1  0  21.5216
780  5  0  21.5208
94  3  0  24.412
323  5  0  24.4114
552  1  0  24.4103
781  5  0  24.4091
95  3  0  28.1275
324  5  0  28.1258
553  1  0  28.122
782  5  0  28.1182
96  3  0  33.741
325  5  0  33.734
554  1  0  33.7185
783  5  0  33.7027
97  3  0  43.8645
326  5  0  43.8166
555  1  0  43.7087
784  5  0  43.5941
98  3  0  68.0147
327  5  0  67.9285
556  1  0  67.7269
785  5  0  67.5009
99  3  0  105.946
328  5  0  106.089
557  1  0  106.42
786  5  0  106.787
100  3  0  125.168
329  5  0  125.159
558  1  0  125.138
787  5  0  125.116
101  3  0  134.874
330  5  0  134.88
559  1  0  134.892
788  5  0  134.905
102  3  0  140.805
331  5  0  140.807
560  1  0  140.811
789  5  0  140.816
103  3  0  144.776
332  5  0  144.777
561  1  0  144.779
790  5  0  144.78
104  3  0  147.531
333  5  0  147.531
562  1  0  147.531
791  5  0  147.532
105  3  0  149.894
334  5  0  149.895
563  1  0  149.895
792  5  0  149.895
106  3  0  151.927
335  5  0  151.927
564  1  0  151.928
793  5  0  151.928
107  3  0  153.815
336  5  0  153.815
565  1  0  153.815
794  5  0  153.815
108  3  0  155.227
337  5  0  155.227
566  1  0  155.227
795  5  0  155.227
109  3  0  156.669
338  5  0  156.669
567  1  0  156.669
796  5  0  156.669
110  3  0  158.129
339  5  0  158.129
568  1  0  158.129
797  5  0  158.129
111  3  0  159.322
340  5  0  159.322
569  1  0  159.322
798  5  0  159.322
112  3  0  160.424
341  5  0  160.424
570  1  0  160.424
799  5  0  160.424
113  3  0  161.475
342  5  0  161.475
571  1  0  161.475
800  5  0  161.475
114  3  0  162.549
343  5  0  162.549
572  1  0  162.549
801  5  0  162.549
115  3  0  163.616
344  5  0  163.616
573  1  0  163.616
802  5  0  163.616
116  3  0  164.578
345  5  0  164.578
574  1  0  164.578
803  5  0  164.578
117  3  0  165.521
346  5  0  165.521
575  1  0  165.521
804  5  0  165.521
118  3  0  166.471
347  5  0  166.471
576  1  0  166.471
805  5  0  166.471
119  3  0  167.463
348  5  0  167.463
577  1  0  167.463
806  5  0  167.463
120  3  0  168.291
349  5  0  168.263
578  6  0  -166.056
807  5  0  -141.475
121  3  0  169.07
350  5  0  169.047
579  6  0  169.002
808  5  0  168.968
122  3  0  169.865
351  5  0  169.865
580  6  0  169.866
809  5  0  169.866
123  3  0  170.485
352  5  0  170.485
581  6  0  170.484
810  5  0  170.484
124  3  0  171.362
353  5  0  171.362
582  6  0  171.362
811  5  0  171.363
125  3  0  172.114
354  5  0  172.114
583  6  0  172.114
812  5  0  172.114
126  3  0  172.825
355  5  0  172.825
584  6  0  172.825
813  5  0  172.825
127  3  0  173.48
356  5  0  173.48
585  6  0  173.48
814  5  0  173.48
128  3  0  174.135
357  5  0  174.135
586  6  0  174.135
815  5  0  174.135
129  3  0  174.845
358  5  0  174.845
587  6  0  174.845
816  5  0  174.845
130  3  0  175.623
359  5  0  175.623
588  6  0  175.623
817  5  0  175.623
131  3  0  176.378
360  5  0  176.378
589  6  0  176.379
818  5  0  176.379
132  3  0  176.962
361  5  0  176.962
590  6  0  176.962
819  5  0  176.962
133  3  0  177.547
362  5  0  177.547
591  6  0  177.547
820  5  0  177.546
134  3  0  178.256
363  5  0  178.256
592  6  0  178.256
821  5  0  178.256
135  3  0  178.971
364  5  0  178.971
593  6  0  178.971
822  5  0  178.971
136  3  0  179.692
365  5  0  179.692
594  6  0  179.692
823  5  0  179.692
137  3  0  -179.487
366  5  0  -179.487
595  6  0  -179.488
824  5  0  -179.488
138  3  0  -178.497
367  5  0  -178.497
596  6  0  -178.498
825  5  0  -178.498
139  3  0  -177.242
368  5  0  -177.242
597  6  0  -177.241
826  5  0  -177.24
140  3  0  -176.434
369  5  0  -176.434
598  6  0  -176.434
827  5  0  -176.434
141  3  0  -175.75
370  5  0  -175.75
599  6  0  -175.75
828  5  0  -175.75
142  3  0  -175.072
371  5  0  -175.072
600  6  0  -175.072
829  5  0  -175.072
143  3  0  -174.307
372  5  0  -174.307
601  6  0  -174.307
830  5  0  -174.306
144  3  0  -173.78
373  5  0  -173.78
602  6  0  -173.779
831  5  0  -173.779
145  3  0  -173.337
374  5  0  -173.337
603  6  0  -173.337
832  5  0  -173.337
146  3  0  -172.881
375  5  0  -172.881
604  6  0  -172.881
833  5  0  -172.881
147  3  0  -172.365
376  5  0  -172.374
605  6  0  -172.375
834  5  0  -172.373
148  3  0  -172.031
377  5  0  -172.038
606  6  0  169.313
835  5  0  153.719
149  3  0  -171.589
378  5  0  -171.589
607  1  0  -171.589
836  5  0  -171.589
150  3  0  -171.187
379  5  0  -171.187
608  1  0  -171.187
837  5  0  -171.187
151  3  0  -170.873
380  5  0  -170.873
609  1  0  -170.873
838  5  0  -170.873
152  3  0  -170.619
381  5  0  -170.619
610  1  0  -170.619
839  5  0  -170.619
153  3  0  -170.407
382  5  0  -170.407
611  1  0  -170.407
840  5  0  -170.407
154  3  0  -170.168
383  5  0  -170.168
612  1  0  -170.168
841  5  0  -170.168
155  3  0  -169.903
384  5  0  -169.903
613  1  0  -169.903
842  5  0  -169.903
156  3  0  -169.754
385  5  0  -169.754
614  1  0  -169.754
843  5  0  -169.754
157  3  0  -169.604
386  5  0  -169.604
615  1  0  -169.604
844  5  0  -169.604
158  3  0  -169.322
387  5  0  -169.322
616  1  0  -169.322
845  5  0  -169.322
159  3  0  -169.132
388  5  0  -169.132
617  1  0  -169.132
846  5  0  -169.132
160  3  0  -169.011
389  5  0  -169.011
618  1  0  -169.011
847  5  0  -169.011
161  3  0  -168.921
390  5  0  -168.921
619  1  0  -168.921
848  5  0  -168.921
162  3  0  -168.724
391  5  0  -168.724
620  1  0  -168.724
849  5  0  -168.724
163  3  0  -168.656
392  5  0  -168.656
621  1  0  -168.656
850  5  0  -168.656
164  3  0  -168.537
393  5  0  -168.537
622  1  0  -168.537
851  5  0  -168.537
165  3  0  -168.358
394  5  0  -168.358
623  1  0  -168.358
852  5  0  -168.358
166  3  0  -168.336
395  5  0  -168.336
624  1  0  -168.336
853  5  0  -168.336
167  3  0  -168.177
396  5  0  -168.177
625  1  0  -168.177
854  5  0  -168.177
168  3  0  -168.113
397  5  0  -168.113
626  1  0  -168.113
855  5  0  -168.113
169  3  0  -168.12
398  5  0  -168.12
627  1  0  -168.12
856  5  0  -168.12
170  3  0  -167.99
399  5  0  -167.99
628  1  0  -167.99
857  5  0  -167.99
171  3  0  -167.868
400  5  0  -167.868
629  1  0  -167.868
858  5  0  -167.868
172  3  0  -167.882
401  5  0  -167.882
630  1  0  -167.882
859  5  0  -167.882
173  3  0  -167.859
402  5  0  -167.859
631  1  0  -167.859
860  5  0  -167.859
174  3  0  -167.753
403  5  0  -167.753
632  1  0  -167.753
861  5  0  -167.753
175  3  0  -167.726
404  5  0  -167.726
633  1  0  -167.726
862  5  0  -167.726
176  3  0  -167.64
405  5  0  -167.64
634  1  0  -167.64
863  5  0  -167.64
177  3  0  -167.66
406  5  0  -167.66
635  1  0  -167.66
864  5  0  -167.66
178  3  0  -167.654
407  5  0  -167.654
636  1  0  -167.654
865  5  0  -167.654
179  3  0  -167.609
408  5  0  -167.609
637  1  0  -167.609
866  5  0  -167.609
180  3  0  -167.55
409  5  0  -167.55
638  1  0  -167.55
867  5  0  -167.55
181  3  0  -167.511
410  5  0  -167.511
639  1  0  -167.511
868  5  0  -167.511
182  3  0  -167.542
411  5  0  -167.542
640  1  0  -167.542
869  5  0  -167.542
183  3  0  -167.622
412  5  0  -167.622
641  1  0  -167.622
870  5  0  -167.622
184  3  0  -167.55
413  5  0  -167.55
642  1  0  -167.55
871  5  0  -167.55
185  3  0  -167.589
414  5  0  -167.589
643  1  0  -167.589
872  5  0  -167.589
186  3  0  -167.66
415  5  0  -167.66
644  1  0  -167.66
873  5  0  -167.66
187  3  0  -167.697
416  5  0  -167.697
645  1  0  -167.697
874  5  0  -167.697
188  3  0  -167.729
417  5  0  -167.729
646  1  0  -167.729
875  5  0  -167.729
189  3  0  -167.73
418  5  0  -167.73
647  1  0  -167.73
876  5  0  -167.73
190  3  0  -167.85
419  5  0  -167.85
648  1  0  -167.85
877  5  0  -167.85
191  3  0  -167.881
420  5  0  -167.881
649  1  0  -167.881
878  5  0  -167.881
192  3  0  -167.924
421  5  0  -167.924
650  1  0  -167.924
879  5  0  -167.924
193  3  0  -168.061
422  5  0  -168.061
651  1  0  -168.061
880  5  0  -168.061
194  3  0  -168.196
423  5  0  -168.196
652  1  0  -168.196
881  5  0  -168.196
195  3  0  -168.264
424  5  0  -168.264
653  1  0  -168.264
882  5  0  -168.264
196  3  0  -168.399
425  5  0  -168.416
654  1  0  -168.454
883  5  0  -168.492
197  3  0  -154.881
426  5  0  -154.858
655  1  0  -154.712
884  5  0  24.3273
198  2  0  -89.9967
427  1  0  -89.9967
656  1  0  -89.9967
885  2  0  -89.9967
199  2  0  -89.9967
428  1  0  -89.9967
657  1  0  -89.9967
886  2  0  -89.9967
200  2  0  -89.9967
429  1  0  -89.9967
658  1  0  -89.9967
887  2  0  -89.9967
201  2  0  -89.9967
430  1  0  -89.9967
659  1  0  -89.9967
888  2  0  -89.9967
202  2  0  -89.9967
431  1  0  -89.9967
660  1  0  -89.9967
889  2  0  -89.9967
203  2  0  -89.9967
432  1  0  -89.9967
661  1  0  -89.9967
890  2  0  -89.9967
204  2  0  -89.9967
433  1  0  -89.9967
662  1  0  -89.9967
891  2  0  -89.9967
205  2  0  -89.9967
434  1  0  -89.9967
663  1  0  -89.9967
892  2  0  -89.9967
206  2  0  -89.9967
435  1  0  -89.9967
664  1  0  -89.9967
893  2  0  -89.9967
207  2  0  -89.9967
436  1  0  -89.9967
665  1  0  -89.9967
894  2  0  -89.9967
208  2  0  -89.9967
437  1  0  -89.9967
666  1  0  -89.9967
895  2  0  -89.9967
209  2  0  -89.9967
438  1  0  -89.9967
667  1  0  -89.9967
896  2  0  -89.9967
210  2  0  -89.9967
439  1  0  -89.9967
668  1  0  -89.9967
897  2  0  -89.9967
211  2  0  -89.9967
440  1  0  -89.9967
669  1  0  -89.9967
898  2  0  -89.9967
212  2  0  -89.9967
441  1  0  -89.9967
670  1  0  -89.9967
899  2  0  -89.9967
213  2  0  -89.9967
442  1  0  -89.9967
671  1  0  -89.9967
900  2  0  -89.9967
214  2  0  -90.0396
443  1  0  -90.0396
672  1  0  -90.0396
901  2  0  89.9604
215  2  0  -90.0396
444  1  0  -90.0396
673  1  0  -90.0396
902  2  0  -90.0396
216  2  0  -90.0396
445  1  0  -90.0396
674  1  0  -90.0396
903  2  0  -90.0396
217  2  0  -90.0396
446  1  0  -90.0396
675  1  0  -90.0396
904  2  0  -90.0396
218  2  0  -90.0396
447  1  0  -90.0396
676  1  0  -90.0396
905  2  0  -90.0396
219  2  0  -90.0396
448  1  0  -90.0396
677  1  0  -90.0396
906  2  0  -90.0396
220  2  0  -90.0396
449  1  0  -90.0396
678  1  0  -90.0396
907  2  0  -90.0396
221  2  0  -90.0396
450  1  0  -90.0396
679  1  0  -90.0396
908  2  0  -90.0396
222  2  0  -90.0396
451  1  0  -90.0396
680  1  0  -90.0396
909  2  0  -90.0396
223  2  0  -90.0396
452  1  0  -90.0396
681  1  0  -90.0396
910  2  0  -90.0396
224  2  0  -90.0396
453  1  0  -90.0396
682  1  0  -90.0396
911  2  0  -90.0396
225  2  0  -90.0396
454  1  0  -90.0396
683  1  0  -90.0396
912  2  0  -90.0396
226  2  0  -90.0396
455  1  0  -90.0396
684  1  0  -90.0396
913  2  0  -90.0396
227  2  0  -90.0396
456  1  0  -90.0396
685  1  0  -90.0396
914  2  0  -90.0396
228  2  0  -90.0396
457  1  0  -90.0396
686  1  0  -90.0396
915  2  0  -90.0396
229  2  0  -90.0396
458  1  0  -90.0396
687  1  0  -90.0396
916  2  0  89.9604
