1  3  0  2.90243
230  5  0  2.90221
459  1  0  2.89821
688  5  0  -177.095
2  3  0  1.68209
231  5  0  1.68212
460  1  0  1.6822
689  5  0  1.68228
3  3  0  0.589631
232  5  0  0.589661
461  1  0  0.589739
690  5  0  0.589818
4  3  0  -0.359669
233  5  0  -0.359643
462  1  0  -0.359576
691  5  0  -0.359509
5  3  0  -1.16697
234  5  0  -1.16697
463  1  0  -1.16697
692  5  0  -1.16696
6  3  0  -1.9694
235  5  0  -1.96937
464  1  0  -1.96931
693  5  0  -1.96924
7  3  0  -2.60324
236  5  0  -2.60325
465  1  0  -2.60329
694  5  0  -2.60332
8  3  0  -3.33133
237  5  0  -3.33132
466  1  0  -3.33128
695  5  0  -3.33124
9  3  0  -3.94626
238  5  0  -3.94625
467  1  0  -3.94625
696  5  0  -3.94624
10  3  0  -4.54496
239  5  0  -4.54497
468  1  0  -4.54499
697  5  0  -4.545
11  3  0  -5.19096
240  5  0  -5.19094
469  1  0  -5.1909
698  5  0  -5.19086
12  3  0  -5.70333
241  5  0  -5.70333
470  1  0  -5.70333
699  5  0  -5.70332
13  3  0  -6.19673
242  5  0  -6.19673
471  1  0  -6.19674
700  5  0  -6.19675
14  3  0  -6.72237
243  5  0  -6.72236
472  1  0  -6.72234
701  5  0  -6.72233
15  3  0  -7.19419
244  5  0  -7.19418
473  1  0  -7.19415
702  5  0  -7.19411
16  3  0  -7.51743
245  5  0  -7.51743
474  1  0  -7.51743
703  5  0  -7.51744
17  3  0  -7.86102
246  5  0  -7.86102
475  1  0  -7.86103
704  5  0  -7.86103
18  3  0  -8.21749
247  5  0  -8.21749
476  1  0  -8.21747
705  5  0  -8.21746
19  3  0  -8.48722
248  5  0  -8.48722
477  1  0  -8.48722
706  5  0  -8.48722
20  3  0  -8.76205
249  5  0  -8.76205
478  1  0  -8.76206
707  5  0  -8.76206
21  3  0  -9.08378
250  5  0  -9.08377
479  1  0  -9.08376
708  5  0  -9.08375
22  3  0  -9.33483
251  5  0  -9.33482
480  1  0  -9.3348
709  5  0  -9.33479
23  3  0  -9.43015
252  5  0  -9.43015
481  1  0  -9.43016
710  5  0  -9.43017
24  3  0  -9.63426
253  5  0  -9.63426
482  1  0  -9.63425
711  5  0  -9.63425
25  3  0  -9.81912
254  5  0  -9.81911
483  1  0  -9.81911
712  5  0  -9.8191
26  3  0  -9.91071
255  5  0  -9.91071
484  1  0  -9.91071
713  5  0  -9.91071
27  3  0  -9.95453
256  5  0  -9.95454
485  1  0  -9.95454
714  5  0  -9.95454
28  3  0  -10.0387
257  5  0  -10.0387
486  1  0  -10.0387
715  5  0  -10.0387
29  3  0  -10.1865
258  5  0  -10.1865
487  1  0  -10.1865
716  5  0  -10.1865
30  3  0  -10.1574
259  5  0  -10.1574
488  1  0  -10.1574
717  5  0  -10.1574
31  3  0  -10.1024
260  5  0  -10.1024
489  1  0  -10.1024
718  5  0  -10.1024
32  3  0  -10.048
261  5  0  -10.048
490  1  0  -10.048
719  5  0  -10.048
33  3  0  -10.0086
262  5  0  -10.0086
491  1  0  -10.0086
720  5  0  -10.0086
34  3  0  -9.92394
263  5  0  -9.92394
492  1  0  -9.92394
721  5  0  -9.92394
35  3  0  -9.8242
264  5  0  -9.8242
493  1  0  -9.8242
722  5  0  -9.8242
36  3  0  -9.6946
265  5  0  -9.6946
494  1  0  -9.69459
723  5  0  -9.69459
37  3  0  -9.5952
266  5  0  -9.5952
495  1  0  -9.59521
724  5  0  -9.59521
38  3  0  -9.42906
267  5  0  -9.42906
496  1  0  -9.42906
725  5  0  -9.42906
39  3  0  -9.2525
268  5  0  -9.25251
497  1  0  -9.25252
726  5  0  -9.25252
40  3  0  -9.00356
269  5  0  -9.00356
498  1  0  -9.00356
727  5  0  -9.00356
41  3  0  -8.76155
270  5  0  -8.76155
499  1  0  -8.76154
728  5  0  -8.76153
42  3  0  -8.58548
271  5  0  -8.58548
500  1  0  -8.58548
729  5  0  -8.58548
43  3  0  -8.38444
272  5  0  -8.38446
501  1  0  -8.38449
730  5  0  -8.38452
44  3  0  -7.98133
273  5  0  -7.98132
502  1  0  -7.9813
731  5  0  -7.98127
45  3  0  -7.71625
274  5  0  -7.71625
503  1  0  -7.71624
732  5  0  -7.71624
46  3  0  -7.49423
275  5  0  -7.49423
504  1  0  -7.49424
733  5  0  -7.49425
47  3  0  -7.2047
276  5  0  -7.2047
505  1  0  -7.20471
734  5  0  -7.20472
48  3  0  -6.86094
277  5  0  -6.86094
506  1  0  -6.86093
735  5  0  -6.86092
49  3  0  -6.55853
278  5  0  -6.55854
507  1  0  13.0894
736  5  0  29.0217
50  3  0  -6.13416
279  5  0  -6.12252
508  6  0  -6.11761
737  5  0  -6.11639
51  3  0  -5.73696
280  5  0  -5.72247
509  6  0  -5.71511
738  5  0  -5.71318
52  3  0  -5.33265
281  5  0  -5.33265
510  6  0  -5.33264
739  5  0  -5.33263
53  3  0  -4.93358
282  5  0  -4.93358
511  6  0  -4.93351
740  5  0  -4.93343
54  3  0  -4.60924
283  5  0  -4.60925
512  6  0  -4.60926
741  5  0  -4.60928
55  3  0  -4.26688
284  5  0  -4.2669
513  6  0  -4.26713
742  5  0  -4.26736
56  3  0  -3.72968
285  5  0  -3.72966
514  6  0  -3.72945
743  5  0  -3.72924
57  3  0  -3.3683
286  5  0  -3.3683
515  6  0  -3.3683
744  5  0  -3.3683
58  3  0  -3.00758
287  5  0  -3.00759
516  6  0  -3.00778
745  5  0  -3.00796
59  3  0  -2.49117
288  5  0  -2.49116
517  6  0  -2.49099
746  5  0  -2.49081
60  3  0  -2.12107
289  5  0  -2.12107
518  6  0  -2.1211
747  5  0  -2.12113
61  3  0  -1.72241
290  5  0  -1.72241
519  6  0  -1.72241
748  5  0  -1.7224
62  3  0  -1.32968
291  5  0  -1.32968
520  6  0  -1.32964
749  5  0  -1.32959
63  3  0  -0.978499
292  5  0  -0.978515
521  6  0  -0.97872
750  5  0  -0.978928
64  3  0  -0.45138
293  5  0  -0.451364
522  6  0  -0.451159
751  5  0  -0.450952
65  3  0  -0.099925
294  5  0  -0.0999233
523  6  0  -0.0999011
752  5  0  -0.0998788
66  3  0  0.2269
295  5  0  0.2269
524  6  0  0.226897
753  5  0  0.226895
67  3  0  0.55651
296  5  0  0.556488
525  6  0  0.556211
754  5  0  0.555932
68  3  0  1.11923
297  5  0  1.11924
526  6  0  1.11931
755  5  0  1.11939
69  3  0  1.62967
298  5  0  1.62968
527  6  0  1.6298
756  5  0  1.62992
70  3  0  2.04119
299  5  0  2.0412
528  6  0  2.04121
757  5  0  2.04122
71  3  0  2.44202
300  5  0  2.44201
529  6  0  2.4419
758  5  0  2.44178
72  3  0  2.93991
301  5  0  2.93992
530  6  0  2.93998
759  5  0  2.94004
73  3  0  3.38814
302  5  0  3.38813
531  6  0  3.38797
760  5  0  3.38782
74  3  0  3.94874
303  5  0  3.94874
532  6  0  3.9488
761  5  0  3.94886
75  3  0  4.46816
304  5  0  4.46816
533  6  0  4.46821
762  5  0  4.46825
76  3  0  4.96262
305  5  0  4.98003
534  6  0  5.00871
763  5  0  5.02837
77  3  0  5.49056
306  5  0  5.5129
535  6  0  5.57108
764  5  0  5.64357
78  3  0  6.12501
307  5  0  6.12501
536  1  0  -17.1286
765  5  0  -34.6544
79  3  0  6.74206
308  5  0  6.74206
537  1  0  6.74205
766  5  0  6.74204
80  3  0  7.38023
309  5  0  7.38022
538  1  0  7.38017
767  5  0  7.38013
81  3  0  8.13312
310  5  0  8.13313
539  1  0  8.13315
768  5  0  8.13318
82  3  0  8.82811
311  5  0  8.8281
540  1  0  8.82809
769  5  0  8.82809
83  3  0  9.5458
312  5  0  9.54578
541  1  0  9.54571
770  5  0  9.54565
84  3  0  10.4226
313  5  0  10.4226
542  1  0  10.4226
771  5  0  10.4226
85  3  0  11.282
314  5  0  11.282
543  1  0  11.282
772  5  0  11.282
86  3  0  12.1192
315  5  0  12.1191
544  1  0  12.1191
773  5  0  12.119
87  3  0  13.0827
316  5  0  13.0827
545  1  0  13.0826
774  5  0  13.0826
88  3  0  14.1835
317  5  0  14.1835
546  1  0  14.1835
775  5  0  14.1834
89  3  0  15.3399
318  5  0  15.3399
547  1  0  15.3398
776  5  0  15.3398
90  3  0  16.5859
319  5  0  16.5858
548  1  0  16.5855
777  5  0  16.5853
91  3  0  18.1645
320  5  0  18.1645
549  1  0  18.1642
778  5  0  18.164
92  3  0  19.9896
321  5  0  19.9894
550  1  0  19.9889
779  5  0  19.9884
93  3  0  22.2658
322  5  0  22.2654
551  1  0  22.2642
780  5  0  22.2629
94  3  0  25.343
323  5  0  25.3425
552  1  0  25.3411
781  5  0  25.3396
95  3  0  29.1442
324  5  0  29.1424
553  1  0  29.1374
782  5  0  29.1323
96  3  0  34.8061
325  5  0  34.7978
554  1  0  34.7751
783  5  0  34.7516
97  3  0  45.3223
326  5  0  45.2718
555  1  0  45.1312
784  5  0  44.9788
98  3  0  69.4001
327  5  0  69.3276
556  1  0  69.1171
785  5  0  68.8736
99  3  0  104.699
328  5  0  104.833
557  1  0  105.218
786  5  0  105.657
100  3  0  124.167
329  5  0  124.156
558  1  0  124.125
787  5  0  124.093
101  3  0  134.317
330  5  0  134.324
559  1  0  134.342
788  5  0  134.361
102  3  0  140.536
331  5  0  140.538
560  1  0  140.545
789  5  0  140.551
103  3  0  144.549
332  5  0  144.55
561  1  0  144.552
790  5  0  144.555
104  3  0  147.325
333  5  0  147.325
562  1  0  147.326
791  5  0  147.326
105  3  0  149.736
334  5  0  149.737
563  1  0  149.737
792  5  0  149.738
106  3  0  151.79
335  5  0  151.79
564  1  0  151.791
793  5  0  151.791
107  3  0  153.739
336  5  0  153.739
565  1  0  153.74
794  5  0  153.74
108  3  0  155.143
337  5  0  155.143
566  1  0  155.143
795  5  0  155.143
109  3  0  156.564
338  5  0  156.564
567  1  0  156.564
796  5  0  156.564
110  3  0  158.058
339  5  0  158.058
568  1  0  158.058
797  5  0  158.058
111  3  0  159.243
340  5  0  159.243
569  1  0  159.243
798  5  0  159.243
112  3  0  160.352
341  5  0  160.352
570  1  0  160.352
799  5  0  160.352
113  3  0  161.409
342  5  0  161.409
571  1  0  161.409
800  5  0  161.409
114  3  0  162.481
343  5  0  162.481
572  1  0  162.481
801  5  0  162.481
115  3  0  163.572
344  5  0  163.572
573  1  0  163.572
802  5  0  163.572
116  3  0  164.524
345  5  0  164.524
574  1  0  164.524
803  5  0  164.524
117  3  0  165.477
346  5  0  165.477
575  1  0  165.477
804  5  0  165.477
118  3  0  166.417
347  5  0  166.417
576  1  0  166.417
805  5  0  166.417
119  3  0  167.424
348  5  0  167.424
577  1  0  167.424
806  5  0  167.424
120  3  0  168.244
349  5  0  168.244
578  1  0  168.244
807  5  0  168.244
121  3  0  169.14
350  5  0  169.107
579  6  0  -155.921
808  5  0  -128.321
122  3  0  169.858
351  5  0  169.833
580  6  0  169.782
809  5  0  169.748
123  3  0  170.509
352  5  0  170.509
581  6  0  170.509
810  5  0  170.508
124  3  0  171.364
353  5  0  171.364
582  6  0  171.364
811  5  0  171.364
125  3  0  172.058
354  5  0  172.058
583  6  0  172.058
812  5  0  172.058
126  3  0  172.828
355  5  0  172.828
584  6  0  172.828
813  5  0  172.829
127  3  0  173.494
356  5  0  173.494
585  6  0  173.494
814  5  0  173.494
128  3  0  174.164
357  5  0  174.164
586  6  0  174.163
815  5  0  174.163
129  3  0  174.849
358  5  0  174.849
587  6  0  174.849
816  5  0  174.849
130  3  0  175.543
359  5  0  175.543
588  6  0  175.542
817  5  0  175.542
131  3  0  176.445
360  5  0  176.445
589  6  0  176.446
818  5  0  176.447
132  3  0  176.982
361  5  0  176.982
590  6  0  176.982
819  5  0  176.981
133  3  0  177.6
362  5  0  177.6
591  6  0  177.6
820  5  0  177.6
134  3  0  178.27
363  5  0  178.27
592  6  0  178.27
821  5  0  178.27
135  3  0  178.957
364  5  0  178.957
593  6  0  178.957
822  5  0  178.957
136  3  0  179.763
365  5  0  179.763
594  6  0  179.763
823  5  0  179.762
137  3  0  -179.377
366  5  0  -179.377
595  6  0  -179.377
824  5  0  -179.377
138  3  0  -178.449
367  5  0  -178.449
596  6  0  -178.45
825  5  0  -178.45
139  3  0  -177.387
368  5  0  -177.387
597  6  0  -177.387
826  5  0  -177.387
140  3  0  -176.449
369  5  0  -176.449
598  6  0  -176.448
827  5  0  -176.447
141  3  0  -175.818
370  5  0  -175.818
599  6  0  -175.818
828  5  0  -175.818
142  3  0  -175.226
371  5  0  -175.226
600  6  0  -175.226
829  5  0  -175.226
143  3  0  -174.473
372  5  0  -174.473
601  6  0  -174.472
830  5  0  -174.472
144  3  0  -173.868
373  5  0  -173.868
602  6  0  -173.868
831  5  0  -173.868
145  3  0  -173.447
374  5  0  -173.447
603  6  0  -173.447
832  5  0  -173.447
146  3  0  -173.052
375  5  0  -173.052
604  6  0  -173.052
833  5  0  -173.052
147  3  0  -172.447
376  5  0  -172.46
605  6  0  -172.462
834  5  0  -172.459
148  3  0  -172.091
377  5  0  -172.101
606  6  0  164.219
835  5  0  146.275
149  3  0  -171.637
378  5  0  -171.637
607  1  0  -171.637
836  5  0  -171.637
150  3  0  -171.226
379  5  0  -171.226
608  1  0  -171.226
837  5  0  -171.226
151  3  0  -170.905
380  5  0  -170.905
609  1  0  -170.905
838  5  0  -170.905
152  3  0  -170.622
381  5  0  -170.622
610  1  0  -170.622
839  5  0  -170.622
153  3  0  -170.411
382  5  0  -170.411
611  1  0  -170.411
840  5  0  -170.411
154  3  0  -170.176
383  5  0  -170.176
612  1  0  -170.176
841  5  0  -170.176
155  3  0  -169.9
384  5  0  -169.9
613  1  0  -169.9
842  5  0  -169.9
156  3  0  -169.745
385  5  0  -169.745
614  1  0  -169.745
843  5  0  -169.745
157  3  0  -169.582
386  5  0  -169.582
615  1  0  -169.582
844  5  0  -169.582
158  3  0  -169.301
387  5  0  -169.301
616  1  0  -169.301
845  5  0  -169.301
159  3  0  -169.056
388  5  0  -169.056
617  1  0  -169.055
846  5  0  -169.055
160  3  0  -168.945
389  5  0  -168.945
618  1  0  -168.945
847  5  0  -168.945
161  3  0  -168.854
390  5  0  -168.854
619  1  0  -168.854
848  5  0  -168.854
162  3  0  -168.664
391  5  0  -168.664
620  1  0  -168.664
849  5  0  -168.664
163  3  0  -168.598
392  5  0  -168.598
621  1  0  -168.598
850  5  0  -168.598
164  3  0  -168.443
393  5  0  -168.443
622  1  0  -168.443
851  5  0  -168.443
165  3  0  -168.245
394  5  0  -168.245
623  1  0  -168.245
852  5  0  -168.245
166  3  0  -168.262
395  5  0  -168.262
624  1  0  -168.262
853  5  0  -168.262
167  3  0  -168.045
396  5  0  -168.045
625  1  0  -168.045
854  5  0  -168.045
168  3  0  -168.007
397  5  0  -168.007
626  1  0  -168.007
855  5  0  -168.007
169  3  0  -168.023
398  5  0  -168.023
627  1  0  -168.023
856  5  0  -168.023
170  3  0  -167.884
399  5  0  -167.884
628  1  0  -167.884
857  5  0  -167.884
171  3  0  -167.718
400  5  0  -167.718
629  1  0  -167.718
858  5  0  -167.718
172  3  0  -167.777
401  5  0  -167.777
630  1  0  -167.777
859  5  0  -167.777
173  3  0  -167.744
402  5  0  -167.744
631  1  0  -167.744
860  5  0  -167.744
174  3  0  -167.615
403  5  0  -167.615
632  1  0  -167.615
861  5  0  -167.615
175  3  0  -167.585
404  5  0  -167.585
633  1  0  -167.585
862  5  0  -167.585
176  3  0  -167.476
405  5  0  -167.476
634  1  0  -167.476
863  5  0  -167.476
177  3  0  -167.515
406  5  0  -167.515
635  1  0  -167.515
864  5  0  -167.515
178  3  0  -167.508
407  5  0  -167.508
636  1  0  -167.508
865  5  0  -167.508
179  3  0  -167.442
408  5  0  -167.442
637  1  0  -167.442
866  5  0  -167.442
180  3  0  -167.356
409  5  0  -167.356
638  1  0  -167.356
867  5  0  -167.356
181  3  0  -167.299
410  5  0  -167.299
639  1  0  -167.299
868  5  0  -167.299
182  3  0  -167.342
411  5  0  -167.342
640  1  0  -167.342
869  5  0  -167.342
183  3  0  -167.438
412  5  0  -167.438
641  1  0  -167.438
870  5  0  -167.438
184  3  0  -167.322
413  5  0  -167.322
642  1  0  -167.322
871  5  0  -167.322
185  3  0  -167.36
414  5  0  -167.36
643  1  0  -167.36
872  5  0  -167.36
186  3  0  -167.435
415  5  0  -167.435
644  1  0  -167.435
873  5  0  -167.435
187  3  0  -167.459
416  5  0  -167.459
645  1  0  -167.459
874  5  0  -167.459
188  3  0  -167.471
417  5  0  -167.471
646  1  0  -167.471
875  5  0  -167.471
189  3  0  -167.425
418  5  0  -167.425
647  1  0  -167.425
876  5  0  -167.425
190  3  0  -167.559
419  5  0  -167.559
648  1  0  -167.559
877  5  0  -167.559
191  3  0  -167.539
420  5  0  -167.539
649  1  0  -167.539
878  5  0  -167.539
192  3  0  -167.542
421  5  0  -167.542
650  1  0  -167.542
879  5  0  -167.542
193  3  0  -167.658
422  5  0  -167.658
651  1  0  -167.658
880  5  0  -167.658
194  3  0  -167.768
423  5  0  -167.768
652  1  0  -167.768
881  5  0  -167.768
195  3  0  -167.766
424  5  0  -167.766
653  1  0  -167.766
882  5  0  -167.766
196  3  0  -167.824
425  5  0  -167.846
654  1  0  -167.908
883  5  0  -167.972
197  3  0  -152.785
426  5  0  -152.755
655  1  0  -152.406
884  5  0  26.7801
198  2  0  -89.9992
427  1  0  -89.9992
656  1  0  -89.9992
885  2  0  90.0008
199  2  0  -89.9992
428  1  0  -89.9992
657  1  0  -89.9992
886  2  0  -89.9992
200  2  0  -89.9992
429  1  0  -89.9992
658  1  0  -89.9992
887  2  0  -89.9992
201  2  0  -89.9992
430  1  0  -89.9992
659  1  0  -89.9992
888  2  0  -89.9992
202  2  0  -89.9992
431  1  0  -89.9992
660  1  0  -89.9992
889  2  0  -89.9992
203  2  0  -89.9992
432  1  0  -89.9992
661  1  0  -89.9992
890  2  0  -89.9992
204  2  0  -89.9992
433  1  0  -89.9992
662  1  0  -89.9992
891  2  0  -89.9992
205  2  0  -89.9992
434  1  0  -89.9992
663  1  0  -89.9992
892  2  0  -89.9992
206  2  0  -89.9992
435  1  0  -89.9992
664  1  0  -89.9992
893  2  0  -89.9992
207  2  0  -89.9992
436  1  0  -89.9992
665  1  0  -89.9992
894  2  0  -89.9992
208  2  0  -89.9992
437  1  0  -89.9992
666  1  0  -89.9992
895  2  0  -89.9992
209  2  0  -89.9992
438  1  0  -89.9992
667  1  0  -89.9992
896  2  0  -89.9992
210  2  0  -89.9992
439  1  0  -89.9992
668  1  0  -89.9992
897  2  0  -89.9992
211  2  0  -89.9992
440  1  0  -89.9992
669  1  0  -89.9992
898  2  0  -89.9992
212  2  0  -89.9992
441  1  0  -89.9992
670  1  0  -89.9992
899  2  0  -89.9992
213  2  0  -89.9992
442  1  0  -89.9992
671  1  0  -89.9992
900  2  0  90.0008
214  2  0  -90.0338
443  1  0  -90.0338
672  1  0  -90.0338
901  2  0  89.9662
215  2  0  -90.0338
444  1  0  -90.0338
673  1  0  -90.0338
902  2  0  -90.0338
216  2  0  -90.0338
445  1  0  -90.0338
674  1  0  -90.0338
903  2  0  -90.0338
217  2  0  -90.0338
446  1  0  -90.0338
675  1  0  -90.0338
904  2  0  -90.0338
218  2  0  -90.0338
447  1  0  -90.0338
676  1  0  -90.0338
905  2  0  -90.0338
219  2  0  -90.0338
448  1  0  -90.0338
677  1  0  -90.0338
906  2  0  -90.0338
220  2  0  -90.0338
449  1  0  -90.0338
678  1  0  -90.0338
907  2  0  -90.0338
221  2  0  -90.0338
450  1  0  -90.0338
679  1  0  -90.0338
908  2  0  -90.0338
222  2  0  -90.0338
451  1  0  -90.0338
680  1  0  -90.0338
909  2  0  -90.0338
223  2  0  -90.0338
452  1  0  -90.0338
681  1  0  -90.0338
910  2  0  -90.0338
224  2  0  -90.0338
453  1  0  -90.0338
682  1  0  -90.0338
911  2  0  -90.0338
225  2  0  -90.0338
454  1  0  -90.0338
683  1  0  -90.0338
912  2  0  -90.0338
226  2  0  -90.0338
455  1  0  -90.0338
684  1  0  -90.0338
913  2  0  -90.0338
227  2  0  -90.0338
456  1  0  -90.0338
685  1  0  -90.0338
914  2  0  -90.0338
228  2  0  -90.0338
457  1  0  -90.0338
686  1  0  -90.0338
915  2  0  -90.0338
229  2  0  -90.0338
458  1  0  -90.0338
687  1  0  -90.0338
916  2  0  89.9662
