1  -1.87380000e+00  -1.03305996e-02
2  -1.86872449e+00  -4.75338867e-02
3  -1.85547238e+00  -8.26122044e-02
4  -1.83524065e+00  -1.14239137e-01
5  -1.81036420e+00  -1.42391600e-01
6  -1.78246015e+00  -1.67573198e-01
7  -1.75291426e+00  -1.90815117e-01
8  -1.72214840e+00  -2.12422985e-01
9  -1.69065611e+00  -2.32956244e-01
10  -1.65863876e+00  -2.52661808e-01
11  -1.62610060e+00  -2.71496969e-01
12  -1.59331655e+00  -2.89900141e-01
13  -1.56021177e+00  -3.07720661e-01
14  -1.52705862e+00  -3.25452204e-01
15  -1.49377500e+00  -3.42937450e-01
16  -1.44989519e+00  -3.65604082e-01
17  -1.41698995e+00  -3.82653001e-01
18  -1.38403320e+00  -3.99602132e-01
19  -1.35100974e+00  -4.16420947e-01
20  -1.31801757e+00  -4.33301064e-01
21  -1.28498505e+00  -4.50102071e-01
22  -1.25190834e+00  -4.66815924e-01
23  -1.21881758e+00  -4.83501946e-01
24  -1.18577094e+00  -5.00275103e-01
25  -1.15270408e+00  -5.17008361e-01
26  -1.11959535e+00  -5.33658656e-01
27  -1.08644499e+00  -5.50225864e-01
28  -1.05324375e+00  -5.66690839e-01
29  -1.01998244e+00  -5.83034216e-01
30  -9.86687284e-01  -5.99308543e-01
31  -9.53331486e-01  -6.15458197e-01
32  -9.19886721e-01  -6.31422541e-01
33  -8.86348148e-01  -6.47188645e-01
34  -8.52713110e-01  -6.62747994e-01
35  -8.18983024e-01  -6.78100444e-01
36  -7.85173625e-01  -6.93277592e-01
37  -7.51224021e-01  -7.08138142e-01
38  -7.17154600e-01  -7.22721264e-01
39  -6.82933824e-01  -7.36944328e-01
40  -6.48546068e-01  -7.50760295e-01
41  -6.13993437e-01  -7.64159100e-01
42  -5.79267494e-01  -7.77101965e-01
43  -5.44345915e-01  -7.89505414e-01
44  -5.09229991e-01  -8.01344991e-01
45  -4.73910227e-01  -8.12562107e-01
46  -4.38370829e-01  -8.23065426e-01
47  -4.02620462e-01  -8.32828906e-01
48  -3.55700000e-01  -8.44368397e-01
49  -3.19013791e-01  -8.52294427e-01
50  -2.82167904e-01  -8.59433076e-01
51  -2.45160996e-01  -8.65672582e-01
52  -2.08014241e-01  -8.71022553e-01
53  -1.70753537e-01  -8.75512134e-01
54  -1.33390739e-01  -8.79064976e-01
55  -9.59381980e-02  -8.81518771e-01
56  -5.84343671e-02  -8.82978488e-01
57  -2.09069177e-02  -8.83468260e-01
58  1.66187286e-02  -8.82947981e-01
59  5.41196846e-02  -8.81478921e-01
60  9.15746531e-02  -8.79107608e-01
61  1.28963161e-01  -8.75846604e-01
62  1.66258550e-01  -8.71656965e-01
63  2.03429742e-01  -8.66466124e-01
64  2.40492193e-01  -8.60544851e-01
65  2.77400000e-01  -8.53723868e-01
66  3.20134261e-01  -8.44460849e-01
67  3.57763992e-01  -8.35321694e-01
68  3.95188842e-01  -8.25375782e-01
69  4.32311746e-01  -8.14356858e-01
70  4.69118100e-01  -8.02322815e-01
71  5.05606952e-01  -7.89357664e-01
72  5.41786162e-01  -7.75551977e-01
73  5.77589230e-01  -7.60799908e-01
74  6.12900194e-01  -7.44906476e-01
75  6.47730038e-01  -7.27985564e-01
76  6.82051960e-01  -7.10058831e-01
77  7.15821103e-01  -6.91111893e-01
78  7.48996554e-01  -6.71144180e-01
79  7.86375000e-01  -6.46771744e-01
80  8.16761194e-01  -6.25300679e-01
81  8.46453884e-01  -6.02879807e-01
82  8.75322821e-01  -5.79406666e-01
83  9.03287234e-01  -5.54862243e-01
84  9.30301609e-01  -5.29279544e-01
85  9.56213216e-01  -5.02582549e-01
86  9.81047090e-01  -4.74877845e-01
87  1.00483383e+00  -4.46271069e-01
88  1.02721471e+00  -4.16552029e-01
89  1.04838477e+00  -3.85955910e-01
90  1.06801812e+00  -3.54352379e-01
91  1.08615346e+00  -3.21870417e-01
92  1.10266771e+00  -2.88531964e-01
93  1.11727164e+00  -2.54314966e-01
94  1.13006468e+00  -2.19379272e-01
95  1.14110071e+00  -1.83850399e-01
96  1.14993335e+00  -1.47716277e-01
97  1.15663383e+00  -1.11124066e-01
98  1.16153111e+00  -7.42427288e-02
99  1.16427969e+00  -3.71489710e-02
100  1.16640000e+00  0.00000000e+00
101  1.16423457e+00  3.79778593e-02
102  1.16145653e+00  7.59048710e-02
103  1.15694655e+00  1.13673451e-01
104  1.15096347e+00  1.51230908e-01
105  1.14247548e+00  1.88303374e-01
106  1.13195172e+00  2.24852515e-01
107  1.11960876e+00  2.60826688e-01
108  1.10549875e+00  2.96147991e-01
109  1.08945917e+00  3.30635201e-01
110  1.07173923e+00  3.64288892e-01
111  1.05244592e+00  3.97065349e-01
112  1.03164661e+00  4.28908594e-01
113  1.00934981e+00  4.59725119e-01
114  9.85569626e-01  4.89409057e-01
115  9.60446389e-01  5.17964298e-01
116  9.34098525e-01  5.45392803e-01
117  9.06612991e-01  5.71682393e-01
118  8.78066804e-01  5.96819579e-01
119  8.48430984e-01  6.20664918e-01
120  8.17802122e-01  6.43218597e-01
121  7.86375000e-01  6.64644582e-01
122  7.49059327e-01  6.87951997e-01
123  7.15930601e-01  7.06909752e-01
124  6.82181105e-01  7.24740482e-01
125  6.47822668e-01  7.41366497e-01
126  6.12879022e-01  7.56727552e-01
127  5.77461722e-01  7.70965862e-01
128  5.41624894e-01  7.84114016e-01
129  5.05392979e-01  7.96131756e-01
130  4.68818322e-01  8.07061861e-01
131  4.31928786e-01  8.16877507e-01
132  3.94819540e-01  8.25827183e-01
133  3.57497708e-01  8.33845198e-01
134  3.19969891e-01  8.40832499e-01
135  2.77400000e-01  8.47748383e-01
136  2.40317156e-01  8.52643022e-01
137  2.03138181e-01  8.56741909e-01
138  1.65882017e-01  8.60057952e-01
139  1.28563870e-01  8.62575043e-01
140  9.12004697e-02  8.64285633e-01
141  5.38098681e-02  8.65230849e-01
142  1.64078319e-02  8.65473953e-01
143  -2.09933172e-02  8.65076539e-01
144  -5.83826353e-02  8.64055225e-01
145  -9.57459495e-02  8.62306539e-01
146  -1.33068197e-01  8.59827150e-01
147  -1.70342159e-01  8.56711436e-01
148  -2.07566650e-01  8.53055307e-01
149  -2.44718874e-01  8.48736729e-01
150  -2.81790273e-01  8.43765713e-01
151  -3.18783712e-01  8.38240103e-01
152  -3.55700000e-01  8.32216778e-01
153  -4.03361828e-01  8.23587437e-01
154  -4.39971507e-01  8.16335185e-01
155  -4.76488278e-01  8.08629393e-01
156  -5.12905388e-01  8.00466641e-01
157  -5.49207420e-01  7.91808795e-01
158  -5.85399536e-01  7.82700849e-01
159  -6.21487805e-01  7.73189155e-01
160  -6.57456443e-01  7.63233554e-01
161  -6.93325719e-01  7.52925387e-01
162  -7.29091984e-01  7.42265512e-01
163  -7.64760432e-01  7.31283793e-01
164  -8.00335733e-01  7.20003965e-01
165  -8.35796738e-01  7.08370848e-01
166  -8.71119973e-01  6.96324009e-01
167  -9.06338076e-01  6.83973199e-01
168  -9.41432751e-01  6.71275611e-01
169  -9.76413883e-01  6.58268928e-01
170  -1.01125439e+00  6.44890525e-01
171  -1.04596890e+00  6.31188635e-01
172  -1.08054897e+00  6.17151127e-01
173  -1.11498885e+00  6.02772956e-01
174  -1.14930272e+00  5.88096053e-01
175  -1.18349397e+00  5.73136071e-01
176  -1.21752804e+00  5.57821862e-01
177  -1.25138220e+00  5.42113617e-01
178  -1.28505341e+00  5.26016743e-01
179  -1.31855072e+00  5.09560960e-01
180  -1.35186996e+00  4.92747604e-01
181  -1.38494929e+00  4.75466987e-01
182  -1.41782507e+00  4.57802356e-01
183  -1.45045219e+00  4.39682769e-01
184  -1.49377500e+00  4.14731333e-01
185  -1.52663606e+00  3.95025149e-01
186  -1.55911411e+00  3.74693808e-01
187  -1.59113451e+00  3.53649561e-01
188  -1.62272131e+00  3.31959737e-01
189  -1.65381096e+00  3.09564717e-01
190  -1.68414960e+00  2.86162898e-01
191  -1.71370560e+00  2.61781354e-01
192  -1.74224510e+00  2.36219338e-01
193  -1.76960954e+00  2.09403656e-01
194  -1.79540098e+00  1.81074578e-01
195  -1.81914695e+00  1.51020295e-01
196  -1.84008584e+00  1.18952833e-01
197  -1.85723341e+00  8.47232208e-02
198  -1.86895749e+00  4.83049257e-02
199  -3.18788941e-01  7.99818864e-01
200  -3.18794170e-01  7.61397625e-01
201  -3.18799399e-01  7.22976385e-01
202  -3.18804629e-01  6.84555146e-01
203  -3.18809858e-01  6.46133907e-01
204  -3.18815087e-01  6.07712667e-01
205  -3.18820316e-01  5.69291428e-01
206  -3.18825545e-01  5.30870189e-01
207  -3.18830774e-01  4.92448949e-01
208  -3.18836003e-01  4.54027710e-01
209  -3.18841232e-01  4.15606471e-01
210  -3.18846461e-01  3.77185231e-01
211  -3.18851690e-01  3.38763992e-01
212  -3.18856919e-01  3.00342753e-01
213  -3.18862148e-01  2.61921514e-01
214  -3.18867377e-01  2.23500274e-01
215  -3.18872606e-01  1.85079035e-01
216  -3.18877836e-01  1.46657796e-01
217  -3.18883065e-01  1.08236556e-01
218  -3.18888294e-01  6.98153169e-02
219  -3.18893523e-01  3.13940775e-02
220  -3.18898752e-01  -7.02716179e-03
221  -3.18903981e-01  -4.54484011e-02
222  -3.18909210e-01  -8.38696404e-02
223  -3.18914439e-01  -1.22290880e-01
224  -3.18919668e-01  -1.60712119e-01
225  -3.18924897e-01  -1.99133358e-01
226  -3.18930126e-01  -2.37554598e-01
227  -3.18935355e-01  -2.75975837e-01
228  -3.18940584e-01  -3.14397076e-01
229  -3.18945813e-01  -3.52818316e-01
230  -3.18951042e-01  -3.91239555e-01
231  -3.18956272e-01  -4.29660794e-01
232  -3.18961501e-01  -4.68082034e-01
233  -3.18966730e-01  -5.06503273e-01
234  -3.18971959e-01  -5.44924512e-01
235  -3.18977188e-01  -5.83345752e-01
236  -3.18982417e-01  -6.21766991e-01
237  -3.18987646e-01  -6.60188230e-01
238  -3.18992875e-01  -6.98609470e-01
239  -3.18998104e-01  -7.37030709e-01
240  -3.19003333e-01  -7.75451948e-01
241  -3.19008562e-01  -8.13873188e-01
242  2.40321045e-01  8.14572180e-01
243  2.40324935e-01  7.76501339e-01
244  2.40328825e-01  7.38430497e-01
245  2.40332714e-01  7.00359655e-01
246  2.40336604e-01  6.62288814e-01
247  2.40340494e-01  6.24217972e-01
248  2.40344384e-01  5.86147130e-01
249  2.40348273e-01  5.48076289e-01
250  2.40352163e-01  5.10005447e-01
251  2.40356053e-01  4.71934606e-01
252  2.40359943e-01  4.33863764e-01
253  2.40363832e-01  3.95792922e-01
254  2.40367722e-01  3.57722081e-01
255  2.40371612e-01  3.19651239e-01
256  2.40375502e-01  2.81580397e-01
257  2.40379391e-01  2.43509556e-01
258  2.40383281e-01  2.05438714e-01
259  2.40387171e-01  1.67367873e-01
260  2.40391060e-01  1.29297031e-01
261  2.40394950e-01  9.12261893e-02
262  2.40398840e-01  5.31553476e-02
263  2.40402730e-01  1.50845060e-02
264  2.40406619e-01  -2.29863356e-02
265  2.40410509e-01  -6.10571773e-02
266  2.40414399e-01  -9.91280189e-02
267  2.40418289e-01  -1.37198861e-01
268  2.40422178e-01  -1.75269702e-01
269  2.40426068e-01  -2.13340544e-01
270  2.40429958e-01  -2.51411385e-01
271  2.40433847e-01  -2.89482227e-01
272  2.40437737e-01  -3.27553069e-01
273  2.40441627e-01  -3.65623910e-01
274  2.40445517e-01  -4.03694752e-01
275  2.40449406e-01  -4.41765594e-01
276  2.40453296e-01  -4.79836435e-01
277  2.40457186e-01  -5.17907277e-01
278  2.40461076e-01  -5.55978118e-01
279  2.40464965e-01  -5.94048960e-01
280  2.40468855e-01  -6.32119802e-01
281  2.40472745e-01  -6.70190643e-01
282  2.40476634e-01  -7.08261485e-01
283  2.40480524e-01  -7.46332327e-01
284  2.40484414e-01  -7.84403168e-01
285  2.40488304e-01  -8.22474010e-01
10281  -1.84280095e+00  -9.50599026e-03
10282  -1.83884463e+00  -3.99552016e-02
10283  -1.82792159e+00  -6.87848363e-02
10284  -1.81063356e+00  -9.56721427e-02
10285  -1.78845322e+00  -1.20708626e-01
10286  -1.76259326e+00  -1.44003115e-01
10287  -1.73451958e+00  -1.66078947e-01
10288  -1.70486919e+00  -1.86895137e-01
10289  -1.67415790e+00  -2.06916828e-01
10290  -1.64283701e+00  -2.26193963e-01
10291  -1.61083403e+00  -2.44716865e-01
10292  -1.57846569e+00  -2.62887285e-01
10293  -1.54563700e+00  -2.80557849e-01
10294  -1.51262130e+00  -2.98216085e-01
10295  -1.47953304e+00  -3.15598670e-01
10296  -1.43573086e+00  -3.38225003e-01
10297  -1.40285026e+00  -3.55261188e-01
10298  -1.36998920e+00  -3.72161135e-01
10299  -1.33699447e+00  -3.88965267e-01
10300  -1.30400970e+00  -4.05841607e-01
10301  -1.27104632e+00  -4.22607449e-01
10302  -1.23801745e+00  -4.39297105e-01
10303  -1.20490201e+00  -4.55995599e-01
10304  -1.17183573e+00  -4.72778702e-01
10305  -1.13881996e+00  -4.89486126e-01
10306  -1.10578029e+00  -5.06101692e-01
10307  -1.07270699e+00  -5.22630401e-01
10308  -1.03959884e+00  -5.39049228e-01
10309  -1.00641684e+00  -5.55353595e-01
10310  -9.73202237e-01  -5.71588590e-01
10311  -9.39975312e-01  -5.87675921e-01
10312  -9.06690022e-01  -6.03564159e-01
10313  -8.73319874e-01  -6.19251101e-01
10314  -8.39856900e-01  -6.34730854e-01
10315  -8.06285816e-01  -6.50010887e-01
10316  -7.72680893e-01  -6.65096501e-01
10317  -7.38978314e-01  -6.79848834e-01
10318  -7.05173840e-01  -6.94318735e-01
10319  -6.71272097e-01  -7.08409325e-01
10320  -6.37227266e-01  -7.22087538e-01
10321  -6.03037748e-01  -7.35345646e-01
10322  -5.68725599e-01  -7.48134557e-01
10323  -5.34262677e-01  -7.60375179e-01
10324  -4.99640017e-01  -7.72048666e-01
10325  -4.64876041e-01  -7.83089649e-01
10326  -4.29941389e-01  -7.93414341e-01
10327  -3.94878283e-01  -8.02990995e-01
10328  -3.48771588e-01  -8.14368043e-01
10329  -3.11283729e-01  -8.22448575e-01
10330  -2.76679738e-01  -8.29136143e-01
10331  -2.40406540e-01  -8.35251878e-01
10332  -2.03977748e-01  -8.40498287e-01
10333  -1.67454296e-01  -8.44899406e-01
10334  -1.30926648e-01  -8.48373734e-01
10335  -9.43328256e-02  -8.50770651e-01
10336  -5.76346488e-02  -8.52198875e-01
10337  -2.09194407e-02  -8.52678263e-01
10338  1.58026175e-02  -8.52168799e-01
10339  5.25442240e-02  -8.50729254e-01
10340  8.92640993e-02  -8.48404425e-01
10341  1.25906647e-01  -8.45208689e-01
10342  1.62410387e-01  -8.41108385e-01
10343  1.98871542e-01  -8.36015395e-01
10344  2.48214866e-01  -8.27971036e-01
10345  2.71340229e-01  -8.23536068e-01
10346  3.13231036e-01  -8.14417751e-01
10347  3.50167235e-01  -8.05446427e-01
10348  3.86843472e-01  -7.95700926e-01
10349  4.23135228e-01  -7.84928406e-01
10350  4.59167006e-01  -7.73147174e-01
10351  4.94950801e-01  -7.60432092e-01
10352  5.30418410e-01  -7.46898591e-01
10353  5.65389776e-01  -7.32490623e-01
10354  5.99837537e-01  -7.16984992e-01
10355  6.33857747e-01  -7.00457363e-01
10356  6.67372821e-01  -6.82952279e-01
10357  7.00329294e-01  -6.64461449e-01
10358  7.32627250e-01  -6.45023534e-01
10359  7.69059028e-01  -6.21268815e-01
10360  7.98576548e-01  -6.00409698e-01
10361  8.27439342e-01  -5.78616884e-01
10362  8.55428444e-01  -5.55859775e-01
10363  8.82518218e-01  -5.32083080e-01
10364  9.08638638e-01  -5.07348791e-01
10365  9.33671633e-01  -4.81555916e-01
10366  9.57714791e-01  -4.54732223e-01
10367  9.80663422e-01  -4.27139063e-01
10368  1.00222275e+00  -3.98506407e-01
10369  1.02260988e+00  -3.69047408e-01
10370  1.04146105e+00  -3.38701050e-01
10371  1.05887623e+00  -3.07510935e-01
10372  1.07466930e+00  -2.75635024e-01
10373  1.08861284e+00  -2.42960884e-01
10374  1.10086322e+00  -2.09504197e-01
10375  1.11139526e+00  -1.75614591e-01
10376  1.11978729e+00  -1.41277553e-01
10377  1.12618484e+00  -1.06317664e-01
10378  1.13086844e+00  -7.10736371e-02
10379  1.13351977e+00  -3.51316647e-02
10380  1.13552388e+00  8.87157983e-07
10381  1.13347374e+00  3.59744574e-02
10382  1.13077241e+00  7.29506619e-02
10383  1.12641536e+00  1.09420352e-01
10384  1.12070113e+00  1.45362918e-01
10385  1.11262860e+00  1.80595860e-01
10386  1.10255247e+00  2.15582869e-01
10387  1.09070795e+00  2.50103563e-01
10388  1.07719930e+00  2.83925737e-01
10389  1.06183733e+00  3.16950311e-01
10390  1.04481100e+00  3.49285136e-01
10391  1.02625197e+00  3.80813599e-01
10392  1.00624799e+00  4.11439976e-01
10393  9.84826210e-01  4.41047985e-01
10394  9.61962521e-01  4.69586169e-01
10395  9.37753729e-01  4.97100803e-01
10396  9.12324627e-01  5.23572179e-01
10397  8.85768918e-01  5.48971891e-01
10398  8.58213712e-01  5.73237870e-01
10399  8.29625465e-01  5.96239630e-01
10400  7.99977865e-01  6.18068286e-01
10401  7.69524225e-01  6.38831917e-01
10402  7.33236039e-01  6.61497019e-01
10403  7.01073276e-01  6.79900454e-01
10404  6.68265322e-01  6.97234242e-01
10405  6.34904275e-01  7.13377974e-01
10406  6.00925790e-01  7.28313426e-01
10407  5.66402504e-01  7.42191986e-01
10408  5.31462438e-01  7.55011323e-01
10409  4.96126353e-01  7.66731553e-01
10410  4.60440909e-01  7.77396035e-01
10411  4.24351476e-01  7.86997302e-01
10412  3.87968060e-01  7.95772242e-01
10413  3.51438497e-01  8.03620568e-01
10414  3.14676696e-01  8.10464352e-01
10415  2.72916259e-01  8.17286601e-01
10416  2.48046420e-01  8.20691995e-01
10417  2.00086114e-01  8.26103551e-01
10418  1.63480988e-01  8.29361712e-01
10419  1.26823653e-01  8.31834260e-01
10420  9.01072745e-02  8.33515046e-01
10421  5.33207312e-02  8.34444735e-01
10422  1.64713463e-02  8.34684019e-01
10423  -2.04093554e-02  8.34292077e-01
10424  -5.72424812e-02  8.33286342e-01
10425  -9.40056636e-02  8.31565760e-01
10426  -1.30765254e-01  8.29123395e-01
10427  -1.67554866e-01  8.26047857e-01
10428  -2.04284141e-01  8.22440780e-01
10429  -2.40895130e-01  8.18185083e-01
10430  -2.77469824e-01  8.13280342e-01
10431  -3.11061789e-01  8.08283087e-01
10432  -3.50477983e-01  8.01872839e-01
10433  -3.97620638e-01  7.93300790e-01
10434  -4.33793949e-01  7.86134522e-01
10435  -4.69934656e-01  7.78508100e-01
10436  -5.05958475e-01  7.70433615e-01
10437  -5.41870156e-01  7.61868741e-01
10438  -5.77709716e-01  7.52849401e-01
10439  -6.13447928e-01  7.43430078e-01
10440  -6.49087726e-01  7.33565274e-01
10441  -6.84666147e-01  7.23340693e-01
10442  -7.20154216e-01  7.12763672e-01
10443  -7.55566606e-01  7.01860743e-01
10444  -7.90872810e-01  6.90666355e-01
10445  -8.26017036e-01  6.79137311e-01
10446  -8.61044026e-01  6.67191251e-01
10447  -8.95993362e-01  6.54934791e-01
10448  -9.30817186e-01  6.42335119e-01
10449  -9.65517057e-01  6.29433161e-01
10450  -1.00007046e+00  6.16164893e-01
10451  -1.03451273e+00  6.02570485e-01
10452  -1.06881350e+00  5.88646375e-01
10453  -1.10298939e+00  5.74378324e-01
10454  -1.13706300e+00  5.59804156e-01
10455  -1.17099096e+00  5.44959537e-01
10456  -1.20471599e+00  5.29784502e-01
10457  -1.23824695e+00  5.14226208e-01
10458  -1.27160949e+00  4.98276820e-01
10459  -1.30481090e+00  4.81966401e-01
10460  -1.33778935e+00  4.65325376e-01
10461  -1.37051720e+00  4.48228096e-01
10462  -1.40304636e+00  4.30749965e-01
10463  -1.43527620e+00  4.12851226e-01
10464  -1.47815517e+00  3.88155721e-01
10465  -1.51053020e+00  3.68741245e-01
10466  -1.54246969e+00  3.48747605e-01
10467  -1.57394373e+00  3.28062076e-01
10468  -1.60498675e+00  3.06746100e-01
10469  -1.63538608e+00  2.84851034e-01
10470  -1.66492523e+00  2.62065887e-01
10471  -1.69361013e+00  2.38405850e-01
10472  -1.72116884e+00  2.13724153e-01
10473  -1.74741570e+00  1.88010301e-01
10474  -1.77189580e+00  1.61130933e-01
10475  -1.79412237e+00  1.33019945e-01
10476  -1.81335644e+00  1.03597648e-01
10477  -1.82869799e+00  7.30625160e-02
10478  -1.83872727e+00  4.22736624e-02
10479  -3.11062941e-01  7.99817813e-01
10480  -3.11068170e-01  7.61396574e-01
10481  -3.11073399e-01  7.22975333e-01
10482  -3.11078629e-01  6.84554094e-01
10483  -3.11083858e-01  6.46132856e-01
10484  -3.11089087e-01  6.07711616e-01
10485  -3.11094316e-01  5.69290377e-01
10486  -3.11099545e-01  5.30869138e-01
10487  -3.11104774e-01  4.92447898e-01
10488  -3.11110003e-01  4.54026659e-01
10489  -3.11115232e-01  4.15605420e-01
10490  -3.11120461e-01  3.77184180e-01
10491  -3.11125690e-01  3.38762941e-01
10492  -3.11130919e-01  3.00341702e-01
10493  -3.11136148e-01  2.61920463e-01
10494  -3.11141377e-01  2.23499223e-01
10495  -3.11146606e-01  1.85077983e-01
10496  -3.11151836e-01  1.46656744e-01
10497  -3.11157065e-01  1.08235505e-01
10498  -3.11162294e-01  6.98142654e-02
10499  -3.11167523e-01  3.13930260e-02
10500  -3.11172752e-01  -7.02821327e-03
10501  -3.11177981e-01  -4.54494526e-02
10502  -3.11183210e-01  -8.38706919e-02
10503  -3.11188439e-01  -1.22291931e-01
10504  -3.11193668e-01  -1.60713170e-01
10505  -3.11198897e-01  -1.99134409e-01
10506  -3.11204126e-01  -2.37555649e-01
10507  -3.11209355e-01  -2.75976888e-01
10508  -3.11214584e-01  -3.14398127e-01
10509  -3.11219813e-01  -3.52819367e-01
10510  -3.11225042e-01  -3.91240607e-01
10511  -3.11230272e-01  -4.29661846e-01
10512  -3.11235501e-01  -4.68083085e-01
10513  -3.11240730e-01  -5.06504324e-01
10514  -3.11245959e-01  -5.44925563e-01
10515  -3.11251188e-01  -5.83346803e-01
10516  -3.11256417e-01  -6.21768042e-01
10517  -3.11261646e-01  -6.60189281e-01
10518  -3.11266875e-01  -6.98610521e-01
10519  -3.11272104e-01  -7.37031760e-01
10520  -3.11277333e-01  -7.75452999e-01
10521  -3.11282562e-01  -8.13874239e-01
10522  2.48047045e-01  8.14572969e-01
10523  2.48050935e-01  7.76502128e-01
10524  2.48054825e-01  7.38431286e-01
10525  2.48058714e-01  7.00360444e-01
10526  2.48062604e-01  6.62289603e-01
10527  2.48066494e-01  6.24218761e-01
10528  2.48070384e-01  5.86147919e-01
10529  2.48074273e-01  5.48077078e-01
10530  2.48078163e-01  5.10006236e-01
10531  2.48082053e-01  4.71935395e-01
10532  2.48085943e-01  4.33864553e-01
10533  2.48089832e-01  3.95793711e-01
10534  2.48093722e-01  3.57722870e-01
10535  2.48097612e-01  3.19652028e-01
10536  2.48101502e-01  2.81581186e-01
10537  2.48105391e-01  2.43510345e-01
10538  2.48109281e-01  2.05439503e-01
10539  2.48113171e-01  1.67368662e-01
10540  2.48117060e-01  1.29297820e-01
10541  2.48120950e-01  9.12269787e-02
10542  2.48124840e-01  5.31561370e-02
10543  2.48128730e-01  1.50852953e-02
10544  2.48132619e-01  -2.29855463e-02
10545  2.48136509e-01  -6.10563879e-02
10546  2.48140399e-01  -9.91272295e-02
10547  2.48144289e-01  -1.37198072e-01
10548  2.48148178e-01  -1.75268913e-01
10549  2.48152068e-01  -2.13339755e-01
10550  2.48155958e-01  -2.51410596e-01
10551  2.48159847e-01  -2.89481438e-01
10552  2.48163737e-01  -3.27552280e-01
10553  2.48167627e-01  -3.65623121e-01
10554  2.48171517e-01  -4.03693963e-01
10555  2.48175406e-01  -4.41764805e-01
10556  2.48179296e-01  -4.79835646e-01
10557  2.48183186e-01  -5.17906488e-01
10558  2.48187076e-01  -5.55977329e-01
10559  2.48190965e-01  -5.94048171e-01
10560  2.48194855e-01  -6.32119013e-01
10561  2.48198745e-01  -6.70189854e-01
10562  2.48202634e-01  -7.08260696e-01
10563  2.48206524e-01  -7.46331538e-01
10564  2.48210414e-01  -7.84402379e-01
10565  2.48214304e-01  -8.22473221e-01
2571  -1.87329719e+00  -1.03172244e-02
2572  -1.86823984e+00  -4.74109599e-02
2573  -1.85502550e+00  -8.23879235e-02
2574  -1.83484152e+00  -1.13937979e-01
2575  -1.81000880e+00  -1.42039901e-01
2576  -1.78213791e+00  -1.67190890e-01
2577  -1.75261590e+00  -1.90413894e-01
2578  -1.72186813e+00  -2.12008921e-01
2579  -1.69038851e+00  -2.32533883e-01
2580  -1.65838245e+00  -2.52232498e-01
2581  -1.62585298e+00  -2.71062594e-01
2582  -1.59307567e+00  -2.89461990e-01
2583  -1.55997537e+00  -3.07280078e-01
2584  -1.52682445e+00  -3.25010432e-01
2585  -1.49354399e+00  -3.42494013e-01
2586  -1.44966544e+00  -3.65159991e-01
2587  -1.41676060e+00  -3.82208704e-01
2588  -1.38380541e+00  -3.99157037e-01
2589  -1.35078241e+00  -4.15975614e-01
2590  -1.31779036e+00  -4.32855670e-01
2591  -1.28475896e+00  -4.49656106e-01
2592  -1.25168303e+00  -4.66369567e-01
2593  -1.21859187e+00  -4.83055791e-01
2594  -1.18554491e+00  -4.99829109e-01
2595  -1.15247888e+00  -5.16561948e-01
2596  -1.11937127e+00  -5.33211680e-01
2597  -1.08622216e+00  -5.49778264e-01
2598  -1.05302243e+00  -5.66242490e-01
2599  -1.01976240e+00  -5.82585234e-01
2600  -9.86468556e-01  -5.98858923e-01
2601  -9.53114848e-01  -6.15007566e-01
2602  -9.19672670e-01  -6.30970676e-01
2603  -8.86136828e-01  -6.46735496e-01
2604  -8.52504581e-01  -6.62293554e-01
2605  -8.18777074e-01  -6.77644829e-01
2606  -7.84970992e-01  -6.92820493e-01
2607  -7.51025395e-01  -7.07679287e-01
2608  -7.16960271e-01  -7.22260573e-01
2609  -6.82744670e-01  -7.36481488e-01
2610  -6.48362476e-01  -7.50295221e-01
2611  -6.13815735e-01  -7.63691744e-01
2612  -5.79096504e-01  -7.76632112e-01
2613  -5.44182364e-01  -7.89032919e-01
2614  -5.09074441e-01  -8.00869802e-01
2615  -4.73763692e-01  -8.12084062e-01
2616  -4.38234103e-01  -8.22584483e-01
2617  -4.02494883e-01  -8.32344933e-01
2618  -3.55587489e-01  -8.43881220e-01
2619  -3.18013749e-01  -8.51988922e-01
2620  -2.82078781e-01  -8.58941083e-01
2621  -2.45083788e-01  -8.65178579e-01
2622  -2.07948692e-01  -8.70526868e-01
2623  -1.70699960e-01  -8.75015013e-01
2624  -1.33350725e-01  -8.78566580e-01
2625  -9.59121283e-02  -8.81019451e-01
2626  -5.84213804e-02  -8.82478657e-01
2627  -2.09071211e-02  -8.82968260e-01
2628  1.66054757e-02  -8.82448157e-01
2629  5.40941006e-02  -8.80979576e-01
2630  9.15371319e-02  -8.78609018e-01
2631  1.28913526e-01  -8.75349074e-01
2632  1.66196060e-01  -8.71160885e-01
2633  2.03355721e-01  -8.65971633e-01
2634  2.41492124e-01  -8.59865237e-01
2635  2.77301595e-01  -8.53233647e-01
2636  3.20022290e-01  -8.43973548e-01
2637  3.57640772e-01  -8.34837115e-01
2638  3.95053479e-01  -8.24894454e-01
2639  4.32162902e-01  -8.13879526e-01
2640  4.68956693e-01  -8.01849584e-01
2641  5.05434108e-01  -7.88888489e-01
2642  5.41601776e-01  -7.75087217e-01
2643  5.77391354e-01  -7.60340729e-01
2644  6.12688317e-01  -7.44453587e-01
2645  6.47505028e-01  -7.27539055e-01
2646  6.81813863e-01  -7.09619161e-01
2647  7.15569825e-01  -6.90679621e-01
2648  7.48731043e-01  -6.70720501e-01
2649  7.86094134e-01  -6.46358085e-01
2650  8.16466238e-01  -6.24896945e-01
2651  8.46145467e-01  -6.02486261e-01
2652  8.75000133e-01  -5.79024734e-01
2653  9.02950359e-01  -5.54492763e-01
2654  9.29950234e-01  -5.28923826e-01
2655  9.55847590e-01  -5.02241495e-01
2656  9.80668638e-01  -4.74551082e-01
2657  1.00444178e+00  -4.45960746e-01
2658  1.02680934e+00  -4.16259328e-01
2659  1.04796670e+00  -3.85681653e-01
2660  1.06758736e+00  -3.54098513e-01
2661  1.08571102e+00  -3.21637505e-01
2662  1.10221357e+00  -2.88322775e-01
2663  1.11680679e+00  -2.54130802e-01
2664  1.12959103e+00  -2.19219098e-01
2665  1.14061889e+00  -1.83716814e-01
2666  1.14944438e+00  -1.47611840e-01
2667  1.15613995e+00  -1.11046106e-01
2668  1.16103376e+00  -7.41913259e-02
2669  1.16378076e+00  -3.71162501e-02
2670  1.16589919e+00  1.43897681e-08
2671  1.16373563e+00  3.79453640e-02
2672  1.16095883e+00  7.58569535e-02
2673  1.15645133e+00  1.13604465e-01
2674  1.15047261e+00  1.51135729e-01
2675  1.14199136e+00  1.88178358e-01
2676  1.13147486e+00  2.24702161e-01
2677  1.11913999e+00  2.60652758e-01
2678  1.10503973e+00  2.95949745e-01
2679  1.08901114e+00  3.30413231e-01
2680  1.07130245e+00  3.64045530e-01
2681  1.05202105e+00  3.96801744e-01
2682  1.03123464e+00  4.28625252e-01
2683  1.00895204e+00  4.59422175e-01
2684  9.85186717e-01  4.89087528e-01
2685  9.60078312e-01  5.17625891e-01
2686  9.33745351e-01  5.45038871e-01
2687  9.06274899e-01  5.71314027e-01
2688  8.77744785e-01  5.96437082e-01
2689  8.48125957e-01  6.20268738e-01
2690  8.17513011e-01  6.42810657e-01
2691  7.86101679e-01  6.64225899e-01
2692  7.48802672e-01  6.87522895e-01
2693  7.15689614e-01  7.06471659e-01
2694  6.81955390e-01  7.24294329e-01
2695  6.47613131e-01  7.40912521e-01
2696  6.12685140e-01  7.56266673e-01
2697  5.77282341e-01  7.70499148e-01
2698  5.41460058e-01  7.83641968e-01
2699  5.05242674e-01  7.95654883e-01
2700  4.68682440e-01  8.06580679e-01
2701  4.31805881e-01  8.16392848e-01
2702  3.94708408e-01  8.25339690e-01
2703  3.57399427e-01  8.33354952e-01
2704  3.19884035e-01  8.40339925e-01
2705  2.77327188e-01  8.47253713e-01
2706  2.41317220e-01  8.52018255e-01
2707  2.03088618e-01  8.56244372e-01
2708  1.65843027e-01  8.59559475e-01
2709  1.28535611e-01  8.62075842e-01
2710  9.11827173e-02  8.63785948e-01
2711  5.38019250e-02  8.64730912e-01
2712  1.64088633e-02  8.64973954e-01
2713  -2.09838342e-02  8.64576629e-01
2714  -5.83641203e-02  8.63555568e-01
2715  -9.57176889e-02  8.61807338e-01
2716  -1.33030799e-01  8.59328551e-01
2717  -1.70296896e-01  8.56213489e-01
2718  -2.07513345e-01  8.52558157e-01
2719  -2.44656780e-01  8.48240600e-01
2720  -2.81720113e-01  8.43270660e-01
2721  -3.17783760e-01  8.37890286e-01
2722  -3.55615199e-01  8.31724022e-01
2723  -4.03268705e-01  8.23096185e-01
2724  -4.39871307e-01  8.15845328e-01
2725  -4.76381978e-01  8.08140823e-01
2726  -5.12792709e-01  7.99979503e-01
2727  -5.49088409e-01  7.91323165e-01
2728  -5.85274807e-01  7.82216656e-01
2729  -6.21357398e-01  7.72706461e-01
2730  -6.57320702e-01  7.62752332e-01
2731  -6.93185260e-01  7.52445521e-01
2732  -7.28947013e-01  7.41786990e-01
2733  -7.64611307e-01  7.30806549e-01
2734  -8.00182244e-01  7.19528107e-01
2735  -8.35638111e-01  7.07896678e-01
2736  -8.70956540e-01  6.95851474e-01
2737  -9.06170284e-01  6.83502194e-01
2738  -9.41260566e-01  6.70806194e-01
2739  -9.76237136e-01  6.57801210e-01
2740  -1.01107299e+00  6.44424593e-01
2741  -1.04578308e+00  6.30724446e-01
2742  -1.08035862e+00  6.16688778e-01
2743  -1.11479422e+00  6.02312393e-01
2744  -1.14910419e+00  5.87637156e-01
2745  -1.18329117e+00  5.72679046e-01
2746  -1.21732023e+00  5.57367094e-01
2747  -1.25116915e+00  5.41661281e-01
2748  -1.28483535e+00  5.25566799e-01
2749  -1.31832786e+00  5.09113374e-01
2750  -1.35164157e+00  4.92302813e-01
2751  -1.38471520e+00  4.75025170e-01
2752  -1.41758536e+00  4.57363564e-01
2753  -1.45020603e+00  4.39247559e-01
2754  -1.49352165e+00  4.14300275e-01
2755  -1.52637482e+00  3.94598822e-01
2756  -1.55884414e+00  3.74272959e-01
2757  -1.59085567e+00  3.53234530e-01
2758  -1.62243365e+00  3.31550770e-01
2759  -1.65351211e+00  3.09163859e-01
2760  -1.68383778e+00  2.85772043e-01
2761  -1.71337965e+00  2.61402202e-01
2762  -1.74190324e+00  2.35854464e-01
2763  -1.76924955e+00  2.09056654e-01
2764  -1.79501972e+00  1.80751091e-01
2765  -1.81874105e+00  1.50728328e-01
2766  -1.83965229e+00  1.18703771e-01
2767  -1.85677056e+00  8.45340833e-02
2768  -1.86846715e+00  4.82070982e-02
2769  -3.17788941e-01  7.99818728e-01
2770  -3.17794170e-01  7.61397489e-01
2771  -3.17799399e-01  7.22976249e-01
2772  -3.17804629e-01  6.84555010e-01
2773  -3.17809858e-01  6.46133771e-01
2774  -3.17815087e-01  6.07712531e-01
2775  -3.17820316e-01  5.69291292e-01
2776  -3.17825545e-01  5.30870053e-01
2777  -3.17830774e-01  4.92448813e-01
2778  -3.17836003e-01  4.54027574e-01
2779  -3.17841232e-01  4.15606335e-01
2780  -3.17846461e-01  3.77185095e-01
2781  -3.17851690e-01  3.38763856e-01
2782  -3.17856919e-01  3.00342617e-01
2783  -3.17862148e-01  2.61921378e-01
2784  -3.17867377e-01  2.23500138e-01
2785  -3.17872606e-01  1.85078899e-01
2786  -3.17877836e-01  1.46657660e-01
2787  -3.17883065e-01  1.08236420e-01
2788  -3.17888294e-01  6.98151808e-02
2789  -3.17893523e-01  3.13939414e-02
2790  -3.17898752e-01  -7.02729789e-03
2791  -3.17903981e-01  -4.54485372e-02
2792  -3.17909210e-01  -8.38697765e-02
2793  -3.17914439e-01  -1.22291016e-01
2794  -3.17919668e-01  -1.60712255e-01
2795  -3.17924897e-01  -1.99133494e-01
2796  -3.17930126e-01  -2.37554734e-01
2797  -3.17935355e-01  -2.75975973e-01
2798  -3.17940584e-01  -3.14397212e-01
2799  -3.17945813e-01  -3.52818452e-01
2800  -3.17951042e-01  -3.91239691e-01
2801  -3.17956272e-01  -4.29660930e-01
2802  -3.17961501e-01  -4.68082170e-01
2803  -3.17966730e-01  -5.06503409e-01
2804  -3.17971959e-01  -5.44924648e-01
2805  -3.17977188e-01  -5.83345888e-01
2806  -3.17982417e-01  -6.21767127e-01
2807  -3.17987646e-01  -6.60188366e-01
2808  -3.17992875e-01  -6.98609606e-01
2809  -3.17998104e-01  -7.37030845e-01
2810  -3.18003333e-01  -7.75452084e-01
2811  -3.18008562e-01  -8.13873324e-01
2812  2.41321045e-01  8.14572282e-01
2813  2.41324935e-01  7.76501441e-01
2814  2.41328825e-01  7.38430599e-01
2815  2.41332714e-01  7.00359757e-01
2816  2.41336604e-01  6.62288916e-01
2817  2.41340494e-01  6.24218074e-01
2818  2.41344384e-01  5.86147232e-01
2819  2.41348273e-01  5.48076391e-01
2820  2.41352163e-01  5.10005549e-01
2821  2.41356053e-01  4.71934708e-01
2822  2.41359943e-01  4.33863866e-01
2823  2.41363832e-01  3.95793024e-01
2824  2.41367722e-01  3.57722183e-01
2825  2.41371612e-01  3.19651341e-01
2826  2.41375502e-01  2.81580499e-01
2827  2.41379391e-01  2.43509658e-01
2828  2.41383281e-01  2.05438816e-01
2829  2.41387171e-01  1.67367975e-01
2830  2.41391060e-01  1.29297133e-01
2831  2.41394950e-01  9.12262915e-02
2832  2.41398840e-01  5.31554498e-02
2833  2.41402730e-01  1.50846082e-02
2834  2.41406619e-01  -2.29862334e-02
2835  2.41410509e-01  -6.10570751e-02
2836  2.41414399e-01  -9.91279167e-02
2837  2.41418289e-01  -1.37198759e-01
2838  2.41422178e-01  -1.75269600e-01
2839  2.41426068e-01  -2.13340442e-01
2840  2.41429958e-01  -2.51411283e-01
2841  2.41433847e-01  -2.89482125e-01
2842  2.41437737e-01  -3.27552967e-01
2843  2.41441627e-01  -3.65623808e-01
2844  2.41445517e-01  -4.03694650e-01
2845  2.41449406e-01  -4.41765492e-01
2846  2.41453296e-01  -4.79836333e-01
2847  2.41457186e-01  -5.17907175e-01
2848  2.41461076e-01  -5.55978016e-01
2849  2.41464965e-01  -5.94048858e-01
2850  2.41468855e-01  -6.32119700e-01
2851  2.41472745e-01  -6.70190541e-01
2852  2.41476634e-01  -7.08261383e-01
2853  2.41480524e-01  -7.46332225e-01
2854  2.41484414e-01  -7.84403066e-01
2855  2.41488304e-01  -8.22473908e-01
5141  -1.86837874e+00  -1.01863879e-02
5142  -1.86349896e+00  -4.62084896e-02
5143  -1.85065416e+00  -8.01940074e-02
5144  -1.83093724e+00  -1.10992051e-01
5145  -1.80653230e+00  -1.38599577e-01
5146  -1.77898573e+00  -1.63451148e-01
5147  -1.74969731e+00  -1.86489136e-01
5148  -1.71912653e+00  -2.07958551e-01
5149  -1.68777082e+00  -2.28402345e-01
5150  -1.65587527e+00  -2.48032983e-01
5151  -1.62343071e+00  -2.66813535e-01
5152  -1.59071936e+00  -2.85176002e-01
5153  -1.55766286e+00  -3.02970297e-01
5154  -1.52453375e+00  -3.20689020e-01
5155  -1.49128430e+00  -3.38156312e-01
5156  -1.44741806e+00  -3.60815896e-01
5157  -1.41451713e+00  -3.77862588e-01
5158  -1.38157712e+00  -3.94803118e-01
5159  -1.34855868e+00  -4.11619365e-01
5160  -1.31556781e+00  -4.28498821e-01
5161  -1.28254738e+00  -4.45293679e-01
5162  -1.24947903e+00  -4.62003300e-01
5163  -1.21638396e+00  -4.78691503e-01
5164  -1.18333388e+00  -4.95466399e-01
5165  -1.15027596e+00  -5.12195139e-01
5166  -1.11717930e+00  -5.28839361e-01
5167  -1.08404242e+00  -5.45399836e-01
5168  -1.05085746e+00  -5.61856740e-01
5169  -1.01761002e+00  -5.78193295e-01
5170  -9.84328954e-01  -5.94460744e-01
5171  -9.50995694e-01  -6.10599498e-01
5172  -9.17578819e-01  -6.26550532e-01
5173  -8.84069700e-01  -6.42302792e-01
5174  -8.50464754e-01  -6.57848221e-01
5175  -8.16762475e-01  -6.73188006e-01
5176  -7.82988836e-01  -6.88349146e-01
5177  -7.49082432e-01  -7.03190771e-01
5178  -7.15059347e-01  -7.17754092e-01
5179  -6.80894365e-01  -7.31953989e-01
5180  -6.46566581e-01  -7.45745865e-01
5181  -6.12077453e-01  -7.59120064e-01
5182  -5.77423876e-01  -7.72036005e-01
5183  -5.42582509e-01  -7.84410978e-01
5184  -5.07552850e-01  -7.96221508e-01
5185  -4.72330285e-01  -8.07407821e-01
5186  -4.36896648e-01  -8.17879901e-01
5187  -4.01266472e-01  -8.27610708e-01
5188  -3.54486909e-01  -8.39115656e-01
5189  -3.15150150e-01  -8.47583005e-01
5190  -2.81206985e-01  -8.54128407e-01
5191  -2.44328542e-01  -8.60346242e-01
5192  -2.07307494e-01  -8.65678080e-01
5193  -1.70175875e-01  -8.70152172e-01
5194  -1.32959303e-01  -8.73691267e-01
5195  -9.56571145e-02  -8.76135104e-01
5196  -5.82943450e-02  -8.77589307e-01
5197  -2.09091103e-02  -8.78077260e-01
5198  1.64758363e-02  -8.77558875e-01
5199  5.38438383e-02  -8.76094983e-01
5200  9.11700998e-02  -8.73731809e-01
5201  1.28427998e-01  -8.70482232e-01
5202  1.65584778e-01  -8.66308235e-01
5203  2.02631650e-01  -8.61134527e-01
5204  2.44354566e-01  -8.54409110e-01
5205  2.76338999e-01  -8.48438307e-01
5206  3.18926992e-01  -8.39206767e-01
5207  3.56435434e-01  -8.30096963e-01
5208  3.93729363e-01  -8.20186100e-01
5209  4.30706912e-01  -8.09210268e-01
5210  4.67377805e-01  -7.97220438e-01
5211  5.03743353e-01  -7.84299020e-01
5212  5.39798115e-01  -7.70540934e-01
5213  5.75455731e-01  -7.55849043e-01
5214  6.10615733e-01  -7.40023432e-01
5215  6.45303985e-01  -7.23171299e-01
5216  6.79484801e-01  -7.05318306e-01
5217  7.13111821e-01  -6.86451135e-01
5218  7.46133811e-01  -6.66576075e-01
5219  7.83346699e-01  -6.42311668e-01
5220  8.13580975e-01  -6.20947624e-01
5221  8.43128529e-01  -5.98636590e-01
5222  8.71843596e-01  -5.75288672e-01
5223  8.99655048e-01  -5.50878513e-01
5224  9.26513084e-01  -5.25444188e-01
5225  9.52271035e-01  -4.98905310e-01
5226  9.76966625e-01  -4.71354681e-01
5227  1.00060679e+00  -4.42925171e-01
5228  1.02284400e+00  -4.13396123e-01
5229  1.04387713e+00  -3.82998869e-01
5230  1.06337369e+00  -3.51615199e-01
5231  1.08138309e+00  -3.19359161e-01
5232  1.09777121e+00  -2.86276485e-01
5233  1.11225965e+00  -2.52329309e-01
5234  1.12495779e+00  -2.17652271e-01
5235  1.13590568e+00  -1.82410081e-01
5236  1.14466126e+00  -1.46590242e-01
5237  1.15130876e+00  -1.10283499e-01
5238  1.15616867e+00  -7.36885027e-02
5239  1.15890025e+00  -3.67961747e-02
5240  1.16100023e+00  1.55150480e-07
5241  1.15885497e+00  3.76274947e-02
5242  1.15609034e+00  7.53882246e-02
5243  1.15160711e+00  1.12929648e-01
5244  1.14567105e+00  1.50204686e-01
5245  1.13725571e+00  1.86955447e-01
5246  1.12681024e+00  2.23231394e-01
5247  1.11455445e+00  2.58951376e-01
5248  1.10054961e+00  2.94010504e-01
5249  1.08462853e+00  3.28241921e-01
5250  1.06702989e+00  3.61664963e-01
5251  1.04786500e+00  3.94223164e-01
5252  1.02720478e+00  4.25853598e-01
5253  1.00506100e+00  4.56458772e-01
5254  9.81441101e-01  4.85942335e-01
5255  9.56477787e-01  5.14315589e-01
5256  9.30290600e-01  5.41576707e-01
5257  9.02967679e-01  5.67710671e-01
5258  8.74594799e-01  5.92695496e-01
5259  8.45142184e-01  6.16393305e-01
5260  8.14684930e-01  6.38820189e-01
5261  7.83428055e-01  6.60130338e-01
5262  7.46292074e-01  6.83325423e-01
5263  7.13332280e-01  7.02186235e-01
5264  6.79747445e-01  7.19930058e-01
5265  6.45563437e-01  7.36471729e-01
5266  6.10788583e-01  7.51758352e-01
5267  5.75527632e-01  7.65933747e-01
5268  5.39847634e-01  7.79024396e-01
5269  5.03772387e-01  7.90990106e-01
5270  4.67353239e-01  8.01873758e-01
5271  4.30603629e-01  8.11651912e-01
5272  3.93621320e-01  8.20571029e-01
5273  3.56438044e-01  8.28559369e-01
5274  3.19044191e-01  8.35521571e-01
5275  2.76614945e-01  8.42414850e-01
5276  2.44180759e-01  8.46744728e-01
5277  2.02603797e-01  8.51377460e-01
5278  1.65461622e-01  8.54683368e-01
5279  1.28259177e-01  8.57192660e-01
5280  9.10090629e-02  8.58898032e-01
5281  5.37242255e-02  8.59840529e-01
5282  1.64189526e-02  8.60082964e-01
5283  -2.08910717e-02  8.59686509e-01
5284  -5.81830065e-02  8.58667922e-01
5285  -9.54412440e-02  8.56924157e-01
5286  -1.32664976e-01  8.54451251e-01
5287  -1.69854134e-01  8.51342571e-01
5288  -2.06991918e-01  8.47695031e-01
5289  -2.44049377e-01  8.43387462e-01
5290  -2.81033808e-01  8.38428050e-01
5291  -3.14921372e-01  8.33387204e-01
5292  -3.54785681e-01  8.26903879e-01
5293  -4.02357781e-01  8.18290762e-01
5294  -4.38891146e-01  8.11053547e-01
5295  -4.75342149e-01  8.03361636e-01
5296  -5.11690478e-01  7.95214320e-01
5297  -5.47924244e-01  7.86572734e-01
5298  -5.84054703e-01  7.77480283e-01
5299  -6.20081752e-01  7.67984744e-01
5300  -6.55992881e-01  7.58045022e-01
5301  -6.91811291e-01  7.47751473e-01
5302  -7.27528904e-01  7.37106087e-01
5303  -7.63152571e-01  7.26138148e-01
5304  -7.98680811e-01  7.14873262e-01
5305  -8.34086416e-01  7.03258346e-01
5306  -8.69357843e-01  6.91229131e-01
5307  -9.04528942e-01  6.78894822e-01
5308  -9.39576250e-01  6.66214358e-01
5309  -9.74508193e-01  6.53225990e-01
5310  -1.00929849e+00  6.39866847e-01
5311  -1.04396539e+00  6.26183754e-01
5312  -1.07849661e+00  6.12166078e-01
5313  -1.11289033e+00  5.97807165e-01
5314  -1.14716218e+00  5.83148229e-01
5315  -1.18130738e+00  5.68208422e-01
5316  -1.21528741e+00  5.52918553e-01
5317  -1.24908504e+00  5.37236532e-01
5318  -1.28270227e+00  5.21165451e-01
5319  -1.31614783e+00  5.04735090e-01
5320  -1.34940747e+00  4.87951872e-01
5321  -1.38242534e+00  4.70703318e-01
5322  -1.41524050e+00  4.53071303e-01
5323  -1.44779814e+00  4.34990339e-01
5324  -1.49104333e+00  4.10083661e-01
5325  -1.52381939e+00  3.90428493e-01
5326  -1.55620325e+00  3.70156211e-01
5327  -1.58812810e+00  3.49174698e-01
5328  -1.61961980e+00  3.27550254e-01
5329  -1.65058873e+00  3.05242668e-01
5330  -1.68078755e+00  2.81948696e-01
5331  -1.71019121e+00  2.57693333e-01
5332  -1.73855918e+00  2.32285271e-01
5333  -1.76572817e+00  2.05662283e-01
5334  -1.79129028e+00  1.77586737e-01
5335  -1.81477053e+00  1.47872307e-01
5336  -1.83541127e+00  1.16267444e-01
5337  -1.85224300e+00  8.26839403e-02
5338  -1.86367068e+00  4.72501492e-02
5339  -3.14925941e-01  7.99818338e-01
5340  -3.14931170e-01  7.61397099e-01
5341  -3.14936399e-01  7.22975859e-01
5342  -3.14941629e-01  6.84554620e-01
5343  -3.14946858e-01  6.46133381e-01
5344  -3.14952087e-01  6.07712141e-01
5345  -3.14957316e-01  5.69290902e-01
5346  -3.14962545e-01  5.30869663e-01
5347  -3.14967774e-01  4.92448423e-01
5348  -3.14973003e-01  4.54027184e-01
5349  -3.14978232e-01  4.15605945e-01
5350  -3.14983461e-01  3.77184705e-01
5351  -3.14988690e-01  3.38763466e-01
5352  -3.14993919e-01  3.00342227e-01
5353  -3.14999148e-01  2.61920988e-01
5354  -3.15004377e-01  2.23499748e-01
5355  -3.15009606e-01  1.85078509e-01
5356  -3.15014836e-01  1.46657270e-01
5357  -3.15020065e-01  1.08236030e-01
5358  -3.15025294e-01  6.98147912e-02
5359  -3.15030523e-01  3.13935518e-02
5360  -3.15035752e-01  -7.02768753e-03
5361  -3.15040981e-01  -4.54489268e-02
5362  -3.15046210e-01  -8.38701661e-02
5363  -3.15051439e-01  -1.22291406e-01
5364  -3.15056668e-01  -1.60712645e-01
5365  -3.15061897e-01  -1.99133884e-01
5366  -3.15067126e-01  -2.37555124e-01
5367  -3.15072355e-01  -2.75976363e-01
5368  -3.15077584e-01  -3.14397602e-01
5369  -3.15082813e-01  -3.52818842e-01
5370  -3.15088042e-01  -3.91240081e-01
5371  -3.15093272e-01  -4.29661320e-01
5372  -3.15098501e-01  -4.68082560e-01
5373  -3.15103730e-01  -5.06503799e-01
5374  -3.15108959e-01  -5.44925038e-01
5375  -3.15114188e-01  -5.83346278e-01
5376  -3.15119417e-01  -6.21767517e-01
5377  -3.15124646e-01  -6.60188756e-01
5378  -3.15129875e-01  -6.98609996e-01
5379  -3.15135104e-01  -7.37031235e-01
5380  -3.15140333e-01  -7.75452474e-01
5381  -3.15145562e-01  -8.13873714e-01
5382  2.44184045e-01  8.14572575e-01
5383  2.44187935e-01  7.76501734e-01
5384  2.44191825e-01  7.38430892e-01
5385  2.44195714e-01  7.00360050e-01
5386  2.44199604e-01  6.62289209e-01
5387  2.44203494e-01  6.24218367e-01
5388  2.44207384e-01  5.86147525e-01
5389  2.44211273e-01  5.48076684e-01
5390  2.44215163e-01  5.10005842e-01
5391  2.44219053e-01  4.71935001e-01
5392  2.44222943e-01  4.33864159e-01
5393  2.44226832e-01  3.95793317e-01
5394  2.44230722e-01  3.57722476e-01
5395  2.44234612e-01  3.19651634e-01
5396  2.44238502e-01  2.81580792e-01
5397  2.44242391e-01  2.43509951e-01
5398  2.44246281e-01  2.05439109e-01
5399  2.44250171e-01  1.67368268e-01
5400  2.44254060e-01  1.29297426e-01
5401  2.44257950e-01  9.12265840e-02
5402  2.44261840e-01  5.31557423e-02
5403  2.44265730e-01  1.50849007e-02
5404  2.44269619e-01  -2.29859409e-02
5405  2.44273509e-01  -6.10567826e-02
5406  2.44277399e-01  -9.91276242e-02
5407  2.44281289e-01  -1.37198466e-01
5408  2.44285178e-01  -1.75269307e-01
5409  2.44289068e-01  -2.13340149e-01
5410  2.44292958e-01  -2.51410990e-01
5411  2.44296847e-01  -2.89481832e-01
5412  2.44300737e-01  -3.27552674e-01
5413  2.44304627e-01  -3.65623515e-01
5414  2.44308517e-01  -4.03694357e-01
5415  2.44312406e-01  -4.41765199e-01
5416  2.44316296e-01  -4.79836040e-01
5417  2.44320186e-01  -5.17906882e-01
5418  2.44324076e-01  -5.55977723e-01
5419  2.44327965e-01  -5.94048565e-01
5420  2.44331855e-01  -6.32119407e-01
5421  2.44335745e-01  -6.70190248e-01
5422  2.44339634e-01  -7.08261090e-01
5423  2.44343524e-01  -7.46331932e-01
5424  2.44347414e-01  -7.84402773e-01
5425  2.44351304e-01  -8.22473615e-01
7711  -1.84771941e+00  -9.63682671e-03
7712  -1.84358551e+00  -4.11576719e-02
7713  -1.83229293e+00  -7.09787524e-02
7714  -1.81453784e+00  -9.86180705e-02
7715  -1.79192972e+00  -1.24148950e-01
7716  -1.76574543e+00  -1.47742856e-01
7717  -1.73743817e+00  -1.70003706e-01
7718  -1.70761079e+00  -1.90945507e-01
7719  -1.67677558e+00  -2.11048366e-01
7720  -1.64534419e+00  -2.30393477e-01
7721  -1.61325629e+00  -2.48965924e-01
7722  -1.58082200e+00  -2.67173274e-01
7723  -1.54794950e+00  -2.84867630e-01
7724  -1.51491200e+00  -3.02537497e-01
7725  -1.48179274e+00  -3.19936371e-01
7726  -1.43797824e+00  -3.42569098e-01
7727  -1.40509373e+00  -3.59607304e-01
7728  -1.37221749e+00  -3.76515054e-01
7729  -1.33921820e+00  -3.93321516e-01
7730  -1.30623225e+00  -4.10198455e-01
7731  -1.27325791e+00  -4.26969877e-01
7732  -1.24022144e+00  -4.43663372e-01
7733  -1.20710992e+00  -4.60359887e-01
7734  -1.17404675e+00  -4.77141412e-01
7735  -1.14102288e+00  -4.93852935e-01
7736  -1.10797225e+00  -5.10474011e-01
7737  -1.07488673e+00  -5.27008828e-01
7738  -1.04176380e+00  -5.43434978e-01
7739  -1.00856922e+00  -5.59745534e-01
7740  -9.75341839e-01  -5.75986770e-01
7741  -9.42094466e-01  -5.92083989e-01
7742  -9.08783874e-01  -6.07984303e-01
7743  -8.75387002e-01  -6.23683805e-01
7744  -8.41896727e-01  -6.39176187e-01
7745  -8.08300416e-01  -6.54467710e-01
7746  -7.74663049e-01  -6.69567847e-01
7747  -7.40921276e-01  -6.84337351e-01
7748  -7.07074764e-01  -6.98825215e-01
7749  -6.73122402e-01  -7.12936824e-01
7750  -6.39023161e-01  -7.26636894e-01
7751  -6.04776030e-01  -7.39917325e-01
7752  -5.70398226e-01  -7.52730664e-01
7753  -5.35862531e-01  -7.64997121e-01
7754  -5.01161608e-01  -7.76696960e-01
7755  -4.66309448e-01  -7.87765890e-01
7756  -4.31278844e-01  -7.98118924e-01
7757  -3.96106694e-01  -8.07725220e-01
7758  -3.49872168e-01  -8.19133608e-01
7759  -3.12284381e-01  -8.27236158e-01
7760  -2.77551535e-01  -8.33948819e-01
7761  -2.41161786e-01  -8.40084215e-01
7762  -2.04618946e-01  -8.45347075e-01
7763  -1.67978381e-01  -8.49762246e-01
7764  -1.31318069e-01  -8.53249046e-01
7765  -9.45878395e-02  -8.55654998e-01
7766  -5.77616843e-02  -8.57088225e-01
7767  -2.09174514e-02  -8.57569262e-01
7768  1.59322569e-02  -8.57058080e-01
7769  5.27944864e-02  -8.55613847e-01
7770  8.96311314e-02  -8.53281634e-01
7771  1.26392175e-01  -8.50075530e-01
7772  1.63021669e-01  -8.45961035e-01
7773  1.99595613e-01  -8.40852501e-01
7774  2.47215390e-01  -8.33106245e-01
7775  2.72302825e-01  -8.28331408e-01
7776  3.14326335e-01  -8.19184532e-01
7777  3.51372573e-01  -8.10186579e-01
7778  3.88167588e-01  -8.00409280e-01
7779  4.24591218e-01  -7.89597664e-01
7780  4.60745894e-01  -7.77776320e-01
7781  4.96641557e-01  -7.65021561e-01
7782  5.32222072e-01  -7.51444874e-01
7783  5.67325400e-01  -7.36982309e-01
7784  6.01910120e-01  -7.21415148e-01
7785  6.36058791e-01  -7.04825119e-01
7786  6.69701883e-01  -6.87253134e-01
7787  7.02787299e-01  -6.68689936e-01
7788  7.35224482e-01  -6.49167960e-01
7789  7.71806462e-01  -6.25315231e-01
7790  8.01461811e-01  -6.04359020e-01
7791  8.30456280e-01  -5.82466555e-01
7792  8.58584981e-01  -5.59595837e-01
7793  8.85813529e-01  -5.35697331e-01
7794  9.12075788e-01  -5.10828428e-01
7795  9.37248188e-01  -4.84892102e-01
7796  9.61416805e-01  -4.57928623e-01
7797  9.84498414e-01  -4.30174638e-01
7798  1.00618810e+00  -4.01369612e-01
7799  1.02669945e+00  -3.71730192e-01
7800  1.04567472e+00  -3.41184364e-01
7801  1.06320416e+00  -3.09789278e-01
7802  1.07911166e+00  -2.77681314e-01
7803  1.09315998e+00  -2.44762376e-01
7804  1.10549646e+00  -2.11071024e-01
7805  1.11610847e+00  -1.76921324e-01
7806  1.12457041e+00  -1.42299152e-01
7807  1.13101602e+00  -1.07080271e-01
7808  1.13573353e+00  -7.15764603e-02
7809  1.13840028e+00  -3.54517401e-02
7810  1.14042283e+00  7.46397271e-07
7811  1.13835440e+00  3.62923267e-02
7812  1.13564090e+00  7.34193908e-02
7813  1.13125959e+00  1.10095169e-01
7814  1.12550270e+00  1.46293961e-01
7815  1.11736424e+00  1.81818771e-01
7816  1.10721709e+00  2.17053635e-01
7817  1.09529349e+00  2.51804945e-01
7818  1.08168943e+00  2.85864978e-01
7819  1.06621994e+00  3.19121621e-01
7820  1.04908356e+00  3.51665704e-01
7821  1.03040803e+00  3.83392179e-01
7822  1.01027786e+00  4.14211630e-01
7823  9.88717241e-01  4.44011388e-01
7824  9.65708137e-01  4.72731363e-01
7825  9.41354254e-01  5.00411104e-01
7826  9.15779377e-01  5.27034343e-01
7827  8.89076138e-01  5.52575247e-01
7828  8.61363698e-01  5.76979456e-01
7829  8.32609238e-01  6.00115062e-01
7830  8.02805947e-01  6.22058754e-01
7831  7.72197849e-01  6.42927478e-01
7832  7.35746638e-01  6.65694492e-01
7833  7.03430610e-01  6.84185878e-01
7834  6.70473266e-01  7.01598513e-01
7835  6.36953969e-01  7.17818767e-01
7836  6.02822347e-01  7.32821747e-01
7837  5.68157212e-01  7.46757386e-01
7838  5.33074861e-01  7.59628895e-01
7839  4.97596640e-01  7.71396329e-01
7840  4.61770109e-01  7.82102956e-01
7841  4.25553728e-01  7.91738238e-01
7842  3.89055149e-01  8.00540902e-01
7843  3.52399880e-01  8.08416152e-01
7844  3.15516539e-01  8.15282707e-01
7845  2.73628503e-01  8.22125463e-01
7846  2.47045904e-01  8.25739899e-01
7847  2.00570936e-01  8.30970463e-01
7848  1.63862392e-01  8.34237818e-01
7849  1.27100087e-01  8.36717442e-01
7850  9.02809289e-02  8.38402962e-01
7851  5.33984308e-02  8.39335117e-01
7852  1.64612570e-02  8.39575008e-01
7853  -2.05021179e-02  8.39182197e-01
7854  -5.74235950e-02  8.38173988e-01
7855  -9.42821085e-02  8.36448941e-01
7856  -1.31131077e-01  8.34000695e-01
7857  -1.67997628e-01  8.30918775e-01
7858  -2.04805569e-01  8.27303906e-01
7859  -2.41502532e-01  8.23038220e-01
7860  -2.78156128e-01  8.18122952e-01
7861  -3.12061137e-01  8.13077282e-01
7862  -3.51307502e-01  8.06692982e-01
7863  -3.98531563e-01  7.98106213e-01
7864  -4.34774110e-01  7.90926303e-01
7865  -4.70974485e-01  7.83287288e-01
7866  -5.07060705e-01  7.75198798e-01
7867  -5.43034321e-01  7.66619173e-01
7868  -5.78929819e-01  7.57585774e-01
7869  -6.14723573e-01  7.48151795e-01
7870  -6.50415547e-01  7.38272584e-01
7871  -6.86040116e-01  7.28034742e-01
7872  -7.21572325e-01  7.17444574e-01
7873  -7.57025343e-01  7.06529145e-01
7874  -7.92374242e-01  6.95321200e-01
7875  -8.27568730e-01  6.83775643e-01
7876  -8.62642724e-01  6.71813594e-01
7877  -8.97634703e-01  6.59542163e-01
7878  -9.32501502e-01  6.46926956e-01
7879  -9.67246000e-01  6.34008381e-01
7880  -1.00184495e+00  6.20722638e-01
7881  -1.03633042e+00  6.07111177e-01
7882  -1.07067550e+00  5.93169074e-01
7883  -1.10489328e+00  5.78883551e-01
7884  -1.13900501e+00  5.64293083e-01
7885  -1.17297475e+00  5.49430160e-01
7886  -1.20674881e+00  5.34233043e-01
7887  -1.24033105e+00  5.18650957e-01
7888  -1.27374257e+00  5.02678169e-01
7889  -1.30699093e+00  4.86344685e-01
7890  -1.34002344e+00  4.69676318e-01
7891  -1.37280707e+00  4.52549948e-01
7892  -1.40539122e+00  4.35042226e-01
7893  -1.43768410e+00  4.17108447e-01
7894  -1.48063349e+00  3.92372334e-01
7895  -1.51308563e+00  3.72911574e-01
7896  -1.54511057e+00  3.52864353e-01
7897  -1.57667130e+00  3.32121909e-01
7898  -1.60780060e+00  3.10746616e-01
7899  -1.63830946e+00  2.88772224e-01
7900  -1.66797546e+00  2.65889234e-01
7901  -1.69679857e+00  2.42114719e-01
7902  -1.72451290e+00  2.17293346e-01
7903  -1.75093708e+00  1.91404673e-01
7904  -1.77562525e+00  1.64295286e-01
7905  -1.79809289e+00  1.35875966e-01
7906  -1.81759746e+00  1.06033975e-01
7907  -1.83322556e+00  7.49126589e-02
7908  -1.84352374e+00  4.32306114e-02
7909  -3.12062941e-01  7.99817949e-01
7910  -3.12068170e-01  7.61396710e-01
7911  -3.12073399e-01  7.22975470e-01
7912  -3.12078629e-01  6.84554231e-01
7913  -3.12083858e-01  6.46132992e-01
7914  -3.12089087e-01  6.07711752e-01
7915  -3.12094316e-01  5.69290513e-01
7916  -3.12099545e-01  5.30869274e-01
7917  -3.12104774e-01  4.92448034e-01
7918  -3.12110003e-01  4.54026795e-01
7919  -3.12115232e-01  4.15605556e-01
7920  -3.12120461e-01  3.77184316e-01
7921  -3.12125690e-01  3.38763077e-01
7922  -3.12130919e-01  3.00341838e-01
7923  -3.12136148e-01  2.61920599e-01
7924  -3.12141377e-01  2.23499359e-01
7925  -3.12146606e-01  1.85078120e-01
7926  -3.12151836e-01  1.46656881e-01
7927  -3.12157065e-01  1.08235641e-01
7928  -3.12162294e-01  6.98144015e-02
7929  -3.12167523e-01  3.13931621e-02
7930  -3.12172752e-01  -7.02807718e-03
7931  -3.12177981e-01  -4.54493165e-02
7932  -3.12183210e-01  -8.38705558e-02
7933  -3.12188439e-01  -1.22291795e-01
7934  -3.12193668e-01  -1.60713034e-01
7935  -3.12198897e-01  -1.99134273e-01
7936  -3.12204126e-01  -2.37555513e-01
7937  -3.12209355e-01  -2.75976752e-01
7938  -3.12214584e-01  -3.14397991e-01
7939  -3.12219813e-01  -3.52819231e-01
7940  -3.12225042e-01  -3.91240470e-01
7941  -3.12230272e-01  -4.29661709e-01
7942  -3.12235501e-01  -4.68082949e-01
7943  -3.12240730e-01  -5.06504188e-01
7944  -3.12245959e-01  -5.44925427e-01
7945  -3.12251188e-01  -5.83346667e-01
7946  -3.12256417e-01  -6.21767906e-01
7947  -3.12261646e-01  -6.60189145e-01
7948  -3.12266875e-01  -6.98610385e-01
7949  -3.12272104e-01  -7.37031624e-01
7950  -3.12277333e-01  -7.75452863e-01
7951  -3.12282562e-01  -8.13874103e-01
7952  2.47047045e-01  8.14572867e-01
7953  2.47050935e-01  7.76502026e-01
7954  2.47054825e-01  7.38431184e-01
7955  2.47058714e-01  7.00360342e-01
7956  2.47062604e-01  6.62289501e-01
7957  2.47066494e-01  6.24218659e-01
7958  2.47070384e-01  5.86147817e-01
7959  2.47074273e-01  5.48076976e-01
7960  2.47078163e-01  5.10006134e-01
7961  2.47082053e-01  4.71935293e-01
7962  2.47085943e-01  4.33864451e-01
7963  2.47089832e-01  3.95793609e-01
7964  2.47093722e-01  3.57722768e-01
7965  2.47097612e-01  3.19651926e-01
7966  2.47101502e-01  2.81581084e-01
7967  2.47105391e-01  2.43510243e-01
7968  2.47109281e-01  2.05439401e-01
7969  2.47113171e-01  1.67368560e-01
7970  2.47117060e-01  1.29297718e-01
7971  2.47120950e-01  9.12268765e-02
7972  2.47124840e-01  5.31560348e-02
7973  2.47128730e-01  1.50851932e-02
7974  2.47132619e-01  -2.29856484e-02
7975  2.47136509e-01  -6.10564901e-02
7976  2.47140399e-01  -9.91273317e-02
7977  2.47144289e-01  -1.37198174e-01
7978  2.47148178e-01  -1.75269015e-01
7979  2.47152068e-01  -2.13339857e-01
7980  2.47155958e-01  -2.51410698e-01
7981  2.47159847e-01  -2.89481540e-01
7982  2.47163737e-01  -3.27552382e-01
7983  2.47167627e-01  -3.65623223e-01
7984  2.47171517e-01  -4.03694065e-01
7985  2.47175406e-01  -4.41764907e-01
7986  2.47179296e-01  -4.79835748e-01
7987  2.47183186e-01  -5.17906590e-01
7988  2.47187076e-01  -5.55977431e-01
7989  2.47190965e-01  -5.94048273e-01
7990  2.47194855e-01  -6.32119115e-01
7991  2.47198745e-01  -6.70189956e-01
7992  2.47202634e-01  -7.08260798e-01
7993  2.47206524e-01  -7.46331640e-01
7994  2.47210414e-01  -7.84402481e-01
7995  2.47214304e-01  -8.22473323e-01
