1  3  0  13.3465
250  5  0  13.3461
499  4  0  13.3452
748  5  0  13.3439
2  3  0  11.5287
251  5  0  11.5285
500  4  0  11.5283
749  5  0  11.528
3  3  0  9.25886
252  5  0  9.25912
501  4  0  9.25949
750  5  0  9.25986
4  3  0  7.61189
253  5  0  7.61179
502  4  0  7.61165
751  5  0  7.61151
5  3  0  5.70418
254  5  0  5.70419
503  4  0  5.70421
752  5  0  5.70423
6  3  0  3.83145
255  5  0  3.83158
504  4  0  3.83177
753  5  0  3.83195
7  3  0  2.31646
256  5  0  2.31643
505  4  0  2.31639
754  5  0  2.31634
8  3  0  0.705976
257  5  0  0.706072
506  4  0  0.706213
755  5  0  0.706354
9  3  0  -0.586671
258  5  0  -0.586667
507  4  0  -0.58666
756  5  0  -0.586654
10  3  0  -1.86318
259  5  0  -1.86336
508  4  0  -1.86363
757  5  0  -1.8639
11  3  0  -3.70493
260  5  0  -3.70485
509  1  0  13.4993
758  5  0  27.9219
12  3  0  -5.24343
261  5  0  -5.24335
510  1  0  -5.2425
759  5  0  -5.24168
13  3  0  -6.50434
262  5  0  -6.50429
511  1  0  -6.5038
760  5  0  -6.50331
14  3  0  -7.57065
263  5  0  -7.57075
512  1  0  -7.57192
761  5  0  -7.57307
15  3  0  -9.05722
264  5  0  -9.05706
513  1  0  -9.05527
762  5  0  -9.05352
16  3  0  -9.8179
265  5  0  -9.81799
514  1  0  -9.81902
763  5  0  -9.82003
17  3  0  -11.0498
266  5  0  -11.0497
515  1  0  -11.0489
764  5  0  -11.0481
18  3  0  -11.9284
267  5  0  -11.9284
516  1  0  -11.9287
765  5  0  -11.929
19  3  0  -12.9532
268  5  0  -12.9532
517  1  0  -12.9532
766  5  0  -12.9531
20  3  0  -13.9613
269  5  0  -13.9612
518  1  0  -13.9605
767  5  0  -13.9598
21  3  0  -14.5819
270  5  0  -14.5819
519  1  0  -14.582
768  5  0  -14.5821
22  3  0  -15.2762
271  5  0  -15.2762
520  1  0  -15.2764
769  5  0  -15.2766
23  3  0  -16.09
272  5  0  -16.09
521  1  0  -16.0894
770  5  0  -16.0889
24  3  0  -16.4805
273  5  0  -16.4806
522  1  0  -16.481
771  5  0  -16.4814
25  3  0  -17.2133
274  5  0  -17.2133
523  1  0  -17.2128
772  5  0  -17.2124
26  3  0  -17.5641
275  5  0  -17.5641
524  1  0  -17.5642
773  5  0  -17.5643
27  3  0  -18.0233
276  5  0  -18.0233
525  1  0  -18.0232
774  5  0  -18.0231
28  3  0  -18.3661
277  5  0  -18.3661
526  1  0  -18.366
775  5  0  -18.3659
29  3  0  -18.5945
278  5  0  -18.5945
527  1  0  -18.5946
776  5  0  -18.5947
30  3  0  -18.9733
279  5  0  -18.9732
528  1  0  -18.9732
777  5  0  -18.9732
31  3  0  -19.3237
280  5  0  -19.3237
529  1  0  -19.3236
778  5  0  -19.3234
32  3  0  -19.4335
281  5  0  -19.4335
530  1  0  -19.4335
779  5  0  -19.4335
33  3  0  -19.4749
282  5  0  -19.4749
531  1  0  -19.4749
780  5  0  -19.4749
34  3  0  -19.6084
283  5  0  -19.6084
532  1  0  -19.6085
781  5  0  -19.6085
35  3  0  -19.8369
284  5  0  -19.8369
533  1  0  -19.8368
782  5  0  -19.8368
36  3  0  -19.875
285  5  0  -19.875
534  1  0  -19.875
783  5  0  -19.875
37  3  0  -19.8282
286  5  0  -19.8282
535  1  0  -19.8282
784  5  0  -19.8282
38  3  0  -19.7883
287  5  0  -19.7883
536  1  0  -19.7883
785  5  0  -19.7883
39  3  0  -19.7774
288  5  0  -19.7774
537  1  0  -19.7774
786  5  0  -19.7774
40  3  0  -19.7137
289  5  0  -19.7137
538  1  0  -19.7137
787  5  0  -19.7137
41  3  0  -19.5868
290  5  0  -19.5868
539  1  0  -19.5868
788  5  0  -19.5868
42  3  0  -19.4736
291  5  0  -19.4736
540  1  0  -19.4736
789  5  0  -19.4736
43  3  0  -19.3503
292  5  0  -19.3503
541  1  0  -19.3503
790  5  0  -19.3503
44  3  0  -19.1978
293  5  0  -19.1978
542  1  0  -19.1978
791  5  0  -19.1979
45  3  0  -18.9117
294  5  0  -18.9117
543  1  0  -18.9117
792  5  0  -18.9117
46  3  0  -18.665
295  5  0  -18.665
544  1  0  -18.665
793  5  0  -18.6649
47  3  0  -18.4877
296  5  0  -18.4877
545  1  0  -18.4877
794  5  0  -18.4877
48  3  0  -18.3142
297  5  0  -18.3142
546  1  0  -18.3144
795  5  0  -18.3147
49  3  0  -17.8424
298  5  0  -17.8423
547  1  0  -17.8422
796  5  0  -17.8421
50  3  0  -17.4997
299  5  0  -17.4997
548  1  0  -17.4998
797  5  0  -17.4998
51  3  0  -17.1275
300  5  0  -17.1276
549  1  0  -17.1278
798  5  0  -17.1281
52  3  0  -16.5034
301  5  0  -16.5034
550  1  0  -16.503
799  5  0  -16.5027
53  3  0  -16.2072
302  5  0  -16.2072
551  1  0  -16.2076
800  5  0  -16.2079
54  3  0  -15.5873
303  5  0  -15.5874
552  1  0  -11.191
801  5  0  -6.80435
55  3  0  -14.8289
304  5  0  -14.7829
553  6  0  -14.7461
802  5  0  -14.7378
56  3  0  -14.278
305  5  0  -14.2012
554  6  0  -14.0386
803  5  0  -13.9645
57  3  0  -13.5104
306  5  0  -13.5104
555  6  0  -13.5105
804  5  0  -13.5105
58  3  0  -12.7142
307  5  0  -12.7142
556  6  0  -12.7145
805  5  0  -12.7149
59  3  0  -11.7637
308  5  0  -11.7637
557  6  0  -11.7636
806  5  0  -11.7636
60  3  0  -10.8213
309  5  0  -10.8213
558  6  0  -10.8209
807  5  0  -10.8204
61  3  0  -10.0617
310  5  0  -10.0619
559  6  0  -10.0642
808  5  0  -10.0666
62  3  0  -8.54493
311  5  0  -8.54481
560  6  0  -8.54313
809  5  0  -8.54141
63  3  0  -7.50932
312  5  0  -7.50935
561  6  0  -7.50979
810  5  0  -7.51024
64  3  0  -6.32842
313  5  0  -6.32846
562  6  0  -6.329
811  5  0  -6.32956
65  3  0  -4.98951
314  5  0  -4.98957
563  6  0  -4.9903
812  5  0  -4.99105
66  3  0  -3.46445
315  5  0  -3.46451
564  6  0  -3.46536
813  5  0  -3.46623
67  3  0  -1.74901
316  5  0  -1.74896
565  6  0  -1.74823
814  5  0  -1.74748
68  3  0  -0.195191
317  5  0  -0.195239
566  6  0  -0.195906
815  5  0  -0.196598
69  3  0  1.50814
318  5  0  1.5081
567  6  0  1.50754
816  5  0  1.50695
70  3  0  3.32771
319  5  0  3.3277
568  6  0  3.32761
817  5  0  3.32751
71  3  0  5.18543
320  5  0  5.33338
569  6  0  5.52048
818  5  0  5.59655
72  3  0  6.89189
321  5  0  7.14671
570  6  0  8.95467
819  5  0  145.377
73  3  0  8.80576
322  5  0  8.80581
571  1  0  3.17131
820  5  0  -2.53809
74  3  0  10.5642
323  5  0  10.5641
572  1  0  10.5634
821  5  0  10.5626
75  3  0  12.5024
324  5  0  12.5025
573  1  0  12.5041
822  5  0  12.5058
76  3  0  14.0309
325  5  0  14.0309
574  1  0  14.0311
823  5  0  14.0313
77  3  0  15.499
326  5  0  15.499
575  1  0  15.4993
824  5  0  15.4996
78  3  0  16.8804
327  5  0  16.8804
576  1  0  16.8806
825  5  0  16.8808
79  3  0  18.2014
328  5  0  18.2014
577  1  0  18.2012
826  5  0  18.201
80  3  0  19.5833
329  5  0  19.5833
578  1  0  19.583
827  5  0  19.5826
81  3  0  21.0668
330  5  0  21.0668
579  1  0  21.0672
828  5  0  21.0676
82  3  0  22.4256
331  5  0  22.4256
580  1  0  22.4258
829  5  0  22.4259
83  3  0  23.7363
332  5  0  23.7362
581  1  0  23.7353
830  5  0  23.7343
84  3  0  25.3255
333  5  0  25.3256
582  1  0  25.3263
831  5  0  25.327
85  3  0  26.7143
334  5  0  26.7143
583  1  0  26.7143
832  5  0  26.7142
86  3  0  28.1166
335  5  0  28.1166
584  1  0  28.1165
833  5  0  28.1165
87  3  0  29.534
336  5  0  29.5339
585  1  0  29.5326
834  5  0  29.5312
88  3  0  31.3077
337  5  0  31.3078
586  1  0  10.1779
835  5  0  -6.6093
89  3  0  32.9429
338  5  0  32.9429
587  4  0  32.9429
836  5  0  32.9429
90  3  0  34.6013
339  5  0  34.6012
588  4  0  34.601
837  5  0  34.6008
91  3  0  36.5526
340  5  0  36.5526
589  4  0  36.5526
838  5  0  36.5526
92  3  0  38.5289
341  5  0  38.5287
590  4  0  38.5284
839  5  0  38.5282
93  3  0  40.8838
342  5  0  40.8838
591  4  0  40.8838
840  5  0  40.8838
94  3  0  43.2056
343  5  0  43.2053
592  4  0  43.2048
841  5  0  43.2043
95  3  0  46.1347
344  5  0  46.1343
593  4  0  46.1337
842  5  0  46.1331
96  3  0  49.6716
345  5  0  49.6712
594  4  0  49.6706
843  5  0  49.67
97  3  0  53.712
346  5  0  53.709
595  4  0  53.7045
844  5  0  53.6999
98  3  0  60.4759
347  5  0  60.4718
596  4  0  60.4656
845  5  0  60.4593
99  3  0  69.741
348  5  0  69.7334
597  4  0  69.7221
846  5  0  69.7105
100  3  0  82.3356
349  5  0  82.3521
598  4  0  82.3771
847  5  0  82.403
101  3  0  98.1776
350  5  0  98.1513
599  4  0  98.1113
848  5  0  98.0697
102  3  0  114.229
351  5  0  114.243
600  4  0  114.264
849  5  0  114.286
103  3  0  125.12
352  5  0  125.128
601  4  0  125.141
850  5  0  125.153
104  3  0  131.255
353  5  0  131.257
602  4  0  131.259
851  5  0  131.261
105  3  0  136.101
354  5  0  136.102
603  4  0  136.103
852  5  0  136.105
106  3  0  139.791
355  5  0  139.792
604  4  0  139.792
853  5  0  139.793
107  3  0  142.868
356  5  0  142.868
605  4  0  142.868
854  5  0  142.869
108  3  0  145.499
357  5  0  145.499
606  4  0  145.499
855  5  0  145.499
109  3  0  148.024
358  5  0  148.024
607  4  0  148.025
856  5  0  148.025
110  3  0  149.895
359  5  0  149.895
608  4  0  149.895
857  5  0  149.895
111  3  0  151.895
360  5  0  151.895
609  4  0  151.895
858  5  0  151.895
112  3  0  153.935
361  5  0  153.936
610  1  0  175.608
859  5  0  -167.381
113  3  0  155.506
362  5  0  155.506
611  1  0  155.507
860  5  0  155.508
114  3  0  156.886
363  5  0  156.886
612  1  0  156.886
861  5  0  156.887
115  3  0  158.153
364  5  0  158.153
613  1  0  158.152
862  5  0  158.152
116  3  0  159.494
365  5  0  159.494
614  1  0  159.494
863  5  0  159.494
117  3  0  160.845
366  5  0  160.845
615  1  0  160.846
864  5  0  160.846
118  3  0  162.009
367  5  0  162.009
616  1  0  162.009
865  5  0  162.009
119  3  0  163.248
368  5  0  163.248
617  1  0  163.248
866  5  0  163.248
120  3  0  164.449
369  5  0  164.449
618  1  0  164.449
867  5  0  164.45
121  3  0  165.511
370  5  0  165.511
619  1  0  165.51
868  5  0  165.51
122  3  0  166.622
371  5  0  166.622
620  1  0  166.622
869  5  0  166.622
123  3  0  167.632
372  5  0  167.632
621  1  0  167.633
870  5  0  167.633
124  3  0  168.536
373  5  0  168.536
622  1  0  168.535
871  5  0  168.535
125  3  0  169.67
374  5  0  169.67
623  1  0  169.67
872  5  0  169.669
126  3  0  171.035
375  5  0  171.036
624  1  0  171.037
873  5  0  171.038
127  3  0  171.966
376  5  0  171.966
625  1  0  171.964
874  5  0  171.962
128  3  0  173.568
377  5  0  173.442
626  6  0  -166.262
875  5  0  -94.1002
129  3  0  174.406
378  5  0  174.333
627  6  0  174.242
876  5  0  174.206
130  3  0  175.305
379  5  0  175.305
628  6  0  175.305
877  5  0  175.304
131  3  0  176.345
380  5  0  176.345
629  6  0  176.346
878  5  0  176.346
132  3  0  177.336
381  5  0  177.336
630  6  0  177.337
879  5  0  177.337
133  3  0  177.97
382  5  0  177.97
631  6  0  177.97
880  5  0  177.969
134  3  0  178.957
383  5  0  178.957
632  6  0  178.957
881  5  0  178.957
135  3  0  179.9
384  5  0  179.9
633  6  0  179.901
882  5  0  179.902
136  3  0  -179.48
385  5  0  -179.48
634  6  0  -179.48
883  5  0  -179.48
137  3  0  -178.945
386  5  0  -178.945
635  6  0  -178.945
884  5  0  -178.946
138  3  0  -178.287
387  5  0  -178.287
636  6  0  -178.288
885  5  0  -178.289
139  3  0  -177.249
388  5  0  -177.249
637  6  0  -177.248
886  5  0  -177.247
140  3  0  -176.771
389  5  0  -176.771
638  6  0  -176.771
887  5  0  -176.771
141  3  0  -176.229
390  5  0  -176.229
639  6  0  -176.229
888  5  0  -176.229
142  3  0  -175.643
391  5  0  -175.643
640  6  0  -175.643
889  5  0  -175.643
143  3  0  -175.169
392  5  0  -175.169
641  6  0  -175.169
890  5  0  -175.169
144  3  0  -174.656
393  5  0  -174.727
642  6  0  -174.974
891  5  0  -175.312
145  3  0  -174.161
394  5  0  -174.203
643  6  0  -178.287
892  5  0  178.401
146  3  0  -173.582
395  5  0  -173.582
644  1  0  -173.582
893  5  0  -173.582
147  3  0  -173.222
396  5  0  -173.222
645  1  0  -173.222
894  5  0  -173.222
148  3  0  -172.906
397  5  0  -172.906
646  1  0  -172.906
895  5  0  -172.906
149  3  0  -172.346
398  5  0  -172.346
647  1  0  -172.346
896  5  0  -172.346
150  3  0  -172.099
399  5  0  -172.099
648  1  0  -172.099
897  5  0  -172.099
151  3  0  -171.898
400  5  0  -171.898
649  1  0  -171.898
898  5  0  -171.898
152  3  0  -171.421
401  5  0  -171.421
650  1  0  -171.421
899  5  0  -171.421
153  3  0  -171.122
402  5  0  -171.122
651  1  0  -171.122
900  5  0  -171.122
154  3  0  -170.85
403  5  0  -170.85
652  1  0  -170.85
901  5  0  -170.851
155  3  0  -170.553
404  5  0  -170.553
653  1  0  -170.553
902  5  0  -170.552
156  3  0  -170.432
405  5  0  -170.432
654  1  0  -170.432
903  5  0  -170.432
157  3  0  -170.134
406  5  0  -170.134
655  1  0  -170.134
904  5  0  -170.134
158  3  0  -169.847
407  5  0  -169.847
656  1  0  -169.847
905  5  0  -169.847
159  3  0  -169.509
408  5  0  -169.509
657  1  0  -169.509
906  5  0  -169.509
160  3  0  -169.416
409  5  0  -169.416
658  1  0  -169.416
907  5  0  -169.416
161  3  0  -169.162
410  5  0  -169.162
659  1  0  -169.162
908  5  0  -169.162
162  3  0  -168.913
411  5  0  -168.913
660  1  0  -168.913
909  5  0  -168.913
163  3  0  -168.723
412  5  0  -168.723
661  1  0  -168.723
910  5  0  -168.723
164  3  0  -168.59
413  5  0  -168.59
662  1  0  -168.59
911  5  0  -168.59
165  3  0  -168.455
414  5  0  -168.455
663  1  0  -168.455
912  5  0  -168.455
166  3  0  -168.279
415  5  0  -168.279
664  1  0  -168.279
913  5  0  -168.279
167  3  0  -168.01
416  5  0  -168.01
665  1  0  -168.01
914  5  0  -168.01
168  3  0  -167.931
417  5  0  -167.931
666  1  0  -167.931
915  5  0  -167.931
169  3  0  -167.772
418  5  0  -167.772
667  1  0  -167.772
916  5  0  -167.772
170  3  0  -167.676
419  5  0  -167.676
668  1  0  -167.676
917  5  0  -167.676
171  3  0  -167.611
420  5  0  -167.611
669  1  0  -167.612
918  5  0  -167.612
172  3  0  -167.387
421  5  0  -167.387
670  1  0  -167.387
919  5  0  -167.387
173  3  0  -167.369
422  5  0  -167.369
671  1  0  -167.369
920  5  0  -167.369
174  3  0  -167.264
423  5  0  -167.264
672  1  0  -167.264
921  5  0  -167.264
175  3  0  -167.14
424  5  0  -167.14
673  1  0  -167.14
922  5  0  -167.14
176  3  0  -167.04
425  5  0  -167.04
674  1  0  -167.04
923  5  0  -167.04
177  3  0  -166.949
426  5  0  -166.949
675  1  0  -166.949
924  5  0  -166.949
178  3  0  -166.755
427  5  0  -166.755
676  1  0  -166.755
925  5  0  -166.755
179  3  0  -166.763
428  5  0  -166.763
677  1  0  -166.763
926  5  0  -166.763
180  3  0  -166.623
429  5  0  -166.623
678  1  0  -166.623
927  5  0  -166.623
181  3  0  -166.562
430  5  0  -166.562
679  1  0  -166.562
928  5  0  -166.562
182  3  0  -166.665
431  5  0  -166.665
680  1  0  -166.665
929  5  0  -166.665
183  3  0  -166.486
432  5  0  -166.486
681  1  0  -166.486
930  5  0  -166.486
184  3  0  -166.222
433  5  0  -166.222
682  1  0  -166.222
931  5  0  -166.222
185  3  0  -166.405
434  5  0  -166.405
683  1  0  -166.405
932  5  0  -166.405
186  3  0  -166.368
435  5  0  -166.368
684  1  0  -166.368
933  5  0  -166.368
187  3  0  -166.196
436  5  0  -166.196
685  1  0  -166.196
934  5  0  -166.196
188  3  0  -166.203
437  5  0  -166.203
686  1  0  -166.203
935  5  0  -166.203
189  3  0  -166.156
438  5  0  -166.156
687  1  0  176.402
936  5  0  161.696
190  3  0  -166.153
439  5  0  -166.153
688  4  0  -166.153
937  5  0  -166.153
191  3  0  -166.168
440  5  0  -166.168
689  4  0  -166.168
938  5  0  -166.168
192  3  0  -166.107
441  5  0  -166.107
690  4  0  -166.107
939  5  0  -166.107
193  3  0  -166.087
442  5  0  -166.087
691  4  0  -166.087
940  5  0  -166.087
194  3  0  -165.872
443  5  0  -165.872
692  4  0  -165.872
941  5  0  -165.872
195  3  0  -165.531
444  5  0  -165.531
693  4  0  -165.531
942  5  0  -165.531
196  3  0  -165.373
445  5  0  -165.373
694  4  0  -165.373
943  5  0  -165.373
197  3  0  -165.133
446  5  0  -165.133
695  4  0  -165.133
944  5  0  -165.133
198  3  0  -164.754
447  5  0  -164.957
696  4  0  -165.27
945  5  0  -165.601
199  3  0  -120.264
448  5  0  -120.15
697  4  0  -119.949
946  5  0  -119.694
200  2  0  -90.0435
449  1  0  -90.0435
698  1  0  -90.0435
947  2  0  89.9565
201  2  0  -90.0435
450  1  0  -90.0435
699  1  0  -90.0435
948  2  0  -90.0435
202  2  0  -90.0435
451  1  0  -90.0435
700  1  0  -90.0435
949  2  0  -90.0435
203  2  0  -90.0435
452  1  0  -90.0435
701  1  0  -90.0435
950  2  0  -90.0435
204  2  0  -90.0435
453  1  0  -90.0435
702  1  0  -90.0435
951  2  0  -90.0435
205  2  0  -90.0435
454  1  0  -90.0435
703  1  0  -90.0435
952  2  0  -90.0435
206  2  0  -90.0435
455  1  0  -90.0435
704  1  0  -90.0435
953  2  0  -90.0435
207  2  0  -90.0435
456  1  0  -90.0435
705  1  0  -90.0435
954  2  0  -90.0435
208  2  0  -90.0435
457  1  0  -90.0435
706  1  0  -90.0435
955  2  0  -90.0435
209  2  0  -90.0435
458  1  0  -90.0435
707  1  0  -90.0435
956  2  0  -90.0435
210  2  0  -90.0435
459  1  0  -90.0435
708  1  0  -90.0435
957  2  0  -90.0435
211  2  0  -90.0435
460  1  0  -90.0435
709  1  0  -90.0435
958  2  0  -90.0435
212  2  0  -90.0435
461  1  0  -90.0435
710  1  0  -90.0435
959  2  0  -90.0435
213  2  0  -90.0435
462  1  0  -90.0435
711  1  0  -90.0435
960  2  0  -90.0435
214  2  0  -90.0435
463  1  0  -90.0435
712  1  0  -90.0435
961  2  0  -90.0435
215  2  0  -90.0435
464  1  0  -90.0435
713  1  0  -90.0435
962  2  0  -90.0435
216  2  0  -90.0435
465  1  0  -90.0435
714  1  0  -90.0435
963  2  0  -90.0435
217  2  0  -90.0435
466  1  0  -90.0435
715  1  0  -90.0435
964  2  0  -90.0435
218  2  0  -90.0435
467  1  0  -90.0435
716  1  0  -90.0435
965  2  0  -90.0435
219  2  0  -90.0435
468  1  0  -90.0435
717  1  0  -90.0435
966  2  0  -90.0435
220  2  0  -90.0435
469  1  0  -90.0435
718  1  0  -90.0435
967  2  0  -90.0435
221  2  0  -90.0435
470  1  0  -90.0435
719  1  0  -90.0435
968  2  0  -90.0435
222  2  0  -90.0435
471  1  0  -90.0435
720  1  0  -90.0435
969  2  0  -90.0435
223  2  0  -90.0435
472  1  0  -90.0435
721  1  0  -90.0435
970  2  0  89.9565
224  2  0  -90.0195
473  1  0  -90.0195
722  1  0  -90.0195
971  2  0  89.9805
225  2  0  -90.0195
474  1  0  -90.0195
723  1  0  -90.0195
972  2  0  -90.0195
226  2  0  -90.0195
475  1  0  -90.0195
724  1  0  -90.0195
973  2  0  -90.0195
227  2  0  -90.0195
476  1  0  -90.0195
725  1  0  -90.0195
974  2  0  -90.0195
228  2  0  -90.0195
477  1  0  -90.0195
726  1  0  -90.0195
975  2  0  -90.0195
229  2  0  -90.0195
478  1  0  -90.0195
727  1  0  -90.0195
976  2  0  -90.0195
230  2  0  -90.0195
479  1  0  -90.0195
728  1  0  -90.0195
977  2  0  -90.0195
231  2  0  -90.0195
480  1  0  -90.0195
729  1  0  -90.0195
978  2  0  -90.0195
232  2  0  -90.0195
481  1  0  -90.0195
730  1  0  -90.0195
979  2  0  -90.0195
233  2  0  -90.0195
482  1  0  -90.0195
731  1  0  -90.0195
980  2  0  -90.0195
234  2  0  -90.0195
483  1  0  -90.0195
732  1  0  -90.0195
981  2  0  -90.0195
235  2  0  -90.0195
484  1  0  -90.0195
733  1  0  -90.0195
982  2  0  -90.0195
236  2  0  -90.0195
485  1  0  -90.0195
734  1  0  -90.0195
983  2  0  -90.0195
237  2  0  -90.0195
486  1  0  -90.0195
735  1  0  -90.0195
984  2  0  -90.0195
238  2  0  -90.0195
487  1  0  -90.0195
736  1  0  -90.0195
985  2  0  -90.0195
239  2  0  -90.0195
488  1  0  -90.0195
737  1  0  -90.0195
986  2  0  -90.0195
240  2  0  -90.0195
489  1  0  -90.0195
738  1  0  -90.0195
987  2  0  -90.0195
241  2  0  -90.0195
490  1  0  -90.0195
739  1  0  -90.0195
988  2  0  -90.0195
242  2  0  -90.0195
491  1  0  -90.0195
740  1  0  -90.0195
989  2  0  -90.0195
243  2  0  -90.0195
492  1  0  -90.0195
741  1  0  -90.0195
990  2  0  -90.0195
244  2  0  -90.0195
493  1  0  -90.0195
742  1  0  -90.0195
991  2  0  -90.0195
245  2  0  -90.0195
494  1  0  -90.0195
743  1  0  -90.0195
992  2  0  -90.0195
246  2  0  -90.0195
495  1  0  -90.0195
744  1  0  -90.0195
993  2  0  -90.0195
247  2  0  -90.0195
496  1  0  -90.0195
745  1  0  -90.0195
994  2  0  -90.0195
248  2  0  -90.0195
497  1  0  -90.0195
746  1  0  -90.0195
995  2  0  -90.0195
249  2  0  -90.0195
498  1  0  -90.0195
747  1  0  -90.0195
996  2  0  89.9805
