1  -2.04270000e+00  -2.18781320e-02
2  -2.01265402e+00  -1.47497981e-02
3  -1.98239713e+00  -8.57814500e-03
4  -1.95191899e+00  -3.60964881e-03
5  -1.92131115e+00  4.80780207e-04
6  -1.89058581e+00  3.54983921e-03
7  -1.85977444e+00  5.61330657e-03
8  -1.82892033e+00  6.86141938e-03
9  -1.79804235e+00  7.24189626e-03
10  -1.76716381e+00  6.92570899e-03
11  -1.73630000e+00  5.92172541e-03
12  -1.69051325e+00  2.95686701e-03
13  -1.65819186e+00  -9.32083400e-06
14  -1.62594305e+00  -3.68608725e-03
15  -1.59376834e+00  -7.96232343e-03
16  -1.56171596e+00  -1.30717541e-02
17  -1.52973305e+00  -1.86064406e-02
18  -1.49787771e+00  -2.48272308e-02
19  -1.46612041e+00  -3.15359659e-02
20  -1.43448895e+00  -3.88114649e-02
21  -1.40299005e+00  -4.66424122e-02
22  -1.37157742e+00  -5.48141699e-02
23  -1.34026674e+00  -6.33658303e-02
24  -1.30907991e+00  -7.23615750e-02
25  -1.27795520e+00  -8.15696199e-02
26  -1.24695062e+00  -9.11750488e-02
27  -1.21600552e+00  -1.00970061e-01
28  -1.18514012e+00  -1.11012733e-01
29  -1.15433508e+00  -1.21239958e-01
30  -1.12357106e+00  -1.31589883e-01
31  -1.09287613e+00  -1.42142968e-01
32  -1.06224634e+00  -1.52883596e-01
33  -1.03163713e+00  -1.63682912e-01
34  -1.00103573e+00  -1.74504323e-01
35  -9.70459637e-01  -1.85397040e-01
36  -9.39927260e-01  -1.96411594e-01
37  -9.09402180e-01  -2.07446457e-01
38  -8.78868101e-01  -2.18456408e-01
39  -8.48326361e-01  -2.29445086e-01
40  -8.17782523e-01  -2.40427936e-01
41  -7.87226518e-01  -2.51376789e-01
42  -7.56646315e-01  -2.62257970e-01
43  -7.26044665e-01  -2.73078688e-01
44  -6.95419836e-01  -2.83833542e-01
45  -6.64766480e-01  -2.94506835e-01
46  -6.34060208e-01  -3.05026970e-01
47  -6.03308980e-01  -3.15414750e-01
48  -5.72525738e-01  -3.25707316e-01
49  -5.41711451e-01  -3.35906641e-01
50  -5.10814188e-01  -3.45851867e-01
51  -4.79858187e-01  -3.55612097e-01
52  -4.48839387e-01  -3.65171043e-01
53  -4.17718167e-01  -3.74391580e-01
54  -3.86549777e-01  -3.83451084e-01
55  -3.41900000e-01  -3.95906892e-01
56  -3.10449111e-01  -4.04236900e-01
57  -2.78919418e-01  -4.12264261e-01
58  -2.47283772e-01  -4.19865395e-01
59  -2.15546026e-01  -4.27026043e-01
60  -1.83695733e-01  -4.33658835e-01
61  -1.51739035e-01  -4.39767224e-01
62  -1.19703428e-01  -4.45451524e-01
63  -8.75289106e-02  -4.50285845e-01
64  -5.52737722e-02  -4.54537647e-01
65  -2.29396292e-02  -4.58123601e-01
66  9.47135058e-03  -4.60953212e-01
67  4.19478922e-02  -4.62919331e-01
68  7.44684155e-02  -4.63912365e-01
69  1.07001231e-01  -4.64023191e-01
70  1.39521094e-01  -4.63167001e-01
71  1.71997258e-01  -4.61278677e-01
72  2.04397982e-01  -4.58349327e-01
73  2.36700000e-01  -4.54456584e-01
74  2.72842977e-01  -4.48857644e-01
75  3.04166465e-01  -4.43015867e-01
76  3.35273114e-01  -4.36118353e-01
77  3.66184252e-01  -4.28393636e-01
78  3.96886468e-01  -4.19879724e-01
79  4.27375060e-01  -4.10627962e-01
80  4.57642432e-01  -4.00675754e-01
81  4.87660491e-01  -3.89996641e-01
82  5.17392113e-01  -3.78543977e-01
83  5.46845040e-01  -3.66388949e-01
84  5.76010888e-01  -3.53564000e-01
85  6.04810510e-01  -3.39934786e-01
86  6.33271509e-01  -3.25611468e-01
87  6.61373321e-01  -3.10596040e-01
88  6.89095078e-01  -2.94890083e-01
89  7.21000000e-01  -2.75485685e-01
90  7.47411892e-01  -2.58370969e-01
91  7.73316057e-01  -2.40500030e-01
92  7.98596300e-01  -2.21757695e-01
93  8.23215322e-01  -2.02154565e-01
94  8.47007651e-01  -1.81556787e-01
95  8.69946493e-01  -1.60011524e-01
96  8.91751669e-01  -1.37325052e-01
97  9.12114354e-01  -1.13338291e-01
98  9.30733398e-01  -8.79798893e-02
99  9.46227715e-01  -6.06198381e-02
100  9.57107881e-01  -3.11401831e-02
101  9.61300000e-01  0.00000000e+00
102  9.56742348e-01  3.16986184e-02
103  9.43602457e-01  6.09004909e-02
104  9.25150531e-01  8.71365513e-02
105  9.03991844e-01  1.11259223e-01
106  8.80869289e-01  1.33510043e-01
107  8.56356776e-01  1.54231065e-01
108  8.30766566e-01  1.73607449e-01
109  8.04314183e-01  1.91788565e-01
110  7.77084591e-01  2.08787639e-01
111  7.49315229e-01  2.24888204e-01
112  7.21000000e-01  2.40010446e-01
113  6.88384257e-01  2.55963751e-01
114  6.60078359e-01  2.68859851e-01
115  6.31468883e-01  2.81071069e-01
116  6.02596667e-01  2.92646798e-01
117  5.73461389e-01  3.03543259e-01
118  5.44077259e-01  3.13750033e-01
119  5.14491434e-01  3.23357839e-01
120  4.84705437e-01  3.32323699e-01
121  4.54737916e-01  3.40663114e-01
122  4.24620778e-01  3.48445982e-01
123  3.94359047e-01  3.55643296e-01
124  3.63974199e-01  3.62305821e-01
125  3.33488429e-01  3.68488305e-01
126  3.02886093e-01  3.74066072e-01
127  2.72158452e-01  3.78913366e-01
128  2.36700000e-01  3.83918119e-01
129  2.04686055e-01  3.87521234e-01
130  1.72623414e-01  3.90656299e-01
131  1.40516493e-01  3.93293001e-01
132  1.08367774e-01  3.95346349e-01
133  7.61866941e-02  3.96843815e-01
134  4.39907086e-02  3.97984752e-01
135  1.17799155e-02  3.98571215e-01
136  -2.04352844e-02  3.98627286e-01
137  -5.26496899e-02  3.98335154e-01
138  -8.48599674e-02  3.97742124e-01
139  -1.17061778e-01  3.96779172e-01
140  -1.49240740e-01  3.95233150e-01
141  -1.81405503e-01  3.93418396e-01
142  -2.13551231e-01  3.91299366e-01
143  -2.45674277e-01  3.88851879e-01
144  -2.77776077e-01  3.86138536e-01
145  -3.09851763e-01  3.83135102e-01
146  -3.41900000e-01  3.79854947e-01
147  -3.86827405e-01  3.74801348e-01
148  -4.18328740e-01  3.71057331e-01
149  -4.49808998e-01  3.67139387e-01
150  -4.81249419e-01  3.62914241e-01
151  -5.12671382e-01  3.58553622e-01
152  -5.44077829e-01  3.54082576e-01
153  -5.75446029e-01  3.49350323e-01
154  -6.06789003e-01  3.44454697e-01
155  -6.38108376e-01  3.39410374e-01
156  -6.69401250e-01  3.34203279e-01
157  -7.00683063e-01  3.28930126e-01
158  -7.31936971e-01  3.23494693e-01
159  -7.63163192e-01  3.17902466e-01
160  -7.94356091e-01  3.12126544e-01
161  -8.25539549e-01  3.06299895e-01
162  -8.56696628e-01  3.00334790e-01
163  -8.87827679e-01  2.94234540e-01
164  -9.18938390e-01  2.88031176e-01
165  -9.50034609e-01  2.81755573e-01
166  -9.81115854e-01  2.75406366e-01
167  -1.01217749e+00  2.68961954e-01
168  -1.04320859e+00  2.62371933e-01
169  -1.07423059e+00  2.55739146e-01
170  -1.10523394e+00  2.49019887e-01
171  -1.13622606e+00  2.42248864e-01
172  -1.16721051e+00  2.35442978e-01
173  -1.19816810e+00  2.28515824e-01
174  -1.22912352e+00  2.21578988e-01
175  -1.26006612e+00  2.14585293e-01
176  -1.29099353e+00  2.07524651e-01
177  -1.32190857e+00  2.00410015e-01
178  -1.35281228e+00  1.93246326e-01
179  -1.38369153e+00  1.85977968e-01
180  -1.41457184e+00  1.78714039e-01
181  -1.44543432e+00  1.71374827e-01
182  -1.47628893e+00  1.64002494e-01
183  -1.50715675e+00  1.56685786e-01
184  -1.53800128e+00  1.49272912e-01
185  -1.56881159e+00  1.41717670e-01
186  -1.59964585e+00  1.34260797e-01
187  -1.63047525e+00  1.26784113e-01
188  -1.66128211e+00  1.19214731e-01
189  -1.69208995e+00  1.11649320e-01
190  -1.73630000e+00  1.00754452e-01
191  -1.76702109e+00  9.31817399e-02
192  -1.79774421e+00  8.56172879e-02
193  -1.82845922e+00  7.80199762e-02
194  -1.85917151e+00  7.04117929e-02
195  -1.88985513e+00  6.26888001e-02
196  -1.92049225e+00  5.47832464e-02
197  -1.95110738e+00  4.67929902e-02
198  -1.98168881e+00  3.86748174e-02
199  -2.01221088e+00  3.03365280e-02
200  -3.09876653e-01  3.50327935e-01
201  -3.09901542e-01  3.17520768e-01
202  -3.09926432e-01  2.84713602e-01
203  -3.09951321e-01  2.51906435e-01
204  -3.09976211e-01  2.19099268e-01
205  -3.10001100e-01  1.86292101e-01
206  -3.10025990e-01  1.53484935e-01
207  -3.10050879e-01  1.20677768e-01
208  -3.10075768e-01  8.78706012e-02
209  -3.10100658e-01  5.50634345e-02
210  -3.10125547e-01  2.22562678e-02
211  -3.10150437e-01  -1.05508990e-02
212  -3.10175326e-01  -4.33580657e-02
213  -3.10200216e-01  -7.61652324e-02
214  -3.10225105e-01  -1.08972399e-01
215  -3.10249995e-01  -1.41779566e-01
216  -3.10274884e-01  -1.74586733e-01
217  -3.10299774e-01  -2.07393899e-01
218  -3.10324663e-01  -2.40201066e-01
219  -3.10349553e-01  -2.73008233e-01
220  -3.10374442e-01  -3.05815399e-01
221  -3.10399332e-01  -3.38622566e-01
222  -3.10424221e-01  -3.71429733e-01
223  2.04674975e-01  3.54987751e-01
224  2.04663895e-01  3.22454268e-01
225  2.04652816e-01  2.89920784e-01
226  2.04641736e-01  2.57387301e-01
227  2.04630656e-01  2.24853818e-01
228  2.04619577e-01  1.92320335e-01
229  2.04608497e-01  1.59786852e-01
230  2.04597417e-01  1.27253369e-01
231  2.04586337e-01  9.47198857e-02
232  2.04575258e-01  6.21864026e-02
233  2.04564178e-01  2.96529195e-02
234  2.04553098e-01  -2.88056360e-03
235  2.04542019e-01  -3.54140467e-02
236  2.04530939e-01  -6.79475298e-02
237  2.04519859e-01  -1.00481013e-01
238  2.04508779e-01  -1.33014496e-01
239  2.04497700e-01  -1.65547979e-01
240  2.04486620e-01  -1.98081462e-01
241  2.04475540e-01  -2.30614945e-01
242  2.04464460e-01  -2.63148428e-01
243  2.04453381e-01  -2.95681912e-01
244  2.04442301e-01  -3.28215395e-01
245  2.04431221e-01  -3.60748878e-01
246  2.04420142e-01  -3.93282361e-01
247  2.04409062e-01  -4.25815844e-01
2495  -2.04167957e+00  -2.11221595e-02
2496  -2.01276171e+00  -1.42615326e-02
2497  -1.98248734e+00  -8.08634949e-03
2498  -1.95199234e+00  -3.11505782e-03
2499  -1.92136912e+00  9.77408121e-04
2500  -1.89062737e+00  4.04810907e-03
2501  -1.85980125e+00  6.11258715e-03
2502  -1.82893352e+00  7.36124547e-03
2503  -1.79804287e+00  7.74189599e-03
2504  -1.76715312e+00  7.42559473e-03
2505  -1.73627571e+00  6.42113526e-03
2506  -1.69047424e+00  3.45534330e-03
2507  -1.65814069e+00  4.88053940e-04
2508  -1.62588179e+00  -3.18985415e-03
2509  -1.59369604e+00  -7.46757811e-03
2510  -1.56163397e+00  -1.25785217e-02
2511  -1.52964250e+00  -1.81147083e-02
2512  -1.49777812e+00  -2.43372495e-02
2513  -1.46601269e+00  -3.10477063e-02
2514  -1.43437259e+00  -3.83251930e-02
2515  -1.40286679e+00  -4.61578431e-02
2516  -1.37144861e+00  -5.43310471e-02
2517  -1.34013158e+00  -6.28844446e-02
2518  -1.30893970e+00  -7.18816363e-02
2519  -1.27781029e+00  -8.10910787e-02
2520  -1.24680119e+00  -9.06978992e-02
2521  -1.21585272e+00  -1.00493980e-01
2522  -1.18498400e+00  -1.10537733e-01
2523  -1.15417659e+00  -1.20765742e-01
2524  -1.12341006e+00  -1.31116513e-01
2525  -1.09271212e+00  -1.41670632e-01
2526  -1.06208044e+00  -1.52411923e-01
2527  -1.03147060e+00  -1.63211458e-01
2528  -1.00086848e+00  -1.74033124e-01
2529  -9.70290903e-01  -1.84926371e-01
2530  -9.39757432e-01  -1.95941319e-01
2531  -9.09232387e-01  -2.06976169e-01
2532  -8.78698664e-01  -2.17985992e-01
2533  -8.48157133e-01  -2.28974595e-01
2534  -8.17613601e-01  -2.39957335e-01
2535  -7.87058379e-01  -2.50905907e-01
2536  -7.56479163e-01  -2.61786737e-01
2537  -7.25878486e-01  -2.72607111e-01
2538  -6.95254793e-01  -2.83361567e-01
2539  -6.64603244e-01  -2.94034231e-01
2540  -6.33899171e-01  -3.04553613e-01
2541  -6.03149696e-01  -3.14940800e-01
2542  -5.72367906e-01  -3.25232881e-01
2543  -5.41556293e-01  -3.35431324e-01
2544  -5.10662412e-01  -3.45375459e-01
2545  -4.79709386e-01  -3.55134752e-01
2546  -4.48694742e-01  -3.64692422e-01
2547  -4.17577370e-01  -3.73911813e-01
2548  -3.86412820e-01  -3.82970207e-01
2549  -3.41768813e-01  -3.95424409e-01
2550  -3.08999004e-01  -4.04096934e-01
2551  -2.78799328e-01  -4.11778897e-01
2552  -2.47170342e-01  -4.19378431e-01
2553  -2.15440032e-01  -4.26537407e-01
2554  -1.83597824e-01  -4.33168515e-01
2555  -1.51648419e-01  -4.39275504e-01
2556  -1.19622598e-01  -4.44958101e-01
2557  -8.74590896e-02  -4.49790744e-01
2558  -5.52135404e-02  -4.54041288e-01
2559  -2.28903257e-02  -4.57626038e-01
2560  9.50820442e-03  -4.60454572e-01
2561  4.19706324e-02  -4.62419848e-01
2562  7.44768983e-02  -4.63412437e-01
2563  1.06995502e-01  -4.63523224e-01
2564  1.39500000e-01  -4.62667446e-01
2565  1.71960231e-01  -4.60780050e-01
2566  2.05848205e-01  -4.57693649e-01
2567  2.36631808e-01  -4.53961256e-01
2568  2.72758862e-01  -4.48364770e-01
2569  3.04066497e-01  -4.42525963e-01
2570  3.35158373e-01  -4.35631697e-01
2571  3.66056825e-01  -4.27910146e-01
2572  3.96747059e-01  -4.19399552e-01
2573  4.27224367e-01  -4.10151211e-01
2574  4.57480536e-01  -4.00202690e-01
2575  4.87486818e-01  -3.89527772e-01
2576  5.17206865e-01  -3.78079560e-01
2577  5.46649024e-01  -3.65928973e-01
2578  5.75803296e-01  -3.53109131e-01
2579  6.04591168e-01  -3.39485465e-01
2580  6.33041289e-01  -3.25167622e-01
2581  6.61132251e-01  -3.10157993e-01
2582  6.88841904e-01  -2.94458918e-01
2583  7.20734113e-01  -2.75062242e-01
2584  7.47133946e-01  -2.57955341e-01
2585  7.73025159e-01  -2.40093362e-01
2586  7.98291637e-01  -2.21361235e-01
2587  8.22895896e-01  -2.01769901e-01
2588  8.46672796e-01  -1.81185476e-01
2589  8.69594980e-01  -1.59655941e-01
2590  8.91380662e-01  -1.36989859e-01
2591  9.11722009e-01  -1.13028347e-01
2592  9.30313614e-01  -8.77082624e-02
2593  9.45774158e-01  -6.04093947e-02
2594  9.56622654e-01  -3.10195402e-02
2595  9.60795184e-01  -2.26808135e-06
2596  9.56262211e-01  3.15590887e-02
2597  9.43168023e-01  6.06529698e-02
2598  9.24757532e-01  8.68274369e-02
2599  9.03630227e-01  1.10913922e-01
2600  8.80534374e-01  1.33138786e-01
2601  8.56044356e-01  1.53840689e-01
2602  8.30473968e-01  1.73202003e-01
2603  8.04040119e-01  1.91370368e-01
2604  7.76826769e-01  2.08359237e-01
2605  7.49072022e-01  2.24451340e-01
2606  7.20772345e-01  2.39565280e-01
2607  6.88170742e-01  2.55511632e-01
2608  6.59876555e-01  2.68402385e-01
2609  6.31277697e-01  2.80609065e-01
2610  6.02416046e-01  2.92180562e-01
2611  5.73291771e-01  3.03072908e-01
2612  5.43918003e-01  3.13276074e-01
2613  5.14342150e-01  3.22880645e-01
2614  4.84566347e-01  3.31843434e-01
2615  4.54608337e-01  3.40180197e-01
2616  4.24500377e-01  3.47960695e-01
2617  3.94247652e-01  3.55155863e-01
2618  3.63870962e-01  3.61816595e-01
2619  3.33393908e-01  3.67997320e-01
2620  3.02802303e-01  3.73573143e-01
2621  2.72084554e-01  3.78418857e-01
2622  2.36637094e-01  3.83422092e-01
2623  2.06135832e-01  3.86866021e-01
2624  1.72578622e-01  3.90158309e-01
2625  1.40480095e-01  3.92794328e-01
2626  1.08340217e-01  3.94847109e-01
2627  7.61662195e-02  3.96344234e-01
2628  4.39773033e-02  3.97484932e-01
2629  1.17749292e-02  3.98071240e-01
2630  -2.04334525e-02  3.98127289e-01
2631  -5.26428208e-02  3.97835201e-01
2632  -8.48478926e-02  3.97242270e-01
2633  -1.17042307e-01  3.96279551e-01
2634  -1.49214660e-01  3.94733831e-01
2635  -1.81374976e-01  3.92919329e-01
2636  -2.13515794e-01  3.90800623e-01
2637  -2.45634228e-01  3.88353485e-01
2638  -2.77731714e-01  3.85640508e-01
2639  -3.08402036e-01  3.82774768e-01
2640  -3.41846600e-01  3.79357807e-01
2641  -3.86769955e-01  3.74304660e-01
2642  -4.18268358e-01  3.70560990e-01
2643  -4.49744824e-01  3.66643522e-01
2644  -4.81181757e-01  3.62418840e-01
2645  -5.12601782e-01  3.58058490e-01
2646  -5.44005300e-01  3.53587864e-01
2647  -5.75370154e-01  3.48856113e-01
2648  -6.06710669e-01  3.43960871e-01
2649  -6.38027587e-01  3.38916944e-01
2650  -6.69318658e-01  3.33710148e-01
2651  -7.00598672e-01  3.28437299e-01
2652  -7.31850065e-01  3.23002304e-01
2653  -7.63073603e-01  3.17410558e-01
2654  -7.94264655e-01  3.11634976e-01
2655  -8.25446621e-01  3.05808606e-01
2656  -8.56601544e-01  2.99843914e-01
2657  -8.87730718e-01  2.93744032e-01
2658  -9.18840047e-01  2.87540943e-01
2659  -9.49935117e-01  2.81265572e-01
2660  -9.81015031e-01  2.74916637e-01
2661  -1.01207477e+00  2.68472619e-01
2662  -1.04310439e+00  2.61882912e-01
2663  -1.07412537e+00  2.55250343e-01
2664  -1.10512763e+00  2.48531320e-01
2665  -1.13611906e+00  2.41760446e-01
2666  -1.16710228e+00  2.34954831e-01
2667  -1.19805884e+00  2.28027907e-01
2668  -1.22901374e+00  2.21091189e-01
2669  -1.25995536e+00  2.14097715e-01
2670  -1.29088182e+00  2.07037290e-01
2671  -1.32179605e+00  1.99922841e-01
2672  -1.35269855e+00  1.92759433e-01
2673  -1.38357701e+00  1.85491261e-01
2674  -1.41445676e+00  1.78227463e-01
2675  -1.44531838e+00  1.70888454e-01
2676  -1.47617317e+00  1.63516079e-01
2677  -1.50704067e+00  1.56199447e-01
2678  -1.53788332e+00  1.48787026e-01
2679  -1.56869328e+00  1.41231868e-01
2680  -1.59952816e+00  1.33774845e-01
2681  -1.63035668e+00  1.26298376e-01
2682  -1.66116284e+00  1.18729165e-01
2683  -1.69197051e+00  1.11163795e-01
2684  -1.73618035e+00  1.00268980e-01
2685  -1.76690149e+00  9.26962553e-02
2686  -1.79762441e+00  8.51318512e-02
2687  -1.82833908e+00  7.75346249e-02
2688  -1.85905037e+00  6.99266886e-02
2689  -1.88973164e+00  6.22042886e-02
2690  -1.92036665e+00  5.42992779e-02
2691  -1.95098010e+00  4.63094608e-02
2692  -1.98155878e+00  3.81920205e-02
2693  -2.01190651e+00  2.99398467e-02
2694  -3.08426653e-01  3.50326835e-01
2695  -3.08451542e-01  3.17519668e-01
2696  -3.08476432e-01  2.84712502e-01
2697  -3.08501321e-01  2.51905335e-01
2698  -3.08526211e-01  2.19098168e-01
2699  -3.08551100e-01  1.86291001e-01
2700  -3.08575990e-01  1.53483835e-01
2701  -3.08600879e-01  1.20676668e-01
2702  -3.08625768e-01  8.78695011e-02
2703  -3.08650658e-01  5.50623344e-02
2704  -3.08675547e-01  2.22551677e-02
2705  -3.08700437e-01  -1.05519991e-02
2706  -3.08725326e-01  -4.33591658e-02
2707  -3.08750216e-01  -7.61663325e-02
2708  -3.08775105e-01  -1.08973499e-01
2709  -3.08799995e-01  -1.41780666e-01
2710  -3.08824884e-01  -1.74587833e-01
2711  -3.08849774e-01  -2.07394999e-01
2712  -3.08874663e-01  -2.40202166e-01
2713  -3.08899553e-01  -2.73009333e-01
2714  -3.08924442e-01  -3.05816499e-01
2715  -3.08949332e-01  -3.38623666e-01
2716  -3.08974221e-01  -3.71430833e-01
2717  2.06124975e-01  3.54987257e-01
2718  2.06113895e-01  3.22453774e-01
2719  2.06102816e-01  2.89920290e-01
2720  2.06091736e-01  2.57386807e-01
2721  2.06080656e-01  2.24853324e-01
2722  2.06069577e-01  1.92319841e-01
2723  2.06058497e-01  1.59786358e-01
2724  2.06047417e-01  1.27252875e-01
2725  2.06036337e-01  9.47193919e-02
2726  2.06025258e-01  6.21859088e-02
2727  2.06014178e-01  2.96524257e-02
2728  2.06003098e-01  -2.88105741e-03
2729  2.05992019e-01  -3.54145405e-02
2730  2.05980939e-01  -6.79480236e-02
2731  2.05969859e-01  -1.00481507e-01
2732  2.05958779e-01  -1.33014990e-01
2733  2.05947700e-01  -1.65548473e-01
2734  2.05936620e-01  -1.98081956e-01
2735  2.05925540e-01  -2.30615439e-01
2736  2.05914460e-01  -2.63148922e-01
2737  2.05903381e-01  -2.95682406e-01
2738  2.05892301e-01  -3.28215889e-01
2739  2.05881221e-01  -3.60749372e-01
2740  2.05870142e-01  -3.93282855e-01
2741  2.05859062e-01  -4.25816338e-01
4989  -2.03667949e+00  -1.74178944e-02
4990  -2.01328938e+00  -1.18690317e-02
4991  -1.98292935e+00  -5.67655147e-03
4992  -1.95235174e+00  -6.91561943e-04
4993  -1.92165318e+00  3.41088490e-03
4994  -1.89083101e+00  6.48963139e-03
4995  -1.85993263e+00  8.55906197e-03
4996  -1.82899813e+00  9.81039332e-03
4997  -1.79804542e+00  1.01918947e-02
4998  -1.76710075e+00  9.87503487e-03
4999  -1.73615671e+00  8.86824354e-03
5000  -1.69028312e+00  5.89787711e-03
5001  -1.65788996e+00  2.92519033e-03
5002  -1.62558162e+00  -7.58311952e-04
5003  -1.59334178e+00  -5.04332602e-03
5004  -1.56123224e+00  -1.01616827e-02
5005  -1.52919880e+00  -1.57052198e-02
5006  -1.49729013e+00  -2.19363409e-02
5007  -1.46548489e+00  -2.86552344e-02
5008  -1.43380243e+00  -3.59424605e-02
5009  -1.40226282e+00  -4.37834545e-02
5010  -1.37081743e+00  -5.19637452e-02
5011  -1.33946931e+00  -6.05256547e-02
5012  -1.30825267e+00  -6.95299367e-02
5013  -1.27710024e+00  -7.87462266e-02
5014  -1.24606900e+00  -8.83598660e-02
5015  -1.21510403e+00  -9.81611802e-02
5016  -1.18421899e+00  -1.08210230e-01
5017  -1.15339999e+00  -1.18442081e-01
5018  -1.12262116e+00  -1.28797000e-01
5019  -1.09190848e+00  -1.39356186e-01
5020  -1.06126750e+00  -1.50100723e-01
5021  -1.03065462e+00  -1.60901333e-01
5022  -1.00004898e+00  -1.71724247e-01
5023  -9.69464108e-01  -1.82620095e-01
5024  -9.38925273e-01  -1.93636973e-01
5025  -9.08400403e-01  -2.04671760e-01
5026  -8.77868423e-01  -2.15680954e-01
5027  -8.47327914e-01  -2.26669189e-01
5028  -8.16785885e-01  -2.37651389e-01
5029  -7.86234500e-01  -2.48598588e-01
5030  -7.55660120e-01  -2.59477697e-01
5031  -7.25064211e-01  -2.70296385e-01
5032  -6.94446080e-01  -2.81048888e-01
5033  -6.63803389e-01  -2.91718474e-01
5034  -6.33110091e-01  -3.02234162e-01
5035  -6.02369205e-01  -3.12618445e-01
5036  -5.71594527e-01  -3.22908147e-01
5037  -5.40796019e-01  -3.33102272e-01
5038  -5.09918711e-01  -3.43041063e-01
5039  -4.78980261e-01  -3.52795761e-01
5040  -4.47985981e-01  -3.62347181e-01
5041  -4.16887468e-01  -3.71560955e-01
5042  -3.85741732e-01  -3.80613909e-01
5043  -3.41125997e-01  -3.93060242e-01
5044  -2.96499543e-01  -4.04812021e-01
5045  -2.78210888e-01  -4.09400612e-01
5046  -2.46614534e-01  -4.16992309e-01
5047  -2.14920660e-01  -4.24143090e-01
5048  -1.83118071e-01  -4.30765946e-01
5049  -1.51204402e-01  -4.36866075e-01
5050  -1.19226529e-01  -4.42540327e-01
5051  -8.71169668e-02  -4.47364749e-01
5052  -5.49184044e-02  -4.51609130e-01
5053  -2.26487386e-02  -4.55187978e-01
5054  9.68878822e-03  -4.58011236e-01
5055  4.20820591e-02  -4.59972384e-01
5056  7.45184638e-02  -4.60962790e-01
5057  1.06967431e-01  -4.61073385e-01
5058  1.39396638e-01  -4.60219627e-01
5059  1.71778798e-01  -4.58336777e-01
5060  2.18349494e-01  -4.53911972e-01
5061  2.36297666e-01  -4.51534149e-01
5062  2.72346696e-01  -4.45949689e-01
5063  3.03576651e-01  -4.40125431e-01
5064  3.34596140e-01  -4.33247080e-01
5065  3.65432432e-01  -4.25541047e-01
5066  3.96063953e-01  -4.17046710e-01
5067  4.26485970e-01  -4.07815131e-01
5068  4.56687248e-01  -3.97884675e-01
5069  4.86635821e-01  -3.87230316e-01
5070  5.16299151e-01  -3.75803916e-01
5071  5.45688548e-01  -3.63675091e-01
5072  5.74786095e-01  -3.50880274e-01
5073  6.03516393e-01  -3.37283794e-01
5074  6.31913213e-01  -3.22992779e-01
5075  6.59951006e-01  -3.08011563e-01
5076  6.87601351e-01  -2.92346212e-01
5077  7.19431269e-01  -2.72987369e-01
5078  7.45772013e-01  -2.55918766e-01
5079  7.71599760e-01  -2.38100692e-01
5080  7.96798790e-01  -2.19418580e-01
5081  8.21330706e-01  -1.99885045e-01
5082  8.45032005e-01  -1.79366051e-01
5083  8.67872569e-01  -1.57913587e-01
5084  8.89562730e-01  -1.35347416e-01
5085  9.09799516e-01  -1.11509623e-01
5086  9.28256671e-01  -8.63772906e-02
5087  9.43551731e-01  -5.93782223e-02
5088  9.54245041e-01  -3.04283898e-02
5089  9.58321587e-01  -1.33816800e-05
5090  9.53909540e-01  3.08753932e-02
5091  9.41039294e-01  5.94401164e-02
5092  9.22831836e-01  8.53127766e-02
5093  9.01858301e-01  1.09221947e-01
5094  8.78893289e-01  1.31319627e-01
5095  8.54513498e-01  1.51927844e-01
5096  8.29040240e-01  1.71215317e-01
5097  8.02697207e-01  1.89321201e-01
5098  7.75563442e-01  2.06260070e-01
5099  7.47880310e-01  2.22310704e-01
5100  7.19656834e-01  2.37383964e-01
5101  6.87124517e-01  2.53296251e-01
5102  6.58887715e-01  2.66160802e-01
5103  6.30340888e-01  2.78345243e-01
5104  6.01531005e-01  2.89896004e-01
5105  5.72460645e-01  3.00768189e-01
5106  5.43137650e-01  3.10953672e-01
5107  5.13610660e-01  3.20542393e-01
5108  4.83884807e-01  3.29490138e-01
5109  4.53973398e-01  3.37813902e-01
5110  4.23910411e-01  3.45582788e-01
5111  3.93701814e-01  3.52767440e-01
5112  3.63365100e-01  3.59419388e-01
5113  3.32930756e-01  3.65591496e-01
5114  3.02391733e-01  3.71157789e-01
5115  2.71722454e-01  3.75995763e-01
5116  2.36328852e-01  3.80991560e-01
5117  2.18634546e-01  3.83088170e-01
5118  1.72359142e-01  3.87718160e-01
5119  1.40301743e-01  3.90350828e-01
5120  1.08205190e-01  3.92400833e-01
5121  7.60658939e-02  3.93896289e-01
5122  4.39116176e-02  3.95035812e-01
5123  1.17504963e-02  3.95621362e-01
5124  -2.04244762e-02  3.95677306e-01
5125  -5.26091622e-02  3.95385432e-01
5126  -8.47887261e-02  3.94792984e-01
5127  -1.16946901e-01  3.93831410e-01
5128  -1.49086866e-01  3.92287166e-01
5129  -1.81225392e-01  3.90473899e-01
5130  -2.13342151e-01  3.88356785e-01
5131  -2.45437989e-01  3.85911357e-01
5132  -2.77514334e-01  3.83200171e-01
5133  -2.95902971e-01  3.81537834e-01
5134  -3.41584940e-01  3.76921819e-01
5135  -3.86488447e-01  3.71870886e-01
5136  -4.17972487e-01  3.68128921e-01
5137  -4.49430372e-01  3.64213786e-01
5138  -4.80850213e-01  3.59991377e-01
5139  -5.12260743e-01  3.55632342e-01
5140  -5.43649908e-01  3.51163778e-01
5141  -5.74998368e-01  3.46434487e-01
5142  -6.06326832e-01  3.41541126e-01
5143  -6.37631723e-01  3.36499137e-01
5144  -6.68913960e-01  3.31293803e-01
5145  -7.00185154e-01  3.26022449e-01
5146  -7.31424225e-01  3.20589595e-01
5147  -7.62634615e-01  3.15000207e-01
5148  -7.93816617e-01  3.09226291e-01
5149  -8.24991276e-01  3.03401292e-01
5150  -8.56135634e-01  2.97438623e-01
5151  -8.87255609e-01  2.91340540e-01
5152  -9.18358167e-01  2.85138800e-01
5153  -9.49447605e-01  2.78864565e-01
5154  -9.80521000e-01  2.72516963e-01
5155  -1.01157144e+00  2.66074879e-01
5156  -1.04259378e+00  2.59486710e-01
5157  -1.07360977e+00  2.52855210e-01
5158  -1.10460670e+00  2.46137342e-01
5159  -1.13559479e+00  2.39367199e-01
5160  -1.16657198e+00  2.32562913e-01
5161  -1.19752348e+00  2.25637115e-01
5162  -1.22847581e+00  2.18700974e-01
5163  -1.25941265e+00  2.11708580e-01
5164  -1.29033444e+00  2.04649222e-01
5165  -1.32124468e+00  1.97535688e-01
5166  -1.35214125e+00  1.90373659e-01
5167  -1.38301584e+00  1.83106394e-01
5168  -1.41389285e+00  1.75843242e-01
5169  -1.44475029e+00  1.68505227e-01
5170  -1.47560595e+00  1.61132645e-01
5171  -1.50647188e+00  1.53816387e-01
5172  -1.53730532e+00  1.46406183e-01
5173  -1.56811359e+00  1.38851437e-01
5174  -1.59895150e+00  1.31393677e-01
5175  -1.62977567e+00  1.23918265e-01
5176  -1.66057840e+00  1.16349893e-01
5177  -1.69138526e+00  1.08784724e-01
5178  -1.73559405e+00  9.78901661e-02
5179  -1.76631544e+00  9.03173806e-02
5180  -1.79703741e+00  8.27532114e-02
5181  -1.82775038e+00  7.51564036e-02
5182  -1.85845681e+00  6.75496774e-02
5183  -1.88912657e+00  5.98301823e-02
5184  -1.91975123e+00  5.19278323e-02
5185  -1.95035645e+00  4.39401670e-02
5186  -1.98092165e+00  3.58263155e-02
5187  -2.01041507e+00  2.79961086e-02
5188  -2.95926657e-01  3.50317352e-01
5189  -2.95951546e-01  3.17510185e-01
5190  -2.95976436e-01  2.84703019e-01
5191  -2.96001325e-01  2.51895852e-01
5192  -2.96026215e-01  2.19088685e-01
5193  -2.96051104e-01  1.86281518e-01
5194  -2.96075994e-01  1.53474352e-01
5195  -2.96100883e-01  1.20667185e-01
5196  -2.96125772e-01  8.78600179e-02
5197  -2.96150662e-01  5.50528512e-02
5198  -2.96175551e-01  2.22456845e-02
5199  -2.96200441e-01  -1.05614823e-02
5200  -2.96225330e-01  -4.33686490e-02
5201  -2.96250220e-01  -7.61758157e-02
5202  -2.96275109e-01  -1.08982982e-01
5203  -2.96299999e-01  -1.41790149e-01
5204  -2.96324888e-01  -1.74597316e-01
5205  -2.96349778e-01  -2.07404482e-01
5206  -2.96374667e-01  -2.40211649e-01
5207  -2.96399557e-01  -2.73018816e-01
5208  -2.96424446e-01  -3.05825982e-01
5209  -2.96449336e-01  -3.38633149e-01
5210  -2.96474225e-01  -3.71440316e-01
5211  2.18624974e-01  3.54983000e-01
5212  2.18613894e-01  3.22449517e-01
5213  2.18602815e-01  2.89916033e-01
5214  2.18591735e-01  2.57382550e-01
5215  2.18580655e-01  2.24849067e-01
5216  2.18569576e-01  1.92315584e-01
5217  2.18558496e-01  1.59782101e-01
5218  2.18547416e-01  1.27248618e-01
5219  2.18536336e-01  9.47151349e-02
5220  2.18525257e-01  6.21816518e-02
5221  2.18514177e-01  2.96481685e-02
5222  2.18503097e-01  -2.88531437e-03
5223  2.18492018e-01  -3.54187975e-02
5224  2.18480938e-01  -6.79522808e-02
5225  2.18469858e-01  -1.00485764e-01
5226  2.18458778e-01  -1.33019247e-01
5227  2.18447699e-01  -1.65552730e-01
5228  2.18436619e-01  -1.98086213e-01
5229  2.18425539e-01  -2.30619696e-01
5230  2.18414459e-01  -2.63153179e-01
5231  2.18403380e-01  -2.95686663e-01
5232  2.18392300e-01  -3.28220146e-01
5233  2.18381220e-01  -3.60753629e-01
5234  2.18370141e-01  -3.93287112e-01
5235  2.18359061e-01  -4.25820595e-01
7483  -2.03280391e+00  -1.45467110e-02
7484  -2.01369838e+00  -1.00145993e-02
7485  -1.98327195e+00  -3.80871211e-03
7486  -1.95263031e+00  1.18689465e-03
7487  -1.92187336e+00  5.29707771e-03
7488  -1.89098885e+00  8.38206032e-03
7489  -1.86003447e+00  1.04553296e-02
7490  -1.82904821e+00  1.17087328e-02
7491  -1.79804740e+00  1.20908936e-02
7492  -1.76706015e+00  1.17736009e-02
7493  -1.73606448e+00  1.07650022e-02
7494  -1.68790343e+00  3.63099155e-02
7495  -1.65476810e+00  3.32700253e-02
7496  -1.62184419e+00  2.95168696e-02
7497  -1.58893085e+00  2.51410862e-02
7498  -1.55623025e+00  1.99304283e-02
7499  -1.52367435e+00  1.42953703e-02
7500  -1.49121410e+00  7.95742040e-03
7501  -1.45891318e+00  1.13348227e-03
7502  -1.42670331e+00  -6.27501038e-03
7503  -1.39474279e+00  -1.42198941e-02
7504  -1.36295866e+00  -2.24884215e-02
7505  -1.33122329e+00  -3.11563132e-02
7506  -1.29969846e+00  -4.02488772e-02
7507  -1.26825942e+00  -4.95504259e-02
7508  -1.23695250e+00  -5.92489669e-02
7509  -1.20578199e+00  -6.91154480e-02
7510  -1.17469389e+00  -7.92304528e-02
7511  -1.14373058e+00  -8.95101370e-02
7512  -1.11279859e+00  -9.99166952e-02
7513  -1.08190231e+00  -1.10538976e-01
7514  -1.05114568e+00  -1.21323933e-01
7515  -1.02049485e+00  -1.32137918e-01
7516  -9.89845309e-01  -1.42976375e-01
7517  -9.59169659e-01  -1.53904606e-01
7518  -9.28564048e-01  -1.64945510e-01
7519  -8.98041347e-01  -1.75979514e-01
7520  -8.67531070e-01  -1.86980882e-01
7521  -8.37003298e-01  -1.97964532e-01
7522  -8.06479976e-01  -2.08940010e-01
7523  -7.75976361e-01  -2.19870107e-01
7524  -7.45462200e-01  -2.30727785e-01
7525  -7.14925647e-01  -2.41525488e-01
7526  -6.84376786e-01  -2.52253674e-01
7527  -6.53844372e-01  -2.62884935e-01
7528  -6.23285240e-01  -2.73354630e-01
7529  -5.92651294e-01  -2.83702753e-01
7530  -5.61965180e-01  -2.93962842e-01
7531  -5.31329828e-01  -3.04103199e-01
7532  -5.00658871e-01  -3.13975441e-01
7533  -4.69901912e-01  -3.23672942e-01
7534  -4.39161183e-01  -3.33146531e-01
7535  -4.08297472e-01  -3.42290372e-01
7536  -3.77386003e-01  -3.51275592e-01
7537  -3.31261784e-01  -3.56781370e-01
7538  -2.83972539e-01  -3.69222219e-01
7539  -2.69181094e-01  -3.72905105e-01
7540  -2.38085499e-01  -3.80376537e-01
7541  -2.06950743e-01  -3.87401565e-01
7542  -1.75756114e-01  -3.93897792e-01
7543  -1.44390828e-01  -3.99892646e-01
7544  -1.13148730e-01  -4.05438850e-01
7545  -8.18669873e-02  -4.10137112e-01
7546  -5.03894528e-02  -4.14286914e-01
7547  -1.89415109e-02  -4.17775204e-01
7548  1.24599019e-02  -4.20517502e-01
7549  4.37919366e-02  -4.22415287e-01
7550  7.51563002e-02  -4.23372201e-01
7551  1.06536674e-01  -4.23479852e-01
7552  1.37810527e-01  -4.22657100e-01
7553  1.68994650e-01  -4.20844008e-01
7554  2.30862819e-01  -4.14788209e-01
7555  2.31170155e-01  -4.14289447e-01
7556  2.67214814e-01  -4.15879457e-01
7557  2.97477574e-01  -4.10236365e-01
7558  3.27595770e-01  -4.03556175e-01
7559  3.57658099e-01  -3.96043339e-01
7560  3.87558586e-01  -3.87751424e-01
7561  4.17292177e-01  -3.78728550e-01
7562  4.46809999e-01  -3.69023022e-01
7563  4.76040044e-01  -3.58624643e-01
7564  5.04997182e-01  -3.47469828e-01
7565  5.33729633e-01  -3.35611959e-01
7566  5.62120909e-01  -3.23128733e-01
7567  5.90134345e-01  -3.09870734e-01
7568  6.17867509e-01  -2.95913761e-01
7569  6.45243304e-01  -2.81286322e-01
7570  6.72155203e-01  -2.66040860e-01
7571  7.18421432e-01  -2.71379131e-01
7572  7.44716376e-01  -2.54340213e-01
7573  7.70494930e-01  -2.36556169e-01
7574  7.95641681e-01  -2.17912825e-01
7575  8.20117524e-01  -1.98424089e-01
7576  8.43760225e-01  -1.77955811e-01
7577  8.66537525e-01  -1.56563085e-01
7578  8.88153647e-01  -1.34074354e-01
7579  9.08309388e-01  -1.10332457e-01
7580  9.26662330e-01  -8.53456516e-02
7581  9.41829123e-01  -5.85789584e-02
7582  9.52402149e-01  -2.99701879e-02
7583  9.56404298e-01  -2.19958529e-05
7584  9.52085980e-01  3.03454593e-02
7585  9.39389312e-01  5.85000313e-02
7586  9.21339225e-01  8.41387602e-02
7587  9.00484878e-01  1.07910493e-01
7588  8.77621280e-01  1.29909593e-01
7589  8.53326926e-01  1.50445195e-01
7590  8.27928954e-01  1.69675432e-01
7591  8.01656312e-01  1.87732887e-01
7592  7.74584235e-01  2.04633001e-01
7593  7.46956611e-01  2.20651493e-01
7594  7.18792200e-01  2.35693223e-01
7595  6.74097956e-01  2.25712493e-01
7596  6.46575651e-01  2.38250802e-01
7597  6.18676653e-01  2.50158355e-01
7598  5.90511343e-01  2.61450933e-01
7599  5.62112273e-01  2.72072088e-01
7600  5.33421451e-01  2.82037405e-01
7601  5.04502863e-01  2.91428770e-01
7602  4.75398933e-01  3.00189200e-01
7603  4.46067761e-01  3.08351113e-01
7604  4.16564737e-01  3.15975423e-01
7605  3.86905582e-01  3.23029144e-01
7606  3.57066599e-01  3.29571709e-01
7607  3.27164036e-01  3.35636531e-01
7608  2.97279720e-01  3.41084174e-01
7609  2.67213937e-01  3.45825773e-01
7610  2.32490927e-01  3.50728953e-01
7611  2.31121225e-01  3.43971793e-01
7612  1.68991147e-01  3.50273323e-01
7613  1.37564878e-01  3.52854578e-01
7614  1.06133148e-01  3.54861975e-01
7615  7.45263664e-02  3.56331824e-01
7616  4.29036497e-02  3.57453327e-01
7617  1.13755664e-02  3.58027231e-01
7618  -2.02867322e-02  3.58081558e-01
7619  -5.20926613e-02  3.57792980e-01
7620  -8.38807981e-02  3.57207949e-01
7621  -1.15482863e-01  3.56263926e-01
7622  -1.47125840e-01  3.54742345e-01
7623  -1.78929986e-01  3.52948037e-01
7624  -2.10677546e-01  3.50855330e-01
7625  -2.42426645e-01  3.48436152e-01
7626  -2.74178580e-01  3.45752448e-01
7627  -2.83430700e-01  3.44983935e-01
7628  -3.38327005e-01  3.46591292e-01
7629  -3.82983394e-01  3.41567922e-01
7630  -4.14288593e-01  3.37847178e-01
7631  -4.45515117e-01  3.33961087e-01
7632  -4.76722155e-01  3.29766980e-01
7633  -5.08014463e-01  3.25424328e-01
7634  -5.39224918e-01  3.20981424e-01
7635  -5.70369255e-01  3.16282765e-01
7636  -6.01547665e-01  3.11412824e-01
7637  -6.32702809e-01  3.06394970e-01
7638  -6.63875050e-01  3.01207853e-01
7639  -6.95036435e-01  2.95955096e-01
7640  -7.26122085e-01  2.90548917e-01
7641  -7.57168771e-01  2.84988883e-01
7642  -7.88238096e-01  2.79235707e-01
7643  -8.19321766e-01  2.73427776e-01
7644  -8.50334572e-01  2.67490289e-01
7645  -8.81340015e-01  2.61414619e-01
7646  -9.12358272e-01  2.55229666e-01
7647  -9.43377585e-01  2.48969584e-01
7648  -9.74369810e-01  2.42638578e-01
7649  -1.00530446e+00  2.36220567e-01
7650  -1.03623625e+00  2.29651550e-01
7651  -1.06719010e+00  2.23033360e-01
7652  -1.09812056e+00  2.16329876e-01
7653  -1.12906700e+00  2.09568826e-01
7654  -1.15996911e+00  2.02781086e-01
7655  -1.19085767e+00  1.95869314e-01
7656  -1.22177799e+00  1.88940356e-01
7657  -1.25265531e+00  1.81961423e-01
7658  -1.28351895e+00  1.74915331e-01
7659  -1.31437966e+00  1.67813198e-01
7660  -1.34520230e+00  1.60668339e-01
7661  -1.37602871e+00  1.53412370e-01
7662  -1.40687165e+00  1.46157257e-01
7663  -1.43767697e+00  1.38831616e-01
7664  -1.46854345e+00  1.31456457e-01
7665  -1.49938984e+00  1.24144856e-01
7666  -1.53010858e+00  1.16762263e-01
7667  -1.56089574e+00  1.09212649e-01
7668  -1.59177143e+00  1.01745716e-01
7669  -1.62254149e+00  9.42834583e-02
7670  -1.65330159e+00  8.67255279e-02
7671  -1.68409825e+00  7.91628645e-02
7672  -1.73513961e+00  9.60463427e-02
7673  -1.76586119e+00  8.84735100e-02
7674  -1.79658242e+00  8.09095228e-02
7675  -1.82729408e+00  7.33130394e-02
7676  -1.85799674e+00  6.57072511e-02
7677  -1.88865757e+00  5.79900077e-02
7678  -1.91927421e+00  5.00897199e-02
7679  -1.94987305e+00  4.21037226e-02
7680  -1.98042780e+00  3.39926528e-02
7681  -2.00925905e+00  2.64895132e-02
7682  -2.83426661e-01  3.50307868e-01
7683  -2.83451550e-01  3.17500701e-01
7684  -2.83476440e-01  2.84693535e-01
7685  -2.83501329e-01  2.51886368e-01
7686  -2.83526219e-01  2.19079201e-01
7687  -2.83551108e-01  1.86272034e-01
7688  -2.83575998e-01  1.53464868e-01
7689  -2.83600887e-01  1.20657702e-01
7690  -2.83625776e-01  8.78505346e-02
7691  -2.83650666e-01  5.50433679e-02
7692  -2.83675555e-01  2.22362012e-02
7693  -2.83700445e-01  -1.05709656e-02
7694  -2.83725334e-01  -4.33781323e-02
7695  -2.83750224e-01  -7.61852990e-02
7696  -2.83775113e-01  -1.08992466e-01
7697  -2.83800003e-01  -1.41799633e-01
7698  -2.83824892e-01  -1.74606800e-01
7699  -2.83849782e-01  -2.07413966e-01
7700  -2.83874671e-01  -2.40221133e-01
7701  -2.83899561e-01  -2.73028300e-01
7702  -2.83924450e-01  -3.05835466e-01
7703  -2.83949340e-01  -3.38642633e-01
7704  -2.83974229e-01  -3.71449800e-01
7705  2.31124973e-01  3.54978743e-01
7706  2.31113893e-01  3.22445260e-01
7707  2.31102814e-01  2.89911776e-01
7708  2.31091734e-01  2.57378293e-01
7709  2.31080654e-01  2.24844810e-01
7710  2.31069575e-01  1.92311327e-01
7711  2.31058495e-01  1.59777844e-01
7712  2.31047415e-01  1.27244361e-01
7713  2.31036335e-01  9.47108780e-02
7714  2.31025256e-01  6.21773949e-02
7715  2.31014176e-01  2.96439114e-02
7716  2.31003096e-01  -2.88957133e-03
7717  2.30992017e-01  -3.54230544e-02
7718  2.30980937e-01  -6.79565379e-02
7719  2.30969857e-01  -1.00490021e-01
7720  2.30958777e-01  -1.33023504e-01
7721  2.30947698e-01  -1.65556987e-01
7722  2.30936618e-01  -1.98090470e-01
7723  2.30925538e-01  -2.30623953e-01
7724  2.30914458e-01  -2.63157436e-01
7725  2.30903379e-01  -2.95690920e-01
7726  2.30892299e-01  -3.28224403e-01
7727  2.30881219e-01  -3.60757886e-01
7728  2.30870140e-01  -3.93291369e-01
7729  2.30859060e-01  -4.25824852e-01
9977  -2.02780382e+00  -1.08424459e-02
9978  -2.01422606e+00  -7.62209842e-03
9979  -1.98371396e+00  -1.39891409e-03
9980  -1.95298971e+00  3.61039053e-03
9981  -1.92215742e+00  7.73055449e-03
9982  -1.89119249e+00  1.08235826e-02
9983  -1.86016585e+00  1.29018044e-02
9984  -1.82911282e+00  1.41578807e-02
9985  -1.79804995e+00  1.45408923e-02
9986  -1.76700778e+00  1.42230411e-02
9987  -1.73594548e+00  1.32121104e-02
9988  -1.68771230e+00  3.87524493e-02
9989  -1.65451737e+00  3.57071617e-02
9990  -1.62154402e+00  3.19484118e-02
9991  -1.58857659e+00  2.75653383e-02
9992  -1.55582852e+00  2.23472673e-02
9993  -1.52323065e+00  1.67048588e-02
9994  -1.49072611e+00  1.03583290e-02
9995  -1.45838537e+00  3.52595419e-03
9996  -1.42613315e+00  -3.89227795e-03
9997  -1.39413882e+00  -1.18455055e-02
9998  -1.36232749e+00  -2.01211197e-02
9999  -1.33056101e+00  -2.87975232e-02
10000  -1.29901143e+00  -3.78971776e-02
10001  -1.26754937e+00  -4.72055739e-02
10002  -1.23622032e+00  -5.69109337e-02
10003  -1.20503329e+00  -6.67826487e-02
10004  -1.17392889e+00  -7.69029506e-02
10005  -1.14295398e+00  -8.71864765e-02
10006  -1.11200969e+00  -9.75971822e-02
10007  -1.08109867e+00  -1.08224530e-01
10008  -1.05033275e+00  -1.19012733e-01
10009  -1.01967887e+00  -1.29827793e-01
10010  -9.89025804e-01  -1.40667498e-01
10011  -9.58342863e-01  -1.51598330e-01
10012  -9.27731890e-01  -1.62641164e-01
10013  -8.97209363e-01  -1.73675105e-01
10014  -8.66700829e-01  -1.84675844e-01
10015  -8.36174079e-01  -1.95659126e-01
10016  -8.05652260e-01  -2.06634065e-01
10017  -7.75152482e-01  -2.17562788e-01
10018  -7.44643157e-01  -2.28418744e-01
10019  -7.14111371e-01  -2.39214762e-01
10020  -6.83568074e-01  -2.49940995e-01
10021  -6.53044517e-01  -2.60569177e-01
10022  -6.22496160e-01  -2.71035179e-01
10023  -5.91870803e-01  -2.81380398e-01
10024  -5.61191801e-01  -2.91638108e-01
10025  -5.30569553e-01  -3.01774147e-01
10026  -4.99915170e-01  -3.11641044e-01
10027  -4.69172787e-01  -3.21333952e-01
10028  -4.38452422e-01  -3.30801289e-01
10029  -4.07607570e-01  -3.39939514e-01
10030  -3.76714915e-01  -3.48919294e-01
10031  -3.30618968e-01  -3.54417202e-01
10032  -2.82520904e-01  -3.67067955e-01
10033  -2.68592654e-01  -3.70526820e-01
10034  -2.37529691e-01  -3.77990415e-01
10035  -2.06431371e-01  -3.85007249e-01
10036  -1.75276361e-01  -3.91495223e-01
10037  -1.43946811e-01  -3.97483217e-01
10038  -1.12752661e-01  -4.03021077e-01
10039  -8.15248645e-02  -4.07711117e-01
10040  -5.00943168e-02  -4.11854755e-01
10041  -1.86999239e-02  -4.15337144e-01
10042  1.26404857e-02  -4.18074166e-01
10043  4.39033633e-02  -4.19967822e-01
10044  7.51978657e-02  -4.20922553e-01
10045  1.06508603e-01  -4.21030013e-01
10046  1.37707166e-01  -4.20209281e-01
10047  1.68813217e-01  -4.18400735e-01
10048  2.32313710e-01  -4.12171651e-01
10049  2.30836013e-01  -4.11862339e-01
10050  2.66802648e-01  -4.13464376e-01
10051  2.96987728e-01  -4.07835833e-01
10052  3.27033537e-01  -4.01171559e-01
10053  3.57033706e-01  -3.93674239e-01
10054  3.86875480e-01  -3.85398582e-01
10055  4.16553780e-01  -3.76392470e-01
10056  4.46016711e-01  -3.66705007e-01
10057  4.75189047e-01  -3.56327187e-01
10058  5.04089468e-01  -3.45194185e-01
10059  5.32769157e-01  -3.33358077e-01
10060  5.61103708e-01  -3.20899876e-01
10061  5.89059570e-01  -3.07669062e-01
10062  6.16739432e-01  -2.93738918e-01
10063  6.44062059e-01  -2.79139892e-01
10064  6.70914650e-01  -2.63928154e-01
10065  7.17118587e-01  -2.69304258e-01
10066  7.43354443e-01  -2.52303638e-01
10067  7.69069531e-01  -2.34563498e-01
10068  7.94148834e-01  -2.15970170e-01
10069  8.18552335e-01  -1.96539233e-01
10070  8.42119435e-01  -1.76136386e-01
10071  8.64815113e-01  -1.54820730e-01
10072  8.86335714e-01  -1.32431910e-01
10073  9.06386896e-01  -1.08813733e-01
10074  9.24605387e-01  -8.40146798e-02
10075  9.39606696e-01  -5.75477860e-02
10076  9.50024537e-01  -2.93790375e-02
10077  9.53930701e-01  -3.31094516e-05
10078  9.49733309e-01  2.96617638e-02
10079  9.37260583e-01  5.72871779e-02
10080  9.19413530e-01  8.26240999e-02
10081  8.98712953e-01  1.06218518e-01
10082  8.75980195e-01  1.28090434e-01
10083  8.51796068e-01  1.48532351e-01
10084  8.26495225e-01  1.67688746e-01
10085  8.00313400e-01  1.85683720e-01
10086  7.73320908e-01  2.02533833e-01
10087  7.45764899e-01  2.18510857e-01
10088  7.17676689e-01  2.33511907e-01
10089  6.73051732e-01  2.23497111e-01
10090  6.45586811e-01  2.36009218e-01
10091  6.17739844e-01  2.47894534e-01
10092  5.89626302e-01  2.59166376e-01
10093  5.61281146e-01  2.69767369e-01
10094  5.32641097e-01  2.79715004e-01
10095  5.03771373e-01  2.89090518e-01
10096  4.74717392e-01  2.97835904e-01
10097  4.45432822e-01  3.05984817e-01
10098  4.15974771e-01  3.13597516e-01
10099  3.86359745e-01  3.20640722e-01
10100  3.56560737e-01  3.27174502e-01
10101  3.26700884e-01  3.33230706e-01
10102  2.96869150e-01  3.38668820e-01
10103  2.66851837e-01  3.43402679e-01
10104  2.32182685e-01  3.48298421e-01
10105  2.32570334e-01  3.41355898e-01
10106  1.68771667e-01  3.47833174e-01
10107  1.37386526e-01  3.50411078e-01
10108  1.05998120e-01  3.52415698e-01
10109  7.44260408e-02  3.53883879e-01
10110  4.28379640e-02  3.55004208e-01
10111  1.13511335e-02  3.55577353e-01
10112  -2.02777559e-02  3.55631575e-01
10113  -5.20590027e-02  3.55343212e-01
10114  -8.38216316e-02  3.54758664e-01
10115  -1.15387457e-01  3.53815784e-01
10116  -1.46998047e-01  3.52295680e-01
10117  -1.78780402e-01  3.50502608e-01
10118  -2.10503903e-01  3.48411491e-01
10119  -2.42230406e-01  3.45994024e-01
10120  -2.73961201e-01  3.43312110e-01
10121  -2.81982459e-01  3.42664116e-01
10122  -3.38065345e-01  3.44155305e-01
10123  -3.82701887e-01  3.39134148e-01
10124  -4.13992722e-01  3.35415109e-01
10125  -4.45200665e-01  3.31531350e-01
10126  -4.76390612e-01  3.27339517e-01
10127  -5.07673424e-01  3.22998180e-01
10128  -5.38869526e-01  3.18557337e-01
10129  -5.69997469e-01  3.13861138e-01
10130  -6.01163828e-01  3.08993078e-01
10131  -6.32306945e-01  3.03977163e-01
10132  -6.63470351e-01  2.98791509e-01
10133  -6.94622917e-01  2.93540245e-01
10134  -7.25696245e-01  2.88136209e-01
10135  -7.56729783e-01  2.82578533e-01
10136  -7.87790058e-01  2.76827022e-01
10137  -8.18866421e-01  2.71020462e-01
10138  -8.49868662e-01  2.65084997e-01
10139  -8.80864906e-01  2.59011127e-01
10140  -9.11876392e-01  2.52827523e-01
10141  -9.42890073e-01  2.46568578e-01
10142  -9.73875779e-01  2.40238905e-01
10143  -1.00480113e+00  2.33822826e-01
10144  -1.03572565e+00  2.27255348e-01
10145  -1.06667450e+00  2.20638227e-01
10146  -1.09759963e+00  2.13935898e-01
10147  -1.12854272e+00  2.07175578e-01
10148  -1.15943880e+00  2.00389168e-01
10149  -1.19032230e+00  1.93478522e-01
10150  -1.22124006e+00  1.86550141e-01
10151  -1.25211260e+00  1.79572288e-01
10152  -1.28297157e+00  1.72527263e-01
10153  -1.31382830e+00  1.65426045e-01
10154  -1.34464500e+00  1.58282565e-01
10155  -1.37546754e+00  1.51027504e-01
10156  -1.40630774e+00  1.43773035e-01
10157  -1.43710888e+00  1.36448389e-01
10158  -1.46797622e+00  1.29073023e-01
10159  -1.49882105e+00  1.21761796e-01
10160  -1.52953058e+00  1.14381420e-01
10161  -1.56031604e+00  1.06832219e-01
10162  -1.59119476e+00  9.93645492e-02
10163  -1.62196048e+00  9.19033476e-02
10164  -1.65271715e+00  8.43462558e-02
10165  -1.68351300e+00  7.67837936e-02
10166  -1.73455331e+00  9.36675290e-02
10167  -1.76527514e+00  8.60946353e-02
10168  -1.79599542e+00  7.85308830e-02
10169  -1.82670539e+00  7.09348182e-02
10170  -1.85740318e+00  6.33302399e-02
10171  -1.88805249e+00  5.56159014e-02
10172  -1.91865879e+00  4.77182743e-02
10173  -1.94924939e+00  3.97344287e-02
10174  -1.97979067e+00  3.16269478e-02
10175  -2.00776762e+00  2.45457750e-02
10176  -2.81976661e-01  3.50306768e-01
10177  -2.82001550e-01  3.17499601e-01
10178  -2.82026440e-01  2.84692435e-01
10179  -2.82051329e-01  2.51885268e-01
10180  -2.82076219e-01  2.19078101e-01
10181  -2.82101108e-01  1.86270934e-01
10182  -2.82125998e-01  1.53463768e-01
10183  -2.82150887e-01  1.20656602e-01
10184  -2.82175776e-01  8.78494346e-02
10185  -2.82200666e-01  5.50422679e-02
10186  -2.82225555e-01  2.22351012e-02
10187  -2.82250445e-01  -1.05720656e-02
10188  -2.82275334e-01  -4.33792323e-02
10189  -2.82300224e-01  -7.61863990e-02
10190  -2.82325113e-01  -1.08993566e-01
10191  -2.82350003e-01  -1.41800733e-01
10192  -2.82374892e-01  -1.74607900e-01
10193  -2.82399782e-01  -2.07415066e-01
10194  -2.82424671e-01  -2.40222233e-01
10195  -2.82449561e-01  -2.73029400e-01
10196  -2.82474450e-01  -3.05836566e-01
10197  -2.82499340e-01  -3.38643733e-01
10198  -2.82524229e-01  -3.71450900e-01
10199  2.32574973e-01  3.54978249e-01
10200  2.32563893e-01  3.22444766e-01
10201  2.32552814e-01  2.89911282e-01
10202  2.32541734e-01  2.57377799e-01
10203  2.32530654e-01  2.24844316e-01
10204  2.32519575e-01  1.92310833e-01
10205  2.32508495e-01  1.59777350e-01
10206  2.32497415e-01  1.27243867e-01
10207  2.32486335e-01  9.47103842e-02
10208  2.32475256e-01  6.21769011e-02
10209  2.32464176e-01  2.96434175e-02
10210  2.32453096e-01  -2.89006514e-03
10211  2.32442017e-01  -3.54235482e-02
10212  2.32430937e-01  -6.79570318e-02
10213  2.32419857e-01  -1.00490515e-01
10214  2.32408777e-01  -1.33023998e-01
10215  2.32397698e-01  -1.65557481e-01
10216  2.32386618e-01  -1.98090964e-01
10217  2.32375538e-01  -2.30624447e-01
10218  2.32364458e-01  -2.63157930e-01
10219  2.32353379e-01  -2.95691414e-01
10220  2.32342299e-01  -3.28224897e-01
10221  2.32331219e-01  -3.60758380e-01
10222  2.32320140e-01  -3.93291863e-01
10223  2.32309060e-01  -4.25825346e-01
