1  3  0  8.90854
236  5  0  8.90841
471  4  0  8.90778
706  5  0  -171.088
2  3  0  8.19394
237  5  0  8.19394
472  4  0  8.19393
707  5  0  8.19393
3  3  0  7.46889
238  5  0  7.46887
473  4  0  7.46883
708  5  0  7.46879
4  3  0  6.64394
239  5  0  6.644
474  4  0  6.64408
709  5  0  6.64417
5  3  0  6.07108
240  5  0  6.07094
475  4  0  6.07074
710  5  0  6.07054
6  3  0  4.99137
241  5  0  4.99147
476  4  0  4.99162
711  5  0  4.99177
7  3  0  4.2449
242  5  0  4.24479
477  4  0  4.24463
712  5  0  4.24447
8  3  0  3.13333
243  5  0  3.13333
478  4  0  3.13334
713  5  0  3.13335
9  3  0  2.04038
244  5  0  2.04041
479  4  0  2.04045
714  5  0  2.04049
10  3  0  1.02418
245  5  0  1.024
480  4  0  1.02373
715  5  0  1.02346
11  3  0  -0.440833
246  5  0  -0.440741
481  1  0  12.1091
716  5  0  23.4719
12  3  0  -1.60744
247  5  0  -1.60739
482  1  0  -1.60714
717  5  0  -1.60688
13  3  0  -2.64389
248  5  0  -2.64383
483  1  0  -2.64351
718  5  0  -2.64319
14  3  0  -3.49197
249  5  0  -3.49211
484  1  0  -3.49291
719  5  0  -3.49369
15  3  0  -4.75859
250  5  0  -4.75844
485  1  0  -4.75762
720  5  0  -4.75682
16  3  0  -5.59304
251  5  0  -5.59306
486  1  0  -5.5932
721  5  0  -5.59334
17  3  0  -6.51499
252  5  0  -6.51502
487  1  0  -6.51518
722  5  0  -6.51534
18  3  0  -7.52973
253  5  0  -7.52967
488  1  0  -7.52931
723  5  0  -7.52896
19  3  0  -8.32527
254  5  0  -8.32528
489  1  0  -8.32536
724  5  0  -8.32544
20  3  0  -9.17274
255  5  0  -9.17277
490  1  0  -9.17294
725  5  0  -9.17311
21  3  0  -10.1252
256  5  0  -10.1251
491  1  0  -10.1249
726  5  0  -10.1247
22  3  0  -10.9227
257  5  0  -10.9226
492  1  0  -10.9223
727  5  0  -10.9221
23  3  0  -11.503
258  5  0  -11.503
493  1  0  -11.5031
728  5  0  -11.5031
24  3  0  -12.1528
259  5  0  -12.1528
494  1  0  -12.1529
729  5  0  -12.1529
25  3  0  -12.8352
260  5  0  -12.8351
495  1  0  -12.8349
730  5  0  -12.8347
26  3  0  -13.3259
261  5  0  -13.3259
496  1  0  -13.3257
731  5  0  -13.3256
27  3  0  -13.613
262  5  0  -13.613
497  1  0  -13.6132
732  5  0  -13.6134
28  3  0  -14.1493
263  5  0  -14.1493
498  1  0  -14.1493
733  5  0  -14.1493
29  3  0  -14.6872
264  5  0  -14.6871
499  1  0  -14.6869
734  5  0  -14.6867
30  3  0  -14.9071
265  5  0  -14.9071
500  1  0  -14.9071
735  5  0  -14.907
31  3  0  -15.0348
266  5  0  -15.0348
501  1  0  -15.0348
736  5  0  -15.0348
32  3  0  -15.1881
267  5  0  -15.1881
502  1  0  -15.1881
737  5  0  -15.1881
33  3  0  -15.4088
268  5  0  -15.4088
503  1  0  -15.4088
738  5  0  -15.4087
34  3  0  -15.4828
269  5  0  -15.4828
504  1  0  -15.4828
739  5  0  -15.4828
35  3  0  -15.5109
270  5  0  -15.5109
505  1  0  -15.5109
740  5  0  -15.5109
36  3  0  -15.4781
271  5  0  -15.4781
506  1  0  -15.4781
741  5  0  -15.4781
37  3  0  -15.4912
272  5  0  -15.4912
507  1  0  -15.4912
742  5  0  -15.4912
38  3  0  -15.4168
273  5  0  -15.4168
508  1  0  -15.4168
743  5  0  -15.4168
39  3  0  -15.2881
274  5  0  -15.2881
509  1  0  -15.2882
744  5  0  -15.2883
40  3  0  -14.9302
275  5  0  -14.9301
510  1  0  -14.9301
745  5  0  -14.93
41  3  0  -14.752
276  5  0  -14.752
511  1  0  -14.752
746  5  0  -14.752
42  3  0  -14.5708
277  5  0  -14.5708
512  1  0  -14.5708
747  5  0  -14.5709
43  3  0  -14.3475
278  5  0  -14.3475
513  1  0  -14.3477
748  5  0  -14.3479
44  3  0  -13.8511
279  5  0  -13.851
514  1  0  -13.8509
749  5  0  -13.8508
45  3  0  -13.5524
280  5  0  -13.5524
515  1  0  -13.5524
750  5  0  -13.5524
46  3  0  -13.2747
281  5  0  -13.2748
516  1  0  -13.2749
751  5  0  -13.275
47  3  0  -12.7917
282  5  0  -12.7917
517  1  0  -12.7915
752  5  0  -12.7914
48  3  0  -12.4967
283  5  0  -12.4967
518  1  0  -12.4968
753  5  0  -12.4969
49  3  0  -12.0359
284  5  0  -12.0359
519  1  0  11.2433
754  5  0  28.8096
50  3  0  -11.4754
285  5  0  -11.4176
520  6  0  -11.3827
755  5  0  -11.3783
51  3  0  -10.7449
286  5  0  -10.6442
521  6  0  -10.5077
756  5  0  -10.4783
52  3  0  -10.209
287  5  0  -10.209
522  6  0  -10.2088
757  5  0  -10.2086
53  3  0  -9.73289
288  5  0  -9.7329
523  6  0  -9.733
758  5  0  -9.73311
54  3  0  -9.20982
289  5  0  -9.20985
524  6  0  -9.21019
759  5  0  -9.21054
55  3  0  -8.5558
290  5  0  -8.5558
525  6  0  -8.55577
760  5  0  -8.55573
56  3  0  -7.91289
291  5  0  -7.91287
526  6  0  -7.91266
761  5  0  -7.91244
57  3  0  -7.35109
292  5  0  -7.35108
527  6  0  -7.35101
762  5  0  -7.35094
58  3  0  -6.81925
293  5  0  -6.81934
528  6  0  -6.82053
763  5  0  -6.82175
59  3  0  -5.91292
294  5  0  -5.91282
529  6  0  -5.91142
764  5  0  -5.90999
60  3  0  -5.47851
295  5  0  -5.47852
530  6  0  -5.47858
765  5  0  -5.47865
61  3  0  -5.01076
296  5  0  -5.01081
531  6  0  -5.01152
766  5  0  -5.01223
62  3  0  -4.27789
297  5  0  -4.27787
532  6  0  -4.27759
767  5  0  -4.27729
63  3  0  -3.63974
298  5  0  -3.63975
533  6  0  -3.63995
768  5  0  -3.64014
64  3  0  -2.93659
299  5  0  -2.93658
534  6  0  -2.93645
769  5  0  -2.93632
65  3  0  -2.27667
300  5  0  -2.27666
535  6  0  -2.27645
770  5  0  -2.27624
66  3  0  -1.69078
301  5  0  -1.69079
536  6  0  -1.69098
771  5  0  -1.69118
67  3  0  -1.0361
302  5  0  -1.03613
537  6  0  -1.03661
772  5  0  -1.03711
68  3  0  -0.232567
303  5  0  -0.232559
538  6  0  -0.23246
773  5  0  -0.232358
69  3  0  0.542564
304  5  0  0.542576
539  6  0  0.542742
774  5  0  0.542912
70  3  0  1.26792
305  5  0  1.26794
540  6  0  1.26813
775  5  0  1.26833
71  3  0  1.92963
306  5  0  1.9296
541  6  0  1.92913
776  5  0  1.92864
72  3  0  2.73634
307  5  0  2.73635
542  6  0  2.73652
777  5  0  2.73668
73  3  0  3.49618
308  5  0  3.49617
543  6  0  3.49608
778  5  0  3.49599
74  3  0  4.28152
309  5  0  4.28151
544  6  0  4.28131
779  5  0  4.2811
75  3  0  5.13674
310  5  0  5.20482
545  6  0  5.29061
780  5  0  5.32833
76  3  0  5.94129
311  5  0  6.0662
546  6  0  6.97101
781  5  0  178.221
77  3  0  6.78236
312  5  0  6.78235
547  1  0  -21.2868
782  5  0  -40.3431
78  3  0  7.70139
313  5  0  7.7014
548  1  0  7.70152
783  5  0  7.70163
79  3  0  8.5511
314  5  0  8.55112
549  1  0  8.55124
784  5  0  8.55137
80  3  0  9.31729
315  5  0  9.3172
550  1  0  9.31671
785  5  0  9.3162
81  3  0  10.3776
316  5  0  10.3777
551  1  0  10.378
786  5  0  10.3783
82  3  0  11.2605
317  5  0  11.2605
552  1  0  11.2605
787  5  0  11.2605
83  3  0  12.1316
318  5  0  12.1315
553  1  0  12.1312
788  5  0  12.1309
84  3  0  13.1675
319  5  0  13.1675
554  1  0  13.167
789  5  0  13.1665
85  3  0  14.4252
320  5  0  14.4253
555  1  0  14.4259
790  5  0  14.4265
86  3  0  15.3957
321  5  0  15.3956
556  1  0  15.3952
791  5  0  15.3947
87  3  0  16.5853
322  5  0  16.5853
557  1  0  16.5852
792  5  0  16.5852
88  3  0  17.7827
323  5  0  17.7827
558  1  0  17.7825
793  5  0  17.7823
89  3  0  19.0684
324  5  0  19.0682
559  1  0  3.70207
794  5  0  -9.86456
90  3  0  20.8626
325  5  0  20.8628
560  4  0  20.863
795  5  0  20.8632
91  3  0  22.4042
326  5  0  22.4039
561  4  0  22.4034
796  5  0  22.4029
92  3  0  24.4986
327  5  0  24.4983
562  4  0  24.4977
797  5  0  24.4971
93  3  0  27.1116
328  5  0  27.1108
563  4  0  27.1096
798  5  0  27.1085
94  3  0  30.5506
329  5  0  30.55
564  4  0  30.5492
799  5  0  30.5483
95  3  0  34.4835
330  5  0  34.4823
565  4  0  34.4805
800  5  0  34.4787
96  3  0  39.2714
331  5  0  39.2684
566  4  0  39.2639
801  5  0  39.2593
97  3  0  45.7217
332  5  0  45.7016
567  4  0  45.6709
802  5  0  45.6391
98  3  0  58.6408
333  5  0  58.6068
568  4  0  58.5538
803  5  0  58.4973
99  3  0  78.0614
334  5  0  78.123
569  4  0  78.2204
804  5  0  78.326
100  3  0  98.5929
335  5  0  98.5373
570  4  0  98.4493
805  5  0  98.3537
101  3  0  116.591
336  5  0  116.62
571  4  0  116.665
806  5  0  116.713
102  3  0  129.04
337  5  0  129.056
572  4  0  129.081
807  5  0  129.106
103  3  0  136.756
338  5  0  136.762
573  4  0  136.771
808  5  0  136.78
104  3  0  141.82
339  5  0  141.823
574  4  0  141.827
809  5  0  141.831
105  3  0  144.876
340  5  0  144.877
575  4  0  144.878
810  5  0  144.879
106  3  0  147.135
341  5  0  147.135
576  4  0  147.135
811  5  0  147.134
107  3  0  149.829
342  5  0  149.829
577  4  0  149.83
812  5  0  149.831
108  3  0  151.795
343  5  0  151.795
578  4  0  151.795
813  5  0  151.795
109  3  0  153.506
344  5  0  153.506
579  4  0  153.506
814  5  0  153.507
110  3  0  154.683
345  5  0  154.682
580  4  0  154.682
815  5  0  154.681
111  3  0  156.533
346  5  0  156.533
581  1  0  171.585
816  5  0  -175.048
112  3  0  157.946
347  5  0  157.946
582  1  0  157.947
817  5  0  157.947
113  3  0  159.07
348  5  0  159.07
583  1  0  159.07
818  5  0  159.07
114  3  0  160.146
349  5  0  160.146
584  1  0  160.146
819  5  0  160.146
115  3  0  161.184
350  5  0  161.184
585  1  0  161.184
820  5  0  161.184
116  3  0  162.238
351  5  0  162.238
586  1  0  162.238
821  5  0  162.238
117  3  0  163.276
352  5  0  163.276
587  1  0  163.276
822  5  0  163.277
118  3  0  163.977
353  5  0  163.977
588  1  0  163.977
823  5  0  163.976
119  3  0  165.061
354  5  0  165.061
589  1  0  165.062
824  5  0  165.063
120  3  0  165.814
355  5  0  165.814
590  1  0  165.813
825  5  0  165.812
121  3  0  166.963
356  5  0  166.964
591  1  0  166.965
826  5  0  166.966
122  3  0  167.471
357  5  0  167.471
592  1  0  167.47
827  5  0  167.469
123  3  0  168.452
358  5  0  168.452
593  1  0  168.452
828  5  0  168.453
124  3  0  169.164
359  5  0  169.045
594  6  0  -117.735
829  5  0  -89.527
125  3  0  169.892
360  5  0  169.828
595  6  0  169.741
830  5  0  169.703
126  3  0  170.841
361  5  0  170.841
596  6  0  170.843
831  5  0  170.844
127  3  0  171.484
362  5  0  171.483
597  6  0  171.483
832  5  0  171.482
128  3  0  172.296
363  5  0  172.296
598  6  0  172.297
833  5  0  172.297
129  3  0  172.989
364  5  0  172.989
599  6  0  172.989
834  5  0  172.988
130  3  0  173.777
365  5  0  173.777
600  6  0  173.777
835  5  0  173.777
131  3  0  174.524
366  5  0  174.524
601  6  0  174.524
836  5  0  174.524
132  3  0  175.239
367  5  0  175.239
602  6  0  175.238
837  5  0  175.237
133  3  0  176.209
368  5  0  176.209
603  6  0  176.21
838  5  0  176.212
134  3  0  176.804
369  5  0  176.804
604  6  0  176.803
839  5  0  176.802
135  3  0  177.65
370  5  0  177.65
605  6  0  177.651
840  5  0  177.651
136  3  0  178.42
371  5  0  178.42
606  6  0  178.421
841  5  0  178.421
137  3  0  179.049
372  5  0  179.048
607  6  0  179.047
842  5  0  179.046
138  3  0  179.985
373  5  0  179.985
608  6  0  179.985
843  5  0  179.986
139  3  0  -179.232
374  5  0  -179.232
609  6  0  -179.231
844  5  0  -179.231
140  3  0  -178.56
375  5  0  -178.56
610  6  0  -178.56
845  5  0  -178.56
141  3  0  -177.912
376  5  0  -177.912
611  6  0  -177.913
846  5  0  -177.914
142  3  0  -176.985
377  5  0  -176.985
612  6  0  -176.984
847  5  0  -176.982
143  3  0  -176.461
378  5  0  -176.461
613  6  0  -176.461
848  5  0  -176.461
144  3  0  -175.976
379  5  0  -175.976
614  6  0  -175.976
849  5  0  -175.976
145  3  0  -175.426
380  5  0  -175.426
615  6  0  -175.427
850  5  0  -175.428
146  3  0  -174.548
381  5  0  -174.548
616  6  0  -174.546
851  5  0  -174.545
147  3  0  -174.19
382  5  0  -174.19
617  6  0  -174.191
852  5  0  -174.191
148  3  0  -173.76
383  5  0  -173.76
618  6  0  -173.761
853  5  0  -173.761
149  3  0  -173.008
384  5  0  -173.073
619  6  0  -173.206
854  5  0  -173.3
150  3  0  -172.548
385  5  0  -172.585
620  6  0  165.529
855  5  0  150.157
151  3  0  -171.934
386  5  0  -171.934
621  1  0  -171.934
856  5  0  -171.934
152  3  0  -171.422
387  5  0  -171.422
622  1  0  -171.422
857  5  0  -171.421
153  3  0  -171.147
388  5  0  -171.147
623  1  0  -171.147
858  5  0  -171.147
154  3  0  -170.718
389  5  0  -170.718
624  1  0  -170.718
859  5  0  -170.718
155  3  0  -170.394
390  5  0  -170.394
625  1  0  -170.394
860  5  0  -170.394
156  3  0  -170.128
391  5  0  -170.128
626  1  0  -170.128
861  5  0  -170.128
157  3  0  -169.881
392  5  0  -169.881
627  1  0  -169.881
862  5  0  -169.881
158  3  0  -169.725
393  5  0  -169.725
628  1  0  -169.725
863  5  0  -169.725
159  3  0  -169.34
394  5  0  -169.34
629  1  0  -169.34
864  5  0  -169.34
160  3  0  -168.994
395  5  0  -168.994
630  1  0  -168.994
865  5  0  -168.994
161  3  0  -168.668
396  5  0  -168.668
631  1  0  -168.668
866  5  0  -168.668
162  3  0  -168.607
397  5  0  -168.607
632  1  0  -168.607
867  5  0  -168.607
163  3  0  -168.311
398  5  0  -168.311
633  1  0  -168.31
868  5  0  -168.31
164  3  0  -168.205
399  5  0  -168.205
634  1  0  -168.205
869  5  0  -168.205
165  3  0  -168.113
400  5  0  -168.113
635  1  0  -168.114
870  5  0  -168.114
166  3  0  -167.657
401  5  0  -167.657
636  1  0  -167.657
871  5  0  -167.657
167  3  0  -167.735
402  5  0  -167.735
637  1  0  -167.735
872  5  0  -167.735
168  3  0  -167.48
403  5  0  -167.48
638  1  0  -167.48
873  5  0  -167.48
169  3  0  -167.293
404  5  0  -167.293
639  1  0  -167.293
874  5  0  -167.293
170  3  0  -167.474
405  5  0  -167.474
640  1  0  -167.474
875  5  0  -167.474
171  3  0  -167.221
406  5  0  -167.221
641  1  0  -167.221
876  5  0  -167.221
172  3  0  -166.953
407  5  0  -166.953
642  1  0  -166.953
877  5  0  -166.953
173  3  0  -167.04
408  5  0  -167.04
643  1  0  -167.04
878  5  0  -167.04
174  3  0  -167.061
409  5  0  -167.061
644  1  0  -167.061
879  5  0  -167.061
175  3  0  -166.783
410  5  0  -166.783
645  1  0  -166.783
880  5  0  -166.783
176  3  0  -166.768
411  5  0  -166.768
646  1  0  -166.769
881  5  0  -166.769
177  3  0  -166.485
412  5  0  -166.485
647  1  0  -166.485
882  5  0  -166.485
178  3  0  -166.601
413  5  0  -166.601
648  1  0  -166.601
883  5  0  -166.601
179  3  0  -166.571
414  5  0  -166.571
649  1  0  -166.571
884  5  0  -166.571
180  3  0  -166.401
415  5  0  -166.401
650  1  0  -166.401
885  5  0  -166.401
181  3  0  -166.195
416  5  0  -166.195
651  1  0  -166.195
886  5  0  -166.195
182  3  0  -166.049
417  5  0  -166.049
652  1  0  -166.049
887  5  0  -166.049
183  3  0  -166.146
418  5  0  -166.146
653  1  0  -166.146
888  5  0  -166.146
184  3  0  -166.212
419  5  0  -166.212
654  1  0  -166.212
889  5  0  -166.212
185  3  0  -165.97
420  5  0  -165.97
655  1  0  -165.97
890  5  0  -165.97
186  3  0  -165.984
421  5  0  -165.984
656  1  0  -165.984
891  5  0  -165.984
187  3  0  -166.027
422  5  0  -166.027
657  1  0  -166.027
892  5  0  -166.027
188  3  0  -165.977
423  5  0  -165.977
658  1  0  -178.276
893  5  0  170.46
189  3  0  -165.852
424  5  0  -165.852
659  4  0  -165.852
894  5  0  -165.852
190  3  0  -165.702
425  5  0  -165.702
660  4  0  -165.702
895  5  0  -165.702
191  3  0  -165.735
426  5  0  -165.735
661  4  0  -165.736
896  5  0  -165.736
192  3  0  -165.51
427  5  0  -165.51
662  4  0  -165.51
897  5  0  -165.51
193  3  0  -165.308
428  5  0  -165.308
663  4  0  -165.308
898  5  0  -165.308
194  3  0  -165.281
429  5  0  -165.281
664  4  0  -165.281
899  5  0  -165.281
195  3  0  -165.231
430  5  0  -165.231
665  4  0  -165.231
900  5  0  -165.231
196  3  0  -164.791
431  5  0  -164.791
666  4  0  -164.791
901  5  0  -164.791
197  3  0  -164.352
432  5  0  -164.447
667  4  0  -164.593
902  5  0  -164.747
198  3  0  -140.036
433  5  0  -139.932
668  4  0  -139.57
903  5  0  -136.369
199  2  0  -90.0333
434  1  0  -90.0333
669  1  0  -90.0333
904  2  0  89.9667
200  2  0  -90.0333
435  1  0  -90.0333
670  1  0  -90.0333
905  2  0  -90.0333
201  2  0  -90.0333
436  1  0  -90.0333
671  1  0  -90.0333
906  2  0  -90.0333
202  2  0  -90.0333
437  1  0  -90.0333
672  1  0  -90.0333
907  2  0  -90.0333
203  2  0  -90.0333
438  1  0  -90.0333
673  1  0  -90.0333
908  2  0  -90.0333
204  2  0  -90.0333
439  1  0  -90.0333
674  1  0  -90.0333
909  2  0  -90.0333
205  2  0  -90.0333
440  1  0  -90.0333
675  1  0  -90.0333
910  2  0  -90.0333
206  2  0  -90.0333
441  1  0  -90.0333
676  1  0  -90.0333
911  2  0  -90.0333
207  2  0  -90.0333
442  1  0  -90.0333
677  1  0  -90.0333
912  2  0  -90.0333
208  2  0  -90.0333
443  1  0  -90.0333
678  1  0  -90.0333
913  2  0  -90.0333
209  2  0  -90.0333
444  1  0  -90.0333
679  1  0  -90.0333
914  2  0  -90.0333
210  2  0  -90.0333
445  1  0  -90.0333
680  1  0  -90.0333
915  2  0  -90.0333
211  2  0  -90.0333
446  1  0  -90.0333
681  1  0  -90.0333
916  2  0  -90.0333
212  2  0  -90.0333
447  1  0  -90.0333
682  1  0  -90.0333
917  2  0  -90.0333
213  2  0  -90.0333
448  1  0  -90.0333
683  1  0  -90.0333
918  2  0  -90.0333
214  2  0  -90.0333
449  1  0  -90.0333
684  1  0  -90.0333
919  2  0  -90.0333
215  2  0  -90.0333
450  1  0  -90.0333
685  1  0  -90.0333
920  2  0  -90.0333
216  2  0  -90.0333
451  1  0  -90.0333
686  1  0  -90.0333
921  2  0  89.9667
217  2  0  -90.0383
452  1  0  -90.0383
687  1  0  89.9617
922  2  0  89.9617
218  2  0  -90.0383
453  1  0  -90.0383
688  1  0  -90.0383
923  2  0  -90.0383
219  2  0  -90.0383
454  1  0  -90.0383
689  1  0  -90.0383
924  2  0  -90.0383
220  2  0  -90.0383
455  1  0  -90.0383
690  1  0  -90.0383
925  2  0  -90.0383
221  2  0  -90.0383
456  1  0  -90.0383
691  1  0  -90.0383
926  2  0  -90.0383
222  2  0  -90.0384
457  1  0  -90.0384
692  1  0  -90.0384
927  2  0  -90.0384
223  2  0  -90.0383
458  1  0  -90.0383
693  1  0  -90.0383
928  2  0  -90.0383
224  2  0  -90.0383
459  1  0  -90.0383
694  1  0  -90.0383
929  2  0  -90.0383
225  2  0  -90.0383
460  1  0  -90.0383
695  1  0  -90.0383
930  2  0  -90.0383
226  2  0  -90.0383
461  1  0  -90.0383
696  1  0  -90.0383
931  2  0  -90.0383
227  2  0  -90.0383
462  1  0  -90.0383
697  1  0  -90.0383
932  2  0  -90.0383
228  2  0  -90.0383
463  1  0  -90.0383
698  1  0  -90.0383
933  2  0  -90.0383
229  2  0  -90.0383
464  1  0  -90.0383
699  1  0  -90.0383
934  2  0  -90.0383
230  2  0  -90.0383
465  1  0  -90.0383
700  1  0  -90.0383
935  2  0  -90.0383
231  2  0  -90.0384
466  1  0  -90.0384
701  1  0  -90.0384
936  2  0  -90.0384
232  2  0  -90.0383
467  1  0  -90.0383
702  1  0  -90.0383
937  2  0  -90.0383
233  2  0  -90.0383
468  1  0  -90.0383
703  1  0  -90.0383
938  2  0  -90.0383
234  2  0  -90.0383
469  1  0  -90.0383
704  1  0  -90.0383
939  2  0  -90.0383
235  2  0  -90.0383
470  1  0  -90.0383
705  1  0  89.9617
940  2  0  89.9617
