1  3  0  13.6437
254  5  0  13.643
507  4  0  13.6419
760  5  0  13.6404
2  3  0  10.9115
255  5  0  10.9115
508  4  0  10.9115
761  5  0  10.9115
3  3  0  8.16472
256  5  0  8.16487
509  4  0  8.16507
762  5  0  8.16527
4  3  0  5.78162
257  5  0  5.78133
510  4  0  5.78092
763  5  0  5.78052
5  3  0  2.70585
258  5  0  2.70627
511  4  0  2.70685
764  5  0  2.70743
6  3  0  0.698309
259  5  0  0.698379
512  4  0  0.698474
765  5  0  0.698569
7  3  0  -1.07349
260  5  0  -1.07351
513  4  0  -1.07355
766  5  0  -1.07358
8  3  0  -2.92887
261  5  0  -2.92875
514  4  0  -2.9286
767  5  0  -2.92845
9  3  0  -4.34883
262  5  0  -4.34902
515  4  0  -4.34928
768  5  0  -4.34954
10  3  0  -6.45458
263  5  0  -6.45448
516  1  0  9.5688
769  5  0  23.2867
11  3  0  -8.09774
264  5  0  -8.09766
517  1  0  -8.09659
770  5  0  -8.09555
12  3  0  -9.37444
265  5  0  -9.37448
518  1  0  -9.37496
771  5  0  -9.37542
13  3  0  -10.8274
266  5  0  -10.8273
519  1  0  -10.8265
772  5  0  -10.8257
14  3  0  -11.9673
267  5  0  -11.9673
520  1  0  -11.9669
773  5  0  -11.9665
15  3  0  -12.904
268  5  0  -12.904
521  1  0  -12.9043
774  5  0  -12.9047
16  3  0  -14.0061
269  5  0  -14.006
522  1  0  -14.0057
775  5  0  -14.0054
17  3  0  -14.9412
270  5  0  -14.9412
523  1  0  -14.9415
776  5  0  -14.9418
18  3  0  -16.0212
271  5  0  -16.0212
524  1  0  -16.0208
777  5  0  -16.0204
19  3  0  -16.8837
272  5  0  -16.8837
525  1  0  -16.8833
778  5  0  -16.8828
20  3  0  -17.4378
273  5  0  -17.4378
526  1  0  -17.4379
779  5  0  -17.4381
21  3  0  -18.1031
274  5  0  -18.1031
527  1  0  -18.1031
780  5  0  -18.1031
22  3  0  -18.7984
275  5  0  -18.7983
528  1  0  -18.798
781  5  0  -18.7976
23  3  0  -19.1726
276  5  0  -19.1726
529  1  0  -19.1727
782  5  0  -19.1728
24  3  0  -19.6285
277  5  0  -19.6285
530  1  0  -19.6285
783  5  0  -19.6285
25  3  0  -20.0821
278  5  0  -20.0821
531  1  0  -20.0821
784  5  0  -20.082
26  3  0  -20.4773
279  5  0  -20.4773
532  1  0  -20.4772
785  5  0  -20.4771
27  3  0  -20.7607
280  5  0  -20.7607
533  1  0  -20.7607
786  5  0  -20.7607
28  3  0  -20.9879
281  5  0  -20.9879
534  1  0  -20.9879
787  5  0  -20.9879
29  3  0  -21.2755
282  5  0  -21.2755
535  1  0  -21.2754
788  5  0  -21.2754
30  3  0  -21.5184
283  5  0  -21.5184
536  1  0  -21.5184
789  5  0  -21.5183
31  3  0  -21.5567
284  5  0  -21.5567
537  1  0  -21.5567
790  5  0  -21.5567
32  3  0  -21.5424
285  5  0  -21.5424
538  1  0  -21.5424
791  5  0  -21.5424
33  3  0  -21.5585
286  5  0  -21.5585
539  1  0  -21.5586
792  5  0  -21.5586
34  3  0  -21.7223
287  5  0  -21.7223
540  1  0  -21.7223
793  5  0  -21.7223
35  3  0  -21.7516
288  5  0  -21.7516
541  1  0  -21.7516
794  5  0  -21.7516
36  3  0  -21.7172
289  5  0  -21.7172
542  1  0  -21.7172
795  5  0  -21.7172
37  3  0  -21.563
290  5  0  -21.563
543  1  0  -21.563
796  5  0  -21.5629
38  3  0  -21.4941
291  5  0  -21.4941
544  1  0  -21.4941
797  5  0  -21.4941
39  3  0  -21.3647
292  5  0  -21.3647
545  1  0  -21.3647
798  5  0  -21.3647
40  3  0  -21.1521
293  5  0  -21.1521
546  1  0  -21.1521
799  5  0  -21.1521
41  3  0  -20.9644
294  5  0  -20.9644
547  1  0  -20.9645
800  5  0  -20.9645
42  3  0  -20.6481
295  5  0  -20.6481
548  1  0  -20.6481
801  5  0  -20.6481
43  3  0  -20.3446
296  5  0  -20.3446
549  1  0  -20.3446
802  5  0  -20.3447
44  3  0  -19.9688
297  5  0  -19.9688
550  1  0  -19.9687
803  5  0  -19.9687
45  3  0  -19.6045
298  5  0  -19.6045
551  1  0  -19.6045
804  5  0  -19.6045
46  3  0  -19.23
299  5  0  -19.23
552  1  0  -19.23
805  5  0  -19.23
47  3  0  -18.8389
300  5  0  -18.8389
553  1  0  -18.8391
806  5  0  -18.8392
48  3  0  -18.2921
301  5  0  -18.2921
554  1  0  -18.2921
807  5  0  -18.2922
49  3  0  -17.7377
302  5  0  -17.7377
555  1  0  -17.7377
808  5  0  -17.7377
50  3  0  -17.1781
303  5  0  -17.1781
556  1  0  -17.1782
809  5  0  -17.1783
51  3  0  -16.5362
304  5  0  -16.5362
557  1  0  -16.5363
810  5  0  -16.5364
52  3  0  -15.8256
305  5  0  -15.8256
558  1  0  -15.8255
811  5  0  -15.8254
53  3  0  -15.1793
306  5  0  -15.1793
559  1  0  -15.1796
812  5  0  -15.1799
54  3  0  -14.3406
307  5  0  -14.3406
560  1  0  -12.1476
813  5  0  -9.93734
55  3  0  -13.3784
308  5  0  -13.3138
561  6  0  -13.2556
814  5  0  -13.2401
56  3  0  -12.5114
309  5  0  -12.412
562  6  0  -12.1968
815  5  0  -12.082
57  3  0  -11.526
310  5  0  -11.5261
563  6  0  -11.5271
816  5  0  -11.5282
58  3  0  -10.1522
311  5  0  -10.1521
564  6  0  -10.1511
817  5  0  -10.1501
59  3  0  -9.13377
312  5  0  -9.13377
565  6  0  -9.13377
818  5  0  -9.13377
60  3  0  -8.11351
313  5  0  -8.11359
566  6  0  -8.11468
819  5  0  -8.11581
61  3  0  -6.69865
314  5  0  -6.69867
567  6  0  -6.69893
820  5  0  -6.69921
62  3  0  -5.20347
315  5  0  -5.20342
568  6  0  -5.20276
821  5  0  -5.20209
63  3  0  -3.91559
316  5  0  -3.9156
569  6  0  -3.91576
822  5  0  -3.91592
64  3  0  -2.57612
317  5  0  -2.57615
570  6  0  -2.57655
823  5  0  -2.57696
65  3  0  -1.11129
318  5  0  -1.11133
571  6  0  -1.11188
824  5  0  -1.11246
66  3  0  0.510634
319  5  0  0.510627
572  6  0  0.510541
825  5  0  0.510452
67  3  0  2.15555
320  5  0  2.15547
573  6  0  2.15433
826  5  0  2.15314
68  3  0  4.07906
321  5  0  4.07911
574  6  0  4.07979
827  5  0  4.0805
69  3  0  5.85611
322  5  0  5.98036
575  6  0  6.14797
828  5  0  6.21787
70  3  0  7.45967
323  5  0  7.65636
576  6  0  8.73128
829  5  0  13.3131
71  3  0  9.19185
324  5  0  9.19184
577  1  0  6.46989
830  5  0  3.68804
72  3  0  10.9865
325  5  0  10.9865
578  1  0  10.9868
831  5  0  10.987
73  3  0  12.7158
326  5  0  12.7158
579  1  0  12.7157
832  5  0  12.7157
74  3  0  14.467
327  5  0  14.4671
580  1  0  14.4679
833  5  0  14.4688
75  3  0  15.9568
328  5  0  15.9568
581  1  0  15.957
834  5  0  15.9572
76  3  0  17.3824
329  5  0  17.3824
582  1  0  17.3826
835  5  0  17.3827
77  3  0  18.768
330  5  0  18.768
583  1  0  18.7679
836  5  0  18.7679
78  3  0  20.1771
331  5  0  20.177
584  1  0  20.1759
837  5  0  20.1749
79  3  0  21.9094
332  5  0  21.9095
585  1  0  21.9105
838  5  0  21.9116
80  3  0  23.3083
333  5  0  23.3084
586  1  0  23.3088
839  5  0  23.3092
81  3  0  24.5575
334  5  0  24.5574
587  1  0  24.5563
840  5  0  24.5551
82  3  0  26.2083
335  5  0  26.2083
588  1  0  26.2085
841  5  0  26.2086
83  3  0  27.8197
336  5  0  27.8197
589  1  0  27.8201
842  5  0  27.8205
84  3  0  29.3073
337  5  0  29.3073
590  1  0  29.3069
843  5  0  29.3065
85  3  0  30.9224
338  5  0  30.9222
591  1  0  30.9208
844  5  0  30.9193
86  3  0  32.9283
339  5  0  32.9284
592  1  0  13.7496
845  5  0  -2.0971
87  3  0  34.5126
340  5  0  34.5124
593  4  0  34.5121
846  5  0  34.5119
88  3  0  36.755
341  5  0  36.7551
594  4  0  36.7552
847  5  0  36.7554
89  3  0  38.6357
342  5  0  38.6356
595  4  0  38.6354
848  5  0  38.6352
90  3  0  40.9322
343  5  0  40.9321
596  4  0  40.932
849  5  0  40.9319
91  3  0  43.4635
344  5  0  43.4635
597  4  0  43.4637
850  5  0  43.4638
92  3  0  45.7821
345  5  0  45.7815
598  4  0  45.7806
851  5  0  45.7798
93  3  0  49.4104
346  5  0  49.4101
599  4  0  49.4097
852  5  0  49.4093
94  3  0  53.4885
347  5  0  53.4879
600  4  0  53.4872
853  5  0  53.4865
95  3  0  58.3109
348  5  0  58.3087
601  4  0  58.3056
854  5  0  58.3025
96  3  0  65.424
349  5  0  65.4224
602  4  0  65.4202
855  5  0  65.4179
97  3  0  73.8302
350  5  0  73.8286
603  4  0  73.8263
856  5  0  73.824
98  3  0  83.3653
351  5  0  83.3595
604  4  0  83.3513
857  5  0  83.3429
99  3  0  96.1568
352  5  0  96.1705
605  4  0  96.1898
858  5  0  96.2094
100  3  0  105.478
353  5  0  105.471
606  4  0  105.46
859  5  0  105.449
101  3  0  115.023
354  5  0  115.026
607  4  0  115.03
860  5  0  115.034
102  3  0  122.591
355  5  0  122.593
608  4  0  122.596
861  5  0  122.6
103  3  0  127.941
356  5  0  127.942
609  4  0  127.943
862  5  0  127.944
104  3  0  132.525
357  5  0  132.525
610  4  0  132.526
863  5  0  132.526
105  3  0  136.444
358  5  0  136.444
611  4  0  136.445
864  5  0  136.445
106  3  0  139.631
359  5  0  139.631
612  4  0  139.631
865  5  0  139.631
107  3  0  142.673
360  5  0  142.673
613  4  0  142.674
866  5  0  142.674
108  3  0  145.379
361  5  0  145.379
614  4  0  145.379
867  5  0  145.379
109  3  0  147.583
362  5  0  147.583
615  4  0  147.583
868  5  0  147.583
110  3  0  150.073
363  5  0  150.073
616  4  0  150.074
869  5  0  150.074
111  3  0  152.257
364  5  0  152.257
617  1  0  172.039
870  5  0  -171.8
112  3  0  154.226
365  5  0  154.226
618  1  0  154.227
871  5  0  154.229
113  3  0  155.843
366  5  0  155.843
619  1  0  155.843
872  5  0  155.843
114  3  0  157.411
367  5  0  157.411
620  1  0  157.411
873  5  0  157.41
115  3  0  159.187
368  5  0  159.187
621  1  0  159.188
874  5  0  159.189
116  3  0  160.597
369  5  0  160.597
622  1  0  160.597
875  5  0  160.597
117  3  0  162.112
370  5  0  162.112
623  1  0  162.112
876  5  0  162.113
118  3  0  163.543
371  5  0  163.543
624  1  0  163.543
877  5  0  163.544
119  3  0  164.748
372  5  0  164.748
625  1  0  164.747
878  5  0  164.747
120  3  0  166.059
373  5  0  166.059
626  1  0  166.059
879  5  0  166.058
121  3  0  167.443
374  5  0  167.443
627  1  0  167.444
880  5  0  167.444
122  3  0  168.62
375  5  0  168.62
628  1  0  168.62
881  5  0  168.62
123  3  0  169.815
376  5  0  169.815
629  1  0  169.815
882  5  0  169.814
124  3  0  171.123
377  5  0  171.123
630  1  0  171.123
883  5  0  171.124
125  3  0  172.273
378  5  0  172.273
631  1  0  172.273
884  5  0  172.272
126  3  0  173.617
379  5  0  173.617
632  1  0  173.617
885  5  0  173.617
127  3  0  174.925
380  5  0  174.809
633  6  0  -177.961
886  5  0  -152.817
128  3  0  175.872
381  5  0  175.799
634  6  0  175.704
887  5  0  175.665
129  3  0  176.858
382  5  0  176.858
635  6  0  176.857
888  5  0  176.856
130  3  0  178.158
383  5  0  178.158
636  6  0  178.159
889  5  0  178.161
131  3  0  178.841
384  5  0  178.841
637  6  0  178.841
890  5  0  178.841
132  3  0  179.604
385  5  0  179.604
638  6  0  179.604
891  5  0  179.604
133  3  0  -179.5
386  5  0  -179.5
639  6  0  -179.5
892  5  0  -179.5
134  3  0  -178.677
387  5  0  -178.677
640  6  0  -178.676
893  5  0  -178.676
135  3  0  -178.125
388  5  0  -178.125
641  6  0  -178.126
894  5  0  -178.126
136  3  0  -177.35
389  5  0  -177.35
642  6  0  -177.35
895  5  0  -177.35
137  3  0  -176.613
390  5  0  -176.613
643  6  0  -176.613
896  5  0  -176.612
138  3  0  -176.069
391  5  0  -176.069
644  6  0  -176.069
897  5  0  -176.069
139  3  0  -175.554
392  5  0  -175.554
645  6  0  -175.555
898  5  0  -175.555
140  3  0  -174.802
393  5  0  -174.802
646  6  0  -174.802
899  5  0  -174.801
141  3  0  -174.256
394  5  0  -174.307
647  6  0  -174.463
900  5  0  -174.618
142  3  0  -173.811
395  5  0  -173.844
648  6  0  -176.004
901  5  0  -177.798
143  3  0  -173.201
396  5  0  -173.201
649  1  0  -173.201
902  5  0  -173.201
144  3  0  -172.626
397  5  0  -172.626
650  1  0  -172.626
903  5  0  -172.626
145  3  0  -172.236
398  5  0  -172.236
651  1  0  -172.236
904  5  0  -172.236
146  3  0  -171.798
399  5  0  -171.798
652  1  0  -171.798
905  5  0  -171.798
147  3  0  -171.392
400  5  0  -171.392
653  1  0  -171.392
906  5  0  -171.392
148  3  0  -171.077
401  5  0  -171.077
654  1  0  -171.077
907  5  0  -171.077
149  3  0  -170.798
402  5  0  -170.798
655  1  0  -170.798
908  5  0  -170.799
150  3  0  -170.259
403  5  0  -170.259
656  1  0  -170.259
909  5  0  -170.259
151  3  0  -169.902
404  5  0  -169.902
657  1  0  -169.902
910  5  0  -169.902
152  3  0  -169.604
405  5  0  -169.604
658  1  0  -169.604
911  5  0  -169.604
153  3  0  -169.321
406  5  0  -169.321
659  1  0  -169.321
912  5  0  -169.321
154  3  0  -169.171
407  5  0  -169.171
660  1  0  -169.171
913  5  0  -169.171
155  3  0  -168.89
408  5  0  -168.89
661  1  0  -168.89
914  5  0  -168.89
156  3  0  -168.581
409  5  0  -168.581
662  1  0  -168.581
915  5  0  -168.581
157  3  0  -168.156
410  5  0  -168.156
663  1  0  -168.156
916  5  0  -168.156
158  3  0  -168.014
411  5  0  -168.014
664  1  0  -168.014
917  5  0  -168.014
159  3  0  -167.791
412  5  0  -167.791
665  1  0  -167.791
918  5  0  -167.791
160  3  0  -167.552
413  5  0  -167.552
666  1  0  -167.552
919  5  0  -167.552
161  3  0  -167.309
414  5  0  -167.309
667  1  0  -167.309
920  5  0  -167.309
162  3  0  -167.251
415  5  0  -167.251
668  1  0  -167.251
921  5  0  -167.251
163  3  0  -167.082
416  5  0  -167.082
669  1  0  -167.082
922  5  0  -167.082
164  3  0  -166.865
417  5  0  -166.865
670  1  0  -166.865
923  5  0  -166.865
165  3  0  -166.619
418  5  0  -166.619
671  1  0  -166.619
924  5  0  -166.618
166  3  0  -166.572
419  5  0  -166.572
672  1  0  -166.572
925  5  0  -166.572
167  3  0  -166.393
420  5  0  -166.393
673  1  0  -166.393
926  5  0  -166.393
168  3  0  -166.252
421  5  0  -166.252
674  1  0  -166.252
927  5  0  -166.252
169  3  0  -166.195
422  5  0  -166.195
675  1  0  -166.195
928  5  0  -166.195
170  3  0  -165.972
423  5  0  -165.971
676  1  0  -165.971
929  5  0  -165.971
171  3  0  -165.974
424  5  0  -165.974
677  1  0  -165.974
930  5  0  -165.974
172  3  0  -165.916
425  5  0  -165.916
678  1  0  -165.916
931  5  0  -165.916
173  3  0  -165.814
426  5  0  -165.814
679  1  0  -165.814
932  5  0  -165.814
174  3  0  -165.714
427  5  0  -165.714
680  1  0  -165.714
933  5  0  -165.714
175  3  0  -165.663
428  5  0  -165.663
681  1  0  -165.663
934  5  0  -165.663
176  3  0  -165.469
429  5  0  -165.469
682  1  0  -165.469
935  5  0  -165.469
177  3  0  -165.491
430  5  0  -165.491
683  1  0  -165.491
936  5  0  -165.491
178  3  0  -165.38
431  5  0  -165.38
684  1  0  -165.38
937  5  0  -165.38
179  3  0  -165.331
432  5  0  -165.331
685  1  0  -165.331
938  5  0  -165.331
180  3  0  -165.414
433  5  0  -165.414
686  1  0  -165.414
939  5  0  -165.414
181  3  0  -165.298
434  5  0  -165.298
687  1  0  -165.298
940  5  0  -165.298
182  3  0  -165.104
435  5  0  -165.104
688  1  0  -165.104
941  5  0  -165.104
183  3  0  -165.311
436  5  0  -165.311
689  1  0  -165.311
942  5  0  -165.311
184  3  0  -165.315
437  5  0  -165.315
690  1  0  -165.315
943  5  0  -165.315
185  3  0  -165.191
438  5  0  -165.191
691  1  0  -165.191
944  5  0  -165.191
186  3  0  -165.228
439  5  0  -165.228
692  1  0  -165.228
945  5  0  -165.228
187  3  0  -165.202
440  5  0  -165.202
693  1  0  178.512
946  5  0  164.498
188  3  0  -165.201
441  5  0  -165.201
694  4  0  -165.201
947  5  0  -165.201
189  3  0  -165.249
442  5  0  -165.249
695  4  0  -165.249
948  5  0  -165.249
190  3  0  -165.3
443  5  0  -165.3
696  4  0  -165.3
949  5  0  -165.3
191  3  0  -165.278
444  5  0  -165.278
697  4  0  -165.278
950  5  0  -165.278
192  3  0  -165.172
445  5  0  -165.172
698  4  0  -165.172
951  5  0  -165.172
193  3  0  -164.879
446  5  0  -164.879
699  4  0  -164.879
952  5  0  -164.879
194  3  0  -164.731
447  5  0  -164.731
700  4  0  -164.731
953  5  0  -164.731
195  3  0  -164.576
448  5  0  -164.576
701  4  0  -164.576
954  5  0  -164.576
196  3  0  -164.354
449  5  0  -164.519
702  4  0  -164.757
955  5  0  -165.004
197  3  0  -120.128
450  5  0  -120.037
703  4  0  -119.891
956  5  0  -119.716
198  2  0  -90.0308
451  1  0  -90.0308
704  1  0  -90.0308
957  2  0  -90.0308
199  2  0  -90.0308
452  1  0  -90.0308
705  1  0  -90.0308
958  2  0  -90.0308
200  2  0  -90.0308
453  1  0  -90.0308
706  1  0  -90.0308
959  2  0  -90.0308
201  2  0  -90.0308
454  1  0  -90.0308
707  1  0  -90.0308
960  2  0  -90.0308
202  2  0  -90.0308
455  1  0  -90.0308
708  1  0  -90.0308
961  2  0  -90.0308
203  2  0  -90.0308
456  1  0  -90.0308
709  1  0  -90.0308
962  2  0  -90.0308
204  2  0  -90.0308
457  1  0  -90.0308
710  1  0  -90.0308
963  2  0  -90.0308
205  2  0  -90.0308
458  1  0  -90.0308
711  1  0  -90.0308
964  2  0  -90.0308
206  2  0  -90.0308
459  1  0  -90.0308
712  1  0  -90.0308
965  2  0  -90.0308
207  2  0  -90.0308
460  1  0  -90.0308
713  1  0  -90.0308
966  2  0  -90.0308
208  2  0  -90.0308
461  1  0  -90.0308
714  1  0  -90.0308
967  2  0  -90.0308
209  2  0  -90.0308
462  1  0  -90.0308
715  1  0  -90.0308
968  2  0  -90.0308
210  2  0  -90.0308
463  1  0  -90.0308
716  1  0  -90.0308
969  2  0  -90.0308
211  2  0  -90.0308
464  1  0  -90.0308
717  1  0  -90.0308
970  2  0  -90.0308
212  2  0  -90.0308
465  1  0  -90.0308
718  1  0  -90.0308
971  2  0  -90.0308
213  2  0  -90.0308
466  1  0  -90.0308
719  1  0  -90.0308
972  2  0  -90.0308
214  2  0  -90.0308
467  1  0  -90.0308
720  1  0  -90.0308
973  2  0  -90.0308
215  2  0  -90.0308
468  1  0  -90.0308
721  1  0  -90.0308
974  2  0  -90.0308
216  2  0  -90.0308
469  1  0  -90.0308
722  1  0  -90.0308
975  2  0  -90.0308
217  2  0  -90.0308
470  1  0  -90.0308
723  1  0  -90.0308
976  2  0  -90.0308
218  2  0  -90.0308
471  1  0  -90.0308
724  1  0  -90.0308
977  2  0  -90.0308
219  2  0  -90.0308
472  1  0  -90.0308
725  1  0  -90.0308
978  2  0  -90.0308
220  2  0  -90.0308
473  1  0  -90.0308
726  1  0  -90.0308
979  2  0  -90.0308
221  2  0  -90.0308
474  1  0  -90.0308
727  1  0  -90.0308
980  2  0  -90.0308
222  2  0  -90.0308
475  1  0  -90.0308
728  1  0  -90.0308
981  2  0  -90.0308
223  2  0  -90.0308
476  1  0  -90.0308
729  1  0  -90.0308
982  2  0  -90.0308
224  2  0  -90.0308
477  1  0  -90.0308
730  1  0  -90.0308
983  2  0  -90.0308
225  2  0  -90.0044
478  1  0  -90.0044
731  1  0  -90.0044
984  2  0  89.9956
226  2  0  -90.0044
479  1  0  -90.0044
732  1  0  -90.0044
985  2  0  -90.0044
227  2  0  -90.0044
480  1  0  -90.0044
733  1  0  -90.0044
986  2  0  -90.0044
228  2  0  -90.0044
481  1  0  -90.0044
734  1  0  -90.0044
987  2  0  -90.0044
229  2  0  -90.0044
482  1  0  -90.0044
735  1  0  -90.0044
988  2  0  -90.0044
230  2  0  -90.0044
483  1  0  -90.0044
736  1  0  -90.0044
989  2  0  -90.0044
231  2  0  -90.0044
484  1  0  -90.0044
737  1  0  -90.0044
990  2  0  -90.0044
232  2  0  -90.0044
485  1  0  -90.0044
738  1  0  -90.0044
991  2  0  -90.0044
233  2  0  -90.0044
486  1  0  -90.0044
739  1  0  -90.0044
992  2  0  -90.0044
234  2  0  -90.0044
487  1  0  -90.0044
740  1  0  -90.0044
993  2  0  -90.0044
235  2  0  -90.0044
488  1  0  -90.0044
741  1  0  -90.0044
994  2  0  -90.0044
236  2  0  -90.0044
489  1  0  -90.0044
742  1  0  -90.0044
995  2  0  -90.0044
237  2  0  -90.0044
490  1  0  -90.0044
743  1  0  -90.0044
996  2  0  -90.0044
238  2  0  -90.0044
491  1  0  -90.0044
744  1  0  -90.0044
997  2  0  -90.0044
239  2  0  -90.0044
492  1  0  -90.0044
745  1  0  -90.0044
998  2  0  -90.0044
240  2  0  -90.0044
493  1  0  -90.0044
746  1  0  -90.0044
999  2  0  -90.0044
241  2  0  -90.0044
494  1  0  -90.0044
747  1  0  -90.0044
1000  2  0  -90.0044
242  2  0  -90.0044
495  1  0  -90.0044
748  1  0  -90.0044
1001  2  0  -90.0044
243  2  0  -90.0044
496  1  0  -90.0044
749  1  0  -90.0044
1002  2  0  -90.0044
244  2  0  -90.0044
497  1  0  -90.0044
750  1  0  -90.0044
1003  2  0  -90.0044
245  2  0  -90.0044
498  1  0  -90.0044
751  1  0  -90.0044
1004  2  0  -90.0044
246  2  0  -90.0044
499  1  0  -90.0044
752  1  0  -90.0044
1005  2  0  -90.0044
247  2  0  -90.0044
500  1  0  -90.0044
753  1  0  -90.0044
1006  2  0  -90.0044
248  2  0  -90.0044
501  1  0  -90.0044
754  1  0  -90.0044
1007  2  0  -90.0044
249  2  0  -90.0044
502  1  0  -90.0044
755  1  0  -90.0044
1008  2  0  -90.0044
250  2  0  -90.0044
503  1  0  -90.0044
756  1  0  -90.0044
1009  2  0  -90.0044
251  2  0  -90.0044
504  1  0  -90.0044
757  1  0  -90.0044
1010  2  0  -90.0044
252  2  0  -90.0044
505  1  0  -90.0044
758  1  0  -90.0044
1011  2  0  -90.0044
253  2  0  -90.0044
506  1  0  -90.0044
759  1  0  -90.0044
1012  2  0  89.9956
