1  -1.12550000e+00  -2.15927200e-03
2  -1.10893344e+00  -1.57631602e-03
3  -1.09235824e+00  -1.36341360e-03
4  -1.07578188e+00  -1.48427175e-03
5  -1.05920998e+00  -1.88604880e-03
6  -1.04264542e+00  -2.52460584e-03
7  -1.02609120e+00  -3.39138082e-03
8  -1.00954758e+00  -4.44131999e-03
9  -9.93017636e-01  -5.68733931e-03
10  -9.76500694e-01  -7.09664681e-03
11  -9.59997750e-01  -8.66131776e-03
12  -9.43510712e-01  -1.03856562e-02
13  -9.27037500e-01  -1.22373481e-02
14  -9.04904838e-01  -1.48903089e-02
15  -8.88661114e-01  -1.69625934e-02
16  -8.72431195e-01  -1.91403577e-02
17  -8.56211265e-01  -2.13914226e-02
18  -8.40002185e-01  -2.37192397e-02
19  -8.23804104e-01  -2.61224283e-02
20  -8.07614514e-01  -2.85822780e-02
21  -7.91433535e-01  -3.10980016e-02
22  -7.75262233e-01  -3.36753039e-02
23  -7.59098559e-01  -3.63001586e-02
24  -7.42937606e-01  -3.89417050e-02
25  -7.26782647e-01  -4.16196552e-02
26  -7.10632618e-01  -4.43271641e-02
27  -6.94484263e-01  -4.70446717e-02
28  -6.78336287e-01  -4.97644346e-02
29  -6.62189768e-01  -5.24928319e-02
30  -6.46045886e-01  -5.52367932e-02
31  -6.29898878e-01  -5.79622658e-02
32  -6.13748346e-01  -6.06667818e-02
33  -5.97594367e-01  -6.33506615e-02
34  -5.81436203e-01  -6.60092217e-02
35  -5.65272783e-01  -6.86355995e-02
36  -5.49103937e-01  -7.12283090e-02
37  -5.32929373e-01  -7.37851919e-02
38  -5.16747996e-01  -7.62986112e-02
39  -5.00558873e-01  -7.87614720e-02
40  -4.84362053e-01  -8.11731737e-02
41  -4.68155974e-01  -8.35220280e-02
42  -4.51939302e-01  -8.57965908e-02
43  -4.35715129e-01  -8.80167075e-02
44  -4.19483092e-01  -9.01785167e-02
45  -4.03237370e-01  -9.22353892e-02
46  -3.86982203e-01  -9.42159047e-02
47  -3.70719256e-01  -9.61313816e-02
48  -3.54447560e-01  -9.79713932e-02
49  -3.38165448e-01  -9.97168365e-02
50  -3.16000000e-01  -1.01971746e-01
51  -2.99620393e-01  -1.03513618e-01
52  -2.83232257e-01  -1.04963102e-01
53  -2.66835231e-01  -1.06308800e-01
54  -2.50428726e-01  -1.07532728e-01
55  -2.34016195e-01  -1.08672557e-01
56  -2.17597680e-01  -1.09723205e-01
57  -2.01170457e-01  -1.10628457e-01
58  -1.84737785e-01  -1.11426611e-01
59  -1.68300623e-01  -1.12124359e-01
60  -1.51858854e-01  -1.12708761e-01
61  -1.35413261e-01  -1.13172806e-01
62  -1.18964950e-01  -1.13522096e-01
63  -1.02514797e-01  -1.13774088e-01
64  -8.60634744e-02  -1.13936736e-01
65  -6.96113410e-02  -1.13961089e-01
66  -5.31594410e-02  -1.13886996e-01
67  -3.67081549e-02  -1.13725362e-01
68  -2.02580355e-02  -1.13472146e-01
69  -3.81041698e-03  -1.13086167e-01
70  1.26330384e-02  -1.12552982e-01
71  2.90725643e-02  -1.11911460e-01
72  4.55073074e-02  -1.11157577e-01
73  6.19361244e-02  -1.10282920e-01
74  7.83582851e-02  -1.09290285e-01
75  9.47700300e-02  -1.08137915e-01
76  1.11171277e-01  -1.06845533e-01
77  1.27561686e-01  -1.05422719e-01
78  1.43938665e-01  -1.03853571e-01
79  1.60300000e-01  -1.02128796e-01
80  1.78271105e-01  -1.00052847e-01
81  1.95225254e-01  -9.79041853e-02
82  2.12152003e-01  -9.55490916e-02
83  2.29050440e-01  -9.29984344e-02
84  2.45916740e-01  -9.02438002e-02
85  2.63737500e-01  -8.70713293e-02
86  2.79486773e-01  -8.40349863e-02
87  2.95191444e-01  -8.07759285e-02
88  3.10841568e-01  -7.72638990e-02
89  3.26423771e-01  -7.34622639e-02
90  3.41927615e-01  -6.93539879e-02
91  3.57339018e-01  -6.49113000e-02
92  3.72628888e-01  -6.00678132e-02
93  3.87759234e-01  -5.47472547e-02
94  4.02678539e-01  -4.88634874e-02
95  4.17281637e-01  -4.22354948e-02
96  4.31422806e-01  -3.46758851e-02
97  4.44751589e-01  -2.57720988e-02
98  4.56279611e-01  -1.46858395e-02
99  4.62200000e-01  0.00000000e+00
100  4.57776374e-01  1.55312142e-02
101  4.48438306e-01  2.87829395e-02
102  4.36980560e-01  4.02919656e-02
103  4.24389395e-01  5.05593421e-02
104  4.11115031e-01  5.99317418e-02
105  3.97405152e-01  6.86555917e-02
106  3.83346733e-01  7.68068273e-02
107  3.69007674e-01  8.44543698e-02
108  3.54424296e-01  9.16256556e-02
109  3.39668366e-01  9.84352849e-02
110  3.24745955e-01  1.04871577e-01
111  3.09663954e-01  1.10925785e-01
112  2.94459155e-01  1.16664505e-01
113  2.79147008e-01  1.22109828e-01
114  2.63737500e-01  1.27273299e-01
115  2.46037535e-01  1.32837548e-01
116  2.29239473e-01  1.37776543e-01
117  2.12360695e-01  1.42432972e-01
118  1.95407753e-01  1.46810990e-01
119  1.78384450e-01  1.50907213e-01
120  1.60300000e-01  1.54929084e-01
121  1.44119886e-01  1.58279686e-01
122  1.27896032e-01  1.61410442e-01
123  1.11630420e-01  1.64318199e-01
124  9.53343358e-02  1.67050139e-01
125  7.89981561e-02  1.69532036e-01
126  6.26308792e-02  1.71799177e-01
127  4.62369573e-02  1.73863454e-01
128  2.98205238e-02  1.75739998e-01
129  1.33838116e-02  1.77428732e-01
130  -3.07285928e-03  1.78913662e-01
131  -1.95482510e-02  1.80175062e-01
132  -3.60385774e-02  1.81219181e-01
133  -5.25387111e-02  1.82095275e-01
134  -6.90468642e-02  1.82803061e-01
135  -8.55628368e-02  1.83306182e-01
136  -1.02083715e-01  1.83603110e-01
137  -1.18606681e-01  1.83692444e-01
138  -1.35128895e-01  1.83545532e-01
139  -1.51646754e-01  1.83112228e-01
140  -1.68151278e-01  1.82318074e-01
141  -1.84642194e-01  1.81291231e-01
142  -2.01120075e-01  1.80067343e-01
143  -2.17582641e-01  1.78648164e-01
144  -2.34024684e-01  1.77009387e-01
145  -2.50450832e-01  1.75219611e-01
146  -2.66862854e-01  1.73302879e-01
147  -2.83259108e-01  1.71255074e-01
148  -2.99636115e-01  1.69059278e-01
149  -3.16000000e-01  1.66767936e-01
150  -3.38218019e-01  1.63482972e-01
151  -3.54545754e-01  1.60951770e-01
152  -3.70859336e-01  1.58330898e-01
153  -3.87161131e-01  1.55637894e-01
154  -4.03452851e-01  1.52884519e-01
155  -4.19732976e-01  1.50063195e-01
156  -4.35999889e-01  1.47166804e-01
157  -4.52259203e-01  1.44228062e-01
158  -4.68510789e-01  1.41246766e-01
159  -4.84747471e-01  1.38185318e-01
160  -5.00973920e-01  1.35070181e-01
161  -5.17193734e-01  1.31920621e-01
162  -5.33408603e-01  1.28745659e-01
163  -5.49612474e-01  1.25515038e-01
164  -5.65812450e-01  1.22264959e-01
165  -5.82005671e-01  1.18981484e-01
166  -5.98188521e-01  1.15647156e-01
167  -6.14370115e-01  1.12306741e-01
168  -6.30542390e-01  1.08921596e-01
169  -6.46710851e-01  1.05518182e-01
170  -6.62879749e-01  1.02116854e-01
171  -6.79040863e-01  9.86787187e-02
172  -6.95194650e-01  9.52063459e-02
173  -7.11349248e-01  9.17377352e-02
174  -7.27502468e-01  8.82627583e-02
175  -7.43649255e-01  8.47579585e-02
176  -7.59794350e-01  8.12453753e-02
177  -7.75934141e-01  7.77085058e-02
178  -7.92075180e-01  7.41773325e-02
179  -8.08215881e-01  7.06446114e-02
180  -8.24353800e-01  6.70992158e-02
181  -8.40488041e-01  6.35371110e-02
182  -8.56619824e-01  5.99638862e-02
183  -8.72753528e-01  5.63993927e-02
184  -8.88892223e-01  5.28575305e-02
185  -9.05026494e-01  4.92955586e-02
186  -9.27037500e-01  4.44515018e-02
187  -9.43556868e-01  4.08376010e-02
188  -9.60078559e-01  3.72343283e-02
189  -9.76602294e-01  3.36404446e-02
190  -9.93126053e-01  3.00466871e-02
191  -1.00965731e+00  2.64876054e-02
192  -1.02619050e+00  2.29374591e-02
193  -1.04272635e+00  1.93997393e-02
194  -1.05927061e+00  1.59016093e-02
195  -1.07582306e+00  1.24423770e-02
196  -1.09237962e+00  9.00290220e-03
197  -1.10894388e+00  5.60081413e-03
198  -2.99635132e-01  1.52023472e-01
199  -2.99634149e-01  1.34987666e-01
200  -2.99633167e-01  1.17951860e-01
201  -2.99632184e-01  1.00916054e-01
202  -2.99631202e-01  8.38802481e-02
203  -2.99630219e-01  6.68444422e-02
204  -2.99629236e-01  4.98086362e-02
205  -2.99628254e-01  3.27728302e-02
206  -2.99627271e-01  1.57370243e-02
207  -2.99626289e-01  -1.29878171e-03
208  -2.99625306e-01  -1.83345877e-02
209  -2.99624323e-01  -3.53703936e-02
210  -2.99623341e-01  -5.24061996e-02
211  -2.99622358e-01  -6.94420056e-02
212  -2.99621376e-01  -8.64778115e-02
213  1.44108559e-01  1.41896358e-01
214  1.44097233e-01  1.25513029e-01
215  1.44085907e-01  1.09129700e-01
216  1.44074581e-01  9.27463719e-02
217  1.44063254e-01  7.63630433e-02
218  1.44051928e-01  5.99797147e-02
219  1.44040602e-01  4.35963861e-02
220  1.44029275e-01  2.72130575e-02
221  1.44017949e-01  1.08297290e-02
222  1.44006623e-01  -5.55359964e-03
223  1.43995297e-01  -2.19369282e-02
224  1.43983970e-01  -3.83202568e-02
225  1.43972644e-01  -5.47035854e-02
226  1.43961318e-01  -7.10869140e-02
227  1.43949992e-01  -8.74702426e-02
2455  -1.12307221e+00  -1.57353176e-03
2456  -1.10894544e+00  -1.07646012e-03
2457  -1.09235963e+00  -8.63415527e-04
2458  -1.07577400e+00  -9.84333885e-04
2459  -1.05919429e+00  -1.38629504e-03
2460  -1.04262272e+00  -2.02512152e-03
2461  -1.02606229e+00  -2.89221713e-03
2462  -1.00951295e+00  -3.94252043e-03
2463  -9.92977590e-01  -5.18894558e-03
2464  -9.76455842e-01  -6.59866254e-03
2465  -9.59948147e-01  -8.16378427e-03
2466  -9.43456781e-01  -9.88857328e-03
2467  -9.26979820e-01  -1.17406862e-02
2468  -9.04843447e-01  -1.43940921e-02
2469  -8.88596229e-01  -1.64668214e-02
2470  -8.72363581e-01  -1.86449505e-02
2471  -8.56141360e-01  -2.08963334e-02
2472  -8.39929957e-01  -2.32244840e-02
2473  -8.23729861e-01  -2.56279711e-02
2474  -8.07538553e-01  -2.80880818e-02
2475  -7.91355781e-01  -3.06040844e-02
2476  -7.75182813e-01  -3.31816518e-02
2477  -7.59018158e-01  -3.58066653e-02
2478  -7.42856394e-01  -3.84483444e-02
2479  -7.26700428e-01  -4.11264614e-02
2480  -7.10549795e-01  -4.38340714e-02
2481  -6.94401253e-01  -4.65516104e-02
2482  -6.78253111e-01  -4.92714014e-02
2483  -6.62106223e-01  -5.19998611e-02
2484  -6.45962385e-01  -5.47438149e-02
2485  -6.29815979e-01  -5.74691859e-02
2486  -6.13666082e-01  -6.01735955e-02
2487  -5.97512805e-01  -6.28573587e-02
2488  -5.81355519e-01  -6.55157746e-02
2489  -5.65193104e-01  -6.81419890e-02
2490  -5.49025319e-01  -7.07345284e-02
2491  -5.32851966e-01  -7.32912201e-02
2492  -5.16672024e-01  -7.58044166e-02
2493  -5.00484454e-01  -7.82670412e-02
2494  -4.84289374e-01  -8.06784841e-02
2495  -4.68085389e-01  -8.30270353e-02
2496  -4.51870682e-01  -8.53013218e-02
2497  -4.35648231e-01  -8.75212031e-02
2498  -4.19418686e-01  -8.96826822e-02
2499  -4.03175732e-01  -9.17392030e-02
2500  -3.86922723e-01  -9.37194551e-02
2501  -3.70661921e-01  -9.56346797e-02
2502  -3.54392821e-01  -9.74743986e-02
2503  -3.38113498e-01  -9.92195426e-02
2504  -3.15951268e-01  -1.01474127e-01
2505  -2.98904418e-01  -1.03076900e-01
2506  -2.83189782e-01  -1.04464909e-01
2507  -2.66796184e-01  -1.05810327e-01
2508  -2.50392807e-01  -1.07034020e-01
2509  -2.33982909e-01  -1.08173666e-01
2510  -2.17567959e-01  -1.09224089e-01
2511  -2.01144573e-01  -1.10129127e-01
2512  -1.84715054e-01  -1.10927128e-01
2513  -1.68281140e-01  -1.11624739e-01
2514  -1.51842922e-01  -1.12209015e-01
2515  -1.35400902e-01  -1.12672959e-01
2516  -1.18955813e-01  -1.13022179e-01
2517  -1.02508496e-01  -1.13274128e-01
2518  -8.60606328e-02  -1.13436744e-01
2519  -6.96120968e-02  -1.13461090e-01
2520  -5.31630230e-02  -1.13387009e-01
2521  -3.67144588e-02  -1.13225402e-01
2522  -2.02677485e-02  -1.12972240e-01
2523  -3.82438438e-03  -1.12586362e-01
2524  1.26151879e-02  -1.12053301e-01
2525  2.90513600e-02  -1.11411910e-01
2526  4.54825605e-02  -1.10658190e-01
2527  6.19077496e-02  -1.09783726e-01
2528  7.83256901e-02  -1.08791349e-01
2529  9.47328802e-02  -1.07639297e-01
2530  1.11130017e-01  -1.06347238e-01
2531  1.27516221e-01  -1.04924790e-01
2532  1.44655062e-01  -1.03278967e-01
2533  1.60245102e-01  -1.01631819e-01
2534  1.78210984e-01  -9.95564747e-02
2535  1.95159369e-01  -9.74085451e-02
2536  2.12080238e-01  -9.50542687e-02
2537  2.28972830e-01  -9.25044945e-02
2538  2.45832625e-01  -8.97509263e-02
2539  2.63646355e-01  -8.65797070e-02
2540  2.79388646e-01  -8.35447098e-02
2541  2.95085902e-01  -8.02871946e-02
2542  3.10727567e-01  -7.67770687e-02
2543  3.26300474e-01  -7.29777045e-02
2544  3.41794323e-01  -6.88720821e-02
2545  3.57194260e-01  -6.44327133e-02
2546  3.72470438e-01  -5.95935838e-02
2547  3.87584551e-01  -5.42787615e-02
2548  4.02483434e-01  -4.84031244e-02
2549  4.17060335e-01  -4.17871362e-02
2550  4.31165768e-01  -3.42470130e-02
2551  4.44438205e-01  -2.53824962e-02
2552  4.55865276e-01  -1.44059709e-02
2553  4.61700699e-01  2.64208417e-05
2554  4.57318754e-01  1.53126013e-02
2555  4.48055405e-01  2.84614013e-02
2556  4.36644948e-01  3.99213383e-02
2557  4.24087028e-01  5.01611283e-02
2558  4.10836544e-01  5.95164766e-02
2559  3.97145486e-01  6.82283056e-02
2560  3.83103648e-01  7.63698951e-02
2561  3.68779676e-01  8.40093787e-02
2562  3.54209206e-01  9.11742840e-02
2563  3.39464583e-01  9.79786968e-02
2564  3.24553796e-01  1.04409977e-01
2565  3.09482534e-01  1.10459859e-01
2566  2.94287102e-01  1.16195039e-01
2567  2.78983805e-01  1.21637213e-01
2568  2.63583089e-01  1.26797739e-01
2569  2.45892034e-01  1.32359187e-01
2570  2.29102463e-01  1.37295681e-01
2571  2.12231695e-01  1.41949900e-01
2572  1.95286752e-01  1.46325852e-01
2573  1.78271687e-01  1.50420095e-01
2574  1.60195030e-01  1.54440227e-01
2575  1.44835435e-01  1.57626660e-01
2576  1.27804666e-01  1.60918861e-01
2577  1.11545090e-01  1.63825534e-01
2578  9.52554486e-02  1.66556401e-01
2579  7.89263022e-02  1.69037226e-01
2580  6.25653436e-02  1.71303491e-01
2581  4.61773313e-02  1.73367022e-01
2582  2.97665797e-02  1.75242916e-01
2583  1.33357929e-02  1.76931043e-01
2584  -3.11441195e-03  1.78415392e-01
2585  -1.95831342e-02  1.79676280e-01
2586  -3.60676308e-02  1.80720026e-01
2587  -5.25626757e-02  1.81595850e-01
2588  -6.90651856e-02  1.82303397e-01
2589  -8.55749417e-02  1.82806329e-01
2590  -1.02089559e-01  1.83103144e-01
2591  -1.18605810e-01  1.83192445e-01
2592  -1.35120116e-01  1.83045609e-01
2593  -1.51628182e-01  1.82612573e-01
2594  -1.68123725e-01  1.81818834e-01
2595  -1.84608139e-01  1.80792392e-01
2596  -2.01080085e-01  1.79568945e-01
2597  -2.17536373e-01  1.78150309e-01
2598  -2.33972809e-01  1.76512085e-01
2599  -2.50394752e-01  1.74722766e-01
2600  -2.66802871e-01  1.72806490e-01
2601  -2.83194902e-01  1.70759214e-01
2602  -2.98920092e-01  1.68652735e-01
2603  -3.15928766e-01  1.66273036e-01
2604  -3.38143155e-01  1.62988608e-01
2605  -3.54467800e-01  1.60457884e-01
2606  -3.70778933e-01  1.57837405e-01
2607  -3.87078724e-01  1.55144732e-01
2608  -4.03368502e-01  1.52391685e-01
2609  -4.19646463e-01  1.49570736e-01
2610  -4.35911600e-01  1.46674661e-01
2611  -4.52169629e-01  1.43736151e-01
2612  -4.68419358e-01  1.40755197e-01
2613  -4.84654015e-01  1.37694130e-01
2614  -5.00879131e-01  1.34579248e-01
2615  -5.17098040e-01  1.31429864e-01
2616  -5.33311682e-01  1.28255143e-01
2617  -5.49514417e-01  1.25024747e-01
2618  -5.65713593e-01  1.21774829e-01
2619  -5.81905539e-01  1.18491613e-01
2620  -5.98087528e-01  1.15157462e-01
2621  -6.14268353e-01  1.11817206e-01
2622  -6.30439675e-01  1.08432260e-01
2623  -6.46607891e-01  1.05028898e-01
2624  -6.62776264e-01  1.01627680e-01
2625  -6.78936303e-01  9.81897738e-02
2626  -6.95089629e-01  9.47174998e-02
2627  -7.11244187e-01  9.12488976e-02
2628  -7.27396860e-01  8.77740387e-02
2629  -7.43543078e-01  8.42693622e-02
2630  -7.59687687e-01  8.07568847e-02
2631  -7.75827197e-01  7.72200767e-02
2632  -7.91968299e-01  7.36888896e-02
2633  -8.08108785e-01  7.01562157e-02
2634  -8.24246259e-01  6.66109178e-02
2635  -8.40380079e-01  6.30489059e-02
2636  -8.56511826e-01  5.94756891e-02
2637  -8.72646004e-01  5.59110909e-02
2638  -8.88784738e-01  5.23692203e-02
2639  -9.04918866e-01  4.88072797e-02
2640  -9.26930339e-01  4.39631203e-02
2641  -9.43450169e-01  4.03491184e-02
2642  -9.59972155e-01  3.67457812e-02
2643  -9.76496031e-01  3.31518669e-02
2644  -9.93020305e-01  2.95579978e-02
2645  -1.00955221e+00  2.59987770e-02
2646  -1.02608571e+00  2.24485629e-02
2647  -1.04262233e+00  1.89106789e-02
2648  -1.05916775e+00  1.54123035e-02
2649  -1.07572107e+00  1.19528897e-02
2650  -1.09227847e+00  8.51323969e-03
2651  -1.10878639e+00  5.12626546e-03
2652  -2.98919132e-01  1.52023513e-01
2653  -2.98918149e-01  1.34987707e-01
2654  -2.98917167e-01  1.17951901e-01
2655  -2.98916184e-01  1.00916095e-01
2656  -2.98915202e-01  8.38802894e-02
2657  -2.98914219e-01  6.68444835e-02
2658  -2.98913236e-01  4.98086775e-02
2659  -2.98912254e-01  3.27728715e-02
2660  -2.98911271e-01  1.57370656e-02
2661  -2.98910289e-01  -1.29874042e-03
2662  -2.98909306e-01  -1.83345464e-02
2663  -2.98908323e-01  -3.53703523e-02
2664  -2.98907341e-01  -5.24061583e-02
2665  -2.98906358e-01  -6.94419643e-02
2666  -2.98905376e-01  -8.64777702e-02
2667  1.44824559e-01  1.41895863e-01
2668  1.44813233e-01  1.25512534e-01
2669  1.44801907e-01  1.09129205e-01
2670  1.44790581e-01  9.27458769e-02
2671  1.44779254e-01  7.63625483e-02
2672  1.44767928e-01  5.99792197e-02
2673  1.44756602e-01  4.35958911e-02
2674  1.44745275e-01  2.72125625e-02
2675  1.44733949e-01  1.08292340e-02
2676  1.44722623e-01  -5.55409462e-03
2677  1.44711297e-01  -2.19374232e-02
2678  1.44699970e-01  -3.83207518e-02
2679  1.44688644e-01  -5.47040804e-02
2680  1.44677318e-01  -7.10874090e-02
2681  1.44665992e-01  -8.74707376e-02
4909  -1.11854681e+00  -4.81711953e-04
4910  -1.10896782e+00  -1.44728728e-04
4911  -1.09236222e+00  6.85808803e-05
4912  -1.07575931e+00  -5.24497042e-05
4913  -1.05916504e+00  -4.54754021e-04
4914  -1.04258040e+00  -1.09408276e-03
4915  -1.02600841e+00  -1.96177600e-03
4916  -1.00944841e+00  -3.01275805e-03
4917  -9.92902944e-01  -4.25993966e-03
4918  -9.76372239e-01  -5.67041986e-03
4919  -9.59855688e-01  -7.23638185e-03
4920  -9.43356253e-01  -8.96201071e-03
4921  -9.26872305e-01  -1.08149084e-02
4922  -9.04729013e-01  -1.34691440e-02
4923  -8.88475283e-01  -1.55427023e-02
4924  -8.72237548e-01  -1.77215114e-02
4925  -8.56011057e-01  -1.99734873e-02
4926  -8.39795325e-01  -2.23022595e-02
4927  -8.23591471e-01  -2.47063028e-02
4928  -8.07396961e-01  -2.71669001e-02
4929  -7.91210846e-01  -2.96834226e-02
4930  -7.75034773e-01  -3.22614843e-02
4931  -7.58868290e-01  -3.48867937e-02
4932  -7.42705016e-01  -3.75287203e-02
4933  -7.26547173e-01  -4.02071483e-02
4934  -7.10395414e-01  -4.29149466e-02
4935  -6.94246523e-01  -4.56325443e-02
4936  -6.78098071e-01  -4.83523874e-02
4937  -6.61950494e-01  -5.10809636e-02
4938  -6.45806740e-01  -5.38249033e-02
4939  -6.29661457e-01  -5.65500848e-02
4940  -6.13512743e-01  -5.92542963e-02
4941  -5.97360774e-01  -6.19378423e-02
4942  -5.81205124e-01  -6.45959891e-02
4943  -5.65044583e-01  -6.72218991e-02
4944  -5.48878776e-01  -6.98141215e-02
4945  -5.32707678e-01  -7.23704568e-02
4946  -5.16530412e-01  -7.48832380e-02
4947  -5.00345737e-01  -7.73454223e-02
4948  -4.84153901e-01  -7.97563826e-02
4949  -4.67953819e-01  -8.21043689e-02
4950  -4.51742776e-01  -8.43781404e-02
4951  -4.35523532e-01  -8.65975829e-02
4952  -4.19298633e-01  -8.87584467e-02
4953  -4.03060838e-01  -9.08143120e-02
4954  -3.86811853e-01  -9.27940731e-02
4955  -3.70555050e-01  -9.47088274e-02
4956  -3.54290788e-01  -9.65480005e-02
4957  -3.38016664e-01  -9.82925867e-02
4958  -3.15860431e-01  -1.00546564e-01
4959  -2.97824467e-01  -1.02239613e-01
4960  -2.83110610e-01  -1.03536278e-01
4961  -2.66723400e-01  -1.04881173e-01
4962  -2.50325854e-01  -1.06104428e-01
4963  -2.33920864e-01  -1.07243734e-01
4964  -2.17512558e-01  -1.08293737e-01
4965  -2.01096324e-01  -1.09198377e-01
4966  -1.84672682e-01  -1.09996092e-01
4967  -1.68244823e-01  -1.10693447e-01
4968  -1.51813225e-01  -1.11277488e-01
4969  -1.35377864e-01  -1.11741244e-01
4970  -1.18938782e-01  -1.12090335e-01
4971  -1.02496752e-01  -1.12342202e-01
4972  -8.60553360e-02  -1.12504759e-01
4973  -6.96135057e-02  -1.12529091e-01
4974  -5.31697000e-02  -1.12455033e-01
4975  -3.67262094e-02  -1.12293476e-01
4976  -2.02858536e-02  -1.12040416e-01
4977  -3.85041961e-03  -1.11654726e-01
4978  1.25819144e-02  -1.11121895e-01
4979  2.90118353e-02  -1.10480748e-01
4980  4.54364322e-02  -1.09727332e-01
4981  6.18548589e-02  -1.08853228e-01
4982  7.82649330e-02  -1.07861331e-01
4983  9.46636329e-02  -1.06709873e-01
4984  1.11053110e-01  -1.05418417e-01
4985  1.27431473e-01  -1.03996651e-01
4986  1.45735785e-01  -1.02233526e-01
4987  1.60142772e-01  -1.00705454e-01
4988  1.78098918e-01  -9.86312368e-02
4989  1.95036559e-01  -9.64846719e-02
4990  2.11946467e-01  -9.41319187e-02
4991  2.28828164e-01  -9.15837905e-02
4992  2.45675834e-01  -8.88322094e-02
4993  2.63476460e-01  -8.56633229e-02
4994  2.79205737e-01  -8.26308344e-02
4995  2.94889171e-01  -7.93761947e-02
4996  3.10515069e-01  -7.58696169e-02
4997  3.26070648e-01  -7.20744858e-02
4998  3.41545866e-01  -6.79738097e-02
4999  3.56924432e-01  -6.35406276e-02
5000  3.72175087e-01  -5.87096202e-02
5001  3.87258942e-01  -5.34054901e-02
5002  4.02119759e-01  -4.75450076e-02
5003  4.16647828e-01  -4.09513958e-02
5004  4.30686648e-01  -3.34475955e-02
5005  4.43854056e-01  -2.46562770e-02
5006  4.55092955e-01  -1.38842959e-02
5007  4.60770001e-01  7.56692906e-05
5008  4.56465751e-01  1.49051069e-02
5009  4.47341677e-01  2.78620541e-02
5010  4.36019367e-01  3.92304891e-02
5011  4.23523416e-01  4.94188577e-02
5012  4.10317445e-01  5.87424221e-02
5013  3.96661467e-01  6.74318445e-02
5014  3.82650538e-01  7.55554535e-02
5015  3.68354689e-01  8.31799154e-02
5016  3.53808278e-01  9.03329273e-02
5017  3.39084733e-01  9.71276167e-02
5018  3.24195611e-01  1.03549554e-01
5019  3.09144367e-01  1.09591374e-01
5020  2.93966396e-01  1.15319956e-01
5021  2.78679594e-01  1.20756259e-01
5022  2.63295267e-01  1.25911295e-01
5023  2.45620821e-01  1.31467521e-01
5024  2.28847075e-01  1.36399355e-01
5025  2.11991239e-01  1.41049452e-01
5026  1.95061205e-01  1.45421555e-01
5027  1.78061495e-01  1.49512106e-01
5028  1.59999365e-01  1.53528997e-01
5029  1.45914629e-01  1.56460342e-01
5030  1.27634361e-01  1.60002553e-01
5031  1.11386036e-01  1.62907206e-01
5032  9.51084029e-02  1.65636075e-01
5033  7.87923665e-02  1.68114900e-01
5034  6.24431852e-02  1.70379531e-01
5035  4.60661885e-02  1.72441673e-01
5036  2.96660279e-02  1.74316357e-01
5037  1.32462860e-02  1.76003351e-01
5038  -3.19186613e-03  1.77486616e-01
5039  -1.96481565e-02  1.78746551e-01
5040  -3.61217863e-02  1.79789601e-01
5041  -5.26073457e-02  1.80664921e-01
5042  -6.90993367e-02  1.81372023e-01
5043  -8.55975052e-02  1.81874602e-01
5044  -1.02100453e-01  1.82171208e-01
5045  -1.18604186e-01  1.82260446e-01
5046  -1.35103752e-01  1.82113753e-01
5047  -1.51593563e-01  1.81681216e-01
5048  -1.68072367e-01  1.80888250e-01
5049  -1.84544661e-01  1.79862556e-01
5050  -2.01005543e-01  1.78639931e-01
5051  -2.17450131e-01  1.77222308e-01
5052  -2.33876115e-01  1.75585115e-01
5053  -2.50290219e-01  1.73796647e-01
5054  -2.66691062e-01  1.71881221e-01
5055  -2.83075223e-01  1.69834930e-01
5056  -2.97840046e-01  1.67860043e-01
5057  -3.15795987e-01  1.65350543e-01
5058  -3.38003607e-01  1.62067115e-01
5059  -3.54322492e-01  1.59537281e-01
5060  -3.70629063e-01  1.56917534e-01
5061  -3.86925116e-01  1.54225477e-01
5062  -4.03211276e-01  1.51473043e-01
5063  -4.19485203e-01  1.48652793e-01
5064  -4.35747028e-01  1.45757306e-01
5065  -4.52002663e-01  1.42819229e-01
5066  -4.68248931e-01  1.39838911e-01
5067  -4.84479814e-01  1.36778554e-01
5068  -5.00702445e-01  1.33664149e-01
5069  -5.16919666e-01  1.30515092e-01
5070  -5.33131022e-01  1.27340820e-01
5071  -5.49331639e-01  1.24110846e-01
5072  -5.65529324e-01  1.20861227e-01
5073  -5.81718894e-01  1.17578493e-01
5074  -5.97899277e-01  1.14244672e-01
5075  -6.14078668e-01  1.10904713e-01
5076  -6.30248214e-01  1.07520138e-01
5077  -6.46415974e-01  1.04116871e-01
5078  -6.62583367e-01  1.00715861e-01
5079  -6.78741402e-01  9.72783805e-02
5080  -6.94893869e-01  9.38062907e-02
5081  -7.11048354e-01  9.03377043e-02
5082  -7.27200005e-01  8.68630653e-02
5083  -7.43345163e-01  8.33586186e-02
5084  -7.59488868e-01  7.98463382e-02
5085  -7.75627854e-01  7.63096448e-02
5086  -7.91769072e-01  7.27784322e-02
5087  -8.07909157e-01  6.92458461e-02
5088  -8.24045803e-01  6.57007303e-02
5089  -8.40178838e-01  6.21388916e-02
5090  -8.56310517e-01  5.85656897e-02
5091  -8.72445580e-01  5.50008963e-02
5092  -8.88584385e-01  5.14590100e-02
5093  -9.04718249e-01  4.78971278e-02
5094  -9.26730591e-01  4.30527771e-02
5095  -9.43251281e-01  3.94385869e-02
5096  -9.59773819e-01  3.58351293e-02
5097  -9.76297957e-01  3.22411580e-02
5098  -9.92823189e-01  2.86470808e-02
5099  -1.00935629e+00  2.50876008e-02
5100  -1.02589039e+00  2.15372603e-02
5101  -1.04242844e+00  1.79990703e-02
5102  -1.05897602e+00  1.45002376e-02
5103  -1.07553096e+00  1.10404855e-02
5104  -1.09208994e+00  7.60050877e-03
5105  -1.10849282e+00  4.24170674e-03
5106  -2.97839132e-01  1.52023576e-01
5107  -2.97838149e-01  1.34987770e-01
5108  -2.97837167e-01  1.17951964e-01
5109  -2.97836184e-01  1.00916158e-01
5110  -2.97835202e-01  8.38803517e-02
5111  -2.97834219e-01  6.68445458e-02
5112  -2.97833236e-01  4.98087398e-02
5113  -2.97832254e-01  3.27729338e-02
5114  -2.97831271e-01  1.57371279e-02
5115  -2.97830289e-01  -1.29867813e-03
5116  -2.97829306e-01  -1.83344841e-02
5117  -2.97828323e-01  -3.53702900e-02
5118  -2.97827341e-01  -5.24060960e-02
5119  -2.97826358e-01  -6.94419020e-02
5120  -2.97825376e-01  -8.64777079e-02
5121  1.45904559e-01  1.41895116e-01
5122  1.45893233e-01  1.25511787e-01
5123  1.45881907e-01  1.09128458e-01
5124  1.45870581e-01  9.27451302e-02
5125  1.45859254e-01  7.63618016e-02
5126  1.45847928e-01  5.99784731e-02
5127  1.45836602e-01  4.35951444e-02
5128  1.45825275e-01  2.72118158e-02
5129  1.45813949e-01  1.08284874e-02
5130  1.45802623e-01  -5.55484124e-03
5131  1.45791297e-01  -2.19381699e-02
5132  1.45779970e-01  -3.83214985e-02
5133  1.45768644e-01  -5.47048270e-02
5134  1.45757318e-01  -7.10881556e-02
5135  1.45745992e-01  -8.74714843e-02
7363  -1.10805876e+00  2.04868588e-03
7364  -1.10901967e+00  2.01464875e-03
7365  -1.09236821e+00  2.22857255e-03
7366  -1.07572525e+00  2.10728187e-03
7367  -1.05909726e+00  1.70418224e-03
7368  -1.04248232e+00  1.06368949e-03
7369  -1.02588353e+00  1.94611165e-04
7370  -1.00929882e+00  -8.57943942e-04
7371  -9.92729945e-01  -2.10687874e-03
7372  -9.76178480e-01  -3.51912780e-03
7373  -9.59641404e-01  -5.08703718e-03
7374  -9.43123271e-01  -6.81461248e-03
7375  -9.26623129e-01  -8.66932892e-03
7376  -9.04463803e-01  -1.13254874e-02
7377  -8.88194979e-01  -1.34009670e-02
7378  -8.71945454e-01  -1.55813523e-02
7379  -8.55709066e-01  -1.78347021e-02
7380  -8.39483302e-01  -2.01649150e-02
7381  -8.23270741e-01  -2.25702476e-02
7382  -8.07068808e-01  -2.50319725e-02
7383  -7.90874947e-01  -2.75497001e-02
7384  -7.74691677e-01  -3.01289071e-02
7385  -7.58520958e-01  -3.27549025e-02
7386  -7.42354181e-01  -3.53974026e-02
7387  -7.26191988e-01  -3.80765513e-02
7388  -7.10037620e-01  -4.07847861e-02
7389  -6.93887922e-01  -4.35025197e-02
7390  -6.77738751e-01  -4.62224839e-02
7391  -6.61589578e-01  -4.89513299e-02
7392  -6.45446017e-01  -5.16952369e-02
7393  -6.29303335e-01  -5.44199795e-02
7394  -6.13157365e-01  -5.71237315e-02
7395  -5.97008426e-01  -5.98067742e-02
7396  -5.80856569e-01  -6.24642975e-02
7397  -5.64700371e-01  -6.50895019e-02
7398  -5.48539147e-01  -6.76809895e-02
7399  -5.32373279e-01  -7.02364987e-02
7400  -5.16202213e-01  -7.27483175e-02
7401  -5.00024246e-01  -7.52094813e-02
7402  -4.83839930e-01  -7.76193235e-02
7403  -4.67648892e-01  -7.99660005e-02
7404  -4.51446339e-01  -8.22385785e-02
7405  -4.35234532e-01  -8.44570038e-02
7406  -4.19020398e-01  -8.66164417e-02
7407  -4.02794561e-01  -8.86707876e-02
7408  -3.86554902e-01  -9.06494110e-02
7409  -3.70307365e-01  -9.25630753e-02
7410  -3.54054317e-01  -9.44009837e-02
7411  -3.37792242e-01  -9.61442770e-02
7412  -3.14486472e-01  -8.65166797e-02
7413  -2.96745278e-01  -8.81825128e-02
7414  -2.81913078e-01  -8.94902351e-02
7415  -2.65622500e-01  -9.08272263e-02
7416  -2.49313156e-01  -9.20438499e-02
7417  -2.32982403e-01  -9.31780058e-02
7418  -2.16674593e-01  -9.42216647e-02
7419  -2.00366537e-01  -9.51202800e-02
7420  -1.84031793e-01  -9.59136675e-02
7421  -1.67695512e-01  -9.66071530e-02
7422  -1.51364042e-01  -9.71876463e-02
7423  -1.35029408e-01  -9.76485508e-02
7424  -1.18681175e-01  -9.79956890e-02
7425  -1.02319109e-01  -9.82463210e-02
7426  -8.59752194e-02  -9.84079868e-02
7427  -6.96348158e-02  -9.84321067e-02
7428  -5.32706919e-02  -9.83583945e-02
7429  -3.69039427e-02  -9.81975963e-02
7430  -2.05597031e-02  -9.79460764e-02
7431  -4.24421646e-03  -9.75632272e-02
7432  1.20786361e-02  -9.70338815e-02
7433  2.84140021e-02  -9.63964306e-02
7434  4.47387175e-02  -9.56476089e-02
7435  6.10548586e-02  -9.47789459e-02
7436  7.73459496e-02  -9.37943172e-02
7437  9.36162302e-02  -9.26518378e-02
7438  1.09889839e-01  -9.13694948e-02
7439  1.26149620e-01  -8.99580524e-02
7440  1.46825657e-01  -8.79556970e-02
7441  1.58594975e-01  -8.66936825e-02
7442  1.77839195e-01  -9.64869085e-02
7443  1.94751936e-01  -9.43435064e-02
7444  2.11636440e-01  -9.19942837e-02
7445  2.28492887e-01  -8.94499702e-02
7446  2.45312457e-01  -8.67029943e-02
7447  2.63082712e-01  -8.35395144e-02
7448  2.78781827e-01  -8.05128399e-02
7449  2.94433228e-01  -7.72648643e-02
7450  3.10022585e-01  -7.37665098e-02
7451  3.25538004e-01  -6.99811893e-02
7452  3.40970044e-01  -6.58919766e-02
7453  3.56299080e-01  -6.14731330e-02
7454  3.71490582e-01  -5.66609492e-02
7455  3.86504312e-01  -5.13815995e-02
7456  4.01276906e-01  -4.55562393e-02
7457  4.15691803e-01  -3.90144867e-02
7458  4.29576242e-01  -3.15948682e-02
7459  4.42500235e-01  -2.29731939e-02
7460  4.53303028e-01  -1.26752636e-02
7461  4.58613018e-01  1.89807327e-04
7462  4.54488834e-01  1.39606992e-02
7463  4.45687545e-01  2.64730092e-02
7464  4.34569523e-01  3.76293792e-02
7465  4.22217191e-01  4.76985740e-02
7466  4.09114383e-01  5.69484762e-02
7467  3.95539709e-01  6.55859687e-02
7468  3.81600411e-01  7.36679065e-02
7469  3.67369739e-01  8.12575539e-02
7470  3.52879090e-01  8.83830020e-02
7471  3.38204392e-01  9.51551562e-02
7472  3.23365484e-01  1.01555440e-01
7473  3.08360633e-01  1.07578574e-01
7474  2.93223129e-01  1.13291865e-01
7475  2.77974556e-01  1.18714564e-01
7476  2.62628212e-01  1.23856876e-01
7477  2.44992259e-01  1.29401000e-01
7478  2.28255191e-01  1.34322031e-01
7479  2.11433959e-01  1.38962579e-01
7480  1.94538479e-01  1.43325760e-01
7481  1.77574357e-01  1.47407754e-01
7482  1.59545894e-01  1.51417135e-01
7483  1.46984542e-01  1.41870117e-01
7484  1.25058397e-01  1.46142906e-01
7485  1.08980248e-01  1.49017008e-01
7486  9.28842572e-02  1.51715637e-01
7487  7.67665170e-02  1.54164225e-01
7488  6.05954746e-02  1.56404146e-01
7489  4.43850936e-02  1.58445269e-01
7490  2.81451278e-02  1.60301640e-01
7491  1.18924462e-02  1.61971511e-01
7492  -4.36340215e-03  1.63438380e-01
7493  -2.06316535e-02  1.64683901e-01
7494  -3.69409173e-02  1.65716419e-01
7495  -5.32830030e-02  1.66584122e-01
7496  -6.96158899e-02  1.67284490e-01
7497  -8.59387900e-02  1.67781734e-01
7498  -1.02265226e-01  1.68075171e-01
7499  -1.18579622e-01  1.68163468e-01
7500  -1.34856235e-01  1.68018926e-01
7501  -1.51069932e-01  1.67593945e-01
7502  -1.67295542e-01  1.66812670e-01
7503  -1.83584515e-01  1.65798292e-01
7504  -1.99878056e-01  1.64588091e-01
7505  -2.16145661e-01  1.63185793e-01
7506  -2.32413561e-01  1.61564190e-01
7507  -2.48709104e-01  1.59788596e-01
7508  -2.64999889e-01  1.57886031e-01
7509  -2.81265004e-01  1.55854639e-01
7510  -2.96759233e-01  1.53779395e-01
7511  -3.15488257e-01  1.63212576e-01
7512  -3.37680192e-01  1.59931464e-01
7513  -3.53985729e-01  1.57403695e-01
7514  -3.70281724e-01  1.54785644e-01
7515  -3.86569116e-01  1.52095016e-01
7516  -4.02846888e-01  1.49344000e-01
7517  -4.19111467e-01  1.46525372e-01
7518  -4.35365618e-01  1.43631247e-01
7519  -4.51615703e-01  1.40694173e-01
7520  -4.67853950e-01  1.37715332e-01
7521  -4.84076085e-01  1.34656621e-01
7522  -5.00292957e-01  1.31543319e-01
7523  -5.16506268e-01  1.28395021e-01
7524  -5.32712325e-01  1.25221789e-01
7525  -5.48908032e-01  1.21992791e-01
7526  -5.65102262e-01  1.18743866e-01
7527  -5.81286325e-01  1.15462250e-01
7528  -5.97462987e-01  1.12129193e-01
7529  -6.13639056e-01  1.08789922e-01
7530  -6.29804484e-01  1.05406207e-01
7531  -6.45971186e-01  1.02003163e-01
7532  -6.62136310e-01  9.86026312e-02
7533  -6.78289701e-01  9.51661384e-02
7534  -6.94440176e-01  9.16944756e-02
7535  -7.10594491e-01  8.82259257e-02
7536  -7.26743777e-01  8.47517966e-02
7537  -7.42886477e-01  8.12478825e-02
7538  -7.59028086e-01  7.77360587e-02
7539  -7.75165856e-01  7.41996310e-02
7540  -7.91307346e-01  7.06683590e-02
7541  -8.07446501e-01  6.71359766e-02
7542  -8.23581226e-01  6.35912829e-02
7543  -8.39712442e-01  6.00298456e-02
7544  -8.55843965e-01  5.64566783e-02
7545  -8.71981078e-01  5.28914325e-02
7546  -8.88120047e-01  4.93495099e-02
7547  -9.04253297e-01  4.57877629e-02
7548  -9.26267655e-01  4.09429690e-02
7549  -9.42790339e-01  3.73283422e-02
7550  -9.59314156e-01  3.37246058e-02
7551  -9.75838902e-01  3.01305022e-02
7552  -9.92366356e-01  2.65359429e-02
7553  -1.00890225e+00  2.29758620e-02
7554  -1.02543770e+00  1.94252286e-02
7555  -1.04197908e+00  1.58863294e-02
7556  -1.05853167e+00  1.23864367e-02
7557  -1.07509035e+00  8.92590047e-03
7558  -1.09165298e+00  5.48516672e-03
7559  -1.10781246e+00  2.19165648e-03
7560  -2.96759132e-01  1.52023638e-01
7561  -2.96758149e-01  1.34987832e-01
7562  -2.96757167e-01  1.17952026e-01
7563  -2.96756184e-01  1.00916220e-01
7564  -2.96755202e-01  8.38804140e-02
7565  -2.96754219e-01  6.68446082e-02
7566  -2.96753236e-01  4.98088021e-02
7567  -2.96752254e-01  3.27729961e-02
7568  -2.96751271e-01  1.57371902e-02
7569  -2.96750289e-01  -1.29861584e-03
7570  -2.96749306e-01  -1.83344217e-02
7571  -2.96748323e-01  -3.53702277e-02
7572  -2.96747341e-01  -5.24060337e-02
7573  -2.96746358e-01  -6.94418397e-02
7574  -2.96745376e-01  -8.64776456e-02
7575  1.46984558e-01  1.41894370e-01
7576  1.46973232e-01  1.25511041e-01
7577  1.46961906e-01  1.09127712e-01
7578  1.46950580e-01  9.27443836e-02
7579  1.46939253e-01  7.63610550e-02
7580  1.46927927e-01  5.99777265e-02
7581  1.46916601e-01  4.35943978e-02
7582  1.46905274e-01  2.72110692e-02
7583  1.46893948e-01  1.08277408e-02
7584  1.46882622e-01  -5.55558785e-03
7585  1.46871296e-01  -2.19389165e-02
7586  1.46859969e-01  -3.83222451e-02
7587  1.46848643e-01  -5.47055736e-02
7588  1.46837317e-01  -7.10889022e-02
7589  1.46825991e-01  -8.74722309e-02
9817  -1.10353337e+00  3.14050569e-03
9818  -1.10904205e+00  2.94638015e-03
9819  -1.09237080e+00  3.16056896e-03
9820  -1.07571056e+00  3.03916605e-03
9821  -1.05906802e+00  2.63572325e-03
9822  -1.04244000e+00  1.99472825e-03
9823  -1.02582965e+00  1.12505229e-03
9824  -1.00923428e+00  7.18184404e-05
9825  -9.92655299e-01  -1.17787282e-03
9826  -9.76094877e-01  -2.59088512e-03
9827  -9.59548945e-01  -4.15963476e-03
9828  -9.43022743e-01  -5.88804991e-03
9829  -9.26515614e-01  -7.74355112e-03
9830  -9.04349370e-01  -1.04005393e-02
9831  -8.88074034e-01  -1.24768479e-02
9832  -8.71819421e-01  -1.46579132e-02
9833  -8.55578763e-01  -1.69118559e-02
9834  -8.39348670e-01  -1.92426904e-02
9835  -8.23132352e-01  -2.16485793e-02
9836  -8.06927216e-01  -2.41107908e-02
9837  -7.90730013e-01  -2.66290383e-02
9838  -7.74543637e-01  -2.92087396e-02
9839  -7.58371090e-01  -3.18350309e-02
9840  -7.42202803e-01  -3.44777785e-02
9841  -7.26038732e-01  -3.71572381e-02
9842  -7.09883239e-01  -3.98656613e-02
9843  -6.93733192e-01  -4.25834535e-02
9844  -6.77583711e-01  -4.53034699e-02
9845  -6.61433850e-01  -4.80324324e-02
9846  -6.45290372e-01  -5.07763253e-02
9847  -6.29148812e-01  -5.35008784e-02
9848  -6.13004026e-01  -5.62044323e-02
9849  -5.96856395e-01  -5.88872578e-02
9850  -5.80706173e-01  -6.15445120e-02
9851  -5.64551849e-01  -6.41694120e-02
9852  -5.48392603e-01  -6.67605825e-02
9853  -5.32228992e-01  -6.93157353e-02
9854  -5.16060602e-01  -7.18271388e-02
9855  -4.99885529e-01  -7.42878623e-02
9856  -4.83704457e-01  -7.66972220e-02
9857  -4.67517322e-01  -7.90433341e-02
9858  -4.51318433e-01  -8.13153971e-02
9859  -4.35109834e-01  -8.35333836e-02
9860  -4.18900345e-01  -8.56922062e-02
9861  -4.02679668e-01  -8.77458966e-02
9862  -3.86444032e-01  -8.97240290e-02
9863  -3.70200493e-01  -9.16372230e-02
9864  -3.53952285e-01  -9.34745856e-02
9865  -3.37695408e-01  -9.52173212e-02
9866  -3.14395635e-01  -8.55891169e-02
9867  -2.96029328e-01  -8.73119961e-02
9868  -2.81833906e-01  -8.85616041e-02
9869  -2.65549716e-01  -8.98980726e-02
9870  -2.49246203e-01  -9.11142579e-02
9871  -2.32920359e-01  -9.22480733e-02
9872  -2.16619193e-01  -9.32913127e-02
9873  -2.00318289e-01  -9.41895297e-02
9874  -1.83989422e-01  -9.49826311e-02
9875  -1.67659195e-01  -9.56758608e-02
9876  -1.51334345e-01  -9.62561195e-02
9877  -1.35006371e-01  -9.67168356e-02
9878  -1.18664144e-01  -9.70638447e-02
9879  -1.02307364e-01  -9.73143950e-02
9880  -8.59699227e-02  -9.74760018e-02
9881  -6.96362247e-02  -9.75001078e-02
9882  -5.32773688e-02  -9.74264184e-02
9883  -3.69156933e-02  -9.72656704e-02
9884  -2.05778082e-02  -9.70142523e-02
9885  -4.27025169e-03  -9.66315909e-02
9886  1.20453627e-02  -9.61024757e-02
9887  2.83744774e-02  -9.54652691e-02
9888  4.46925892e-02  -9.47167511e-02
9889  6.10019679e-02  -9.38484479e-02
9890  7.72851926e-02  -9.28642997e-02
9891  9.35469829e-02  -9.17224139e-02
9892  1.09812931e-01  -9.04406734e-02
9893  1.26064873e-01  -8.90299135e-02
9894  1.47542355e-01  -8.69468819e-02
9895  1.58492645e-01  -8.57673172e-02
9896  1.77727129e-01  -9.55616705e-02
9897  1.94629127e-01  -9.34196331e-02
9898  2.11502670e-01  -9.10719338e-02
9899  2.28348221e-01  -8.85292662e-02
9900  2.45155667e-01  -8.57842774e-02
9901  2.62912817e-01  -8.26231303e-02
9902  2.78598918e-01  -7.95989645e-02
9903  2.94236497e-01  -7.63538643e-02
9904  3.09810088e-01  -7.28590580e-02
9905  3.25308178e-01  -6.90779706e-02
9906  3.40721588e-01  -6.49937041e-02
9907  3.56029251e-01  -6.05810474e-02
9908  3.71195230e-01  -5.57769856e-02
9909  3.86178703e-01  -5.05083281e-02
9910  4.00913231e-01  -4.46981226e-02
9911  4.15279296e-01  -3.81787463e-02
9912  4.29097122e-01  -3.07954506e-02
9913  4.41916086e-01  -2.22469747e-02
9914  4.52530707e-01  -1.21535886e-02
9915  4.57682320e-01  2.39055776e-04
9916  4.53635831e-01  1.35532048e-02
9917  4.44973818e-01  2.58736620e-02
9918  4.33943943e-01  3.69385299e-02
9919  4.21653579e-01  4.69563035e-02
9920  4.08595284e-01  5.61744218e-02
9921  3.95055691e-01  6.47895075e-02
9922  3.81147301e-01  7.28534649e-02
9923  3.66944751e-01  8.04280905e-02
9924  3.52478162e-01  8.75416453e-02
9925  3.37824541e-01  9.43040761e-02
9926  3.23007299e-01  1.00695017e-01
9927  3.08022467e-01  1.06710089e-01
9928  2.92902423e-01  1.12416781e-01
9929  2.77670345e-01  1.17833610e-01
9930  2.62340391e-01  1.22970432e-01
9931  2.44721046e-01  1.28509334e-01
9932  2.27999804e-01  1.33425704e-01
9933  2.11193503e-01  1.38062132e-01
9934  1.94312932e-01  1.42421464e-01
9935  1.77364166e-01  1.46499765e-01
9936  1.59350230e-01  1.50505905e-01
9937  1.47699786e-01  1.40776596e-01
9938  1.24888091e-01  1.45226598e-01
9939  1.08821194e-01  1.48098681e-01
9940  9.27372115e-02  1.50795310e-01
9941  7.66325813e-02  1.53241899e-01
9942  6.04733162e-02  1.55480187e-01
9943  4.42739508e-02  1.57519919e-01
9944  2.80445760e-02  1.59375080e-01
9945  1.18029393e-02  1.61043819e-01
9946  -4.44085633e-03  1.62509604e-01
9947  -2.06966757e-02  1.63754172e-01
9948  -3.69950728e-02  1.64785994e-01
9949  -5.33276730e-02  1.65653193e-01
9950  -6.96500410e-02  1.66353116e-01
9951  -8.59613535e-02  1.66850007e-01
9952  -1.02276120e-01  1.67143235e-01
9953  -1.18577998e-01  1.67231469e-01
9954  -1.34839871e-01  1.67087070e-01
9955  -1.51035313e-01  1.66662588e-01
9956  -1.67244184e-01  1.65882086e-01
9957  -1.83521037e-01  1.64868456e-01
9958  -1.99803514e-01  1.63659077e-01
9959  -2.16059418e-01  1.62257791e-01
9960  -2.32316867e-01  1.60637219e-01
9961  -2.48604571e-01  1.58862477e-01
9962  -2.64888080e-01  1.56960762e-01
9963  -2.81145324e-01  1.54930355e-01
9964  -2.96043185e-01  1.52936817e-01
9965  -3.15355477e-01  1.62290083e-01
9966  -3.37540645e-01  1.59009971e-01
9967  -3.53840422e-01  1.56483092e-01
9968  -3.70131853e-01  1.53865773e-01
9969  -3.86415508e-01  1.51175762e-01
9970  -4.02689662e-01  1.48425358e-01
9971  -4.18950207e-01  1.45607429e-01
9972  -4.35201046e-01  1.42713892e-01
9973  -4.51448737e-01  1.39777251e-01
9974  -4.67683523e-01  1.36799047e-01
9975  -4.83901883e-01  1.33741046e-01
9976  -5.00116270e-01  1.30628221e-01
9977  -5.16327895e-01  1.27480250e-01
9978  -5.32531665e-01  1.24307466e-01
9979  -5.48725254e-01  1.21078889e-01
9980  -5.64917993e-01  1.17830264e-01
9981  -5.81099680e-01  1.14549131e-01
9982  -5.97274736e-01  1.11216403e-01
9983  -6.13449372e-01  1.07877429e-01
9984  -6.29613023e-01  1.04494085e-01
9985  -6.45779269e-01  1.01091137e-01
9986  -6.61943413e-01  9.76908116e-02
9987  -6.78094801e-01  9.42547451e-02
9988  -6.94244416e-01  9.07832665e-02
9989  -7.10398657e-01  8.73147324e-02
9990  -7.26546923e-01  8.38408233e-02
9991  -7.42688562e-01  8.03371390e-02
9992  -7.58829266e-01  7.68255122e-02
9993  -7.74966513e-01  7.32891992e-02
9994  -7.91108120e-01  6.97579015e-02
9995  -8.07246873e-01  6.62256070e-02
9996  -8.23380770e-01  6.26810954e-02
9997  -8.39511201e-01  5.91198314e-02
9998  -8.55642657e-01  5.55466789e-02
9999  -8.71780654e-01  5.19812379e-02
10000  -8.87919694e-01  4.84392996e-02
10001  -9.04052679e-01  4.48776110e-02
10002  -9.26067907e-01  4.00326258e-02
10003  -9.42591451e-01  3.64178107e-02
10004  -9.59115820e-01  3.28139540e-02
10005  -9.75640828e-01  2.92197933e-02
10006  -9.92169241e-01  2.56250260e-02
10007  -1.00870633e+00  2.20646858e-02
10008  -1.02524238e+00  1.85139260e-02
10009  -1.04178519e+00  1.49747208e-02
10010  -1.05833995e+00  1.14743707e-02
10011  -1.07490024e+00  8.01349620e-03
10012  -1.09146445e+00  4.57243580e-03
10013  -1.10751890e+00  1.30709776e-03
10014  -2.96043132e-01  1.52023679e-01
10015  -2.96042149e-01  1.34987873e-01
10016  -2.96041167e-01  1.17952067e-01
10017  -2.96040184e-01  1.00916261e-01
10018  -2.96039202e-01  8.38804553e-02
10019  -2.96038219e-01  6.68446495e-02
10020  -2.96037236e-01  4.98088434e-02
10021  -2.96036254e-01  3.27730374e-02
10022  -2.96035271e-01  1.57372315e-02
10023  -2.96034289e-01  -1.29857455e-03
10024  -2.96033306e-01  -1.83343804e-02
10025  -2.96032323e-01  -3.53701864e-02
10026  -2.96031341e-01  -5.24059924e-02
10027  -2.96030358e-01  -6.94417984e-02
10028  -2.96029376e-01  -8.64776043e-02
10029  1.47700558e-01  1.41893875e-01
10030  1.47689232e-01  1.25510546e-01
10031  1.47677906e-01  1.09127217e-01
10032  1.47666580e-01  9.27438886e-02
10033  1.47655253e-01  7.63605600e-02
10034  1.47643927e-01  5.99772315e-02
10035  1.47632601e-01  4.35939028e-02
10036  1.47621274e-01  2.72105742e-02
10037  1.47609948e-01  1.08272458e-02
10038  1.47598622e-01  -5.55608283e-03
10039  1.47587296e-01  -2.19394115e-02
10040  1.47575969e-01  -3.83227401e-02
10041  1.47564643e-01  -5.47060686e-02
10042  1.47553317e-01  -7.10893972e-02
10043  1.47541991e-01  -8.74727259e-02
