1  3  0  12.3982
262  5  0  12.3976
523  4  0  12.3967
784  5  0  12.3955
2  3  0  9.60149
263  5  0  9.60145
524  4  0  9.6014
785  5  0  9.60135
3  3  0  6.69863
264  5  0  6.69874
525  4  0  6.69889
786  5  0  6.69903
4  3  0  4.1083
265  5  0  4.10806
526  4  0  4.10775
787  5  0  4.10745
5  3  0  0.893908
266  5  0  0.89416
527  4  0  0.894482
788  5  0  0.894803
6  3  0  -1.65932
267  5  0  -1.65905
528  4  0  -1.65872
789  5  0  -1.65838
7  3  0  -3.24876
268  5  0  -3.24898
529  4  0  -3.24926
790  5  0  -3.24954
8  3  0  -5.66332
269  5  0  -5.66307
530  4  0  -5.66276
791  5  0  -5.66245
9  3  0  -7.13062
270  5  0  -7.13086
531  4  0  -7.13117
792  5  0  -7.13148
10  3  0  -9.54596
271  5  0  -9.54583
532  1  0  5.74573
793  5  0  19.0018
11  3  0  -11.27
272  5  0  -11.2699
533  1  0  -11.2691
794  5  0  -11.2683
12  3  0  -12.716
273  5  0  -12.7161
534  1  0  -12.7172
795  5  0  -12.7183
13  3  0  -14.5263
274  5  0  -14.5261
535  1  0  -14.5242
796  5  0  -14.5223
14  3  0  -15.611
275  5  0  -15.611
536  1  0  -15.6107
797  5  0  -15.6105
15  3  0  -16.5605
276  5  0  -16.5606
537  1  0  -16.5611
798  5  0  -16.5615
16  3  0  -17.7556
277  5  0  -17.7556
538  1  0  -17.7556
799  5  0  -17.7557
17  3  0  -18.9594
278  5  0  -18.9594
539  1  0  -18.9589
800  5  0  -18.9584
18  3  0  -19.92
279  5  0  -19.92
540  1  0  -19.9197
801  5  0  -19.9195
19  3  0  -20.7267
280  5  0  -20.7267
541  1  0  -20.7266
802  5  0  -20.7264
20  3  0  -21.4175
281  5  0  -21.4175
542  1  0  -21.4175
803  5  0  -21.4175
21  3  0  -22.1014
282  5  0  -22.1014
543  1  0  -22.1014
804  5  0  -22.1013
22  3  0  -22.7444
283  5  0  -22.7444
544  1  0  -22.7442
805  5  0  -22.744
23  3  0  -23.194
284  5  0  -23.194
545  1  0  -23.1939
806  5  0  -23.1939
24  3  0  -23.5301
285  5  0  -23.5301
546  1  0  -23.5302
807  5  0  -23.5304
25  3  0  -24.0365
286  5  0  -24.0365
547  1  0  -24.0364
808  5  0  -24.0363
26  3  0  -24.4051
287  5  0  -24.4051
548  1  0  -24.405
809  5  0  -24.405
27  3  0  -24.698
288  5  0  -24.698
549  1  0  -24.698
810  5  0  -24.698
28  3  0  -25.0017
289  5  0  -25.0017
550  1  0  -25.0016
811  5  0  -25.0015
29  3  0  -25.1575
290  5  0  -25.1575
551  1  0  -25.1575
812  5  0  -25.1574
30  3  0  -25.2106
291  5  0  -25.2106
552  1  0  -25.2106
813  5  0  -25.2106
31  3  0  -25.2273
292  5  0  -25.2273
553  1  0  -25.2273
814  5  0  -25.2273
32  3  0  -25.2422
293  5  0  -25.2422
554  1  0  -25.2423
815  5  0  -25.2423
33  3  0  -25.1187
294  5  0  -25.1187
555  1  0  -25.1187
816  5  0  -25.1187
34  3  0  -25.0529
295  5  0  -25.0529
556  1  0  -25.0529
817  5  0  -25.0529
35  3  0  -24.9937
296  5  0  -24.9937
557  1  0  -24.9937
818  5  0  -24.9937
36  3  0  -24.9186
297  5  0  -24.9186
558  1  0  -24.9187
819  5  0  -24.9188
37  3  0  -24.5621
298  5  0  -24.5621
559  1  0  -24.562
820  5  0  -24.562
38  3  0  -24.2922
299  5  0  -24.2922
560  1  0  -24.2921
821  5  0  -24.2921
39  3  0  -24.0305
300  5  0  -24.0305
561  1  0  -24.0307
822  5  0  -24.0309
40  3  0  -23.5054
301  5  0  -23.5054
562  1  0  -23.5053
823  5  0  -23.5053
41  3  0  -23.0601
302  5  0  -23.0602
563  1  0  -23.0602
824  5  0  -23.0603
42  3  0  -22.5192
303  5  0  -22.5193
564  1  0  -22.5197
825  5  0  -22.5201
43  3  0  -21.6807
304  5  0  -21.6807
565  1  0  -21.6805
826  5  0  -21.6802
44  3  0  -21.019
305  5  0  -21.019
566  1  0  -21.019
827  5  0  -21.0189
45  3  0  -20.3925
306  5  0  -20.3925
567  1  0  -20.3927
828  5  0  -20.393
46  3  0  -19.5921
307  5  0  -19.5921
568  1  0  -19.5926
829  5  0  -19.593
47  3  0  -18.5261
308  5  0  -18.5261
569  1  0  -18.5259
830  5  0  -18.5258
48  3  0  -17.5379
309  5  0  -17.5379
570  1  0  -17.5376
831  5  0  -17.5373
49  3  0  -16.7187
310  5  0  -16.7187
571  1  0  -16.719
832  5  0  -16.7193
50  3  0  -15.7443
311  5  0  -15.7443
572  1  0  -15.7447
833  5  0  -15.7451
51  3  0  -14.57
312  5  0  -14.57
573  1  0  -14.5701
834  5  0  -14.5701
52  3  0  -13.367
313  5  0  -13.367
574  1  0  -13.3666
835  5  0  -13.3661
53  3  0  -12.3646
314  5  0  -12.3646
575  1  0  -12.3648
836  5  0  -12.365
54  3  0  -11.2703
315  5  0  -11.2704
576  1  0  -11.2713
837  5  0  -11.2723
55  3  0  -9.79761
316  5  0  -9.79762
577  1  0  -9.29339
838  5  0  -8.78095
56  3  0  -8.24594
317  5  0  -8.15213
578  6  0  -8.04927
839  5  0  -8.01345
57  3  0  -6.89085
318  5  0  -6.7528
579  6  0  -6.38131
840  5  0  -6.0742
58  3  0  -5.66529
319  5  0  -5.66529
580  6  0  -5.6653
841  5  0  -5.66532
59  3  0  -4.4245
320  5  0  -4.4245
581  6  0  -4.4245
842  5  0  -4.42449
60  3  0  -3.18476
321  5  0  -3.18484
582  6  0  -3.18587
843  5  0  -3.18692
61  3  0  -1.58572
322  5  0  -1.58566
583  6  0  -1.58472
844  5  0  -1.58377
62  3  0  -0.308955
323  5  0  -0.308918
584  6  0  -0.30838
845  5  0  -0.307832
63  3  0  0.73792
324  5  0  0.737933
585  6  0  0.738116
846  5  0  0.738303
64  3  0  1.69343
325  5  0  1.69342
586  6  0  1.69324
847  5  0  1.69306
65  3  0  2.7394
326  5  0  2.73929
587  6  0  2.73763
848  5  0  2.73593
66  3  0  4.39459
327  5  0  4.39472
588  6  0  4.39664
849  5  0  4.39859
67  3  0  5.31062
328  5  0  5.31059
589  6  0  5.31025
850  5  0  5.30989
68  3  0  6.39941
329  5  0  6.39941
590  6  0  6.3995
851  5  0  6.3996
69  3  0  7.45276
330  5  0  7.51958
591  6  0  7.61391
852  5  0  7.65338
70  3  0  8.37865
331  5  0  8.47943
592  6  0  8.9801
853  5  0  10.3429
71  3  0  9.56796
332  5  0  9.56795
593  1  0  8.95218
854  5  0  8.3265
72  3  0  10.8258
333  5  0  10.8259
594  1  0  10.8259
855  5  0  10.826
73  3  0  12.0516
334  5  0  12.0516
595  1  0  12.0512
856  5  0  12.0508
74  3  0  13.4255
335  5  0  13.4255
596  1  0  13.4262
857  5  0  13.4269
75  3  0  14.491
336  5  0  14.491
597  1  0  14.4908
858  5  0  14.4905
76  3  0  15.6801
337  5  0  15.6801
598  1  0  15.68
859  5  0  15.6799
77  3  0  16.9221
338  5  0  16.9221
599  1  0  16.922
860  5  0  16.9219
78  3  0  18.2206
339  5  0  18.2205
600  1  0  18.2193
861  5  0  18.218
79  3  0  19.9592
340  5  0  19.9593
601  1  0  19.9606
862  5  0  19.9619
80  3  0  21.2457
341  5  0  21.2457
602  1  0  21.2457
863  5  0  21.2457
81  3  0  22.5322
342  5  0  22.5322
603  1  0  22.5313
864  5  0  22.5303
82  3  0  24.1537
343  5  0  24.1536
604  1  0  24.1528
865  5  0  24.152
83  3  0  26.0253
344  5  0  26.0253
605  1  0  26.0259
866  5  0  26.0266
84  3  0  27.7161
345  5  0  27.7161
606  1  0  27.7154
867  5  0  27.7147
85  3  0  29.6137
346  5  0  29.6137
607  1  0  29.6125
868  5  0  29.6114
86  3  0  31.7993
347  5  0  31.7993
608  1  0  13.4711
869  5  0  -1.92666
87  3  0  33.78
348  5  0  33.7796
609  4  0  33.7792
870  5  0  33.7788
88  3  0  36.7222
349  5  0  36.7225
610  4  0  36.7229
871  5  0  36.7233
89  3  0  38.7211
350  5  0  38.7208
611  4  0  38.7204
872  5  0  38.72
90  3  0  41.617
351  5  0  41.617
612  4  0  41.617
873  5  0  41.617
91  3  0  44.4896
352  5  0  44.4896
613  4  0  44.4896
874  5  0  44.4895
92  3  0  47.4179
353  5  0  47.4172
614  4  0  47.4162
875  5  0  47.4152
93  3  0  51.8695
354  5  0  51.8696
615  4  0  51.8696
876  5  0  51.8696
94  3  0  56.296
355  5  0  56.2958
616  4  0  56.2954
877  5  0  56.295
95  3  0  61.1619
356  5  0  61.1609
617  4  0  61.1596
878  5  0  61.1584
96  3  0  67.3301
357  5  0  67.3297
618  4  0  67.3291
879  5  0  67.3286
97  3  0  74.0005
358  5  0  74.0015
619  4  0  74.0028
880  5  0  74.0041
98  3  0  79.4561
359  5  0  79.4558
620  4  0  79.4554
881  5  0  79.4551
99  3  0  85.2838
360  5  0  85.2807
621  4  0  85.2768
882  5  0  85.2728
100  3  0  94.1829
361  5  0  94.1886
622  4  0  94.1958
883  5  0  94.2032
101  3  0  98.8563
362  5  0  98.8553
623  4  0  98.8539
884  5  0  98.8525
102  3  0  102.718
363  5  0  102.716
624  4  0  102.713
885  5  0  102.71
103  3  0  109.528
364  5  0  109.529
625  4  0  109.53
886  5  0  109.532
104  3  0  115.241
365  5  0  115.242
626  4  0  115.243
887  5  0  115.243
105  3  0  120.241
366  5  0  120.242
627  4  0  120.242
888  5  0  120.243
106  3  0  124.586
367  5  0  124.586
628  4  0  124.586
889  5  0  124.587
107  3  0  128.525
368  5  0  128.525
629  4  0  128.525
890  5  0  128.525
108  3  0  132.326
369  5  0  132.326
630  4  0  132.326
891  5  0  132.327
109  3  0  135.561
370  5  0  135.561
631  4  0  135.56
892  5  0  135.56
110  3  0  139.017
371  5  0  139.017
632  4  0  139.017
893  5  0  139.018
111  3  0  141.794
372  5  0  141.794
633  4  0  141.794
894  5  0  141.794
112  3  0  144.444
373  5  0  144.444
634  4  0  144.444
895  5  0  144.444
113  3  0  147.405
374  5  0  147.405
635  4  0  147.405
896  5  0  147.406
114  3  0  149.78
375  5  0  149.78
636  1  0  168.412
897  5  0  -175.99
115  3  0  152.305
376  5  0  152.305
637  1  0  152.307
898  5  0  152.309
116  3  0  154.374
377  5  0  154.374
638  1  0  154.375
899  5  0  154.376
117  3  0  156.267
378  5  0  156.267
639  1  0  156.266
900  5  0  156.264
118  3  0  158.52
379  5  0  158.52
640  1  0  158.522
901  5  0  158.524
119  3  0  160.136
380  5  0  160.136
641  1  0  160.136
902  5  0  160.135
120  3  0  161.93
381  5  0  161.93
642  1  0  161.931
903  5  0  161.932
121  3  0  163.425
382  5  0  163.425
643  1  0  163.425
904  5  0  163.426
122  3  0  164.805
383  5  0  164.805
644  1  0  164.804
905  5  0  164.803
123  3  0  166.528
384  5  0  166.528
645  1  0  166.529
906  5  0  166.53
124  3  0  168.001
385  5  0  168.001
646  1  0  168.001
907  5  0  168.001
125  3  0  169.464
386  5  0  169.464
647  1  0  169.465
908  5  0  169.466
126  3  0  170.683
387  5  0  170.683
648  1  0  170.683
909  5  0  170.683
127  3  0  171.97
388  5  0  171.97
649  1  0  171.97
910  5  0  171.97
128  3  0  173.256
389  5  0  173.256
650  1  0  173.256
911  5  0  173.256
129  3  0  174.516
390  5  0  174.516
651  1  0  174.516
912  5  0  174.516
130  3  0  175.727
391  5  0  175.617
652  6  0  176.727
913  5  0  179.956
131  3  0  176.761
392  5  0  176.688
653  6  0  176.59
914  5  0  176.549
132  3  0  177.748
393  5  0  177.748
654  6  0  177.748
915  5  0  177.748
133  3  0  178.652
394  5  0  178.652
655  6  0  178.653
916  5  0  178.653
134  3  0  179.527
395  5  0  179.527
656  6  0  179.527
917  5  0  179.527
135  3  0  -179.65
396  5  0  -179.65
657  6  0  -179.65
918  5  0  -179.65
136  3  0  -178.622
397  5  0  -178.622
658  6  0  -178.622
919  5  0  -178.621
137  3  0  -177.751
398  5  0  -177.751
659  6  0  -177.751
920  5  0  -177.751
138  3  0  -176.957
399  5  0  -176.957
660  6  0  -176.956
921  5  0  -176.956
139  3  0  -176.189
400  5  0  -176.189
661  6  0  -176.189
922  5  0  -176.189
140  3  0  -175.366
401  5  0  -175.366
662  6  0  -175.366
923  5  0  -175.365
141  3  0  -174.806
402  5  0  -174.806
663  6  0  -174.806
924  5  0  -174.806
142  3  0  -174.163
403  5  0  -174.163
664  6  0  -174.163
925  5  0  -174.163
143  3  0  -173.465
404  5  0  -173.551
665  6  0  -173.786
926  5  0  -173.984
144  3  0  -172.624
405  5  0  -172.683
666  6  0  -173.26
927  5  0  -173.723
145  3  0  -171.98
406  5  0  -171.98
667  1  0  -171.98
928  5  0  -171.98
146  3  0  -171.373
407  5  0  -171.373
668  1  0  -171.373
929  5  0  -171.373
147  3  0  -170.731
408  5  0  -170.731
669  1  0  -170.731
930  5  0  -170.731
148  3  0  -170.169
409  5  0  -170.169
670  1  0  -170.169
931  5  0  -170.169
149  3  0  -169.592
410  5  0  -169.592
671  1  0  -169.592
932  5  0  -169.592
150  3  0  -169.133
411  5  0  -169.133
672  1  0  -169.133
933  5  0  -169.133
151  3  0  -168.675
412  5  0  -168.675
673  1  0  -168.675
934  5  0  -168.675
152  3  0  -168.229
413  5  0  -168.229
674  1  0  -168.229
935  5  0  -168.229
153  3  0  -167.696
414  5  0  -167.696
675  1  0  -167.696
936  5  0  -167.696
154  3  0  -167.154
415  5  0  -167.154
676  1  0  -167.154
937  5  0  -167.153
155  3  0  -166.85
416  5  0  -166.85
677  1  0  -166.85
938  5  0  -166.85
156  3  0  -166.596
417  5  0  -166.596
678  1  0  -166.596
939  5  0  -166.596
157  3  0  -166.336
418  5  0  -166.336
679  1  0  -166.336
940  5  0  -166.336
158  3  0  -165.85
419  5  0  -165.85
680  1  0  -165.85
941  5  0  -165.85
159  3  0  -165.54
420  5  0  -165.54
681  1  0  -165.54
942  5  0  -165.54
160  3  0  -165.268
421  5  0  -165.268
682  1  0  -165.268
943  5  0  -165.268
161  3  0  -165.019
422  5  0  -165.019
683  1  0  -165.02
944  5  0  -165.02
162  3  0  -164.638
423  5  0  -164.638
684  1  0  -164.638
945  5  0  -164.638
163  3  0  -164.483
424  5  0  -164.483
685  1  0  -164.483
946  5  0  -164.483
164  3  0  -164.341
425  5  0  -164.341
686  1  0  -164.341
947  5  0  -164.341
165  3  0  -164.193
426  5  0  -164.193
687  1  0  -164.193
948  5  0  -164.193
166  3  0  -163.866
427  5  0  -163.866
688  1  0  -163.866
949  5  0  -163.866
167  3  0  -163.737
428  5  0  -163.737
689  1  0  -163.737
950  5  0  -163.737
168  3  0  -163.664
429  5  0  -163.664
690  1  0  -163.664
951  5  0  -163.664
169  3  0  -163.553
430  5  0  -163.553
691  1  0  -163.553
952  5  0  -163.553
170  3  0  -163.275
431  5  0  -163.275
692  1  0  -163.275
953  5  0  -163.275
171  3  0  -163.21
432  5  0  -163.21
693  1  0  -163.21
954  5  0  -163.21
172  3  0  -163.078
433  5  0  -163.078
694  1  0  -163.078
955  5  0  -163.078
173  3  0  -163.042
434  5  0  -163.042
695  1  0  -163.042
956  5  0  -163.042
174  3  0  -163.047
435  5  0  -163.047
696  1  0  -163.047
957  5  0  -163.047
175  3  0  -163.015
436  5  0  -163.015
697  1  0  -163.015
958  5  0  -163.015
176  3  0  -162.934
437  5  0  -162.934
698  1  0  -162.934
959  5  0  -162.934
177  3  0  -162.933
438  5  0  -162.933
699  1  0  -162.933
960  5  0  -162.933
178  3  0  -162.885
439  5  0  -162.885
700  1  0  -162.885
961  5  0  -162.885
179  3  0  -162.85
440  5  0  -162.85
701  1  0  -162.85
962  5  0  -162.85
180  3  0  -162.796
441  5  0  -162.796
702  1  0  -162.796
963  5  0  -162.796
181  3  0  -162.755
442  5  0  -162.755
703  1  0  -162.755
964  5  0  -162.755
182  3  0  -162.755
443  5  0  -162.755
704  1  0  -162.755
965  5  0  -162.755
183  3  0  -162.744
444  5  0  -162.744
705  1  0  -162.744
966  5  0  -162.744
184  3  0  -162.799
445  5  0  -162.799
706  1  0  -162.8
967  5  0  -162.8
185  3  0  -162.956
446  5  0  -162.956
707  1  0  -162.956
968  5  0  -162.956
186  3  0  -163.016
447  5  0  -163.016
708  1  0  -163.016
969  5  0  -163.016
187  3  0  -163.099
448  5  0  -163.099
709  1  0  -163.099
970  5  0  -163.099
188  3  0  -163.158
449  5  0  -163.158
710  1  0  -163.158
971  5  0  -163.158
189  3  0  -163.164
450  5  0  -163.164
711  1  0  -178.492
972  5  0  168.106
190  3  0  -163.199
451  5  0  -163.199
712  4  0  -163.199
973  5  0  -163.199
191  3  0  -163.333
452  5  0  -163.333
713  4  0  -163.333
974  5  0  -163.333
192  3  0  -163.439
453  5  0  -163.439
714  4  0  -163.439
975  5  0  -163.439
193  3  0  -163.568
454  5  0  -163.568
715  4  0  -163.568
976  5  0  -163.568
194  3  0  -163.593
455  5  0  -163.593
716  4  0  -163.593
977  5  0  -163.593
195  3  0  -163.505
456  5  0  -163.505
717  4  0  -163.505
978  5  0  -163.505
196  3  0  -163.465
457  5  0  -163.465
718  4  0  -163.465
979  5  0  -163.465
197  3  0  -163.38
458  5  0  -163.38
719  4  0  -163.38
980  5  0  -163.38
198  3  0  -163.35
459  5  0  -163.439
720  4  0  -163.556
981  5  0  -163.677
199  3  0  -127.946
460  5  0  -127.884
721  4  0  -127.79
982  5  0  -127.677
200  2  0  -90.0008
461  1  0  -90.0008
722  1  0  -90.0008
983  2  0  -90.0008
201  2  0  -90.0008
462  1  0  -90.0008
723  1  0  -90.0008
984  2  0  -90.0008
202  2  0  -90.0008
463  1  0  -90.0008
724  1  0  -90.0008
985  2  0  -90.0008
203  2  0  -90.0008
464  1  0  -90.0008
725  1  0  -90.0008
986  2  0  -90.0008
204  2  0  -90.0008
465  1  0  -90.0008
726  1  0  -90.0008
987  2  0  -90.0008
205  2  0  -90.0008
466  1  0  -90.0008
727  1  0  -90.0008
988  2  0  -90.0008
206  2  0  -90.0008
467  1  0  -90.0008
728  1  0  -90.0008
989  2  0  -90.0008
207  2  0  -90.0008
468  1  0  -90.0008
729  1  0  -90.0008
990  2  0  -90.0008
208  2  0  -90.0008
469  1  0  -90.0008
730  1  0  -90.0008
991  2  0  -90.0008
209  2  0  -90.0008
470  1  0  -90.0008
731  1  0  -90.0008
992  2  0  -90.0008
210  2  0  -90.0008
471  1  0  -90.0008
732  1  0  -90.0008
993  2  0  -90.0008
211  2  0  -90.0008
472  1  0  -90.0008
733  1  0  -90.0008
994  2  0  -90.0008
212  2  0  -90.0008
473  1  0  -90.0008
734  1  0  -90.0008
995  2  0  -90.0008
213  2  0  -90.0008
474  1  0  -90.0008
735  1  0  -90.0008
996  2  0  -90.0008
214  2  0  -90.0008
475  1  0  -90.0008
736  1  0  -90.0008
997  2  0  -90.0008
215  2  0  -90.0008
476  1  0  -90.0008
737  1  0  -90.0008
998  2  0  -90.0008
216  2  0  -90.0008
477  1  0  -90.0008
738  1  0  -90.0008
999  2  0  -90.0008
217  2  0  -90.0008
478  1  0  -90.0008
739  1  0  -90.0008
1000  2  0  -90.0008
218  2  0  -90.0008
479  1  0  -90.0008
740  1  0  -90.0008
1001  2  0  -90.0008
219  2  0  -90.0008
480  1  0  -90.0008
741  1  0  -90.0008
1002  2  0  -90.0008
220  2  0  -90.0008
481  1  0  -90.0008
742  1  0  -90.0008
1003  2  0  -90.0008
221  2  0  -90.0008
482  1  0  -90.0008
743  1  0  -90.0008
1004  2  0  -90.0008
222  2  0  -90.0008
483  1  0  -90.0008
744  1  0  -90.0008
1005  2  0  -90.0008
223  2  0  -90.0008
484  1  0  -90.0008
745  1  0  -90.0008
1006  2  0  -90.0008
224  2  0  -90.0008
485  1  0  -90.0008
746  1  0  -90.0008
1007  2  0  -90.0008
225  2  0  -90.0008
486  1  0  -90.0008
747  1  0  -90.0008
1008  2  0  -90.0008
226  2  0  -90.0008
487  1  0  -90.0008
748  1  0  -90.0008
1009  2  0  -90.0008
227  2  0  -90.0008
488  1  0  -90.0008
749  1  0  -90.0008
1010  2  0  -90.0008
228  2  0  -90.0008
489  1  0  -90.0008
750  1  0  -90.0008
1011  2  0  -90.0008
229  2  0  -90.0008
490  1  0  -90.0008
751  1  0  -90.0008
1012  2  0  -90.0008
230  2  0  -90.0008
491  1  0  -90.0008
752  1  0  -90.0008
1013  2  0  -90.0008
231  2  0  -89.9889
492  1  0  -89.9889
753  1  0  -89.9889
1014  2  0  -89.9889
232  2  0  -89.9889
493  1  0  -89.9889
754  1  0  -89.9889
1015  2  0  -89.9889
233  2  0  -89.9889
494  1  0  -89.9889
755  1  0  -89.9889
1016  2  0  -89.9889
234  2  0  -89.9889
495  1  0  -89.9889
756  1  0  -89.9889
1017  2  0  -89.9889
235  2  0  -89.9889
496  1  0  -89.9889
757  1  0  -89.9889
1018  2  0  -89.9889
236  2  0  -89.9889
497  1  0  -89.9889
758  1  0  -89.9889
1019  2  0  -89.9889
237  2  0  -89.9889
498  1  0  -89.9889
759  1  0  -89.9889
1020  2  0  -89.9889
238  2  0  -89.9889
499  1  0  -89.9889
760  1  0  -89.9889
1021  2  0  -89.9889
239  2  0  -89.9889
500  1  0  -89.9889
761  1  0  -89.9889
1022  2  0  -89.9889
240  2  0  -89.9889
501  1  0  -89.9889
762  1  0  -89.9889
1023  2  0  -89.9889
241  2  0  -89.9889
502  1  0  -89.9889
763  1  0  -89.9889
1024  2  0  -89.9889
242  2  0  -89.9889
503  1  0  -89.9889
764  1  0  -89.9889
1025  2  0  -89.9889
243  2  0  -89.9889
504  1  0  -89.9889
765  1  0  -89.9889
1026  2  0  -89.9889
244  2  0  -89.9889
505  1  0  -89.9889
766  1  0  -89.9889
1027  2  0  -89.9889
245  2  0  -89.9889
506  1  0  -89.9889
767  1  0  -89.9889
1028  2  0  -89.9889
246  2  0  -89.9889
507  1  0  -89.9889
768  1  0  -89.9889
1029  2  0  -89.9889
247  2  0  -89.9889
508  1  0  -89.9889
769  1  0  -89.9889
1030  2  0  -89.9889
248  2  0  -89.9889
509  1  0  -89.9889
770  1  0  -89.9889
1031  2  0  -89.9889
249  2  0  -89.9889
510  1  0  -89.9889
771  1  0  -89.9889
1032  2  0  -89.9889
250  2  0  -89.9889
511  1  0  -89.9889
772  1  0  -89.9889
1033  2  0  -89.9889
251  2  0  -89.9889
512  1  0  -89.9889
773  1  0  -89.9889
1034  2  0  -89.9889
252  2  0  -89.9889
513  1  0  -89.9889
774  1  0  -89.9889
1035  2  0  -89.9889
253  2  0  -89.9889
514  1  0  -89.9889
775  1  0  -89.9889
1036  2  0  -89.9889
254  2  0  -89.9889
515  1  0  -89.9889
776  1  0  -89.9889
1037  2  0  -89.9889
255  2  0  -89.9889
516  1  0  -89.9889
777  1  0  -89.9889
1038  2  0  -89.9889
256  2  0  -89.9889
517  1  0  -89.9889
778  1  0  -89.9889
1039  2  0  -89.9889
257  2  0  -89.9889
518  1  0  -89.9889
779  1  0  -89.9889
1040  2  0  -89.9889
258  2  0  -89.9889
519  1  0  -89.9889
780  1  0  -89.9889
1041  2  0  -89.9889
259  2  0  -89.9889
520  1  0  -89.9889
781  1  0  -89.9889
1042  2  0  -89.9889
260  2  0  -89.9889
521  1  0  -89.9889
782  1  0  -89.9889
1043  2  0  -89.9889
261  2  0  -89.9889
522  1  0  -89.9889
783  1  0  -89.9889
1044  2  0  90.0111
