1  3  0  14.081
251  5  0  14.0802
501  4  0  14.079
751  5  0  14.0772
2  3  0  11.3629
252  5  0  11.3629
502  4  0  11.3629
752  5  0  11.363
3  3  0  8.66085
253  5  0  8.66102
503  4  0  8.66126
753  5  0  8.6615
4  3  0  6.36088
254  5  0  6.36058
504  4  0  6.36015
754  5  0  6.35972
5  3  0  3.38406
255  5  0  3.38457
505  4  0  3.38529
755  5  0  3.386
6  3  0  1.67804
256  5  0  1.67801
506  4  0  1.67797
756  5  0  1.67793
7  3  0  -0.127983
257  5  0  -0.127925
507  4  0  -0.127842
757  5  0  -0.12776
8  3  0  -1.73401
258  5  0  -1.73393
508  4  0  -1.73383
758  5  0  -1.73373
9  3  0  -3.05348
259  5  0  -3.05366
509  4  0  -3.05391
759  5  0  -3.05416
10  3  0  -5.00807
260  5  0  -5.00799
510  1  0  11.4496
760  5  0  25.4325
11  3  0  -6.60855
261  5  0  -6.60845
511  1  0  -6.60722
761  5  0  -6.60603
12  3  0  -7.77922
262  5  0  -7.77924
512  1  0  -7.77943
762  5  0  -7.77962
13  3  0  -9.02806
263  5  0  -9.02806
513  1  0  -9.02805
763  5  0  -9.02805
14  3  0  -10.2757
264  5  0  -10.2756
514  1  0  -10.2748
764  5  0  -10.274
15  3  0  -11.1455
265  5  0  -11.1455
515  1  0  -11.1458
765  5  0  -11.1461
16  3  0  -12.1702
266  5  0  -12.1702
516  1  0  -12.1699
766  5  0  -12.1697
17  3  0  -13.0782
267  5  0  -13.0782
517  1  0  -13.0784
767  5  0  -13.0785
18  3  0  -14.0742
268  5  0  -14.0742
518  1  0  -14.0741
768  5  0  -14.074
19  3  0  -15.0231
269  5  0  -15.023
519  1  0  -15.0223
769  5  0  -15.0216
20  3  0  -15.4866
270  5  0  -15.4866
520  1  0  -15.487
770  5  0  -15.4873
21  3  0  -16.2343
271  5  0  -16.2343
521  1  0  -16.2341
771  5  0  -16.2339
22  3  0  -16.8701
272  5  0  -16.8701
522  1  0  -16.8698
772  5  0  -16.8696
23  3  0  -17.2506
273  5  0  -17.2506
523  1  0  -17.2507
773  5  0  -17.2508
24  3  0  -17.7795
274  5  0  -17.7795
524  1  0  -17.7793
774  5  0  -17.7791
25  3  0  -18.1118
275  5  0  -18.1118
525  1  0  -18.112
775  5  0  -18.1121
26  3  0  -18.6164
276  5  0  -18.6164
526  1  0  -18.6162
776  5  0  -18.616
27  3  0  -18.8397
277  5  0  -18.8397
527  1  0  -18.8397
777  5  0  -18.8397
28  3  0  -19.0857
278  5  0  -19.0857
528  1  0  -19.0857
778  5  0  -19.0858
29  3  0  -19.4218
279  5  0  -19.4218
529  1  0  -19.4218
779  5  0  -19.4218
30  3  0  -19.81
280  5  0  -19.81
530  1  0  -19.8098
780  5  0  -19.8097
31  3  0  -19.7684
281  5  0  -19.7684
531  1  0  -19.7684
781  5  0  -19.7684
32  3  0  -19.819
282  5  0  -19.819
532  1  0  -19.819
782  5  0  -19.819
33  3  0  -19.9471
283  5  0  -19.9471
533  1  0  -19.9472
783  5  0  -19.9472
34  3  0  -20.2569
284  5  0  -20.2569
534  1  0  -20.2568
784  5  0  -20.2567
35  3  0  -20.2668
285  5  0  -20.2668
535  1  0  -20.2668
785  5  0  -20.2668
36  3  0  -20.2478
286  5  0  -20.2478
536  1  0  -20.2478
786  5  0  -20.2478
37  3  0  -20.2323
287  5  0  -20.2323
537  1  0  -20.2323
787  5  0  -20.2323
38  3  0  -20.306
288  5  0  -20.306
538  1  0  -20.306
788  5  0  -20.306
39  3  0  -20.1768
289  5  0  -20.1768
539  1  0  -20.1768
789  5  0  -20.1768
40  3  0  -20.1541
290  5  0  -20.1541
540  1  0  -20.1541
790  5  0  -20.1541
41  3  0  -20.1647
291  5  0  -20.1647
541  1  0  -20.1647
791  5  0  -20.1647
42  3  0  -20.0163
292  5  0  -20.0163
542  1  0  -20.0163
792  5  0  -20.0163
43  3  0  -19.7843
293  5  0  -19.7843
543  1  0  -19.7843
793  5  0  -19.7842
44  3  0  -19.6178
294  5  0  -19.6178
544  1  0  -19.6178
794  5  0  -19.6178
45  3  0  -19.476
295  5  0  -19.476
545  1  0  -19.476
795  5  0  -19.4761
46  3  0  -19.2614
296  5  0  -19.2614
546  1  0  -19.2614
796  5  0  -19.2614
47  3  0  -19.0903
297  5  0  -19.0903
547  1  0  -19.0903
797  5  0  -19.0903
48  3  0  -18.8698
298  5  0  -18.8699
548  1  0  -18.8701
798  5  0  -18.8703
49  3  0  -18.3716
299  5  0  -18.3716
549  1  0  -18.3717
799  5  0  -18.3717
50  3  0  -17.8432
300  5  0  -17.8431
550  1  0  -17.8429
800  5  0  -17.8428
51  3  0  -17.5373
301  5  0  -17.5373
551  1  0  -17.5373
801  5  0  -17.5373
52  3  0  -17.2112
302  5  0  -17.2112
552  1  0  -17.2116
802  5  0  -17.212
53  3  0  -16.5109
303  5  0  -16.5109
553  1  0  -13.3276
803  5  0  -10.1371
54  3  0  -15.8676
304  5  0  -15.8015
554  6  0  -15.7488
804  5  0  -15.7382
55  3  0  -15.0283
305  5  0  -14.9227
555  6  0  -14.7161
805  5  0  -14.6364
56  3  0  -14.4227
306  5  0  -14.4227
556  6  0  -14.4229
806  5  0  -14.4231
57  3  0  -13.6993
307  5  0  -13.6995
557  6  0  -13.7015
807  5  0  -13.7036
58  3  0  -12.2239
308  5  0  -12.2238
558  6  0  -12.2221
808  5  0  -12.2203
59  3  0  -11.3419
309  5  0  -11.3419
559  6  0  -11.3426
809  5  0  -11.3433
60  3  0  -10.1986
310  5  0  -10.1987
560  6  0  -10.1989
810  5  0  -10.1991
61  3  0  -8.98327
311  5  0  -8.98327
561  6  0  -8.98323
811  5  0  -8.98319
62  3  0  -7.78094
312  5  0  -7.78109
562  6  0  -7.78326
812  5  0  -7.78549
63  3  0  -5.99718
313  5  0  -5.99713
563  6  0  -5.99647
813  5  0  -5.99579
64  3  0  -4.36842
314  5  0  -4.36842
564  6  0  -4.36838
814  5  0  -4.36835
65  3  0  -2.74792
315  5  0  -2.74795
565  6  0  -2.74844
815  5  0  -2.74895
66  3  0  -1.00985
316  5  0  -1.0099
566  6  0  -1.01049
816  5  0  -1.01111
67  3  0  0.86042
317  5  0  0.860345
567  6  0  0.859293
817  5  0  0.858199
68  3  0  2.94271
318  5  0  2.94258
568  6  0  2.94077
818  5  0  2.93888
69  3  0  5.36549
319  5  0  5.52793
569  6  0  5.74238
819  5  0  5.83186
70  3  0  7.35016
320  5  0  7.61735
570  6  0  9.26269
820  5  0  24.7525
71  3  0  9.32751
321  5  0  9.32749
571  1  0  5.29451
821  5  0  1.16993
72  3  0  11.3802
322  5  0  11.3802
572  1  0  11.3804
822  5  0  11.3805
73  3  0  13.395
323  5  0  13.3951
573  1  0  13.3957
823  5  0  13.3964
74  3  0  15.2527
324  5  0  15.2528
574  1  0  15.2535
824  5  0  15.2543
75  3  0  16.9041
325  5  0  16.9042
575  1  0  16.9045
825  5  0  16.9049
76  3  0  18.4458
326  5  0  18.4458
576  1  0  18.4462
826  5  0  18.4466
77  3  0  19.8703
327  5  0  19.8703
577  1  0  19.8701
827  5  0  19.87
78  3  0  21.3318
328  5  0  21.3317
578  1  0  21.331
828  5  0  21.3303
79  3  0  22.994
329  5  0  22.994
579  1  0  22.9948
829  5  0  22.9957
80  3  0  24.4114
330  5  0  24.4114
580  1  0  24.4117
830  5  0  24.4121
81  3  0  25.7125
331  5  0  25.7124
581  1  0  25.7112
831  5  0  25.7099
82  3  0  27.3968
332  5  0  27.3968
582  1  0  27.3976
832  5  0  27.3984
83  3  0  28.8472
333  5  0  28.8473
583  1  0  28.8474
833  5  0  28.8475
84  3  0  30.2635
334  5  0  30.2635
584  1  0  30.2633
834  5  0  30.2631
85  3  0  31.7402
335  5  0  31.7401
585  1  0  31.7385
835  5  0  31.7368
86  3  0  33.6632
336  5  0  33.6633
586  1  0  13.7699
836  5  0  -2.43746
87  3  0  35.1113
337  5  0  35.1112
587  4  0  35.111
837  5  0  35.1109
88  3  0  36.9254
338  5  0  36.9254
588  4  0  36.9255
838  5  0  36.9255
89  3  0  38.7211
339  5  0  38.721
589  4  0  38.7209
839  5  0  38.7209
90  3  0  40.6909
340  5  0  40.6908
590  4  0  40.6906
840  5  0  40.6905
91  3  0  42.8952
341  5  0  42.8953
591  4  0  42.8953
841  5  0  42.8954
92  3  0  44.9615
342  5  0  44.9612
592  4  0  44.9607
842  5  0  44.9602
93  3  0  47.7908
343  5  0  47.7905
593  4  0  47.7901
843  5  0  47.7897
94  3  0  51.1406
344  5  0  51.1402
594  4  0  51.1396
844  5  0  51.1391
95  3  0  55.0864
345  5  0  55.084
595  4  0  55.0805
845  5  0  55.077
96  3  0  61.5667
346  5  0  61.5635
596  4  0  61.5588
846  5  0  61.5541
97  3  0  70.3502
347  5  0  70.3439
597  4  0  70.3347
847  5  0  70.3253
98  3  0  82.4525
348  5  0  82.4659
598  4  0  82.4856
848  5  0  82.5058
99  3  0  97.8195
349  5  0  97.801
599  4  0  97.7739
849  5  0  97.746
100  3  0  112.134
350  5  0  112.141
600  4  0  112.153
850  5  0  112.164
101  3  0  122.99
351  5  0  122.997
601  4  0  123.007
851  5  0  123.018
102  3  0  129.125
352  5  0  129.127
602  4  0  129.128
852  5  0  129.13
103  3  0  134.101
353  5  0  134.101
603  4  0  134.103
853  5  0  134.104
104  3  0  138.025
354  5  0  138.025
604  4  0  138.025
854  5  0  138.026
105  3  0  141.452
355  5  0  141.452
605  4  0  141.453
855  5  0  141.453
106  3  0  144.065
356  5  0  144.065
606  4  0  144.064
856  5  0  144.064
107  3  0  146.895
357  5  0  146.895
607  4  0  146.896
857  5  0  146.896
108  3  0  148.869
358  5  0  148.869
608  4  0  148.869
858  5  0  148.869
109  3  0  151.11
359  5  0  151.11
609  4  0  151.11
859  5  0  151.11
110  3  0  153.251
360  5  0  153.251
610  1  0  173.922
860  5  0  -169.508
111  3  0  154.947
361  5  0  154.947
611  1  0  154.947
861  5  0  154.948
112  3  0  156.385
362  5  0  156.385
612  1  0  156.385
862  5  0  156.385
113  3  0  157.807
363  5  0  157.807
613  1  0  157.807
863  5  0  157.807
114  3  0  159.319
364  5  0  159.319
614  1  0  159.319
864  5  0  159.32
115  3  0  160.705
365  5  0  160.705
615  1  0  160.706
865  5  0  160.706
116  3  0  162.045
366  5  0  162.045
616  1  0  162.045
866  5  0  162.045
117  3  0  163.44
367  5  0  163.44
617  1  0  163.44
867  5  0  163.441
118  3  0  164.693
368  5  0  164.693
618  1  0  164.693
868  5  0  164.694
119  3  0  165.777
369  5  0  165.777
619  1  0  165.776
869  5  0  165.776
120  3  0  167.047
370  5  0  167.047
620  1  0  167.048
870  5  0  167.048
121  3  0  168.128
371  5  0  168.128
621  1  0  168.128
871  5  0  168.128
122  3  0  169.245
372  5  0  169.245
622  1  0  169.245
872  5  0  169.244
123  3  0  170.558
373  5  0  170.558
623  1  0  170.558
873  5  0  170.558
124  3  0  171.812
374  5  0  171.812
624  1  0  171.812
874  5  0  171.812
125  3  0  172.997
375  5  0  172.997
625  1  0  172.996
875  5  0  172.995
126  3  0  174.505
376  5  0  174.375
626  6  0  -173.291
876  5  0  -124.852
127  3  0  175.462
377  5  0  175.384
627  6  0  175.284
877  5  0  175.244
128  3  0  176.503
378  5  0  176.503
628  6  0  176.502
878  5  0  176.502
129  3  0  177.755
379  5  0  177.755
629  6  0  177.756
879  5  0  177.757
130  3  0  178.485
380  5  0  178.485
630  6  0  178.485
880  5  0  178.485
131  3  0  179.125
381  5  0  179.125
631  6  0  179.125
881  5  0  179.124
132  3  0  179.964
382  5  0  179.963
632  6  0  179.963
882  5  0  179.962
133  3  0  -178.973
383  5  0  -178.973
633  6  0  -178.971
883  5  0  -178.97
134  3  0  -178.549
384  5  0  -178.549
634  6  0  -178.55
884  5  0  -178.55
135  3  0  -178.023
385  5  0  -178.023
635  6  0  -178.023
885  5  0  -178.024
136  3  0  -177.383
386  5  0  -177.383
636  6  0  -177.383
886  5  0  -177.383
137  3  0  -176.682
387  5  0  -176.682
637  6  0  -176.682
887  5  0  -176.682
138  3  0  -176.131
388  5  0  -176.131
638  6  0  -176.131
888  5  0  -176.131
139  3  0  -175.468
389  5  0  -175.468
639  6  0  -175.467
889  5  0  -175.467
140  3  0  -175.068
390  5  0  -175.068
640  6  0  -175.068
890  5  0  -175.068
141  3  0  -174.735
391  5  0  -174.802
641  6  0  -175.02
891  5  0  -175.276
142  3  0  -174.215
392  5  0  -174.257
642  6  0  -177.344
892  5  0  -179.874
143  3  0  -173.506
393  5  0  -173.506
643  1  0  -173.506
893  5  0  -173.505
144  3  0  -173.105
394  5  0  -173.105
644  1  0  -173.105
894  5  0  -173.105
145  3  0  -172.82
395  5  0  -172.82
645  1  0  -172.82
895  5  0  -172.82
146  3  0  -172.507
396  5  0  -172.507
646  1  0  -172.507
896  5  0  -172.508
147  3  0  -172.059
397  5  0  -172.059
647  1  0  -172.058
897  5  0  -172.058
148  3  0  -171.804
398  5  0  -171.804
648  1  0  -171.804
898  5  0  -171.804
149  3  0  -171.488
399  5  0  -171.488
649  1  0  -171.488
899  5  0  -171.488
150  3  0  -171.159
400  5  0  -171.159
650  1  0  -171.159
900  5  0  -171.159
151  3  0  -170.804
401  5  0  -170.804
651  1  0  -170.804
901  5  0  -170.804
152  3  0  -170.486
402  5  0  -170.486
652  1  0  -170.485
902  5  0  -170.485
153  3  0  -170.378
403  5  0  -170.378
653  1  0  -170.378
903  5  0  -170.378
154  3  0  -170.241
404  5  0  -170.241
654  1  0  -170.241
904  5  0  -170.242
155  3  0  -169.835
405  5  0  -169.835
655  1  0  -169.835
905  5  0  -169.835
156  3  0  -169.443
406  5  0  -169.443
656  1  0  -169.443
906  5  0  -169.443
157  3  0  -169.283
407  5  0  -169.283
657  1  0  -169.283
907  5  0  -169.283
158  3  0  -169.163
408  5  0  -169.163
658  1  0  -169.163
908  5  0  -169.163
159  3  0  -168.867
409  5  0  -168.867
659  1  0  -168.867
909  5  0  -168.867
160  3  0  -168.615
410  5  0  -168.615
660  1  0  -168.615
910  5  0  -168.615
161  3  0  -168.563
411  5  0  -168.563
661  1  0  -168.563
911  5  0  -168.563
162  3  0  -168.494
412  5  0  -168.494
662  1  0  -168.494
912  5  0  -168.494
163  3  0  -168.292
413  5  0  -168.292
663  1  0  -168.292
913  5  0  -168.292
164  3  0  -167.93
414  5  0  -167.93
664  1  0  -167.93
914  5  0  -167.93
165  3  0  -167.853
415  5  0  -167.853
665  1  0  -167.853
915  5  0  -167.853
166  3  0  -167.746
416  5  0  -167.746
666  1  0  -167.746
916  5  0  -167.746
167  3  0  -167.592
417  5  0  -167.592
667  1  0  -167.592
917  5  0  -167.592
168  3  0  -167.585
418  5  0  -167.585
668  1  0  -167.586
918  5  0  -167.586
169  3  0  -167.304
419  5  0  -167.304
669  1  0  -167.304
919  5  0  -167.304
170  3  0  -167.269
420  5  0  -167.269
670  1  0  -167.269
920  5  0  -167.269
171  3  0  -167.213
421  5  0  -167.213
671  1  0  -167.213
921  5  0  -167.213
172  3  0  -167.06
422  5  0  -167.06
672  1  0  -167.06
922  5  0  -167.06
173  3  0  -166.955
423  5  0  -166.955
673  1  0  -166.955
923  5  0  -166.955
174  3  0  -166.87
424  5  0  -166.87
674  1  0  -166.87
924  5  0  -166.87
175  3  0  -166.659
425  5  0  -166.659
675  1  0  -166.659
925  5  0  -166.659
176  3  0  -166.653
426  5  0  -166.653
676  1  0  -166.653
926  5  0  -166.653
177  3  0  -166.545
427  5  0  -166.545
677  1  0  -166.545
927  5  0  -166.545
178  3  0  -166.463
428  5  0  -166.463
678  1  0  -166.463
928  5  0  -166.463
179  3  0  -166.589
429  5  0  -166.589
679  1  0  -166.589
929  5  0  -166.589
180  3  0  -166.492
430  5  0  -166.492
680  1  0  -166.493
930  5  0  -166.493
181  3  0  -166.095
431  5  0  -166.095
681  1  0  -166.095
931  5  0  -166.095
182  3  0  -166.346
432  5  0  -166.346
682  1  0  -166.346
932  5  0  -166.346
183  3  0  -166.337
433  5  0  -166.337
683  1  0  -166.337
933  5  0  -166.337
184  3  0  -166.109
434  5  0  -166.109
684  1  0  -166.109
934  5  0  -166.109
185  3  0  -166.152
435  5  0  -166.152
685  1  0  -166.152
935  5  0  -166.152
186  3  0  -166.119
436  5  0  -166.119
686  1  0  177.155
936  5  0  162.872
187  3  0  -166.089
437  5  0  -166.089
687  4  0  -166.089
937  5  0  -166.089
188  3  0  -166.112
438  5  0  -166.112
688  4  0  -166.112
938  5  0  -166.112
189  3  0  -166.175
439  5  0  -166.175
689  4  0  -166.175
939  5  0  -166.175
190  3  0  -166.059
440  5  0  -166.059
690  4  0  -166.059
940  5  0  -166.059
191  3  0  -165.879
441  5  0  -165.879
691  4  0  -165.879
941  5  0  -165.879
192  3  0  -165.473
442  5  0  -165.473
692  4  0  -165.473
942  5  0  -165.473
193  3  0  -165.287
443  5  0  -165.287
693  4  0  -165.287
943  5  0  -165.287
194  3  0  -165.113
444  5  0  -165.113
694  4  0  -165.113
944  5  0  -165.113
195  3  0  -164.807
445  5  0  -165.019
695  4  0  -165.336
945  5  0  -165.669
196  3  0  -117.082
446  5  0  -116.977
696  4  0  -116.804
946  5  0  -116.599
197  2  0  -90.0477
447  1  0  -90.0477
697  1  0  -90.0477
947  2  0  89.9523
198  2  0  -90.0477
448  1  0  -90.0477
698  1  0  -90.0477
948  2  0  -90.0477
199  2  0  -90.0477
449  1  0  -90.0477
699  1  0  -90.0477
949  2  0  -90.0477
200  2  0  -90.0477
450  1  0  -90.0477
700  1  0  -90.0477
950  2  0  -90.0477
201  2  0  -90.0477
451  1  0  -90.0477
701  1  0  -90.0477
951  2  0  -90.0477
202  2  0  -90.0477
452  1  0  -90.0477
702  1  0  -90.0477
952  2  0  -90.0477
203  2  0  -90.0477
453  1  0  -90.0477
703  1  0  -90.0477
953  2  0  -90.0477
204  2  0  -90.0477
454  1  0  -90.0477
704  1  0  -90.0477
954  2  0  -90.0477
205  2  0  -90.0477
455  1  0  -90.0477
705  1  0  -90.0477
955  2  0  -90.0477
206  2  0  -90.0477
456  1  0  -90.0477
706  1  0  -90.0477
956  2  0  -90.0477
207  2  0  -90.0477
457  1  0  -90.0477
707  1  0  -90.0477
957  2  0  -90.0477
208  2  0  -90.0477
458  1  0  -90.0477
708  1  0  -90.0477
958  2  0  -90.0477
209  2  0  -90.0477
459  1  0  -90.0477
709  1  0  -90.0477
959  2  0  -90.0477
210  2  0  -90.0477
460  1  0  -90.0477
710  1  0  -90.0477
960  2  0  -90.0477
211  2  0  -90.0477
461  1  0  -90.0477
711  1  0  -90.0477
961  2  0  -90.0477
212  2  0  -90.0477
462  1  0  -90.0477
712  1  0  -90.0477
962  2  0  -90.0477
213  2  0  -90.0477
463  1  0  -90.0477
713  1  0  -90.0477
963  2  0  -90.0477
214  2  0  -90.0477
464  1  0  -90.0477
714  1  0  -90.0477
964  2  0  -90.0477
215  2  0  -90.0477
465  1  0  -90.0477
715  1  0  -90.0477
965  2  0  -90.0477
216  2  0  -90.0477
466  1  0  -90.0477
716  1  0  -90.0477
966  2  0  -90.0477
217  2  0  -90.0477
467  1  0  -90.0477
717  1  0  -90.0477
967  2  0  -90.0477
218  2  0  -90.0477
468  1  0  -90.0477
718  1  0  -90.0477
968  2  0  -90.0477
219  2  0  -90.0477
469  1  0  -90.0477
719  1  0  -90.0477
969  2  0  -90.0477
220  2  0  -90.0477
470  1  0  -90.0477
720  1  0  -90.0477
970  2  0  -90.0477
221  2  0  -90.0477
471  1  0  -90.0477
721  1  0  -90.0477
971  2  0  -90.0477
222  2  0  -90.0477
472  1  0  -90.0477
722  1  0  -90.0477
972  2  0  89.9523
223  2  0  -90.0174
473  1  0  -90.0174
723  1  0  -90.0174
973  2  0  89.9826
224  2  0  -90.0174
474  1  0  -90.0174
724  1  0  -90.0174
974  2  0  -90.0174
225  2  0  -90.0174
475  1  0  -90.0174
725  1  0  -90.0174
975  2  0  -90.0174
226  2  0  -90.0174
476  1  0  -90.0174
726  1  0  -90.0174
976  2  0  -90.0174
227  2  0  -90.0174
477  1  0  -90.0174
727  1  0  -90.0174
977  2  0  -90.0174
228  2  0  -90.0174
478  1  0  -90.0174
728  1  0  -90.0174
978  2  0  -90.0174
229  2  0  -90.0174
479  1  0  -90.0174
729  1  0  -90.0174
979  2  0  -90.0174
230  2  0  -90.0174
480  1  0  -90.0174
730  1  0  -90.0174
980  2  0  -90.0174
231  2  0  -90.0174
481  1  0  -90.0174
731  1  0  -90.0174
981  2  0  -90.0174
232  2  0  -90.0174
482  1  0  -90.0174
732  1  0  -90.0174
982  2  0  -90.0174
233  2  0  -90.0174
483  1  0  -90.0174
733  1  0  -90.0174
983  2  0  -90.0174
234  2  0  -90.0174
484  1  0  -90.0174
734  1  0  -90.0174
984  2  0  -90.0174
235  2  0  -90.0174
485  1  0  -90.0174
735  1  0  -90.0174
985  2  0  -90.0174
236  2  0  -90.0174
486  1  0  -90.0174
736  1  0  -90.0174
986  2  0  -90.0174
237  2  0  -90.0174
487  1  0  -90.0174
737  1  0  -90.0174
987  2  0  -90.0174
238  2  0  -90.0174
488  1  0  -90.0174
738  1  0  -90.0174
988  2  0  -90.0174
239  2  0  -90.0174
489  1  0  -90.0174
739  1  0  -90.0174
989  2  0  -90.0174
240  2  0  -90.0174
490  1  0  -90.0174
740  1  0  -90.0174
990  2  0  -90.0174
241  2  0  -90.0174
491  1  0  -90.0174
741  1  0  -90.0174
991  2  0  -90.0174
242  2  0  -90.0174
492  1  0  -90.0174
742  1  0  -90.0174
992  2  0  -90.0174
243  2  0  -90.0174
493  1  0  -90.0174
743  1  0  -90.0174
993  2  0  -90.0174
244  2  0  -90.0174
494  1  0  -90.0174
744  1  0  -90.0174
994  2  0  -90.0174
245  2  0  -90.0174
495  1  0  -90.0174
745  1  0  -90.0174
995  2  0  -90.0174
246  2  0  -90.0174
496  1  0  -90.0174
746  1  0  -90.0174
996  2  0  -90.0174
247  2  0  -90.0174
497  1  0  -90.0174
747  1  0  -90.0174
997  2  0  -90.0174
248  2  0  -90.0174
498  1  0  -90.0174
748  1  0  -90.0174
998  2  0  -90.0174
249  2  0  -90.0174
499  1  0  -90.0174
749  1  0  -90.0174
999  2  0  -90.0174
250  2  0  -90.0174
500  1  0  -90.0174
750  1  0  -90.0174
1000  2  0  89.9826
