1  3  0  -85.9261
299  5  0  -85.9314
597  1  0  -85.9443
895  5  0  -85.9581
2  3  0  -81.9973
300  5  0  -82.0057
598  1  0  -82.0259
896  5  0  -82.0475
3  3  0  -75.6971
301  5  0  -75.694
599  1  0  -75.6862
897  5  0  -75.6779
4  3  0  -70.175
302  5  0  -70.1734
600  1  0  -70.1695
898  5  0  -70.1654
5  3  0  -65.0902
303  5  0  -65.0892
601  1  0  -65.087
899  5  0  -65.0846
6  3  0  -60.2772
304  5  0  -60.2752
602  1  0  -60.2703
900  5  0  -60.2652
7  3  0  -56.12
305  5  0  -56.1186
603  1  0  -56.1152
901  5  0  -56.1116
8  3  0  -52.4996
306  5  0  -52.4982
604  1  0  -52.4948
902  5  0  -52.4912
9  3  0  -49.5124
307  5  0  -49.5119
605  1  0  -49.5108
903  5  0  -49.5096
10  3  0  -46.766
308  5  0  -46.7649
606  1  0  -46.7624
904  5  0  -46.7599
11  3  0  -44.6473
309  5  0  -44.6475
607  1  0  -44.648
905  5  0  -44.6484
12  3  0  -42.3988
310  5  0  -42.3983
608  1  0  -42.3971
906  5  0  -42.3958
13  3  0  -40.5118
311  5  0  -40.5114
609  1  0  -40.5105
907  5  0  -40.5095
14  3  0  -38.9775
312  5  0  -38.9775
610  1  0  -38.9776
908  5  0  -38.9776
15  3  0  -37.4191
313  5  0  -37.4186
611  1  0  -37.4176
909  5  0  -37.4165
16  3  0  -36.3833
314  5  0  -36.3833
612  1  0  -36.3835
910  5  0  -36.3836
17  3  0  -35.265
315  5  0  -35.265
613  1  0  -35.265
911  5  0  -35.265
18  3  0  -34.154
316  5  0  -34.1539
614  1  0  -34.1535
912  5  0  -34.1531
19  3  0  -33.3619
317  5  0  -33.3619
615  1  0  -33.3619
913  5  0  -33.3619
20  3  0  -32.5721
318  5  0  -32.5721
616  1  0  -32.5721
914  5  0  -32.5722
21  3  0  -31.7638
319  5  0  -31.7637
617  1  0  -31.7635
915  5  0  -31.7633
22  3  0  -31.141
320  5  0  -31.141
618  1  0  -31.1411
916  5  0  -31.1412
23  3  0  -30.455
321  5  0  -30.455
619  1  0  -30.4549
917  5  0  -30.4549
24  3  0  -29.7988
322  5  0  -29.7987
620  1  0  -29.7986
918  5  0  -29.7985
25  3  0  -29.2602
323  5  0  -29.2601
621  1  0  -29.26
919  5  0  -29.2599
26  3  0  -28.8856
324  5  0  -28.8856
622  1  0  -28.8858
920  5  0  -28.8859
27  3  0  -28.3222
325  5  0  -28.3222
623  1  0  -28.3222
921  5  0  -28.3223
28  3  0  -27.7094
326  5  0  -27.7094
624  1  0  -27.7093
922  5  0  -27.7093
29  3  0  -27.1495
327  5  0  -27.1495
625  1  0  -27.1495
923  5  0  -27.1496
30  3  0  -26.5353
328  5  0  -26.5352
626  1  0  -26.5351
924  5  0  -26.5351
31  3  0  -26.0135
329  5  0  -26.0135
627  1  0  -26.0136
925  5  0  -26.0137
32  3  0  -25.4096
330  5  0  -25.4096
628  1  0  -25.4096
926  5  0  -25.4097
33  3  0  -24.7633
331  5  0  -24.7633
629  1  0  -24.7633
927  5  0  -24.7633
34  3  0  -24.0942
332  5  0  -24.0942
630  1  0  -24.0942
928  5  0  -24.0942
35  3  0  -23.4087
333  5  0  -23.4087
631  1  0  -23.4086
929  5  0  -23.4086
36  3  0  -22.7439
334  5  0  -22.7439
632  1  0  -22.7439
930  5  0  -22.7439
37  3  0  -22.0961
335  5  0  -22.0961
633  1  0  -22.0963
931  5  0  -22.0964
38  3  0  -21.3183
336  5  0  -21.3183
634  1  0  -21.3183
932  5  0  -21.3183
39  3  0  -20.5404
337  5  0  -20.5405
635  1  0  -20.541
933  5  0  -20.5414
40  3  0  -19.4561
338  5  0  -19.456
636  1  0  -19.4557
934  5  0  -19.4555
41  3  0  -18.5272
339  5  0  -18.5273
637  1  0  -18.1802
935  5  0  -17.8293
42  3  0  -17.3484
340  5  0  -17.3419
638  6  0  -17.3557
936  5  0  -17.3858
43  3  0  -16.2396
341  5  0  -16.2327
639  6  0  -16.2475
937  5  0  -16.275
44  3  0  -15.0814
342  5  0  -15.0815
640  6  0  -15.0816
938  5  0  -15.0818
45  3  0  -13.8363
343  5  0  -13.8363
641  6  0  -13.8364
939  5  0  -13.8365
46  3  0  -12.5491
344  5  0  -12.5491
642  6  0  -12.5492
940  5  0  -12.5493
47  3  0  -11.214
345  5  0  -11.2141
643  6  0  -11.2143
941  5  0  -11.2145
48  3  0  -9.8014
346  5  0  -9.80137
644  6  0  -9.80131
942  5  0  -9.80125
49  3  0  -8.41514
347  5  0  -8.41521
645  6  0  -8.41537
943  5  0  -8.41553
50  3  0  -6.9602
348  5  0  -6.96042
646  6  0  -6.96093
944  5  0  -6.96146
51  3  0  -5.30172
349  5  0  -5.30148
647  6  0  -5.3009
945  5  0  -5.30031
52  3  0  -3.8735
350  5  0  -3.87358
648  6  0  -3.87376
946  5  0  -3.87395
53  3  0  -2.36708
351  5  0  -2.36725
649  6  0  -2.36764
947  5  0  -2.36805
54  3  0  -0.705615
352  5  0  -0.705511
650  6  0  -0.705264
948  5  0  -0.705013
55  3  0  0.861861
353  5  0  0.861896
651  6  0  0.86198
949  5  0  0.862066
56  3  0  2.39607
354  5  0  2.396
652  6  0  2.39584
950  5  0  2.39568
57  3  0  3.9927
355  5  0  3.99272
653  6  0  3.99277
951  5  0  3.99283
58  3  0  5.56834
356  5  0  5.56843
654  6  0  5.56863
952  5  0  5.56884
59  3  0  7.06236
357  5  0  7.06237
655  6  0  7.0624
953  5  0  7.06243
60  3  0  8.545
358  5  0  8.54497
656  6  0  8.54491
954  5  0  8.54485
61  3  0  10.0662
359  5  0  10.1288
657  6  0  10.2183
955  5  0  10.2791
62  3  0  11.6786
360  5  0  11.7592
658  6  0  11.9486
956  5  0  12.1881
63  3  0  13.1563
361  5  0  13.1562
659  1  0  12.7787
957  5  0  12.3947
64  3  0  14.7533
362  5  0  14.7533
660  1  0  14.7532
958  5  0  14.753
65  3  0  16.4005
363  5  0  16.4007
661  1  0  16.4012
959  5  0  16.4016
66  3  0  17.8659
364  5  0  17.8659
662  1  0  17.8661
960  5  0  17.8662
67  3  0  19.268
365  5  0  19.2678
663  1  0  19.2672
961  5  0  19.2666
68  3  0  20.9092
366  5  0  20.9092
664  1  0  20.9092
962  5  0  20.9092
69  3  0  22.545
367  5  0  22.5452
665  1  0  22.5455
963  5  0  22.5459
70  3  0  24.0362
368  5  0  24.0362
666  1  0  24.0362
964  5  0  24.0363
71  3  0  25.523
369  5  0  25.5229
667  1  0  25.5227
965  5  0  25.5224
72  3  0  27.1119
370  5  0  27.1117
668  1  0  27.1112
966  5  0  27.1107
73  3  0  28.8934
371  5  0  28.8935
669  1  0  28.8937
967  5  0  28.8939
74  3  0  30.6051
372  5  0  30.6051
670  1  0  30.605
968  5  0  30.6049
75  3  0  32.3485
373  5  0  32.3485
671  1  0  32.3485
969  5  0  32.3486
76  3  0  34.0771
374  5  0  34.0771
672  1  0  34.077
970  5  0  34.077
77  3  0  35.8246
375  5  0  35.8242
673  1  0  35.8234
971  5  0  35.8226
78  3  0  37.8412
376  5  0  37.8411
674  1  0  37.8409
972  5  0  37.8407
79  3  0  39.9275
377  5  0  39.9279
675  1  0  39.9287
973  5  0  39.9296
80  3  0  41.7468
378  5  0  41.7466
676  1  0  41.7461
974  5  0  41.7457
81  3  0  43.7149
379  5  0  43.7148
677  1  0  43.7145
975  5  0  43.7142
82  3  0  45.7772
380  5  0  45.7772
678  1  0  45.7773
976  5  0  45.7774
83  3  0  47.8149
381  5  0  47.8145
679  1  0  47.8136
977  5  0  47.8127
84  3  0  50.1079
382  5  0  50.1082
680  1  0  50.1087
978  5  0  50.1093
85  3  0  52.2464
383  5  0  52.2466
681  1  0  52.2471
979  5  0  52.2475
86  3  0  54.2464
384  5  0  54.2459
682  1  0  54.2447
980  5  0  54.2435
87  3  0  56.5801
385  5  0  56.5805
683  1  0  56.5813
981  5  0  56.5822
88  3  0  58.6731
386  5  0  58.6727
684  1  0  58.6717
982  5  0  58.6708
89  3  0  61.0287
387  5  0  61.0287
685  1  0  61.0287
983  5  0  61.0288
90  3  0  63.374
388  5  0  63.3736
686  1  0  63.3726
984  5  0  63.3717
91  3  0  65.9514
389  5  0  65.9516
687  1  0  65.9521
985  5  0  65.9526
92  3  0  68.4171
390  5  0  68.417
688  1  0  68.4167
986  5  0  68.4163
93  3  0  70.9657
391  5  0  70.9659
689  1  0  70.9663
987  5  0  70.9668
94  3  0  73.4019
392  5  0  73.402
690  1  0  73.4023
988  5  0  73.4026
95  3  0  75.7705
393  5  0  75.7691
691  1  0  75.7659
989  5  0  75.7625
96  3  0  78.8731
394  5  0  78.874
692  1  0  78.8762
990  5  0  78.8785
97  3  0  81.4981
395  5  0  81.4989
693  1  0  81.5009
991  5  0  81.5029
98  3  0  83.6072
396  5  0  83.6052
694  1  0  83.6004
992  5  0  83.5954
99  3  0  86.8321
397  5  0  86.8357
695  1  0  86.8439
993  5  0  86.8523
100  3  0  87.1886
398  5  0  87.1887
696  1  0  87.1888
994  5  0  87.1889
101  3  0  92.8096
399  5  0  92.8096
697  1  0  92.8095
995  5  0  92.8093
102  3  0  93.2053
400  5  0  93.2027
698  1  0  93.1967
996  5  0  93.1906
103  3  0  95.999
401  5  0  96.0005
699  1  0  96.004
997  5  0  96.0076
104  3  0  97.8302
402  5  0  97.8286
700  1  0  97.8249
998  5  0  97.821
105  3  0  100.674
403  5  0  100.674
701  1  0  100.674
999  5  0  100.674
106  3  0  103.481
404  5  0  103.482
702  1  0  103.483
1000  5  0  103.485
107  3  0  105.85
405  5  0  105.85
703  1  0  105.849
1001  5  0  105.849
108  3  0  108.411
406  5  0  108.411
704  1  0  108.412
1002  5  0  108.412
109  3  0  110.86
407  5  0  110.86
705  1  0  110.86
1003  5  0  110.86
110  3  0  113.316
408  5  0  113.317
706  1  0  113.317
1004  5  0  113.318
111  3  0  115.644
409  5  0  115.644
707  1  0  115.644
1005  5  0  115.643
112  3  0  118.058
410  5  0  118.058
708  1  0  118.058
1006  5  0  118.057
113  3  0  120.566
411  5  0  120.566
709  1  0  120.567
1007  5  0  120.568
114  3  0  122.873
412  5  0  122.873
710  1  0  122.873
1008  5  0  122.873
115  3  0  125.154
413  5  0  125.154
711  1  0  125.154
1009  5  0  125.154
116  3  0  127.454
414  5  0  127.454
712  1  0  127.454
1010  5  0  127.455
117  3  0  129.706
415  5  0  129.706
713  1  0  129.706
1011  5  0  129.706
118  3  0  131.959
416  5  0  131.959
714  1  0  131.959
1012  5  0  131.959
119  3  0  134.191
417  5  0  134.191
715  1  0  134.19
1013  5  0  134.19
120  3  0  136.476
418  5  0  136.476
716  1  0  136.477
1014  5  0  136.477
121  3  0  138.678
419  5  0  138.678
717  1  0  138.679
1015  5  0  138.68
122  3  0  140.677
420  5  0  140.677
718  1  0  140.677
1016  5  0  140.676
123  3  0  142.868
421  5  0  142.868
719  1  0  142.868
1017  5  0  142.868
124  3  0  144.983
422  5  0  144.983
720  1  0  144.984
1018  5  0  144.985
125  3  0  146.851
423  5  0  146.851
721  1  0  146.85
1019  5  0  146.85
126  3  0  148.776
424  5  0  148.776
722  1  0  148.776
1020  5  0  148.776
127  3  0  150.799
425  5  0  150.8
723  1  0  150.8
1021  5  0  150.801
128  3  0  152.636
426  5  0  152.636
724  1  0  152.636
1022  5  0  152.636
129  3  0  154.39
427  5  0  154.39
725  1  0  154.39
1023  5  0  154.39
130  3  0  156.145
428  5  0  156.145
726  1  0  156.145
1024  5  0  156.145
131  3  0  157.905
429  5  0  157.905
727  1  0  157.906
1025  5  0  157.906
132  3  0  159.609
430  5  0  159.609
728  1  0  159.609
1026  5  0  159.61
133  3  0  161.145
431  5  0  161.145
729  1  0  161.145
1027  5  0  161.145
134  3  0  162.643
432  5  0  162.643
730  1  0  162.642
1028  5  0  162.642
135  3  0  164.249
433  5  0  164.249
731  1  0  164.249
1029  5  0  164.25
136  3  0  165.704
434  5  0  165.704
732  1  0  165.704
1030  5  0  165.703
137  3  0  167.314
435  5  0  167.314
733  1  0  167.315
1031  5  0  167.315
138  3  0  168.81
436  5  0  168.81
734  1  0  168.81
1032  5  0  168.81
139  3  0  170.344
437  5  0  170.281
735  6  0  170.682
1033  5  0  171.262
140  3  0  171.787
438  5  0  171.736
736  6  0  171.664
1034  5  0  171.614
141  3  0  173.271
439  5  0  173.271
737  6  0  173.271
1035  5  0  173.271
142  3  0  174.663
440  5  0  174.664
738  6  0  174.664
1036  5  0  174.664
143  3  0  175.965
441  5  0  175.965
739  6  0  175.965
1037  5  0  175.966
144  3  0  177.186
442  5  0  177.185
740  6  0  177.185
1038  5  0  177.185
145  3  0  178.513
443  5  0  178.513
741  6  0  178.513
1039  5  0  178.513
146  3  0  179.807
444  5  0  179.807
742  6  0  179.807
1040  5  0  179.808
147  3  0  -178.931
445  5  0  -178.931
743  6  0  -178.931
1041  5  0  -178.931
148  3  0  -177.775
446  5  0  -177.775
744  6  0  -177.775
1042  5  0  -177.776
149  3  0  -176.512
447  5  0  -176.512
745  6  0  -176.512
1043  5  0  -176.512
150  3  0  -175.265
448  5  0  -175.265
746  6  0  -175.264
1044  5  0  -175.264
151  3  0  -174.149
449  5  0  -174.149
747  6  0  -174.149
1045  5  0  -174.149
152  3  0  -173.095
450  5  0  -173.095
748  6  0  -173.095
1046  5  0  -173.095
153  3  0  -172.017
451  5  0  -172.017
749  6  0  -172.017
1047  5  0  -172.017
154  3  0  -170.943
452  5  0  -170.943
750  6  0  -170.943
1048  5  0  -170.942
155  3  0  -169.975
453  5  0  -169.975
751  6  0  -169.975
1049  5  0  -169.975
156  3  0  -168.97
454  5  0  -168.97
752  6  0  -168.97
1050  5  0  -168.97
157  3  0  -167.894
455  5  0  -167.905
753  6  0  -167.905
1051  5  0  -167.893
158  3  0  -166.918
456  5  0  -166.928
754  6  0  -167.329
1052  5  0  -167.743
159  3  0  -165.782
457  5  0  -165.782
755  1  0  -165.782
1053  5  0  -165.782
160  3  0  -164.929
458  5  0  -164.929
756  1  0  -164.929
1054  5  0  -164.929
161  3  0  -164.066
459  5  0  -164.066
757  1  0  -164.066
1055  5  0  -164.066
162  3  0  -163.247
460  5  0  -163.247
758  1  0  -163.247
1056  5  0  -163.247
163  3  0  -162.471
461  5  0  -162.471
759  1  0  -162.472
1057  5  0  -162.472
164  3  0  -161.525
462  5  0  -161.525
760  1  0  -161.525
1058  5  0  -161.525
165  3  0  -160.698
463  5  0  -160.698
761  1  0  -160.698
1059  5  0  -160.698
166  3  0  -159.887
464  5  0  -159.887
762  1  0  -159.887
1060  5  0  -159.887
167  3  0  -159.072
465  5  0  -159.072
763  1  0  -159.072
1061  5  0  -159.072
168  3  0  -158.202
466  5  0  -158.202
764  1  0  -158.202
1062  5  0  -158.202
169  3  0  -157.287
467  5  0  -157.287
765  1  0  -157.287
1063  5  0  -157.287
170  3  0  -156.439
468  5  0  -156.439
766  1  0  -156.439
1064  5  0  -156.439
171  3  0  -155.543
469  5  0  -155.543
767  1  0  -155.543
1065  5  0  -155.543
172  3  0  -154.694
470  5  0  -154.694
768  1  0  -154.693
1066  5  0  -154.693
173  3  0  -153.863
471  5  0  -153.863
769  1  0  -153.863
1067  5  0  -153.864
174  3  0  -152.954
472  5  0  -152.955
770  1  0  -152.955
1068  5  0  -152.955
175  3  0  -151.955
473  5  0  -151.955
771  1  0  -151.955
1069  5  0  -151.955
176  3  0  -150.948
474  5  0  -150.948
772  1  0  -150.948
1070  5  0  -150.948
177  3  0  -149.966
475  5  0  -149.966
773  1  0  -149.966
1071  5  0  -149.966
178  3  0  -148.96
476  5  0  -148.96
774  1  0  -148.961
1072  5  0  -148.961
179  3  0  -147.762
477  5  0  -147.762
775  1  0  -147.762
1073  5  0  -147.762
180  3  0  -146.688
478  5  0  -146.688
776  1  0  -146.688
1074  5  0  -146.688
181  3  0  -145.51
479  5  0  -145.51
777  1  0  -145.511
1075  5  0  -145.511
182  3  0  -144.189
480  5  0  -144.189
778  1  0  -144.189
1076  5  0  -144.189
183  3  0  -142.754
481  5  0  -142.754
779  1  0  -142.754
1077  5  0  -142.754
184  3  0  -141.354
482  5  0  -141.354
780  1  0  -141.354
1078  5  0  -141.355
185  3  0  -139.771
483  5  0  -139.771
781  1  0  -139.771
1079  5  0  -139.771
186  3  0  -138.161
484  5  0  -138.161
782  1  0  -138.161
1080  5  0  -138.161
187  3  0  -136.53
485  5  0  -136.53
783  1  0  -136.531
1081  5  0  -136.532
188  3  0  -134.646
486  5  0  -134.646
784  1  0  -134.647
1082  5  0  -134.647
189  3  0  -132.639
487  5  0  -132.64
785  1  0  -132.641
1083  5  0  -132.643
190  3  0  -130.24
488  5  0  -130.24
786  1  0  -130.239
1084  5  0  -130.239
191  3  0  -128.003
489  5  0  -128.004
787  1  0  -128.005
1085  5  0  -128.006
192  3  0  -125.447
490  5  0  -125.448
788  1  0  -125.45
1086  5  0  -125.452
193  3  0  -122.473
491  5  0  -122.473
789  1  0  -122.472
1087  5  0  -122.472
194  3  0  -119.535
492  5  0  -119.537
790  1  0  -119.542
1088  5  0  -119.548
195  3  0  -115.647
493  5  0  -115.647
791  1  0  -115.645
1089  5  0  -115.643
196  3  0  -112.038
494  5  0  -112.04
792  1  0  -112.045
1090  5  0  -112.05
197  3  0  -107.665
495  5  0  -107.666
793  1  0  -107.667
1091  5  0  -107.668
198  3  0  -103.17
496  5  0  -103.175
794  1  0  -103.184
1092  5  0  -103.195
199  3  0  -97.5057
497  5  0  -97.5019
795  1  0  -97.4928
1093  5  0  -97.483
200  3  0  -92.9132
498  5  0  -92.9079
796  1  0  -92.8953
1094  5  0  -92.882
201  2  0  -90.0714
499  1  0  -90.0714
797  1  0  -90.0714
1095  2  0  -90.0714
202  2  0  -90.0714
500  1  0  -90.0714
798  1  0  -90.0714
1096  2  0  -90.0714
203  2  0  -90.0714
501  1  0  -90.0714
799  1  0  -90.0714
1097  2  0  -90.0714
204  2  0  -90.0714
502  1  0  -90.0714
800  1  0  -90.0714
1098  2  0  -90.0714
205  2  0  -90.0714
503  1  0  -90.0714
801  1  0  -90.0714
1099  2  0  -90.0714
206  2  0  -90.0714
504  1  0  -90.0714
802  1  0  -90.0714
1100  2  0  -90.0714
207  2  0  -90.0714
505  1  0  -90.0714
803  1  0  -90.0714
1101  2  0  -90.0714
208  2  0  -90.0714
506  1  0  -90.0714
804  1  0  -90.0714
1102  2  0  -90.0714
209  2  0  -90.0714
507  1  0  -90.0714
805  1  0  -90.0714
1103  2  0  -90.0714
210  2  0  -90.0714
508  1  0  -90.0714
806  1  0  -90.0714
1104  2  0  -90.0714
211  2  0  -90.0714
509  1  0  -90.0714
807  1  0  -90.0714
1105  2  0  -90.0714
212  2  0  -90.0714
510  1  0  -90.0714
808  1  0  -90.0714
1106  2  0  -90.0714
213  2  0  -90.0714
511  1  0  -90.0714
809  1  0  -90.0714
1107  2  0  -90.0714
214  2  0  -90.0714
512  1  0  -90.0714
810  1  0  -90.0714
1108  2  0  -90.0714
215  2  0  -90.0714
513  1  0  -90.0714
811  1  0  -90.0714
1109  2  0  -90.0714
216  2  0  -90.0714
514  1  0  -90.0714
812  1  0  -90.0714
1110  2  0  -90.0714
217  2  0  -90.0714
515  1  0  -90.0714
813  1  0  -90.0714
1111  2  0  -90.0714
218  2  0  -90.0714
516  1  0  -90.0714
814  1  0  -90.0714
1112  2  0  -90.0714
219  2  0  -90.0714
517  1  0  -90.0714
815  1  0  -90.0714
1113  2  0  -90.0714
220  2  0  -90.0714
518  1  0  -90.0714
816  1  0  -90.0714
1114  2  0  -90.0714
221  2  0  -90.0714
519  1  0  -90.0714
817  1  0  -90.0714
1115  2  0  -90.0714
222  2  0  -90.0714
520  1  0  -90.0714
818  1  0  -90.0714
1116  2  0  -90.0714
223  2  0  -90.0714
521  1  0  -90.0714
819  1  0  -90.0714
1117  2  0  -90.0714
224  2  0  -90.0714
522  1  0  -90.0714
820  1  0  -90.0714
1118  2  0  -90.0714
225  2  0  -90.0714
523  1  0  -90.0714
821  1  0  -90.0714
1119  2  0  -90.0714
226  2  0  -90.0714
524  1  0  -90.0714
822  1  0  -90.0714
1120  2  0  -90.0714
227  2  0  -90.0714
525  1  0  -90.0714
823  1  0  -90.0714
1121  2  0  -90.0714
228  2  0  -90.0714
526  1  0  -90.0714
824  1  0  -90.0714
1122  2  0  -90.0714
229  2  0  -90.0714
527  1  0  -90.0714
825  1  0  -90.0714
1123  2  0  -90.0714
230  2  0  -90.0714
528  1  0  -90.0714
826  1  0  -90.0714
1124  2  0  -90.0714
231  2  0  -90.0714
529  1  0  -90.0714
827  1  0  -90.0714
1125  2  0  -90.0714
232  2  0  -90.0714
530  1  0  -90.0714
828  1  0  -90.0714
1126  2  0  -90.0714
233  2  0  -90.0714
531  1  0  -90.0714
829  1  0  -90.0714
1127  2  0  -90.0714
234  2  0  -90.0714
532  1  0  -90.0714
830  1  0  -90.0714
1128  2  0  -90.0714
235  2  0  -90.0714
533  1  0  -90.0714
831  1  0  -90.0714
1129  2  0  -90.0714
236  2  0  -90.0714
534  1  0  -90.0714
832  1  0  -90.0714
1130  2  0  -90.0714
237  2  0  -90.0714
535  1  0  -90.0714
833  1  0  -90.0714
1131  2  0  -90.0714
238  2  0  -90.0714
536  1  0  -90.0714
834  1  0  -90.0714
1132  2  0  -90.0714
239  2  0  -90.0714
537  1  0  -90.0714
835  1  0  -90.0714
1133  2  0  -90.0714
240  2  0  -90.0714
538  1  0  -90.0714
836  1  0  -90.0714
1134  2  0  -90.0714
241  2  0  -90.0714
539  1  0  -90.0714
837  1  0  -90.0714
1135  2  0  -90.0714
242  2  0  -90.0714
540  1  0  -90.0714
838  1  0  -90.0714
1136  2  0  -90.0714
243  2  0  -90.0714
541  1  0  -90.0714
839  1  0  -90.0714
1137  2  0  -90.0714
244  2  0  -90.0714
542  1  0  -90.0714
840  1  0  -90.0714
1138  2  0  -90.0714
245  2  0  -90.0714
543  1  0  -90.0714
841  1  0  -90.0714
1139  2  0  -90.0714
246  2  0  -90.0714
544  1  0  -90.0714
842  1  0  -90.0714
1140  2  0  -90.0714
247  2  0  -90.0714
545  1  0  -90.0714
843  1  0  -90.0714
1141  2  0  -90.0714
248  2  0  -90.0714
546  1  0  -90.0714
844  1  0  -90.0714
1142  2  0  -90.0714
249  2  0  -89.9452
547  1  0  -89.9452
845  1  0  -89.9452
1143  2  0  -89.9452
250  2  0  -89.9452
548  1  0  -89.9452
846  1  0  -89.9452
1144  2  0  -89.9452
251  2  0  -89.9452
549  1  0  -89.9452
847  1  0  -89.9452
1145  2  0  -89.9452
252  2  0  -89.9452
550  1  0  -89.9452
848  1  0  -89.9452
1146  2  0  -89.9452
253  2  0  -89.9452
551  1  0  -89.9452
849  1  0  -89.9452
1147  2  0  -89.9452
254  2  0  -89.9452
552  1  0  -89.9452
850  1  0  -89.9452
1148  2  0  -89.9452
255  2  0  -89.9452
553  1  0  -89.9452
851  1  0  -89.9452
1149  2  0  -89.9452
256  2  0  -89.9452
554  1  0  -89.9452
852  1  0  -89.9452
1150  2  0  -89.9452
257  2  0  -89.9452
555  1  0  -89.9452
853  1  0  -89.9452
1151  2  0  -89.9452
258  2  0  -89.9452
556  1  0  -89.9452
854  1  0  -89.9452
1152  2  0  -89.9452
259  2  0  -89.9452
557  1  0  -89.9452
855  1  0  -89.9452
1153  2  0  -89.9452
260  2  0  -89.9452
558  1  0  -89.9452
856  1  0  -89.9452
1154  2  0  -89.9452
261  2  0  -89.9452
559  1  0  -89.9452
857  1  0  -89.9452
1155  2  0  -89.9452
262  2  0  -89.9452
560  1  0  -89.9452
858  1  0  -89.9452
1156  2  0  -89.9452
263  2  0  -89.9452
561  1  0  -89.9452
859  1  0  -89.9452
1157  2  0  -89.9452
264  2  0  -89.9452
562  1  0  -89.9452
860  1  0  -89.9452
1158  2  0  -89.9452
265  2  0  -89.9452
563  1  0  -89.9452
861  1  0  -89.9452
1159  2  0  -89.9452
266  2  0  -89.9452
564  1  0  -89.9452
862  1  0  -89.9452
1160  2  0  -89.9452
267  2  0  -89.9452
565  1  0  -89.9452
863  1  0  -89.9452
1161  2  0  -89.9452
268  2  0  -89.9452
566  1  0  -89.9452
864  1  0  -89.9452
1162  2  0  -89.9452
269  2  0  -89.9452
567  1  0  -89.9452
865  1  0  -89.9452
1163  2  0  -89.9452
270  2  0  -89.9452
568  1  0  -89.9452
866  1  0  -89.9452
1164  2  0  -89.9452
271  2  0  -89.9452
569  1  0  -89.9452
867  1  0  -89.9452
1165  2  0  -89.9452
272  2  0  -89.9452
570  1  0  -89.9452
868  1  0  -89.9452
1166  2  0  -89.9452
273  2  0  -89.9452
571  1  0  -89.9452
869  1  0  -89.9452
1167  2  0  -89.9452
274  2  0  -89.9452
572  1  0  -89.9452
870  1  0  -89.9452
1168  2  0  -89.9452
275  2  0  -89.9452
573  1  0  -89.9452
871  1  0  -89.9452
1169  2  0  -89.9452
276  2  0  -89.9452
574  1  0  -89.9452
872  1  0  -89.9452
1170  2  0  -89.9452
277  2  0  -89.9452
575  1  0  -89.9452
873  1  0  -89.9452
1171  2  0  -89.9452
278  2  0  -89.9452
576  1  0  -89.9452
874  1  0  -89.9452
1172  2  0  -89.9452
279  2  0  -89.9452
577  1  0  -89.9452
875  1  0  -89.9452
1173  2  0  -89.9452
280  2  0  -89.9452
578  1  0  -89.9452
876  1  0  -89.9452
1174  2  0  -89.9452
281  2  0  -89.9452
579  1  0  -89.9452
877  1  0  -89.9452
1175  2  0  -89.9452
282  2  0  -89.9452
580  1  0  -89.9452
878  1  0  -89.9452
1176  2  0  -89.9452
283  2  0  -89.9452
581  1  0  -89.9452
879  1  0  -89.9452
1177  2  0  -89.9452
284  2  0  -89.9452
582  1  0  -89.9452
880  1  0  -89.9452
1178  2  0  -89.9452
285  2  0  -89.9452
583  1  0  -89.9452
881  1  0  -89.9452
1179  2  0  -89.9452
286  2  0  -89.9452
584  1  0  -89.9452
882  1  0  -89.9452
1180  2  0  -89.9452
287  2  0  -89.9452
585  1  0  -89.9452
883  1  0  -89.9452
1181  2  0  -89.9452
288  2  0  -89.9452
586  1  0  -89.9452
884  1  0  -89.9452
1182  2  0  -89.9452
289  2  0  -89.9452
587  1  0  -89.9452
885  1  0  -89.9452
1183  2  0  -89.9452
290  2  0  -89.9452
588  1  0  -89.9452
886  1  0  -89.9452
1184  2  0  -89.9452
291  2  0  -89.9452
589  1  0  -89.9452
887  1  0  -89.9452
1185  2  0  -89.9452
292  2  0  -89.9452
590  1  0  -89.9452
888  1  0  -89.9452
1186  2  0  -89.9452
293  2  0  -89.9452
591  1  0  -89.9452
889  1  0  -89.9452
1187  2  0  -89.9452
294  2  0  -89.9452
592  1  0  -89.9452
890  1  0  -89.9452
1188  2  0  -89.9452
295  2  0  -89.9452
593  1  0  -89.9452
891  1  0  -89.9452
1189  2  0  -89.9452
296  2  0  -89.9452
594  1  0  -89.9452
892  1  0  -89.9452
1190  2  0  -89.9452
297  2  0  -89.9452
595  1  0  -89.9452
893  1  0  -89.9452
1191  2  0  -89.9452
298  2  0  -89.9452
596  1  0  -89.9452
894  1  0  -89.9452
1192  2  0  -89.9452
