1  3  0  12.2926
245  5  0  12.2924
489  4  0  12.2918
733  5  0  12.2908
2  3  0  10.9794
246  5  0  10.9793
490  4  0  10.9792
734  5  0  10.979
3  3  0  9.3733
247  5  0  9.37338
491  4  0  9.3735
735  5  0  9.37363
4  3  0  8.01381
248  5  0  8.01385
492  4  0  8.0139
736  5  0  8.01395
5  3  0  6.7735
249  5  0  6.77331
493  4  0  6.77304
737  5  0  6.77276
6  3  0  4.99652
250  5  0  4.99667
494  4  0  4.99689
738  5  0  4.99712
7  3  0  3.64284
251  5  0  3.64274
495  4  0  3.64259
739  5  0  3.64245
8  3  0  1.99862
252  5  0  1.99874
496  4  0  1.99891
740  5  0  1.99909
9  3  0  0.702994
253  5  0  0.70297
497  4  0  0.702935
741  5  0  0.7029
10  3  0  -0.670052
254  5  0  -0.670215
498  4  0  -0.670459
742  5  0  -0.670702
11  3  0  -2.49327
255  5  0  -2.49319
499  1  0  14.9044
743  5  0  29.4374
12  3  0  -3.98412
256  5  0  -3.9841
500  1  0  -3.98387
744  5  0  -3.98364
13  3  0  -5.40283
257  5  0  -5.4027
501  1  0  -5.4014
745  5  0  -5.40013
14  3  0  -6.32255
258  5  0  -6.3228
502  1  0  -6.32538
746  5  0  -6.32789
15  3  0  -8.10092
259  5  0  -8.10061
503  1  0  -8.09745
747  5  0  -8.09434
16  3  0  -8.66712
260  5  0  -8.66738
504  1  0  -8.67002
748  5  0  -8.6726
17  3  0  -10.3063
261  5  0  -10.3061
505  1  0  -10.3038
749  5  0  -10.3015
18  3  0  -11.0842
262  5  0  -11.0843
506  1  0  -11.0851
750  5  0  -11.0859
19  3  0  -12.2436
263  5  0  -12.2435
507  1  0  -12.2433
751  5  0  -12.2431
20  3  0  -13.3057
264  5  0  -13.3056
508  1  0  -13.305
752  5  0  -13.3043
21  3  0  -14.0163
265  5  0  -14.0163
509  1  0  -14.0165
753  5  0  -14.0167
22  3  0  -14.8444
266  5  0  -14.8444
510  1  0  -14.8444
754  5  0  -14.8444
23  3  0  -15.6571
267  5  0  -15.657
511  1  0  -15.6566
755  5  0  -15.6561
24  3  0  -16.1649
268  5  0  -16.1649
512  1  0  -16.1655
756  5  0  -16.166
25  3  0  -17.0252
269  5  0  -17.0252
513  1  0  -17.0245
757  5  0  -17.0238
26  3  0  -17.3744
270  5  0  -17.3744
514  1  0  -17.3746
758  5  0  -17.3748
27  3  0  -17.9277
271  5  0  -17.9277
515  1  0  -17.9274
759  5  0  -17.9272
28  3  0  -18.2735
272  5  0  -18.2735
516  1  0  -18.2734
760  5  0  -18.2734
29  3  0  -18.5318
273  5  0  -18.5318
517  1  0  -18.5318
761  5  0  -18.5319
30  3  0  -18.8995
274  5  0  -18.8995
518  1  0  -18.8995
762  5  0  -18.8995
31  3  0  -19.2415
275  5  0  -19.2415
519  1  0  -19.2414
763  5  0  -19.2413
32  3  0  -19.3659
276  5  0  -19.3659
520  1  0  -19.3659
764  5  0  -19.3659
33  3  0  -19.4602
277  5  0  -19.4602
521  1  0  -19.4602
765  5  0  -19.4602
34  3  0  -19.589
278  5  0  -19.589
522  1  0  -19.589
766  5  0  -19.589
35  3  0  -19.7503
279  5  0  -19.7503
523  1  0  -19.7503
767  5  0  -19.7503
36  3  0  -19.6756
280  5  0  -19.6756
524  1  0  -19.6756
768  5  0  -19.6756
37  3  0  -19.5818
281  5  0  -19.5818
525  1  0  -19.5818
769  5  0  -19.5818
38  3  0  -19.5364
282  5  0  -19.5364
526  1  0  -19.5364
770  5  0  -19.5365
39  3  0  -19.3962
283  5  0  -19.3962
527  1  0  -19.3962
771  5  0  -19.3962
40  3  0  -19.2649
284  5  0  -19.2649
528  1  0  -19.2649
772  5  0  -19.2649
41  3  0  -19.0865
285  5  0  -19.0866
529  1  0  -19.0866
773  5  0  -19.0867
42  3  0  -18.7922
286  5  0  -18.7922
530  1  0  -18.7921
774  5  0  -18.7921
43  3  0  -18.555
287  5  0  -18.5549
531  1  0  -18.5549
775  5  0  -18.5549
44  3  0  -18.3465
288  5  0  -18.3465
532  1  0  -18.3466
776  5  0  -18.3466
45  3  0  -18.0966
289  5  0  -18.0966
533  1  0  -18.0969
777  5  0  -18.0971
46  3  0  -17.5521
290  5  0  -17.5521
534  1  0  -17.5518
778  5  0  -17.5515
47  3  0  -17.3621
291  5  0  -17.3621
535  1  0  -17.3621
779  5  0  -17.3622
48  3  0  -17.0639
292  5  0  -17.064
536  1  0  -17.0645
780  5  0  -17.065
49  3  0  -16.3212
293  5  0  -16.3212
537  1  0  -16.3207
781  5  0  -16.3202
50  3  0  -15.9563
294  5  0  -15.9563
538  1  0  -15.9565
782  5  0  -15.9566
51  3  0  -15.4433
295  5  0  -15.4433
539  1  0  -15.4434
783  5  0  -15.4435
52  3  0  -14.869
296  5  0  -14.869
540  1  0  -14.8689
784  5  0  -14.8689
53  3  0  -14.3583
297  5  0  -14.3584
541  1  0  -8.34283
785  5  0  -2.39495
54  3  0  -13.4492
298  5  0  -13.3767
542  6  0  -13.3177
786  5  0  -13.3029
55  3  0  -12.6086
299  5  0  -12.4838
543  6  0  -12.1902
787  5  0  -12.0195
56  3  0  -12.0177
300  5  0  -12.0177
544  6  0  -12.0177
788  5  0  -12.0177
57  3  0  -11.4032
301  5  0  -11.4032
545  6  0  -11.4038
789  5  0  -11.4044
58  3  0  -10.5111
302  5  0  -10.5111
546  6  0  -10.5118
790  5  0  -10.5124
59  3  0  -9.41089
303  5  0  -9.41081
547  6  0  -9.40979
791  5  0  -9.40874
60  3  0  -8.69294
304  5  0  -8.69296
548  6  0  -8.6932
792  5  0  -8.69344
61  3  0  -7.87072
305  5  0  -7.87078
549  6  0  -7.87157
793  5  0  -7.87238
62  3  0  -6.77013
306  5  0  -6.77016
550  6  0  -6.77057
794  5  0  -6.77099
63  3  0  -5.55017
307  5  0  -5.55015
551  6  0  -5.54982
795  5  0  -5.54949
64  3  0  -4.42331
308  5  0  -4.42333
552  6  0  -4.42355
796  5  0  -4.42378
65  3  0  -3.23077
309  5  0  -3.23077
553  6  0  -3.23089
797  5  0  -3.23101
66  3  0  -2.00583
310  5  0  -2.00582
554  6  0  -2.00576
798  5  0  -2.0057
67  3  0  -0.797982
311  5  0  -0.798049
555  6  0  -0.798958
799  5  0  -0.799896
68  3  0  0.641612
312  5  0  0.641547
556  6  0  0.64065
800  5  0  0.63972
69  3  0  2.27742
313  5  0  2.27749
557  6  0  2.27843
801  5  0  2.2794
70  3  0  3.70716
314  5  0  3.70715
558  6  0  3.70703
802  5  0  3.70689
71  3  0  5.18457
315  5  0  5.31034
559  6  0  5.4654
803  5  0  5.52764
72  3  0  6.58614
316  5  0  6.81017
560  6  0  8.57743
804  5  0  174.53
73  3  0  8.09298
317  5  0  8.09295
561  1  0  0.587233
805  5  0  -6.87516
74  3  0  9.72067
318  5  0  9.7207
562  1  0  9.721
806  5  0  9.72132
75  3  0  11.2631
319  5  0  11.2632
563  1  0  11.2639
807  5  0  11.2646
76  3  0  12.5926
320  5  0  12.5926
564  1  0  12.5924
808  5  0  12.5922
77  3  0  13.9854
321  5  0  13.9855
565  1  0  13.9858
809  5  0  13.9862
78  3  0  15.2549
322  5  0  15.2548
566  1  0  15.2545
810  5  0  15.2541
79  3  0  16.6355
323  5  0  16.6355
567  1  0  16.6358
811  5  0  16.6361
80  3  0  17.9224
324  5  0  17.9223
568  1  0  17.9215
812  5  0  17.9207
81  3  0  19.4561
325  5  0  19.4562
569  1  0  19.4573
813  5  0  19.4584
82  3  0  20.6462
326  5  0  20.6461
570  1  0  20.6445
814  5  0  20.643
83  3  0  22.307
327  5  0  22.3071
571  1  0  22.308
815  5  0  22.309
84  3  0  23.7009
328  5  0  23.7009
572  1  0  23.7006
816  5  0  23.7002
85  3  0  25.1929
329  5  0  25.193
573  1  0  25.1932
817  5  0  25.1935
86  3  0  26.611
330  5  0  26.6109
574  1  0  26.61
818  5  0  26.6091
87  3  0  28.2715
331  5  0  28.2714
575  1  0  7.23863
819  5  0  -9.50275
88  3  0  30.2962
332  5  0  30.2964
576  4  0  30.2965
820  5  0  30.2967
89  3  0  32.0192
333  5  0  32.019
577  4  0  32.0187
821  5  0  32.0184
90  3  0  34.2387
334  5  0  34.2385
578  4  0  34.2382
822  5  0  34.2379
91  3  0  36.8481
335  5  0  36.8481
579  4  0  36.848
823  5  0  36.8479
92  3  0  39.5236
336  5  0  39.5232
580  4  0  39.5227
824  5  0  39.5221
93  3  0  42.7902
337  5  0  42.7897
581  4  0  42.7889
825  5  0  42.7882
94  3  0  46.7035
338  5  0  46.703
582  4  0  46.7023
826  5  0  46.7015
95  3  0  51.1716
339  5  0  51.1688
583  4  0  51.1647
827  5  0  51.1605
96  3  0  57.9359
340  5  0  57.9295
584  4  0  57.9198
828  5  0  57.9098
97  3  0  68.2219
341  5  0  68.2133
585  4  0  68.2
829  5  0  68.1863
98  3  0  81.9009
342  5  0  81.9209
586  4  0  81.9519
830  5  0  81.9841
99  3  0  98.3165
343  5  0  98.2833
587  4  0  98.2316
831  5  0  98.1773
100  3  0  115.42
344  5  0  115.439
588  4  0  115.468
832  5  0  115.499
101  3  0  126.567
345  5  0  126.577
589  4  0  126.592
833  5  0  126.606
102  3  0  132.851
346  5  0  132.853
590  4  0  132.856
834  5  0  132.858
103  3  0  137.667
347  5  0  137.669
591  4  0  137.67
835  5  0  137.672
104  3  0  141.191
348  5  0  141.191
592  4  0  141.192
836  5  0  141.193
105  3  0  144.012
349  5  0  144.012
593  4  0  144.012
837  5  0  144.012
106  3  0  146.677
350  5  0  146.677
594  4  0  146.677
838  5  0  146.677
107  3  0  149.006
351  5  0  149.006
595  4  0  149.007
839  5  0  149.007
108  3  0  150.798
352  5  0  150.798
596  4  0  150.798
840  5  0  150.798
109  3  0  152.574
353  5  0  152.574
597  4  0  152.574
841  5  0  152.574
110  3  0  154.583
354  5  0  154.583
598  1  0  175.838
842  5  0  -167.331
111  3  0  156.143
355  5  0  156.143
599  1  0  156.144
843  5  0  156.144
112  3  0  157.519
356  5  0  157.519
600  1  0  157.519
844  5  0  157.52
113  3  0  158.708
357  5  0  158.708
601  1  0  158.708
845  5  0  158.708
114  3  0  159.989
358  5  0  159.989
602  1  0  159.989
846  5  0  159.988
115  3  0  161.426
359  5  0  161.426
603  1  0  161.427
847  5  0  161.429
116  3  0  162.376
360  5  0  162.376
604  1  0  162.375
848  5  0  162.375
117  3  0  163.586
361  5  0  163.586
605  1  0  163.586
849  5  0  163.586
118  3  0  164.757
362  5  0  164.757
606  1  0  164.757
850  5  0  164.757
119  3  0  165.854
363  5  0  165.854
607  1  0  165.854
851  5  0  165.854
120  3  0  166.983
364  5  0  166.983
608  1  0  166.984
852  5  0  166.985
121  3  0  167.749
365  5  0  167.749
609  1  0  167.748
853  5  0  167.748
122  3  0  168.77
366  5  0  168.77
610  1  0  168.769
854  5  0  168.769
123  3  0  170.005
367  5  0  170.005
611  1  0  170.005
855  5  0  170.006
124  3  0  171.045
368  5  0  171.045
612  1  0  171.045
856  5  0  171.044
125  3  0  172.242
369  5  0  172.086
613  6  0  -156.399
857  5  0  -80.7053
126  3  0  173.199
370  5  0  173.112
614  6  0  173.005
858  5  0  172.963
127  3  0  173.973
371  5  0  173.973
615  6  0  173.973
859  5  0  173.972
128  3  0  174.908
372  5  0  174.908
616  6  0  174.908
860  5  0  174.907
129  3  0  176.051
373  5  0  176.051
617  6  0  176.052
861  5  0  176.053
130  3  0  176.885
374  5  0  176.885
618  6  0  176.885
862  5  0  176.885
131  3  0  177.709
375  5  0  177.709
619  6  0  177.709
863  5  0  177.709
132  3  0  178.562
376  5  0  178.562
620  6  0  178.562
864  5  0  178.563
133  3  0  179.381
377  5  0  179.381
621  6  0  179.381
865  5  0  179.381
134  3  0  -179.877
378  5  0  -179.877
622  6  0  -179.877
866  5  0  -179.878
135  3  0  -178.996
379  5  0  -178.996
623  6  0  -178.996
867  5  0  -178.996
136  3  0  -178.097
380  5  0  -178.097
624  6  0  -178.097
868  5  0  -178.096
137  3  0  -177.435
381  5  0  -177.435
625  6  0  -177.435
869  5  0  -177.435
138  3  0  -176.961
382  5  0  -176.961
626  6  0  -176.962
870  5  0  -176.963
139  3  0  -176.104
383  5  0  -176.104
627  6  0  -176.103
871  5  0  -176.102
140  3  0  -175.568
384  5  0  -175.568
628  6  0  -175.567
872  5  0  -175.567
141  3  0  -175.097
385  5  0  -175.097
629  6  0  -175.097
873  5  0  -175.097
142  3  0  -174.625
386  5  0  -174.72
630  6  0  -175.067
874  5  0  -175.584
143  3  0  -173.997
387  5  0  -174.052
631  6  0  -179.526
875  5  0  176.07
144  3  0  -173.518
388  5  0  -173.518
632  1  0  -173.518
876  5  0  -173.518
145  3  0  -173.078
389  5  0  -173.078
633  1  0  -173.078
877  5  0  -173.078
146  3  0  -172.591
390  5  0  -172.591
634  1  0  -172.591
878  5  0  -172.591
147  3  0  -172.201
391  5  0  -172.201
635  1  0  -172.201
879  5  0  -172.201
148  3  0  -171.987
392  5  0  -171.987
636  1  0  -171.987
880  5  0  -171.987
149  3  0  -171.488
393  5  0  -171.488
637  1  0  -171.488
881  5  0  -171.487
150  3  0  -171.234
394  5  0  -171.234
638  1  0  -171.234
882  5  0  -171.234
151  3  0  -170.993
395  5  0  -170.993
639  1  0  -170.993
883  5  0  -170.993
152  3  0  -170.526
396  5  0  -170.526
640  1  0  -170.526
884  5  0  -170.525
153  3  0  -170.349
397  5  0  -170.349
641  1  0  -170.349
885  5  0  -170.349
154  3  0  -170.133
398  5  0  -170.133
642  1  0  -170.133
886  5  0  -170.133
155  3  0  -169.852
399  5  0  -169.852
643  1  0  -169.852
887  5  0  -169.852
156  3  0  -169.52
400  5  0  -169.52
644  1  0  -169.52
888  5  0  -169.52
157  3  0  -169.415
401  5  0  -169.415
645  1  0  -169.415
889  5  0  -169.415
158  3  0  -169.189
402  5  0  -169.189
646  1  0  -169.189
890  5  0  -169.19
159  3  0  -168.855
403  5  0  -168.855
647  1  0  -168.855
891  5  0  -168.855
160  3  0  -168.677
404  5  0  -168.677
648  1  0  -168.677
892  5  0  -168.677
161  3  0  -168.442
405  5  0  -168.442
649  1  0  -168.442
893  5  0  -168.442
162  3  0  -168.29
406  5  0  -168.29
650  1  0  -168.29
894  5  0  -168.29
163  3  0  -168.159
407  5  0  -168.159
651  1  0  -168.159
895  5  0  -168.159
164  3  0  -167.944
408  5  0  -167.944
652  1  0  -167.944
896  5  0  -167.944
165  3  0  -167.824
409  5  0  -167.824
653  1  0  -167.824
897  5  0  -167.824
166  3  0  -167.675
410  5  0  -167.675
654  1  0  -167.675
898  5  0  -167.675
167  3  0  -167.543
411  5  0  -167.543
655  1  0  -167.543
899  5  0  -167.543
168  3  0  -167.471
412  5  0  -167.471
656  1  0  -167.472
900  5  0  -167.472
169  3  0  -167.306
413  5  0  -167.306
657  1  0  -167.306
901  5  0  -167.306
170  3  0  -167.24
414  5  0  -167.24
658  1  0  -167.24
902  5  0  -167.24
171  3  0  -167.157
415  5  0  -167.157
659  1  0  -167.157
903  5  0  -167.157
172  3  0  -167.048
416  5  0  -167.048
660  1  0  -167.048
904  5  0  -167.048
173  3  0  -166.938
417  5  0  -166.938
661  1  0  -166.938
905  5  0  -166.938
174  3  0  -166.87
418  5  0  -166.87
662  1  0  -166.87
906  5  0  -166.87
175  3  0  -166.694
419  5  0  -166.694
663  1  0  -166.694
907  5  0  -166.694
176  3  0  -166.662
420  5  0  -166.662
664  1  0  -166.662
908  5  0  -166.662
177  3  0  -166.556
421  5  0  -166.556
665  1  0  -166.556
909  5  0  -166.556
178  3  0  -166.473
422  5  0  -166.473
666  1  0  -166.473
910  5  0  -166.473
179  3  0  -166.495
423  5  0  -166.495
667  1  0  -166.495
911  5  0  -166.495
180  3  0  -166.37
424  5  0  -166.37
668  1  0  -166.37
912  5  0  -166.37
181  3  0  -166.159
425  5  0  -166.159
669  1  0  -166.159
913  5  0  -166.159
182  3  0  -166.267
426  5  0  -166.267
670  1  0  -166.267
914  5  0  -166.267
183  3  0  -166.251
427  5  0  -166.251
671  1  0  -166.251
915  5  0  -166.251
184  3  0  -166.136
428  5  0  -166.136
672  1  0  -166.136
916  5  0  -166.136
185  3  0  -166.089
429  5  0  -166.089
673  1  0  -166.089
917  5  0  -166.089
186  3  0  -166.037
430  5  0  -166.037
674  1  0  176.366
918  5  0  161.572
187  3  0  -166.064
431  5  0  -166.064
675  4  0  -166.064
919  5  0  -166.064
188  3  0  -166.072
432  5  0  -166.072
676  4  0  -166.072
920  5  0  -166.072
189  3  0  -165.882
433  5  0  -165.882
677  4  0  -165.882
921  5  0  -165.882
190  3  0  -165.976
434  5  0  -165.976
678  4  0  -165.976
922  5  0  -165.976
191  3  0  -165.735
435  5  0  -165.735
679  4  0  -165.735
923  5  0  -165.735
192  3  0  -165.491
436  5  0  -165.491
680  4  0  -165.491
924  5  0  -165.491
193  3  0  -165.383
437  5  0  -165.383
681  4  0  -165.383
925  5  0  -165.383
194  3  0  -165.052
438  5  0  -165.052
682  4  0  -165.052
926  5  0  -165.052
195  3  0  -164.61
439  5  0  -164.78
683  4  0  -165.047
927  5  0  -165.328
196  3  0  -125.638
440  5  0  -125.524
684  4  0  -125.302
928  5  0  -124.984
197  2  0  -90.0386
441  1  0  -90.0386
685  1  0  -90.0386
929  2  0  89.9614
198  2  0  -90.0386
442  1  0  -90.0386
686  1  0  -90.0386
930  2  0  -90.0386
199  2  0  -90.0386
443  1  0  -90.0386
687  1  0  -90.0386
931  2  0  -90.0386
200  2  0  -90.0386
444  1  0  -90.0386
688  1  0  -90.0386
932  2  0  -90.0386
201  2  0  -90.0386
445  1  0  -90.0386
689  1  0  -90.0386
933  2  0  -90.0386
202  2  0  -90.0386
446  1  0  -90.0386
690  1  0  -90.0386
934  2  0  -90.0386
203  2  0  -90.0386
447  1  0  -90.0386
691  1  0  -90.0386
935  2  0  -90.0386
204  2  0  -90.0386
448  1  0  -90.0386
692  1  0  -90.0386
936  2  0  -90.0386
205  2  0  -90.0386
449  1  0  -90.0386
693  1  0  -90.0386
937  2  0  -90.0386
206  2  0  -90.0386
450  1  0  -90.0386
694  1  0  -90.0386
938  2  0  -90.0386
207  2  0  -90.0386
451  1  0  -90.0386
695  1  0  -90.0386
939  2  0  -90.0386
208  2  0  -90.0386
452  1  0  -90.0386
696  1  0  -90.0386
940  2  0  -90.0386
209  2  0  -90.0386
453  1  0  -90.0386
697  1  0  -90.0386
941  2  0  -90.0386
210  2  0  -90.0386
454  1  0  -90.0386
698  1  0  -90.0386
942  2  0  -90.0386
211  2  0  -90.0386
455  1  0  -90.0386
699  1  0  -90.0386
943  2  0  -90.0386
212  2  0  -90.0386
456  1  0  -90.0386
700  1  0  -90.0386
944  2  0  -90.0386
213  2  0  -90.0386
457  1  0  -90.0386
701  1  0  -90.0386
945  2  0  -90.0386
214  2  0  -90.0386
458  1  0  -90.0386
702  1  0  -90.0386
946  2  0  -90.0386
215  2  0  -90.0386
459  1  0  -90.0386
703  1  0  -90.0386
947  2  0  -90.0386
216  2  0  -90.0386
460  1  0  -90.0386
704  1  0  -90.0386
948  2  0  -90.0386
217  2  0  -90.0386
461  1  0  -90.0386
705  1  0  -90.0386
949  2  0  -90.0386
218  2  0  -90.0386
462  1  0  -90.0386
706  1  0  -90.0386
950  2  0  -90.0386
219  2  0  -90.0386
463  1  0  -90.0386
707  1  0  -90.0386
951  2  0  89.9614
220  2  0  -90.021
464  1  0  -90.021
708  1  0  -90.021
952  2  0  89.979
221  2  0  -90.021
465  1  0  -90.021
709  1  0  -90.021
953  2  0  -90.021
222  2  0  -90.021
466  1  0  -90.021
710  1  0  -90.021
954  2  0  -90.021
223  2  0  -90.021
467  1  0  -90.021
711  1  0  -90.021
955  2  0  -90.021
224  2  0  -90.021
468  1  0  -90.021
712  1  0  -90.021
956  2  0  -90.021
225  2  0  -90.021
469  1  0  -90.021
713  1  0  -90.021
957  2  0  -90.021
226  2  0  -90.021
470  1  0  -90.021
714  1  0  -90.021
958  2  0  -90.021
227  2  0  -90.021
471  1  0  -90.021
715  1  0  -90.021
959  2  0  -90.021
228  2  0  -90.021
472  1  0  -90.021
716  1  0  -90.021
960  2  0  -90.021
229  2  0  -90.021
473  1  0  -90.021
717  1  0  -90.021
961  2  0  -90.021
230  2  0  -90.021
474  1  0  -90.021
718  1  0  -90.021
962  2  0  -90.021
231  2  0  -90.021
475  1  0  -90.021
719  1  0  -90.021
963  2  0  -90.021
232  2  0  -90.021
476  1  0  -90.021
720  1  0  -90.021
964  2  0  -90.021
233  2  0  -90.021
477  1  0  -90.021
721  1  0  -90.021
965  2  0  -90.021
234  2  0  -90.021
478  1  0  -90.021
722  1  0  -90.021
966  2  0  -90.021
235  2  0  -90.021
479  1  0  -90.021
723  1  0  -90.021
967  2  0  -90.021
236  2  0  -90.021
480  1  0  -90.021
724  1  0  -90.021
968  2  0  -90.021
237  2  0  -90.021
481  1  0  -90.021
725  1  0  -90.021
969  2  0  -90.021
238  2  0  -90.021
482  1  0  -90.021
726  1  0  -90.021
970  2  0  -90.021
239  2  0  -90.021
483  1  0  -90.021
727  1  0  -90.021
971  2  0  -90.021
240  2  0  -90.021
484  1  0  -90.021
728  1  0  -90.021
972  2  0  -90.021
241  2  0  -90.021
485  1  0  -90.021
729  1  0  -90.021
973  2  0  -90.021
242  2  0  -90.021
486  1  0  -90.021
730  1  0  -90.021
974  2  0  -90.021
243  2  0  -90.021
487  1  0  -90.021
731  1  0  -90.021
975  2  0  -90.021
244  2  0  -90.021
488  1  0  -90.021
732  1  0  -90.021
976  2  0  89.979
