1  3  0  13.6438
254  5  0  13.6432
507  4  0  13.642
760  5  0  13.6405
2  3  0  10.9121
255  5  0  10.9121
508  4  0  10.9121
761  5  0  10.9121
3  3  0  8.16531
256  5  0  8.16545
509  4  0  8.16565
762  5  0  8.16585
4  3  0  5.78234
257  5  0  5.78205
510  4  0  5.78165
763  5  0  5.78124
5  3  0  2.70733
258  5  0  2.70775
511  4  0  2.70833
764  5  0  2.70891
6  3  0  0.700007
259  5  0  0.700077
512  4  0  0.700172
765  5  0  0.700267
7  3  0  -1.07206
260  5  0  -1.07208
513  4  0  -1.07212
766  5  0  -1.07215
8  3  0  -2.92758
261  5  0  -2.92747
514  4  0  -2.92732
767  5  0  -2.92716
9  3  0  -4.34783
262  5  0  -4.34802
515  4  0  -4.34828
768  5  0  -4.34854
10  3  0  -6.45255
263  5  0  -6.45246
516  1  0  9.56805
769  5  0  23.2842
11  3  0  -8.0967
264  5  0  -8.09661
517  1  0  -8.09554
770  5  0  -8.0945
12  3  0  -9.37327
265  5  0  -9.37331
518  1  0  -9.37378
771  5  0  -9.37425
13  3  0  -10.8259
266  5  0  -10.8259
519  1  0  -10.825
772  5  0  -10.8243
14  3  0  -11.9669
267  5  0  -11.9668
520  1  0  -11.9664
773  5  0  -11.966
15  3  0  -12.9033
268  5  0  -12.9033
521  1  0  -12.9037
774  5  0  -12.904
16  3  0  -14.0051
269  5  0  -14.0051
522  1  0  -14.0047
775  5  0  -14.0044
17  3  0  -14.9408
270  5  0  -14.9408
523  1  0  -14.9411
776  5  0  -14.9414
18  3  0  -16.0206
271  5  0  -16.0206
524  1  0  -16.0202
777  5  0  -16.0198
19  3  0  -16.8833
272  5  0  -16.8833
525  1  0  -16.8829
778  5  0  -16.8824
20  3  0  -17.4376
273  5  0  -17.4376
526  1  0  -17.4377
779  5  0  -17.4379
21  3  0  -18.1027
274  5  0  -18.1027
527  1  0  -18.1028
780  5  0  -18.1028
22  3  0  -18.7983
275  5  0  -18.7982
528  1  0  -18.7979
781  5  0  -18.7975
23  3  0  -19.1726
276  5  0  -19.1726
529  1  0  -19.1727
782  5  0  -19.1727
24  3  0  -19.6284
277  5  0  -19.6284
530  1  0  -19.6284
783  5  0  -19.6284
25  3  0  -20.0821
278  5  0  -20.0821
531  1  0  -20.082
784  5  0  -20.082
26  3  0  -20.4773
279  5  0  -20.4773
532  1  0  -20.4772
785  5  0  -20.4771
27  3  0  -20.7608
280  5  0  -20.7608
533  1  0  -20.7607
786  5  0  -20.7607
28  3  0  -20.9879
281  5  0  -20.9879
534  1  0  -20.988
787  5  0  -20.988
29  3  0  -21.2755
282  5  0  -21.2755
535  1  0  -21.2755
788  5  0  -21.2754
30  3  0  -21.5185
283  5  0  -21.5185
536  1  0  -21.5184
789  5  0  -21.5184
31  3  0  -21.5567
284  5  0  -21.5567
537  1  0  -21.5567
790  5  0  -21.5567
32  3  0  -21.5424
285  5  0  -21.5424
538  1  0  -21.5424
791  5  0  -21.5424
33  3  0  -21.5585
286  5  0  -21.5585
539  1  0  -21.5586
792  5  0  -21.5586
34  3  0  -21.7224
287  5  0  -21.7224
540  1  0  -21.7224
793  5  0  -21.7224
35  3  0  -21.7516
288  5  0  -21.7516
541  1  0  -21.7516
794  5  0  -21.7516
36  3  0  -21.7171
289  5  0  -21.7171
542  1  0  -21.7172
795  5  0  -21.7172
37  3  0  -21.5629
290  5  0  -21.5629
543  1  0  -21.5629
796  5  0  -21.5628
38  3  0  -21.494
291  5  0  -21.494
544  1  0  -21.494
797  5  0  -21.494
39  3  0  -21.3644
292  5  0  -21.3644
545  1  0  -21.3644
798  5  0  -21.3645
40  3  0  -21.152
293  5  0  -21.152
546  1  0  -21.152
799  5  0  -21.152
41  3  0  -20.9642
294  5  0  -20.9642
547  1  0  -20.9643
800  5  0  -20.9644
42  3  0  -20.6476
295  5  0  -20.6476
548  1  0  -20.6476
801  5  0  -20.6476
43  3  0  -20.3441
296  5  0  -20.3441
549  1  0  -20.3441
802  5  0  -20.3442
44  3  0  -19.9686
297  5  0  -19.9686
550  1  0  -19.9686
803  5  0  -19.9686
45  3  0  -19.604
298  5  0  -19.604
551  1  0  -19.604
804  5  0  -19.604
46  3  0  -19.2292
299  5  0  -19.2292
552  1  0  -19.2292
805  5  0  -19.2292
47  3  0  -18.8381
300  5  0  -18.8381
553  1  0  -18.8382
806  5  0  -18.8384
48  3  0  -18.2918
301  5  0  -18.2918
554  1  0  -18.2918
807  5  0  -18.2919
49  3  0  -17.7368
302  5  0  -17.7368
555  1  0  -17.7368
808  5  0  -17.7368
50  3  0  -17.177
303  5  0  -17.177
556  1  0  -17.1771
809  5  0  -17.1772
51  3  0  -16.5358
304  5  0  -16.5358
557  1  0  -16.5359
810  5  0  -16.536
52  3  0  -15.8244
305  5  0  -15.8244
558  1  0  -15.8243
811  5  0  -15.8242
53  3  0  -15.1776
306  5  0  -15.1776
559  1  0  -15.1779
812  5  0  -15.1782
54  3  0  -14.3393
307  5  0  -14.3394
560  1  0  -12.1468
813  5  0  -9.93692
55  3  0  -13.3761
308  5  0  -13.3116
561  6  0  -13.2534
814  5  0  -13.2379
56  3  0  -12.51
309  5  0  -12.4107
562  6  0  -12.1956
815  5  0  -12.081
57  3  0  -11.5256
310  5  0  -11.5257
563  6  0  -11.5267
816  5  0  -11.5278
58  3  0  -10.1495
311  5  0  -10.1494
564  6  0  -10.1484
817  5  0  -10.1474
59  3  0  -9.13208
312  5  0  -9.13208
565  6  0  -9.13208
818  5  0  -9.13209
60  3  0  -8.11139
313  5  0  -8.11147
566  6  0  -8.11256
819  5  0  -8.11367
61  3  0  -6.6984
314  5  0  -6.69842
567  6  0  -6.69869
820  5  0  -6.69898
62  3  0  -5.20204
315  5  0  -5.20199
568  6  0  -5.20132
821  5  0  -5.20064
63  3  0  -3.91409
316  5  0  -3.9141
569  6  0  -3.91425
822  5  0  -3.91441
64  3  0  -2.57479
317  5  0  -2.57482
570  6  0  -2.57522
823  5  0  -2.57564
65  3  0  -1.11006
318  5  0  -1.1101
571  6  0  -1.11065
824  5  0  -1.11122
66  3  0  0.511376
319  5  0  0.51137
572  6  0  0.511284
825  5  0  0.511196
67  3  0  2.15565
320  5  0  2.15557
573  6  0  2.15443
826  5  0  2.15324
68  3  0  4.07975
321  5  0  4.0798
574  6  0  4.08048
827  5  0  4.08119
69  3  0  5.8565
322  5  0  5.98072
575  6  0  6.1483
828  5  0  6.21819
70  3  0  7.45975
323  5  0  7.65641
576  6  0  8.73113
829  5  0  13.3123
71  3  0  9.19187
324  5  0  9.19185
577  1  0  6.47041
830  5  0  3.68906
72  3  0  10.9867
325  5  0  10.9867
578  1  0  10.9869
831  5  0  10.9872
73  3  0  12.7161
326  5  0  12.7161
579  1  0  12.716
832  5  0  12.716
74  3  0  14.4674
327  5  0  14.4674
580  1  0  14.4683
833  5  0  14.4692
75  3  0  15.9573
328  5  0  15.9573
581  1  0  15.9575
834  5  0  15.9577
76  3  0  17.383
329  5  0  17.383
582  1  0  17.3831
835  5  0  17.3832
77  3  0  18.7686
330  5  0  18.7686
583  1  0  18.7685
836  5  0  18.7684
78  3  0  20.1779
331  5  0  20.1778
584  1  0  20.1768
837  5  0  20.1758
79  3  0  21.9102
332  5  0  21.9103
585  1  0  21.9113
838  5  0  21.9124
80  3  0  23.309
333  5  0  23.3091
586  1  0  23.3095
839  5  0  23.3099
81  3  0  24.5586
334  5  0  24.5585
587  1  0  24.5573
840  5  0  24.5561
82  3  0  26.2095
335  5  0  26.2095
588  1  0  26.2096
841  5  0  26.2098
83  3  0  27.8207
336  5  0  27.8207
589  1  0  27.8211
842  5  0  27.8215
84  3  0  29.3086
337  5  0  29.3086
590  1  0  29.3082
843  5  0  29.3078
85  3  0  30.9237
338  5  0  30.9235
591  1  0  30.9221
844  5  0  30.9206
86  3  0  32.9298
339  5  0  32.9299
592  1  0  13.7544
845  5  0  -2.09069
87  3  0  34.5153
340  5  0  34.5151
593  4  0  34.5148
846  5  0  34.5145
88  3  0  36.7561
341  5  0  36.7563
594  4  0  36.7564
847  5  0  36.7566
89  3  0  38.6371
342  5  0  38.637
595  4  0  38.6368
848  5  0  38.6366
90  3  0  40.9345
343  5  0  40.9344
596  4  0  40.9343
849  5  0  40.9342
91  3  0  43.4647
344  5  0  43.4648
597  4  0  43.4649
850  5  0  43.465
92  3  0  45.7837
345  5  0  45.7831
598  4  0  45.7822
851  5  0  45.7814
93  3  0  49.4118
346  5  0  49.4115
599  4  0  49.4111
852  5  0  49.4107
94  3  0  53.4903
347  5  0  53.4898
600  4  0  53.4891
853  5  0  53.4883
95  3  0  58.3128
348  5  0  58.3106
601  4  0  58.3075
854  5  0  58.3044
96  3  0  65.4258
349  5  0  65.4242
602  4  0  65.4219
855  5  0  65.4196
97  3  0  73.8312
350  5  0  73.8296
603  4  0  73.8273
856  5  0  73.825
98  3  0  83.3657
351  5  0  83.3599
604  4  0  83.3516
857  5  0  83.3433
99  3  0  96.1565
352  5  0  96.1702
605  4  0  96.1895
858  5  0  96.2091
100  3  0  105.477
353  5  0  105.47
606  4  0  105.459
859  5  0  105.448
101  3  0  115.022
354  5  0  115.024
607  4  0  115.028
860  5  0  115.032
102  3  0  122.589
355  5  0  122.591
608  4  0  122.595
861  5  0  122.598
103  3  0  127.939
356  5  0  127.94
609  4  0  127.94
862  5  0  127.941
104  3  0  132.524
357  5  0  132.524
610  4  0  132.525
863  5  0  132.525
105  3  0  136.441
358  5  0  136.442
611  4  0  136.442
864  5  0  136.443
106  3  0  139.63
359  5  0  139.63
612  4  0  139.63
865  5  0  139.63
107  3  0  142.67
360  5  0  142.67
613  4  0  142.671
866  5  0  142.671
108  3  0  145.377
361  5  0  145.378
614  4  0  145.378
867  5  0  145.378
109  3  0  147.582
362  5  0  147.582
615  4  0  147.582
868  5  0  147.581
110  3  0  150.07
363  5  0  150.07
616  4  0  150.07
869  5  0  150.071
111  3  0  152.256
364  5  0  152.256
617  1  0  172.035
870  5  0  -171.806
112  3  0  154.225
365  5  0  154.225
618  1  0  154.226
871  5  0  154.227
113  3  0  155.841
366  5  0  155.841
619  1  0  155.842
872  5  0  155.842
114  3  0  157.41
367  5  0  157.41
620  1  0  157.41
873  5  0  157.409
115  3  0  159.185
368  5  0  159.185
621  1  0  159.187
874  5  0  159.188
116  3  0  160.597
369  5  0  160.596
622  1  0  160.596
875  5  0  160.596
117  3  0  162.111
370  5  0  162.111
623  1  0  162.111
876  5  0  162.112
118  3  0  163.542
371  5  0  163.542
624  1  0  163.542
877  5  0  163.543
119  3  0  164.747
372  5  0  164.747
625  1  0  164.747
878  5  0  164.747
120  3  0  166.058
373  5  0  166.058
626  1  0  166.058
879  5  0  166.058
121  3  0  167.443
374  5  0  167.443
627  1  0  167.443
880  5  0  167.444
122  3  0  168.619
375  5  0  168.619
628  1  0  168.619
881  5  0  168.619
123  3  0  169.815
376  5  0  169.815
629  1  0  169.814
882  5  0  169.814
124  3  0  171.123
377  5  0  171.123
630  1  0  171.123
883  5  0  171.124
125  3  0  172.273
378  5  0  172.273
631  1  0  172.272
884  5  0  172.272
126  3  0  173.617
379  5  0  173.617
632  1  0  173.617
885  5  0  173.617
127  3  0  174.925
380  5  0  174.809
633  6  0  -177.961
886  5  0  -152.816
128  3  0  175.872
381  5  0  175.799
634  6  0  175.704
887  5  0  175.665
129  3  0  176.858
382  5  0  176.858
635  6  0  176.857
888  5  0  176.856
130  3  0  178.158
383  5  0  178.158
636  6  0  178.159
889  5  0  178.161
131  3  0  178.84
384  5  0  178.84
637  6  0  178.84
890  5  0  178.84
132  3  0  179.604
385  5  0  179.603
638  6  0  179.603
891  5  0  179.603
133  3  0  -179.501
386  5  0  -179.501
639  6  0  -179.501
892  5  0  -179.5
134  3  0  -178.677
387  5  0  -178.677
640  6  0  -178.677
893  5  0  -178.677
135  3  0  -178.126
388  5  0  -178.126
641  6  0  -178.126
894  5  0  -178.127
136  3  0  -177.351
389  5  0  -177.351
642  6  0  -177.351
895  5  0  -177.351
137  3  0  -176.614
390  5  0  -176.614
643  6  0  -176.614
896  5  0  -176.614
138  3  0  -176.07
391  5  0  -176.07
644  6  0  -176.07
897  5  0  -176.07
139  3  0  -175.556
392  5  0  -175.556
645  6  0  -175.556
898  5  0  -175.557
140  3  0  -174.802
393  5  0  -174.802
646  6  0  -174.802
899  5  0  -174.801
141  3  0  -174.257
394  5  0  -174.308
647  6  0  -174.464
900  5  0  -174.619
142  3  0  -173.812
395  5  0  -173.845
648  6  0  -176.005
901  5  0  -177.799
143  3  0  -173.202
396  5  0  -173.202
649  1  0  -173.202
902  5  0  -173.201
144  3  0  -172.627
397  5  0  -172.627
650  1  0  -172.627
903  5  0  -172.627
145  3  0  -172.236
398  5  0  -172.236
651  1  0  -172.236
904  5  0  -172.236
146  3  0  -171.799
399  5  0  -171.799
652  1  0  -171.799
905  5  0  -171.799
147  3  0  -171.393
400  5  0  -171.393
653  1  0  -171.393
906  5  0  -171.393
148  3  0  -171.077
401  5  0  -171.077
654  1  0  -171.077
907  5  0  -171.077
149  3  0  -170.798
402  5  0  -170.798
655  1  0  -170.799
908  5  0  -170.799
150  3  0  -170.26
403  5  0  -170.26
656  1  0  -170.26
909  5  0  -170.26
151  3  0  -169.903
404  5  0  -169.903
657  1  0  -169.903
910  5  0  -169.903
152  3  0  -169.604
405  5  0  -169.604
658  1  0  -169.604
911  5  0  -169.604
153  3  0  -169.321
406  5  0  -169.321
659  1  0  -169.321
912  5  0  -169.321
154  3  0  -169.171
407  5  0  -169.171
660  1  0  -169.171
913  5  0  -169.171
155  3  0  -168.89
408  5  0  -168.89
661  1  0  -168.89
914  5  0  -168.89
156  3  0  -168.581
409  5  0  -168.581
662  1  0  -168.581
915  5  0  -168.581
157  3  0  -168.156
410  5  0  -168.156
663  1  0  -168.156
916  5  0  -168.156
158  3  0  -168.014
411  5  0  -168.014
664  1  0  -168.014
917  5  0  -168.014
159  3  0  -167.791
412  5  0  -167.791
665  1  0  -167.791
918  5  0  -167.791
160  3  0  -167.552
413  5  0  -167.552
666  1  0  -167.552
919  5  0  -167.552
161  3  0  -167.309
414  5  0  -167.309
667  1  0  -167.309
920  5  0  -167.309
162  3  0  -167.251
415  5  0  -167.251
668  1  0  -167.251
921  5  0  -167.251
163  3  0  -167.082
416  5  0  -167.082
669  1  0  -167.082
922  5  0  -167.082
164  3  0  -166.866
417  5  0  -166.866
670  1  0  -166.866
923  5  0  -166.866
165  3  0  -166.619
418  5  0  -166.619
671  1  0  -166.619
924  5  0  -166.618
166  3  0  -166.572
419  5  0  -166.572
672  1  0  -166.572
925  5  0  -166.572
167  3  0  -166.393
420  5  0  -166.393
673  1  0  -166.393
926  5  0  -166.393
168  3  0  -166.252
421  5  0  -166.252
674  1  0  -166.252
927  5  0  -166.252
169  3  0  -166.195
422  5  0  -166.195
675  1  0  -166.195
928  5  0  -166.195
170  3  0  -165.972
423  5  0  -165.972
676  1  0  -165.971
929  5  0  -165.971
171  3  0  -165.974
424  5  0  -165.974
677  1  0  -165.974
930  5  0  -165.974
172  3  0  -165.916
425  5  0  -165.916
678  1  0  -165.916
931  5  0  -165.916
173  3  0  -165.814
426  5  0  -165.814
679  1  0  -165.814
932  5  0  -165.814
174  3  0  -165.714
427  5  0  -165.714
680  1  0  -165.714
933  5  0  -165.714
175  3  0  -165.663
428  5  0  -165.663
681  1  0  -165.663
934  5  0  -165.663
176  3  0  -165.469
429  5  0  -165.469
682  1  0  -165.469
935  5  0  -165.469
177  3  0  -165.491
430  5  0  -165.491
683  1  0  -165.491
936  5  0  -165.491
178  3  0  -165.38
431  5  0  -165.38
684  1  0  -165.38
937  5  0  -165.38
179  3  0  -165.331
432  5  0  -165.331
685  1  0  -165.331
938  5  0  -165.331
180  3  0  -165.414
433  5  0  -165.414
686  1  0  -165.414
939  5  0  -165.414
181  3  0  -165.298
434  5  0  -165.298
687  1  0  -165.298
940  5  0  -165.298
182  3  0  -165.104
435  5  0  -165.104
688  1  0  -165.104
941  5  0  -165.104
183  3  0  -165.311
436  5  0  -165.311
689  1  0  -165.311
942  5  0  -165.311
184  3  0  -165.315
437  5  0  -165.315
690  1  0  -165.315
943  5  0  -165.315
185  3  0  -165.191
438  5  0  -165.191
691  1  0  -165.191
944  5  0  -165.191
186  3  0  -165.228
439  5  0  -165.228
692  1  0  -165.228
945  5  0  -165.228
187  3  0  -165.202
440  5  0  -165.202
693  1  0  178.515
946  5  0  164.502
188  3  0  -165.201
441  5  0  -165.201
694  4  0  -165.201
947  5  0  -165.201
189  3  0  -165.249
442  5  0  -165.249
695  4  0  -165.249
948  5  0  -165.249
190  3  0  -165.3
443  5  0  -165.3
696  4  0  -165.3
949  5  0  -165.3
191  3  0  -165.278
444  5  0  -165.278
697  4  0  -165.278
950  5  0  -165.278
192  3  0  -165.172
445  5  0  -165.172
698  4  0  -165.172
951  5  0  -165.172
193  3  0  -164.879
446  5  0  -164.879
699  4  0  -164.879
952  5  0  -164.879
194  3  0  -164.731
447  5  0  -164.731
700  4  0  -164.731
953  5  0  -164.731
195  3  0  -164.576
448  5  0  -164.576
701  4  0  -164.576
954  5  0  -164.576
196  3  0  -164.354
449  5  0  -164.519
702  4  0  -164.757
955  5  0  -165.004
197  3  0  -120.126
450  5  0  -120.034
703  4  0  -119.888
956  5  0  -119.714
198  2  0  -90.0307
451  1  0  -90.0307
704  1  0  -90.0307
957  2  0  -90.0307
199  2  0  -90.0307
452  1  0  -90.0307
705  1  0  -90.0307
958  2  0  -90.0307
200  2  0  -90.0307
453  1  0  -90.0307
706  1  0  -90.0307
959  2  0  -90.0307
201  2  0  -90.0307
454  1  0  -90.0307
707  1  0  -90.0307
960  2  0  -90.0307
202  2  0  -90.0307
455  1  0  -90.0307
708  1  0  -90.0307
961  2  0  -90.0307
203  2  0  -90.0307
456  1  0  -90.0307
709  1  0  -90.0307
962  2  0  -90.0307
204  2  0  -90.0307
457  1  0  -90.0307
710  1  0  -90.0307
963  2  0  -90.0307
205  2  0  -90.0307
458  1  0  -90.0307
711  1  0  -90.0307
964  2  0  -90.0307
206  2  0  -90.0307
459  1  0  -90.0307
712  1  0  -90.0307
965  2  0  -90.0307
207  2  0  -90.0307
460  1  0  -90.0307
713  1  0  -90.0307
966  2  0  -90.0307
208  2  0  -90.0307
461  1  0  -90.0307
714  1  0  -90.0307
967  2  0  -90.0307
209  2  0  -90.0307
462  1  0  -90.0307
715  1  0  -90.0307
968  2  0  -90.0307
210  2  0  -90.0307
463  1  0  -90.0307
716  1  0  -90.0307
969  2  0  -90.0307
211  2  0  -90.0307
464  1  0  -90.0307
717  1  0  -90.0307
970  2  0  -90.0307
212  2  0  -90.0307
465  1  0  -90.0307
718  1  0  -90.0307
971  2  0  -90.0307
213  2  0  -90.0307
466  1  0  -90.0307
719  1  0  -90.0307
972  2  0  -90.0307
214  2  0  -90.0307
467  1  0  -90.0307
720  1  0  -90.0307
973  2  0  -90.0307
215  2  0  -90.0307
468  1  0  -90.0307
721  1  0  -90.0307
974  2  0  -90.0307
216  2  0  -90.0307
469  1  0  -90.0307
722  1  0  -90.0307
975  2  0  -90.0307
217  2  0  -90.0307
470  1  0  -90.0307
723  1  0  -90.0307
976  2  0  -90.0307
218  2  0  -90.0307
471  1  0  -90.0307
724  1  0  -90.0307
977  2  0  -90.0307
219  2  0  -90.0307
472  1  0  -90.0307
725  1  0  -90.0307
978  2  0  -90.0307
220  2  0  -90.0307
473  1  0  -90.0307
726  1  0  -90.0307
979  2  0  -90.0307
221  2  0  -90.0307
474  1  0  -90.0307
727  1  0  -90.0307
980  2  0  -90.0307
222  2  0  -90.0307
475  1  0  -90.0307
728  1  0  -90.0307
981  2  0  -90.0307
223  2  0  -90.0307
476  1  0  -90.0307
729  1  0  -90.0307
982  2  0  -90.0307
224  2  0  -90.0307
477  1  0  -90.0307
730  1  0  -90.0307
983  2  0  -90.0307
225  2  0  -90.0044
478  1  0  -90.0044
731  1  0  -90.0044
984  2  0  89.9956
226  2  0  -90.0044
479  1  0  -90.0044
732  1  0  -90.0044
985  2  0  -90.0044
227  2  0  -90.0044
480  1  0  -90.0044
733  1  0  -90.0044
986  2  0  -90.0044
228  2  0  -90.0044
481  1  0  -90.0044
734  1  0  -90.0044
987  2  0  -90.0044
229  2  0  -90.0044
482  1  0  -90.0044
735  1  0  -90.0044
988  2  0  -90.0044
230  2  0  -90.0044
483  1  0  -90.0044
736  1  0  -90.0044
989  2  0  -90.0044
231  2  0  -90.0044
484  1  0  -90.0044
737  1  0  -90.0044
990  2  0  -90.0044
232  2  0  -90.0044
485  1  0  -90.0044
738  1  0  -90.0044
991  2  0  -90.0044
233  2  0  -90.0044
486  1  0  -90.0044
739  1  0  -90.0044
992  2  0  -90.0044
234  2  0  -90.0044
487  1  0  -90.0044
740  1  0  -90.0044
993  2  0  -90.0044
235  2  0  -90.0044
488  1  0  -90.0044
741  1  0  -90.0044
994  2  0  -90.0044
236  2  0  -90.0044
489  1  0  -90.0044
742  1  0  -90.0044
995  2  0  -90.0044
237  2  0  -90.0044
490  1  0  -90.0044
743  1  0  -90.0044
996  2  0  -90.0044
238  2  0  -90.0044
491  1  0  -90.0044
744  1  0  -90.0044
997  2  0  -90.0044
239  2  0  -90.0044
492  1  0  -90.0044
745  1  0  -90.0044
998  2  0  -90.0044
240  2  0  -90.0044
493  1  0  -90.0044
746  1  0  -90.0044
999  2  0  -90.0044
241  2  0  -90.0044
494  1  0  -90.0044
747  1  0  -90.0044
1000  2  0  -90.0044
242  2  0  -90.0044
495  1  0  -90.0044
748  1  0  -90.0044
1001  2  0  -90.0044
243  2  0  -90.0044
496  1  0  -90.0044
749  1  0  -90.0044
1002  2  0  -90.0044
244  2  0  -90.0044
497  1  0  -90.0044
750  1  0  -90.0044
1003  2  0  -90.0044
245  2  0  -90.0044
498  1  0  -90.0044
751  1  0  -90.0044
1004  2  0  -90.0044
246  2  0  -90.0044
499  1  0  -90.0044
752  1  0  -90.0044
1005  2  0  -90.0044
247  2  0  -90.0044
500  1  0  -90.0044
753  1  0  -90.0044
1006  2  0  -90.0044
248  2  0  -90.0044
501  1  0  -90.0044
754  1  0  -90.0044
1007  2  0  -90.0044
249  2  0  -90.0044
502  1  0  -90.0044
755  1  0  -90.0044
1008  2  0  -90.0044
250  2  0  -90.0044
503  1  0  -90.0044
756  1  0  -90.0044
1009  2  0  -90.0044
251  2  0  -90.0044
504  1  0  -90.0044
757  1  0  -90.0044
1010  2  0  -90.0044
252  2  0  -90.0044
505  1  0  -90.0044
758  1  0  -90.0044
1011  2  0  -90.0044
253  2  0  -90.0044
506  1  0  -90.0044
759  1  0  -90.0044
1012  2  0  89.9956
