10240  2.36756536e-01  1.62006584e-01
1  -2.31630000e+00  -2.48693963e-02
2  -2.27850796e+00  -1.56958711e-02
3  -2.24032446e+00  -8.33450598e-03
4  -2.20182887e+00  -2.81101509e-03
5  -2.16313639e+00  1.10721386e-03
6  -2.12428899e+00  2.94413863e-03
7  -2.08540348e+00  3.41923491e-03
8  -2.04651889e+00  2.69158331e-03
9  -2.00767912e+00  7.05286708e-04
10  -1.96890000e+00  -2.24306608e-03
11  -1.91624972e+00  -8.19766399e-03
12  -1.87932206e+00  -1.34510859e-02
13  -1.84252064e+00  -1.95258765e-02
14  -1.80588524e+00  -2.65316366e-02
15  -1.76939619e+00  -3.42655650e-02
16  -1.73303813e+00  -4.25948662e-02
17  -1.69684692e+00  -5.16217765e-02
18  -1.66080816e+00  -6.12384472e-02
19  -1.62495707e+00  -7.15325609e-02
20  -1.58926493e+00  -8.23653252e-02
21  -1.55367891e+00  -9.35429510e-02
22  -1.51822599e+00  -1.05132620e-01
23  -1.48291531e+00  -1.17152164e-01
24  -1.44768398e+00  -1.29402110e-01
25  -1.41255109e+00  -1.41932014e-01
26  -1.37751866e+00  -1.54739655e-01
27  -1.34257542e+00  -1.67788604e-01
28  -1.30769703e+00  -1.81010337e-01
29  -1.27287135e+00  -1.94370239e-01
30  -1.23811311e+00  -2.07904784e-01
31  -1.20341261e+00  -2.21586614e-01
32  -1.16872120e+00  -2.35291581e-01
33  -1.13402638e+00  -2.48987895e-01
34  -1.09933542e+00  -2.62693986e-01
35  -1.06468382e+00  -2.76499240e-01
36  -1.03003923e+00  -2.90322126e-01
37  -9.95386358e-01  -3.04124181e-01
38  -9.60696436e-01  -3.17832905e-01
39  -9.25990063e-01  -3.31499914e-01
40  -8.91252933e-01  -3.45088362e-01
41  -8.56465615e-01  -3.58547978e-01
42  -8.21634358e-01  -3.71893500e-01
43  -7.86730060e-01  -3.85046283e-01
44  -7.51756462e-01  -3.98014000e-01
45  -7.16698592e-01  -4.10752284e-01
46  -6.81560453e-01  -4.23267189e-01
47  -6.46341410e-01  -4.35551868e-01
48  -6.11039025e-01  -4.47595973e-01
49  -5.75623425e-01  -4.59302961e-01
50  -5.40096777e-01  -4.70666112e-01
51  -5.04461009e-01  -4.81681537e-01
52  -4.68703353e-01  -4.92297722e-01
53  -4.32816590e-01  -5.02469170e-01
54  -3.96818037e-01  -5.12234616e-01
55  -3.45100000e-01  -5.25455202e-01
56  -3.08834338e-01  -5.34083502e-01
57  -2.72440737e-01  -5.42163165e-01
58  -2.35912496e-01  -5.49611910e-01
59  -1.99218472e-01  -5.56180818e-01
60  -1.62413170e-01  -5.62097207e-01
61  -1.25508538e-01  -5.67356989e-01
62  -8.84831178e-02  -5.71705424e-01
63  -5.13569800e-02  -5.75085503e-01
64  -1.41665556e-02  -5.77630076e-01
65  2.30720813e-02  -5.79304653e-01
66  6.03412686e-02  -5.80026799e-01
67  9.76187285e-02  -5.79694081e-01
68  1.34872311e-01  -5.78291808e-01
69  1.72055873e-01  -5.75639673e-01
70  2.09138267e-01  -5.71845349e-01
71  2.46100000e-01  -5.67015339e-01
72  2.88903245e-01  -5.60088960e-01
73  3.26020720e-01  -5.52883023e-01
74  3.62903047e-01  -5.44560321e-01
75  3.99515754e-01  -5.35113879e-01
76  4.35871099e-01  -5.24718501e-01
77  4.71957181e-01  -5.13421600e-01
78  5.07760098e-01  -5.01255195e-01
79  5.43252352e-01  -4.88212103e-01
80  5.78334852e-01  -4.74101807e-01
81  6.13062508e-01  -4.59139222e-01
82  6.47454530e-01  -4.43423372e-01
83  6.81379302e-01  -4.26723342e-01
84  7.14821636e-01  -4.09075754e-01
85  7.47793460e-01  -3.90566320e-01
86  7.80230758e-01  -3.71134783e-01
87  8.17500000e-01  -3.46996723e-01
88  8.48841584e-01  -3.25443932e-01
89  8.79316339e-01  -3.02682276e-01
90  9.09026116e-01  -2.78933707e-01
91  9.37760334e-01  -2.54013024e-01
92  9.65366183e-01  -2.27848366e-01
93  9.91890330e-01  -2.00588369e-01
94  1.01663606e+00  -1.71704989e-01
95  1.03926068e+00  -1.41140256e-01
96  1.05922719e+00  -1.08795123e-01
97  1.07502880e+00  -7.42398690e-02
98  1.08561106e+00  -3.77406141e-02
99  1.09000000e+00  0.00000000e+00
100  1.08607684e+00  3.63847634e-02
101  1.07631229e+00  7.16458829e-02
102  1.06084248e+00  1.04789215e-01
103  1.04112515e+00  1.35633967e-01
104  1.01861514e+00  1.64508990e-01
105  9.93862711e-01  1.91499307e-01
106  9.67325156e-01  2.16734360e-01
107  9.39421676e-01  2.40457248e-01
108  9.10300009e-01  2.62665912e-01
109  8.80159660e-01  2.83475945e-01
110  8.49242282e-01  3.03110472e-01
111  8.17500000e-01  3.21385158e-01
112  7.79474047e-01  3.41386799e-01
113  7.46403088e-01  3.57356418e-01
114  7.12893823e-01  3.72386956e-01
115  6.78985233e-01  3.86494596e-01
116  6.44656022e-01  3.99545070e-01
117  6.10014870e-01  4.11746512e-01
118  5.75063127e-01  4.23028065e-01
119  5.39840309e-01  4.33433589e-01
120  5.04406475e-01  4.43095622e-01
121  4.68760769e-01  4.51944626e-01
122  4.32912316e-01  4.59929685e-01
123  3.96907636e-01  4.67176874e-01
124  3.60760107e-01  4.73671220e-01
125  3.24474553e-01  4.79338641e-01
126  2.88081867e-01  4.84276586e-01
127  2.46100000e-01  4.88973245e-01
128  2.09219858e-01  4.92243018e-01
129  1.72290358e-01  4.94902872e-01
130  1.35320473e-01  4.96932491e-01
131  9.83132804e-02  4.98122756e-01
132  6.12947393e-02  4.98872031e-01
133  2.42702605e-02  4.99128246e-01
134  -1.27528108e-02  4.98805648e-01
135  -4.97688900e-02  4.97951074e-01
136  -8.67753565e-02  4.96740189e-01
137  -1.23762030e-01  4.95028749e-01
138  -1.60722906e-01  4.92842067e-01
139  -1.97661621e-01  4.90304502e-01
140  -2.34576011e-01  4.87435476e-01
141  -2.71450065e-01  4.84080921e-01
142  -3.08290167e-01  4.80373146e-01
143  -3.45100000e-01  4.76379798e-01
144  -3.96720027e-01  4.70225899e-01
145  -4.32693494e-01  4.65570986e-01
146  -4.68634663e-01  4.60670924e-01
147  -5.04537327e-01  4.55496454e-01
148  -5.40402131e-01  4.50068030e-01
149  -5.76236638e-01  4.44441786e-01
150  -6.12043474e-01  4.38641329e-01
151  -6.47794253e-01  4.32504578e-01
152  -6.83505867e-01  4.26145088e-01
153  -7.19184054e-01  4.19599785e-01
154  -7.54829536e-01  4.12878330e-01
155  -7.90457203e-01  4.06063098e-01
156  -8.26050937e-01  3.99073670e-01
157  -8.61606543e-01  3.91892245e-01
158  -8.97107954e-01  3.84447209e-01
159  -9.32590803e-01  3.76914312e-01
160  -9.68043964e-01  3.69243515e-01
161  -1.00346484e+00  3.61424419e-01
162  -1.03885233e+00  3.53455457e-01
163  -1.07423171e+00  3.45450583e-01
164  -1.10958717e+00  3.37341236e-01
165  -1.14491186e+00  3.29098521e-01
166  -1.18020074e+00  3.20703638e-01
167  -1.21548278e+00  3.12280098e-01
168  -1.25073829e+00  3.03746484e-01
169  -1.28597270e+00  2.95125872e-01
170  -1.32119853e+00  2.86470327e-01
171  -1.35639032e+00  2.77677437e-01
172  -1.39158253e+00  2.68886106e-01
173  -1.42676573e+00  2.60058893e-01
174  -1.46193322e+00  2.51169268e-01
175  -1.49708513e+00  2.42218190e-01
176  -1.53222912e+00  2.33236033e-01
177  -1.56734252e+00  2.24135064e-01
178  -1.60245929e+00  2.15047082e-01
179  -1.63755837e+00  2.05891131e-01
180  -1.67264966e+00  1.96705264e-01
181  -1.70775418e+00  1.87570154e-01
182  -1.74283999e+00  1.78364077e-01
183  -1.77789459e+00  1.69039432e-01
184  -1.81298275e+00  1.59841680e-01
185  -1.84807145e+00  1.50646070e-01
186  -1.88314018e+00  1.41374463e-01
187  -1.91821499e+00  1.32125860e-01
188  -1.96890000e+00  1.18736159e-01
189  -2.00369295e+00  1.09543976e-01
190  -2.03849360e+00  1.00380959e-01
191  -2.07330236e+00  9.12488295e-02
192  -2.10810761e+00  8.21033552e-02
193  -2.14289589e+00  7.28935466e-02
194  -2.17763662e+00  6.35059301e-02
195  -2.21235299e+00  5.40286521e-02
196  -2.24704360e+00  4.44575818e-02
197  -2.28169176e+00  3.47342407e-02
198  -3.08310322e-01  4.42800677e-01
199  -3.08330476e-01  4.05228209e-01
200  -3.08350631e-01  3.67655741e-01
201  -3.08370785e-01  3.30083272e-01
202  -3.08390940e-01  2.92510804e-01
203  -3.08411094e-01  2.54938335e-01
204  -3.08431249e-01  2.17365867e-01
205  -3.08451403e-01  1.79793398e-01
206  -3.08471558e-01  1.42220930e-01
207  -3.08491712e-01  1.04648461e-01
208  -3.08511866e-01  6.70759931e-02
209  -3.08532021e-01  2.95035246e-02
210  -3.08552175e-01  -8.06894381e-03
211  -3.08572330e-01  -4.56414122e-02
212  -3.08592484e-01  -8.32138807e-02
213  -3.08612639e-01  -1.20786349e-01
214  -3.08632793e-01  -1.58358818e-01
215  -3.08652948e-01  -1.95931286e-01
216  -3.08673102e-01  -2.33503754e-01
217  -3.08693257e-01  -2.71076223e-01
218  -3.08713411e-01  -3.08648691e-01
219  -3.08733565e-01  -3.46221160e-01
220  -3.08753720e-01  -3.83793628e-01
221  -3.08773874e-01  -4.21366097e-01
222  -3.08794029e-01  -4.58938565e-01
223  -3.08814183e-01  -4.96511033e-01
224  2.09217044e-01  4.55550316e-01
225  2.09214231e-01  4.18857614e-01
226  2.09211417e-01  3.82164911e-01
227  2.09208604e-01  3.45472209e-01
228  2.09205790e-01  3.08779507e-01
229  2.09202977e-01  2.72086804e-01
230  2.09200163e-01  2.35394102e-01
231  2.09197350e-01  1.98701400e-01
232  2.09194536e-01  1.62008697e-01
233  2.09191723e-01  1.25315995e-01
234  2.09188909e-01  8.86232928e-02
235  2.09186096e-01  5.19305905e-02
236  2.09183282e-01  1.52378882e-02
237  2.09180469e-01  -2.14548142e-02
238  2.09177655e-01  -5.81475165e-02
239  2.09174842e-01  -9.48402188e-02
240  2.09172029e-01  -1.31532921e-01
241  2.09169215e-01  -1.68225623e-01
242  2.09166402e-01  -2.04918326e-01
243  2.09163588e-01  -2.41611028e-01
244  2.09160775e-01  -2.78303730e-01
245  2.09157961e-01  -3.14996433e-01
246  2.09155148e-01  -3.51689135e-01
247  2.09152334e-01  -3.88381837e-01
248  2.09149521e-01  -4.25074540e-01
249  2.09146707e-01  -4.61767242e-01
250  2.09143894e-01  -4.98459944e-01
251  2.09141080e-01  -5.35152647e-01
10245  2.36742469e-01  -2.14569276e-02
10241  2.36753723e-01  1.25313882e-01
10242  2.36750909e-01  8.86211794e-02
10243  2.36748096e-01  5.19284771e-02
10246  2.36739655e-01  -5.81496299e-02
10244  2.36745282e-01  1.52357748e-02
2503  -2.31527920e+00  -2.41070911e-02
2504  -2.27861429e+00  -1.52073075e-02
2505  -2.24040732e+00  -7.84141904e-03
2506  -2.20188958e+00  -2.31471424e-03
2507  -2.16317340e+00  1.60584230e-03
2508  -2.12430385e+00  3.44391762e-03
2509  -2.08540186e+00  3.91923227e-03
2510  -2.04650144e+00  3.19127878e-03
2511  -2.00764740e+00  1.20427931e-03
2512  -1.96885294e+00  -1.74528525e-03
2513  -1.91618641e+00  -7.70168870e-03
2514  -1.87924613e+00  -1.29568852e-02
2515  -1.84243296e+00  -1.90336243e-02
2516  -1.80578644e+00  -2.60414948e-02
2517  -1.76928852e+00  -3.37772947e-02
2518  -1.73292180e+00  -4.21085881e-02
2519  -1.69672196e+00  -5.11376437e-02
2520  -1.66067470e+00  -6.07565871e-02
2521  -1.62481546e+00  -7.10530322e-02
2522  -1.58911741e+00  -8.18875841e-02
2523  -1.55352631e+00  -9.30668068e-02
2524  -1.51806775e+00  -1.04658321e-01
2525  -1.48275265e+00  -1.16679363e-01
2526  -1.44751790e+00  -1.28930500e-01
2527  -1.41238127e+00  -1.41461737e-01
2528  -1.37734536e+00  -1.54270649e-01
2529  -1.34239934e+00  -1.67320633e-01
2530  -1.30751887e+00  -1.80543155e-01
2531  -1.27269109e+00  -1.93903862e-01
2532  -1.23793070e+00  -2.07439247e-01
2533  -1.20322905e+00  -2.21121526e-01
2534  -1.16853755e+00  -2.34826531e-01
2535  -1.13384272e+00  -2.48522848e-01
2536  -1.09915103e+00  -2.62229228e-01
2537  -1.06449865e+00  -2.76034793e-01
2538  -1.02985408e+00  -2.89857671e-01
2539  -9.95201971e-01  -3.03659421e-01
2540  -9.60512954e-01  -3.17367787e-01
2541  -9.25807387e-01  -3.31034479e-01
2542  -8.91071647e-01  -3.44622384e-01
2543  -8.56285958e-01  -3.58081370e-01
2544  -8.21456756e-01  -3.71426106e-01
2545  -7.86554990e-01  -3.84577934e-01
2546  -7.51584170e-01  -3.97544622e-01
2547  -7.16529335e-01  -4.10281803e-01
2548  -6.81394236e-01  -4.22795626e-01
2549  -6.46178348e-01  -4.35079204e-01
2550  -6.10879835e-01  -4.47121991e-01
2551  -5.75468798e-01  -4.58827471e-01
2552  -5.39946783e-01  -4.70189141e-01
2553  -5.04316022e-01  -4.81203020e-01
2554  -4.68564024e-01  -4.91817527e-01
2555  -4.32682963e-01  -5.01987357e-01
2556  -3.96690665e-01  -5.11751112e-01
2557  -3.44980215e-01  -5.24969762e-01
2558  -3.07553221e-01  -5.33865046e-01
2559  -2.72336599e-01  -5.41674130e-01
2560  -2.35818484e-01  -5.49120828e-01
2561  -1.99134737e-01  -5.55687879e-01
2562  -1.62338215e-01  -5.61602857e-01
2563  -1.25444098e-01  -5.66861159e-01
2564  -8.84312856e-02  -5.71208118e-01
2565  -5.13172453e-02  -5.74587084e-01
2566  -1.41382577e-02  -5.77130877e-01
2567  2.30881567e-02  -5.78804911e-01
2568  6.03438808e-02  -5.79526806e-01
2569  9.76070924e-02  -5.79194216e-01
2570  1.34845117e-01  -5.77792548e-01
2571  1.72012634e-01  -5.75141546e-01
2572  2.10419317e-01  -5.71192758e-01
2573  2.46027663e-01  -5.66520599e-01
2574  2.88815654e-01  -5.59596692e-01
2575  3.25918033e-01  -5.52393681e-01
2576  3.62785546e-01  -5.44074324e-01
2577  3.99384556e-01  -5.34631399e-01
2578  4.35727669e-01  -5.24239515e-01
2579  4.71802044e-01  -5.12946276e-01
2580  5.07593415e-01  -5.00783796e-01
2581  5.43072809e-01  -4.87745451e-01
2582  5.78142627e-01  -4.73640234e-01
2583  6.12859667e-01  -4.58682215e-01
2584  6.47240188e-01  -4.42971645e-01
2585  6.81152189e-01  -4.26277899e-01
2586  7.14582561e-01  -4.08636615e-01
2587  7.47542583e-01  -3.90133815e-01
2588  7.79966341e-01  -3.70710421e-01
2589  8.17222414e-01  -3.46580855e-01
2590  8.48550269e-01  -3.25037563e-01
2591  8.79010599e-01  -3.02286646e-01
2592  9.08706156e-01  -2.78549486e-01
2593  9.37424476e-01  -2.53642619e-01
2594  9.65014956e-01  -2.27492502e-01
2595  9.91521115e-01  -2.00251204e-01
2596  1.01624502e+00  -1.71393398e-01
2597  1.03884664e+00  -1.40859949e-01
2598  1.05878625e+00  -1.08559383e-01
2599  1.07456007e+00  -7.40658185e-02
2600  1.08512093e+00  -3.76417779e-02
2601  1.08950000e+00  2.09072130e-06
2602  1.08558409e+00  3.62906214e-02
2603  1.07584319e+00  7.14728261e-02
2604  1.06040435e+00  1.04548302e-01
2605  1.04071690e+00  1.35345297e-01
2606  1.01823342e+00  1.64186054e-01
2607  9.93505978e-01  1.91148962e-01
2608  9.66990820e-01  2.16362581e-01
2609  9.39108034e-01  2.40067853e-01
2610  9.10006284e-01  2.62261281e-01
2611  8.79883543e-01  2.83059100e-01
2612  8.48983462e-01  3.02682673e-01
2613  8.17258839e-01  3.20947161e-01
2614  7.79248921e-01  3.40940348e-01
2615  7.46192040e-01  3.56903142e-01
2616  7.12695456e-01  3.71927989e-01
2617  6.78800342e-01  3.86030037e-01
2618  6.44484118e-01  3.99075550e-01
2619  6.09855009e-01  4.11272756e-01
2620  5.74915494e-01  4.22550357e-01
2621  5.39703704e-01  4.32952612e-01
2622  5.04280465e-01  4.42611761e-01
2623  4.68646173e-01  4.51457935e-01
2624  4.32808625e-01  4.59440555e-01
2625  3.96814091e-01  4.66685703e-01
2626  3.60677314e-01  4.73178122e-01
2627  3.24402356e-01  4.78843881e-01
2628  2.88020455e-01  4.83780372e-01
2629  2.46050123e-01  4.88475739e-01
2630  2.10500812e-01  4.91638499e-01
2631  1.72258693e-01  4.94403876e-01
2632  1.35298731e-01  4.96432964e-01
2633  9.83001845e-02  4.97622928e-01
2634  6.12879501e-02  4.98372077e-01
2635  2.42707088e-02  4.98628246e-01
2636  -1.27448622e-02  4.98305711e-01
2637  -4.97549439e-02  4.97451269e-01
2638  -8.67556246e-02  4.96240578e-01
2639  -1.23735709e-01  4.94529442e-01
2640  -1.60691007e-01  4.92343086e-01
2641  -1.97625115e-01  4.89805836e-01
2642  -2.34533988e-01  4.86937245e-01
2643  -2.71402380e-01  4.83583200e-01
2644  -3.07009365e-01  4.80004346e-01
2645  -3.45043442e-01  4.75883007e-01
2646  -3.96658350e-01  4.69729718e-01
2647  -4.32627640e-01  4.65075342e-01
2648  -4.68565228e-01  4.60175769e-01
2649  -5.04464250e-01  4.55001823e-01
2650  -5.40325941e-01  4.49573869e-01
2651  -5.76157884e-01  4.43948027e-01
2652  -6.11961201e-01  4.38148144e-01
2653  -6.47708128e-01  4.32012051e-01
2654  -6.83416926e-01  4.25653062e-01
2655  -7.19092618e-01  4.19108217e-01
2656  -7.54736240e-01  4.12387111e-01
2657  -7.90362060e-01  4.05572234e-01
2658  -8.25953270e-01  3.98583302e-01
2659  -8.61505736e-01  3.91402512e-01
2660  -8.97004725e-01  3.83957981e-01
2661  -9.32486018e-01  3.76425415e-01
2662  -9.67937206e-01  3.68755045e-01
2663  -1.00335603e+00  3.60936403e-01
2664  -1.03874224e+00  3.52967728e-01
2665  -1.07412065e+00  3.44963073e-01
2666  -1.10947447e+00  3.36854103e-01
2667  -1.14479719e+00  3.28611847e-01
2668  -1.18008483e+00  3.20217259e-01
2669  -1.21536591e+00  3.11793948e-01
2670  -1.25062006e+00  3.03260663e-01
2671  -1.28585363e+00  2.94640256e-01
2672  -1.32107827e+00  2.85985004e-01
2673  -1.35626913e+00  2.77192347e-01
2674  -1.39146110e+00  2.68401075e-01
2675  -1.42664362e+00  2.59574032e-01
2676  -1.46181026e+00  2.50684623e-01
2677  -1.49696153e+00  2.41733707e-01
2678  -1.53210449e+00  2.32751815e-01
2679  -1.56721716e+00  2.23651034e-01
2680  -1.60233355e+00  2.14563150e-01
2681  -1.63743196e+00  2.05407375e-01
2682  -1.67252339e+00  1.96221471e-01
2683  -1.70762777e+00  1.87086397e-01
2684  -1.74271227e+00  1.77880663e-01
2685  -1.77776693e+00  1.68556003e-01
2686  -1.81285598e+00  1.59358017e-01
2687  -1.84794417e+00  1.50162541e-01
2688  -1.88301254e+00  1.40891030e-01
2689  -1.91808739e+00  1.31642415e-01
2690  -1.96877229e+00  1.18252744e-01
2691  -2.00356544e+00  1.09060509e-01
2692  -2.03836650e+00  9.98973822e-02
2693  -2.07317539e+00  9.07652207e-02
2694  -2.10798010e+00  8.16198884e-02
2695  -2.14276669e+00  7.24105267e-02
2696  -2.17750557e+00  6.30234110e-02
2697  -2.21222066e+00  5.35464810e-02
2698  -2.24690956e+00  4.39758832e-02
2699  -2.28138553e+00  3.43389884e-02
2700  -3.07029322e-01  4.42799990e-01
2701  -3.07049476e-01  4.05227522e-01
2702  -3.07069631e-01  3.67655054e-01
2703  -3.07089785e-01  3.30082585e-01
2704  -3.07109940e-01  2.92510117e-01
2705  -3.07130094e-01  2.54937648e-01
2706  -3.07150249e-01  2.17365180e-01
2707  -3.07170403e-01  1.79792711e-01
2708  -3.07190558e-01  1.42220243e-01
2709  -3.07210712e-01  1.04647774e-01
2710  -3.07230866e-01  6.70753060e-02
2711  -3.07251021e-01  2.95028375e-02
2712  -3.07271175e-01  -8.06963096e-03
2713  -3.07291330e-01  -4.56420993e-02
2714  -3.07311484e-01  -8.32145678e-02
2715  -3.07331639e-01  -1.20787036e-01
2716  -3.07351793e-01  -1.58359505e-01
2717  -3.07371948e-01  -1.95931973e-01
2718  -3.07392102e-01  -2.33504441e-01
2719  -3.07412257e-01  -2.71076910e-01
2720  -3.07432411e-01  -3.08649378e-01
2721  -3.07452565e-01  -3.46221847e-01
2722  -3.07472720e-01  -3.83794315e-01
2723  -3.07492874e-01  -4.21366784e-01
2724  -3.07513029e-01  -4.58939252e-01
2725  -3.07533183e-01  -4.96511720e-01
2726  2.10498044e-01  4.55550218e-01
2727  2.10495231e-01  4.18857516e-01
2728  2.10492417e-01  3.82164813e-01
2729  2.10489604e-01  3.45472111e-01
2730  2.10486790e-01  3.08779409e-01
2731  2.10483977e-01  2.72086706e-01
2732  2.10481163e-01  2.35394004e-01
2733  2.10478350e-01  1.98701302e-01
2734  2.10475536e-01  1.62008599e-01
2735  2.10472723e-01  1.25315897e-01
2736  2.10469909e-01  8.86231946e-02
2737  2.10467096e-01  5.19304923e-02
2738  2.10464282e-01  1.52377900e-02
2739  2.10461469e-01  -2.14549124e-02
2740  2.10458655e-01  -5.81476147e-02
2741  2.10455842e-01  -9.48403170e-02
2742  2.10453029e-01  -1.31533019e-01
2743  2.10450215e-01  -1.68225721e-01
2744  2.10447402e-01  -2.04918424e-01
2745  2.10444588e-01  -2.41611126e-01
2746  2.10441775e-01  -2.78303828e-01
2747  2.10438961e-01  -3.14996531e-01
2748  2.10436148e-01  -3.51689233e-01
2749  2.10433334e-01  -3.88381935e-01
2750  2.10430521e-01  -4.25074638e-01
2751  2.10427707e-01  -4.61767340e-01
2752  2.10424894e-01  -4.98460042e-01
2753  2.10422080e-01  -5.35152745e-01
10250  2.36728402e-01  -2.04920439e-01
10253  2.36719961e-01  -3.14998546e-01
10254  2.36717148e-01  -3.51691248e-01
10255  2.36714334e-01  -3.88383950e-01
10248  2.36734029e-01  -1.31535034e-01
10256  2.36711521e-01  -4.25076653e-01
10252  2.36722775e-01  -2.78305843e-01
10257  2.36708707e-01  -4.61769355e-01
10258  2.36705894e-01  -4.98462057e-01
10259  2.36703080e-01  -5.35154760e-01
5005  -2.31062232e+00  -2.06294550e-02
5006  -2.27909936e+00  -1.29784803e-02
5007  -2.24078531e+00  -5.59195641e-03
5008  -2.20216653e+00  -5.05897843e-05
5009  -2.16334224e+00  3.88058523e-03
5010  -2.12437167e+00  5.72390938e-03
5011  -2.08539445e+00  6.20022025e-03
5012  -2.04642184e+00  5.47088949e-03
5013  -2.00750267e+00  3.48068354e-03
5014  -1.96863828e+00  5.25590896e-04
5015  -1.91589757e+00  -5.43904942e-03
5016  -1.87889973e+00  -1.07023418e-02
5017  -1.84203296e+00  -1.67879697e-02
5018  -1.80533573e+00  -2.38054679e-02
5019  -1.76879735e+00  -3.15498054e-02
5020  -1.73239108e+00  -3.98901873e-02
5021  -1.69615188e+00  -4.89290297e-02
5022  -1.66006587e+00  -5.85583411e-02
5023  -1.62416946e+00  -6.88654223e-02
5024  -1.58844440e+00  -7.97081292e-02
5025  -1.55283015e+00  -9.08946367e-02
5026  -1.51734584e+00  -1.02494571e-01
5027  -1.48201057e+00  -1.14522447e-01
5028  -1.44676022e+00  -1.26779016e-01
5029  -1.41160654e+00  -1.39316334e-01
5030  -1.37655476e+00  -1.52131044e-01
5031  -1.34159608e+00  -1.65185747e-01
5032  -1.30670611e+00  -1.78411870e-01
5033  -1.27186876e+00  -1.91776250e-01
5034  -1.23709852e+00  -2.05315464e-01
5035  -1.20239167e+00  -2.18999792e-01
5036  -1.16769972e+00  -2.32704972e-01
5037  -1.13300486e+00  -2.46401302e-01
5038  -1.09830984e+00  -2.60109001e-01
5039  -1.06365389e+00  -2.73915987e-01
5040  -1.02900942e+00  -2.87738825e-01
5041  -9.94360798e-01  -3.01539188e-01
5042  -9.59675912e-01  -3.15245920e-01
5043  -9.24974021e-01  -3.28911165e-01
5044  -8.90244621e-01  -3.42496593e-01
5045  -8.55466360e-01  -3.55952703e-01
5046  -8.20646537e-01  -3.69293852e-01
5047  -7.85756322e-01  -3.82441327e-01
5048  -7.50798176e-01  -3.95403320e-01
5049  -7.15757187e-01  -4.08135470e-01
5050  -6.80635953e-01  -4.20644354e-01
5051  -6.45434462e-01  -4.32922913e-01
5052  -6.10153611e-01  -4.44959687e-01
5053  -5.74763388e-01  -4.56658288e-01
5054  -5.39262510e-01  -4.68013197e-01
5055  -5.03654593e-01  -4.79020024e-01
5056  -4.67928407e-01  -4.89626876e-01
5057  -4.32073354e-01  -4.99789326e-01
5058  -3.96109593e-01  -5.09545366e-01
5059  -3.44433757e-01  -5.22755187e-01
5060  -2.95053505e-01  -5.34398822e-01
5061  -2.71861521e-01  -5.39443152e-01
5062  -2.35389599e-01  -5.46880511e-01
5063  -1.98752736e-01  -5.53439094e-01
5064  -1.61996270e-01  -5.59347633e-01
5065  -1.25150122e-01  -5.64599182e-01
5066  -8.81948273e-02  -5.68939407e-01
5067  -5.11359758e-02  -5.72313298e-01
5068  -1.40091626e-02  -5.74853533e-01
5069  2.31614926e-02  -5.76525091e-01
5070  6.03557977e-02  -5.77245837e-01
5071  9.75540083e-02  -5.76913834e-01
5072  1.34721060e-01  -5.75514924e-01
5073  1.71815379e-01  -5.72869091e-01
5074  2.22919605e-01  -5.67440359e-01
5075  2.45697660e-01  -5.64263597e-01
5076  2.88416063e-01  -5.57350965e-01
5077  3.25449575e-01  -5.50161304e-01
5078  3.62249506e-01  -5.41857203e-01
5079  3.98786029e-01  -5.32430325e-01
5080  4.35073340e-01  -5.22054380e-01
5081  4.71094308e-01  -5.10777851e-01
5082  5.06833005e-01  -4.98633276e-01
5083  5.42253735e-01  -4.85616583e-01
5084  5.77265697e-01  -4.71534538e-01
5085  6.11934309e-01  -4.56597347e-01
5086  6.46262361e-01  -4.40910864e-01
5087  6.80116102e-01  -4.24245785e-01
5088  7.13491901e-01  -4.06633263e-01
5089  7.46398081e-01  -3.88160727e-01
5090  7.78760069e-01  -3.68774479e-01
5091  8.15956067e-01  -3.44683666e-01
5092  8.47221291e-01  -3.23183708e-01
5093  8.77615811e-01  -3.00481784e-01
5094  9.07246499e-01  -2.76796671e-01
5095  9.35892293e-01  -2.51952834e-01
5096  9.63412657e-01  -2.25869049e-01
5097  9.89836757e-01  -1.98713056e-01
5098  1.01446110e+00  -1.69971919e-01
5099  1.03695780e+00  -1.39581191e-01
5100  1.05677469e+00  -1.07483938e-01
5101  1.07242173e+00  -7.32717999e-02
5102  1.08288493e+00  -3.71908871e-02
5103  1.08721902e+00  1.16285919e-05
5104  1.08333618e+00  3.58611455e-02
5105  1.07370318e+00  7.06833410e-02
5106  1.05840558e+00  1.03449255e-01
5107  1.03885445e+00  1.34028385e-01
5108  1.01649200e+00  1.62712818e-01
5109  9.91878560e-01  1.89550691e-01
5110  9.65465580e-01  2.14666526e-01
5111  9.37677197e-01  2.38291433e-01
5112  9.08666313e-01  2.60415357e-01
5113  8.78623897e-01  2.81157456e-01
5114  8.47802726e-01  3.00731052e-01
5115  8.16158664e-01  3.18949018e-01
5116  7.78221895e-01  3.38903641e-01
5117  7.45229239e-01  3.54835299e-01
5118  7.11790507e-01  3.69834182e-01
5119  6.77956869e-01  3.83910717e-01
5120  6.43699892e-01  3.96933600e-01
5121  6.09125722e-01  4.09111483e-01
5122  5.74241992e-01  4.20371056e-01
5123  5.39080513e-01  4.30758393e-01
5124  5.03705605e-01  4.40404388e-01
5125  4.68123384e-01  4.49237653e-01
5126  4.32335585e-01  4.57209144e-01
5127  3.96387341e-01  4.64444978e-01
5128  3.60299614e-01  4.70928610e-01
5129  3.24072996e-01  4.76586785e-01
5130  2.87740291e-01  4.81516643e-01
5131  2.45822587e-01  4.86206116e-01
5132  2.23000559e-01  4.88345961e-01
5133  1.72114237e-01  4.92127455e-01
5134  1.35199543e-01  4.94154122e-01
5135  9.82404408e-02  4.95342710e-01
5136  6.12569775e-02  4.96091287e-01
5137  2.42727539e-02  4.96347247e-01
5138  -1.27086008e-02  4.96024999e-01
5139  -4.96913217e-02  4.95171156e-01
5140  -8.66656077e-02  4.93961355e-01
5141  -1.23615634e-01  4.92251605e-01
5142  -1.60545485e-01  4.90066732e-01
5143  -1.97458575e-01  4.87530924e-01
5144  -2.34342282e-01  4.84664315e-01
5145  -2.71184840e-01  4.81312597e-01
5146  -2.94509892e-01  4.79017903e-01
5147  -3.44785423e-01  4.73616647e-01
5148  -3.96376978e-01  4.67466138e-01
5149  -4.32327214e-01  4.62814213e-01
5150  -4.68248467e-01  4.57916870e-01
5151  -5.04130875e-01  4.52745316e-01
5152  -5.39978361e-01  4.47319507e-01
5153  -5.75798609e-01  4.41695499e-01
5154  -6.11585872e-01  4.35898236e-01
5155  -6.47315223e-01  4.29765145e-01
5156  -6.83011176e-01  4.23408440e-01
5157  -7.18675489e-01  4.16865681e-01
5158  -7.54310626e-01  4.10146171e-01
5159  -7.89928018e-01  4.03332910e-01
5160  -8.25507713e-01  3.96346241e-01
5161  -8.61045854e-01  3.89168353e-01
5162  -8.96533795e-01  3.81726124e-01
5163  -9.32007988e-01  3.74195068e-01
5164  -9.67450178e-01  3.66526646e-01
5165  -1.00285963e+00  3.58710073e-01
5166  -1.03824000e+00  3.50742708e-01
5167  -1.07361399e+00  3.42739055e-01
5168  -1.10896033e+00  3.34631801e-01
5169  -1.14427408e+00  3.26391641e-01
5170  -1.17955603e+00  3.17998401e-01
5171  -1.21483275e+00  3.09576134e-01
5172  -1.25008071e+00  3.01044347e-01
5173  -1.28531044e+00  2.92424877e-01
5174  -1.32052967e+00  2.83770960e-01
5175  -1.35571625e+00  2.74979364e-01
5176  -1.39090715e+00  2.66188363e-01
5177  -1.42608658e+00  2.57362096e-01
5178  -1.46124932e+00  2.48473671e-01
5179  -1.49639768e+00  2.39523495e-01
5180  -1.53153593e+00  2.30542811e-01
5181  -1.56664527e+00  2.21442889e-01
5182  -1.60175993e+00  2.12355454e-01
5183  -1.63685526e+00  2.03200481e-01
5184  -1.67194735e+00  1.94014405e-01
5185  -1.70705109e+00  1.84879498e-01
5186  -1.74212964e+00  1.75675330e-01
5187  -1.77718456e+00  1.66350600e-01
5188  -1.81227767e+00  1.57151547e-01
5189  -1.84736353e+00  1.47956680e-01
5190  -1.88243023e+00  1.38685609e-01
5191  -1.91750531e+00  1.29436936e-01
5192  -1.96818967e+00  1.16047406e-01
5193  -2.00298372e+00  1.06854933e-01
5194  -2.03778669e+00  9.76913050e-02
5195  -2.07259613e+00  8.85589974e-02
5196  -2.10739838e+00  7.94143131e-02
5197  -2.14217730e+00  7.02069901e-02
5198  -2.17690769e+00  6.08221588e-02
5199  -2.21161698e+00  5.13468162e-02
5200  -2.24629808e+00  4.17783740e-02
5201  -2.27998852e+00  3.25358472e-02
5202  -2.94529324e-01  4.42793285e-01
5203  -2.94549478e-01  4.05220817e-01
5204  -2.94569633e-01  3.67648349e-01
5205  -2.94589787e-01  3.30075880e-01
5206  -2.94609942e-01  2.92503412e-01
5207  -2.94630096e-01  2.54930943e-01
5208  -2.94650251e-01  2.17358475e-01
5209  -2.94670405e-01  1.79786006e-01
5210  -2.94690560e-01  1.42213538e-01
5211  -2.94710714e-01  1.04641069e-01
5212  -2.94730868e-01  6.70686007e-02
5213  -2.94751023e-01  2.94961322e-02
5214  -2.94771177e-01  -8.07633617e-03
5215  -2.94791332e-01  -4.56488046e-02
5216  -2.94811486e-01  -8.32212731e-02
5217  -2.94831641e-01  -1.20793741e-01
5218  -2.94851795e-01  -1.58366210e-01
5219  -2.94871950e-01  -1.95938678e-01
5220  -2.94892104e-01  -2.33511146e-01
5221  -2.94912259e-01  -2.71083615e-01
5222  -2.94932413e-01  -3.08656083e-01
5223  -2.94952567e-01  -3.46228552e-01
5224  -2.94972722e-01  -3.83801020e-01
5225  -2.94992876e-01  -4.21373489e-01
5226  -2.95013031e-01  -4.58945957e-01
5227  -2.95033185e-01  -4.96518425e-01
5228  2.22998044e-01  4.55549259e-01
5229  2.22995231e-01  4.18856557e-01
5230  2.22992417e-01  3.82163854e-01
5231  2.22989604e-01  3.45471152e-01
5232  2.22986790e-01  3.08778450e-01
5233  2.22983977e-01  2.72085747e-01
5234  2.22981163e-01  2.35393045e-01
5235  2.22978350e-01  1.98700343e-01
5236  2.22975536e-01  1.62007640e-01
5237  2.22972723e-01  1.25314938e-01
5238  2.22969909e-01  8.86222361e-02
5239  2.22967096e-01  5.19295338e-02
5240  2.22964282e-01  1.52368315e-02
5241  2.22961469e-01  -2.14558709e-02
5242  2.22958655e-01  -5.81485732e-02
5243  2.22955842e-01  -9.48412753e-02
5244  2.22953029e-01  -1.31533978e-01
5245  2.22950215e-01  -1.68226680e-01
5246  2.22947402e-01  -2.04919383e-01
5247  2.22944588e-01  -2.41612085e-01
5248  2.22941775e-01  -2.78304787e-01
5249  2.22938961e-01  -3.14997490e-01
5250  2.22936148e-01  -3.51690192e-01
5251  2.22933334e-01  -3.88382894e-01
5252  2.22930521e-01  -4.25075597e-01
5253  2.22927707e-01  -4.61768299e-01
5254  2.22924894e-01  -4.98461001e-01
5255  2.22922080e-01  -5.35153704e-01
10247  2.36736842e-01  -9.48423318e-02
10249  2.36731215e-01  -1.68227736e-01
10251  2.36725588e-01  -2.41613141e-01
7507  -2.30743130e+00  -1.82464891e-02
7508  -2.27943174e+00  -1.14512305e-02
7509  -2.24104432e+00  -4.05056663e-03
7510  -2.20235630e+00  1.50084666e-03
7511  -2.16345793e+00  5.43929773e-03
7512  -2.12441813e+00  7.28621850e-03
7513  -2.08538938e+00  7.76321201e-03
7514  -2.04636730e+00  7.03293751e-03
7515  -2.00740351e+00  5.04053440e-03
7516  -1.96849118e+00  2.08165377e-03
7517  -1.91182188e+00  2.64888640e-02
7518  -1.87401167e+00  2.11113322e-02
7519  -1.83638866e+00  1.49002741e-02
7520  -1.79897572e+00  7.74692094e-03
7521  -1.76186642e+00  -1.17891327e-04
7522  -1.72490220e+00  -8.58652002e-03
7523  -1.68810761e+00  -1.77634623e-02
7524  -1.65147470e+00  -2.75390766e-02
7525  -1.61505372e+00  -3.79962422e-02
7526  -1.57894766e+00  -4.89540239e-02
7527  -1.54300670e+00  -6.02433273e-02
7528  -1.50715914e+00  -7.19620645e-02
7529  -1.47153925e+00  -8.40863753e-02
7530  -1.43606868e+00  -9.64196023e-02
7531  -1.40067437e+00  -1.09042736e-01
7532  -1.36539864e+00  -1.21939256e-01
7533  -1.33026136e+00  -1.35060560e-01
7534  -1.29523725e+00  -1.48337492e-01
7535  -1.26026493e+00  -1.61753691e-01
7536  -1.22535581e+00  -1.75346954e-01
7537  -1.19057546e+00  -1.89060186e-01
7538  -1.15587726e+00  -2.02767831e-01
7539  -1.12118191e+00  -2.16464354e-01
7540  -1.08643987e+00  -2.30190664e-01
7541  -1.05173354e+00  -2.44017686e-01
7542  -1.01709045e+00  -2.57839975e-01
7543  -9.82491080e-01  -2.71620753e-01
7544  -9.47864471e-01  -2.85304430e-01
7545  -9.13214456e-01  -2.98949263e-01
7546  -8.78574524e-01  -3.12499730e-01
7547  -8.43901091e-01  -3.25915268e-01
7548  -8.09213597e-01  -3.39205800e-01
7549  -7.74486383e-01  -3.52291842e-01
7550  -7.39707081e-01  -3.65187586e-01
7551  -7.04861460e-01  -3.77848738e-01
7552  -6.69935890e-01  -3.90287945e-01
7553  -6.34937538e-01  -4.02495662e-01
7554  -5.99905927e-01  -4.14447592e-01
7555  -5.64809408e-01  -4.26049118e-01
7556  -5.29606791e-01  -4.37308636e-01
7557  -4.94321214e-01  -4.48215949e-01
7558  -4.58959261e-01  -4.58714784e-01
7559  -4.23471221e-01  -4.68773100e-01
7560  -3.87910132e-01  -4.78420266e-01
7561  -3.35749114e-01  -4.87559847e-01
7562  -2.82535094e-01  -5.00080353e-01
7563  -2.64311306e-01  -5.03987134e-01
7564  -2.28573509e-01  -5.11276074e-01
7565  -1.92681762e-01  -5.17700064e-01
7566  -1.56561874e-01  -5.23506284e-01
7567  -1.20478089e-01  -5.28650509e-01
7568  -8.44368911e-02  -5.32883715e-01
7569  -4.82551327e-02  -5.36176949e-01
7570  -1.19575071e-02  -5.38660638e-01
7571  2.43269896e-02  -5.40292831e-01
7572  6.05451875e-02  -5.40995332e-01
7573  9.67103653e-02  -5.40672652e-01
7574  1.32749464e-01  -5.39317579e-01
7575  1.68680480e-01  -5.36753895e-01
7576  2.35422514e-01  -5.29488002e-01
7577  2.40453064e-01  -5.28393983e-01
7578  2.82777473e-01  -5.25661704e-01
7579  3.18839202e-01  -5.18660416e-01
7580  3.54685494e-01  -5.10571604e-01
7581  3.90340275e-01  -5.01371152e-01
7582  4.25840156e-01  -4.91220125e-01
7583  4.61107506e-01  -4.80179374e-01
7584  4.96102924e-01  -4.68287463e-01
7585  5.30695850e-01  -4.55576306e-01
7586  5.64891407e-01  -4.41821243e-01
7587  5.98876649e-01  -4.27177958e-01
7588  6.32464325e-01  -4.11831367e-01
7589  6.65495956e-01  -3.95570808e-01
7590  6.98101683e-01  -3.78364124e-01
7591  7.30248110e-01  -3.60318647e-01
7592  7.61738473e-01  -3.41456569e-01
7593  8.15088334e-01  -3.43383663e-01
7594  8.46310641e-01  -3.21913399e-01
7595  8.76660067e-01  -2.99245045e-01
7596  9.06246304e-01  -2.75595596e-01
7597  9.34842402e-01  -2.50794949e-01
7598  9.62314720e-01  -2.24756617e-01
7599  9.88682591e-01  -1.97659078e-01
7600  1.01323872e+00  -1.68997886e-01
7601  1.03566351e+00  -1.38704952e-01
7602  1.05539632e+00  -1.06747015e-01
7603  1.07095649e+00  -7.27277179e-02
7604  1.08135278e+00  -3.68819251e-02
7605  1.08565604e+00  1.81641867e-05
7606  1.08179585e+00  3.55668575e-02
7607  1.07223678e+00  7.01423655e-02
7608  1.05703598e+00  1.02696160e-01
7609  1.03757826e+00  1.33126003e-01
7610  1.01529873e+00  1.61703319e-01
7611  9.90763412e-01  1.88455513e-01
7612  9.64420446e-01  2.13504345e-01
7613  9.36696751e-01  2.37074184e-01
7614  9.07748130e-01  2.59150482e-01
7615  8.77760755e-01  2.79854400e-01
7616  8.46993656e-01  2.99393751e-01
7617  8.15404795e-01  3.17579839e-01
7618  7.63729619e-01  3.10163827e-01
7619  7.31643237e-01  3.25656137e-01
7620  6.99020844e-01  3.40288646e-01
7621  6.66054698e-01  3.54005178e-01
7622  6.32633740e-01  3.66708722e-01
7623  5.98834818e-01  3.78613938e-01
7624  5.64738264e-01  3.89619111e-01
7625  5.30286716e-01  3.99795963e-01
7626  4.95593806e-01  4.09256327e-01
7627  4.60746354e-01  4.17907438e-01
7628  4.25660558e-01  4.25721893e-01
7629  3.90365503e-01  4.32826306e-01
7630  3.54969912e-01  4.39185938e-01
7631  3.19425417e-01  4.44737091e-01
7632  2.83786924e-01  4.49573351e-01
7633  2.42611835e-01  4.54179658e-01
7634  2.35497693e-01  4.50974187e-01
7635  1.69818454e-01  4.55949224e-01
7636  1.33623191e-01  4.57937411e-01
7637  9.72909588e-02  4.59104147e-01
7638  6.07647438e-02  4.59843629e-01
7639  2.43052560e-02  4.60096262e-01
7640  -1.21323126e-02  4.59778580e-01
7641  -4.86802005e-02  4.58934260e-01
7642  -8.52350064e-02  4.57738595e-01
7643  -1.21707321e-01  4.56050868e-01
7644  -1.58232755e-01  4.53889581e-01
7645  -1.94811817e-01  4.51376676e-01
7646  -2.31295562e-01  4.48541573e-01
7647  -2.67727572e-01  4.45226834e-01
7648  -2.82028742e-01  4.43874343e-01
7649  -3.41144536e-01  4.41636233e-01
7650  -3.92406570e-01  4.35524961e-01
7651  -4.28087927e-01  4.30907608e-01
7652  -4.63778674e-01  4.26041740e-01
7653  -4.99426644e-01  4.20903941e-01
7654  -5.35073693e-01  4.15508389e-01
7655  -5.70728906e-01  4.09910266e-01
7656  -6.06289640e-01  4.04149962e-01
7657  -6.41770983e-01  3.98059241e-01
7658  -6.77285678e-01  3.91734766e-01
7659  -7.12789417e-01  3.85221454e-01
7660  -7.48304811e-01  3.78524451e-01
7661  -7.83803284e-01  3.71734008e-01
7662  -8.19220502e-01  3.64779266e-01
7663  -8.54556496e-01  3.57642313e-01
7664  -8.89888544e-01  3.50232576e-01
7665  -9.25262552e-01  3.42722825e-01
7666  -9.60577761e-01  3.35081887e-01
7667  -9.95854935e-01  3.27294515e-01
7668  -1.03115290e+00  3.19345638e-01
7669  -1.06646459e+00  3.11356113e-01
7670  -1.10170540e+00  3.03273087e-01
7671  -1.13689247e+00  2.95062504e-01
7672  -1.17209422e+00  2.86688270e-01
7673  -1.20730937e+00  2.78280739e-01
7674  -1.24246989e+00  2.69770100e-01
7675  -1.27764554e+00  2.61163842e-01
7676  -1.31278832e+00  2.52528769e-01
7677  -1.34791468e+00  2.43752159e-01
7678  -1.38309034e+00  2.34964965e-01
7679  -1.41822616e+00  2.26149650e-01
7680  -1.45333395e+00  2.17275115e-01
7681  -1.48844126e+00  2.08335383e-01
7682  -1.52351299e+00  1.99371742e-01
7683  -1.55857540e+00  1.90283940e-01
7684  -1.59366566e+00  1.81202834e-01
7685  -1.62871756e+00  1.72059176e-01
7686  -1.66381890e+00  1.62870686e-01
7687  -1.69891365e+00  1.53738126e-01
7688  -1.73390809e+00  1.44556057e-01
7689  -1.76896672e+00  1.35230347e-01
7690  -1.80411710e+00  1.26016228e-01
7691  -1.83917019e+00  1.16829969e-01
7692  -1.87421339e+00  1.07565094e-01
7693  -1.90929150e+00  9.83156185e-02
7694  -1.96779044e+00  1.14536252e-01
7695  -2.00258511e+00  1.05343615e-01
7696  -2.03738939e+00  9.61796440e-02
7697  -2.07219920e+00  8.70472364e-02
7698  -2.10699977e+00  7.79029960e-02
7699  -2.14177343e+00  6.86970700e-02
7700  -2.17649802e+00  5.93138041e-02
7701  -2.21120331e+00  4.98395492e-02
7702  -2.24587907e+00  4.02725840e-02
7703  -2.27903125e+00  3.13002884e-02
7704  -2.82029326e-01  4.42786579e-01
7705  -2.82049480e-01  4.05214111e-01
7706  -2.82069635e-01  3.67641643e-01
7707  -2.82089789e-01  3.30069174e-01
7708  -2.82109944e-01  2.92496706e-01
7709  -2.82130098e-01  2.54924237e-01
7710  -2.82150253e-01  2.17351769e-01
7711  -2.82170407e-01  1.79779300e-01
7712  -2.82190562e-01  1.42206832e-01
7713  -2.82210716e-01  1.04634364e-01
7714  -2.82230870e-01  6.70618955e-02
7715  -2.82251025e-01  2.94894270e-02
7716  -2.82271179e-01  -8.08304138e-03
7717  -2.82291334e-01  -4.56555098e-02
7718  -2.82311488e-01  -8.32279783e-02
7719  -2.82331643e-01  -1.20800447e-01
7720  -2.82351797e-01  -1.58372916e-01
7721  -2.82371952e-01  -1.95945384e-01
7722  -2.82392106e-01  -2.33517852e-01
7723  -2.82412261e-01  -2.71090321e-01
7724  -2.82432415e-01  -3.08662788e-01
7725  -2.82452569e-01  -3.46235258e-01
7726  -2.82472724e-01  -3.83807726e-01
7727  -2.82492878e-01  -4.21380195e-01
7728  -2.82513033e-01  -4.58952663e-01
7729  -2.82533187e-01  -4.96525131e-01
7730  2.35498044e-01  4.55548301e-01
7731  2.35495231e-01  4.18855599e-01
7732  2.35492417e-01  3.82162896e-01
7733  2.35489604e-01  3.45470194e-01
7734  2.35486790e-01  3.08777492e-01
7735  2.35483977e-01  2.72084789e-01
7736  2.35481163e-01  2.35392087e-01
7737  2.35478350e-01  1.98699385e-01
7738  2.35475536e-01  1.62006682e-01
7739  2.35472723e-01  1.25313980e-01
7740  2.35469909e-01  8.86212776e-02
7741  2.35467096e-01  5.19285753e-02
7742  2.35464282e-01  1.52358730e-02
7743  2.35461469e-01  -2.14568294e-02
7744  2.35458655e-01  -5.81495317e-02
7745  2.35455842e-01  -9.48422336e-02
7746  2.35453029e-01  -1.31534936e-01
7747  2.35450215e-01  -1.68227638e-01
7748  2.35447402e-01  -2.04920341e-01
7749  2.35444588e-01  -2.41613043e-01
7750  2.35441775e-01  -2.78305745e-01
7751  2.35438961e-01  -3.14998448e-01
7752  2.35436148e-01  -3.51691150e-01
7753  2.35433334e-01  -3.88383852e-01
7754  2.35430521e-01  -4.25076555e-01
7755  2.35427707e-01  -4.61769257e-01
7756  2.35424894e-01  -4.98461959e-01
7757  2.35422080e-01  -5.35154662e-01
10009  -2.30277441e+00  -1.47688529e-02
10010  -2.27991680e+00  -9.22240328e-03
10011  -2.24142231e+00  -1.80110401e-03
10012  -2.20263325e+00  3.76497112e-03
10013  -2.16362676e+00  7.71404066e-03
10014  -2.12448595e+00  9.56621026e-03
10015  -2.08538197e+00  1.00442000e-02
10016  -2.04628770e+00  9.31254823e-03
10017  -2.00725878e+00  7.31693864e-03
10018  -1.96827651e+00  4.35252992e-03
10019  -1.91153304e+00  2.87515032e-02
10020  -1.87366526e+00  2.33658756e-02
10021  -1.83598866e+00  1.71459287e-02
10022  -1.79852500e+00  9.98294788e-03
10023  -1.76137525e+00  2.10959791e-03
10024  -1.72437148e+00  -6.36811926e-03
10025  -1.68753753e+00  -1.55548483e-02
10026  -1.65086587e+00  -2.53408306e-02
10027  -1.61440771e+00  -3.58086323e-02
10028  -1.57827466e+00  -4.67745690e-02
10029  -1.54231054e+00  -5.80711573e-02
10030  -1.50643723e+00  -6.97983137e-02
10031  -1.47079718e+00  -8.19294586e-02
10032  -1.43531100e+00  -9.42681181e-02
10033  -1.39989964e+00  -1.06897333e-01
10034  -1.36460804e+00  -1.19799651e-01
10035  -1.32945810e+00  -1.32925675e-01
10036  -1.29442448e+00  -1.46206207e-01
10037  -1.25944260e+00  -1.59626078e-01
10038  -1.22452364e+00  -1.73223172e-01
10039  -1.18973807e+00  -1.86938453e-01
10040  -1.15503944e+00  -2.00646272e-01
10041  -1.12034406e+00  -2.14342808e-01
10042  -1.08559868e+00  -2.28070438e-01
10043  -1.05088878e+00  -2.41898880e-01
10044  -1.01624579e+00  -2.55721129e-01
10045  -9.81649907e-01  -2.69500520e-01
10046  -9.47027428e-01  -2.83182563e-01
10047  -9.12381090e-01  -2.96825949e-01
10048  -8.77747497e-01  -3.10373938e-01
10049  -8.43081493e-01  -3.23786602e-01
10050  -8.08403378e-01  -3.37073546e-01
10051  -7.73687715e-01  -3.50155235e-01
10052  -7.38921087e-01  -3.63046284e-01
10053  -7.04089311e-01  -3.75702405e-01
10054  -6.69177607e-01  -3.88136673e-01
10055  -6.34193651e-01  -4.00339371e-01
10056  -5.99179703e-01  -4.12285288e-01
10057  -5.64103998e-01  -4.23879934e-01
10058  -5.28922518e-01  -4.35132692e-01
10059  -4.93659784e-01  -4.46032953e-01
10060  -4.58323644e-01  -4.56524133e-01
10061  -4.22861612e-01  -4.66575070e-01
10062  -3.87329060e-01  -4.76214520e-01
10063  -3.35202655e-01  -4.85345271e-01
10064  -2.81252996e-01  -4.98034642e-01
10065  -2.63836228e-01  -5.01756156e-01
10066  -2.28144625e-01  -5.09035758e-01
10067  -1.92299761e-01  -5.15451278e-01
10068  -1.56219928e-01  -5.21251060e-01
10069  -1.20184113e-01  -5.26388532e-01
10070  -8.42004327e-02  -5.30615004e-01
10071  -4.80738632e-02  -5.33903163e-01
10072  -1.18284121e-02  -5.36383294e-01
10073  2.44003255e-02  -5.38013011e-01
10074  6.05571044e-02  -5.38714363e-01
10075  9.66572813e-02  -5.38392270e-01
10076  1.32625406e-01  -5.37039955e-01
10077  1.68483225e-01  -5.34481440e-01
10078  2.36703702e-01  -5.27042355e-01
10079  2.40123062e-01  -5.26136981e-01
10080  2.82377882e-01  -5.23415978e-01
10081  3.18370744e-01  -5.16428039e-01
10082  3.54149454e-01  -5.08354484e-01
10083  3.89741749e-01  -4.99170078e-01
10084  4.25185827e-01  -4.89034990e-01
10085  4.60399770e-01  -4.78010948e-01
10086  4.95342514e-01  -4.66136943e-01
10087  5.29876776e-01  -4.53447438e-01
10088  5.64014477e-01  -4.39715547e-01
10089  5.97951290e-01  -4.25093090e-01
10090  6.31486498e-01  -4.09770587e-01
10091  6.64459869e-01  -3.93538695e-01
10092  6.97011023e-01  -3.76360772e-01
10093  7.29103608e-01  -3.58345559e-01
10094  7.60532201e-01  -3.39520627e-01
10095  8.13821987e-01  -3.41486474e-01
10096  8.44981663e-01  -3.20059544e-01
10097  8.75265279e-01  -2.97440183e-01
10098  9.04786647e-01  -2.73842781e-01
10099  9.33310219e-01  -2.49105163e-01
10100  9.60712421e-01  -2.23133164e-01
10101  9.86998233e-01  -1.96120930e-01
10102  1.01145480e+00  -1.67576407e-01
10103  1.03377466e+00  -1.37426194e-01
10104  1.05338476e+00  -1.05671570e-01
10105  1.06881815e+00  -7.19336993e-02
10106  1.07911678e+00  -3.64310343e-02
10107  1.08337506e+00  2.77020573e-05
10108  1.07954794e+00  3.51373816e-02
10109  1.07009676e+00  6.93528803e-02
10110  1.05503721e+00  1.01597113e-01
10111  1.03571581e+00  1.31809091e-01
10112  1.01355732e+00  1.60230083e-01
10113  9.89135994e-01  1.86857242e-01
10114  9.62895206e-01  2.11808290e-01
10115  9.35265915e-01  2.35297764e-01
10116  9.06408158e-01  2.57304557e-01
10117  8.76501109e-01  2.77952755e-01
10118  8.45812920e-01  2.97442130e-01
10119  8.14304619e-01  3.15581696e-01
10120  7.62702593e-01  3.08127119e-01
10121  7.30680436e-01  3.23588294e-01
10122  6.98115895e-01  3.38194839e-01
10123  6.65211226e-01  3.51885858e-01
10124  6.31849514e-01  3.64566772e-01
10125  5.98105532e-01  3.76452665e-01
10126  5.64064762e-01  3.87439809e-01
10127  5.29663525e-01  3.97601745e-01
10128  4.95018946e-01  4.07048954e-01
10129  4.60223565e-01  4.15687156e-01
10130  4.25187519e-01  4.23490482e-01
10131  3.89938753e-01  4.30585582e-01
10132  3.54592212e-01  4.36936426e-01
10133  3.19096056e-01  4.42479995e-01
10134  2.83506761e-01  4.47309622e-01
10135  2.42384298e-01  4.51910035e-01
10136  2.36778510e-01  4.48582942e-01
10137  1.69673997e-01  4.53672803e-01
10138  1.33524003e-01  4.55658569e-01
10139  9.72312151e-02  4.56823929e-01
10140  6.07337712e-02  4.57562840e-01
10141  2.43073011e-02  4.57815263e-01
10142  -1.20960512e-02  4.57497869e-01
10143  -4.86165783e-02  4.56654147e-01
10144  -8.51449895e-02  4.55459372e-01
10145  -1.21587245e-01  4.53773031e-01
10146  -1.58087233e-01  4.51613228e-01
10147  -1.94645277e-01  4.49101764e-01
10148  -2.31103856e-01  4.46268643e-01
10149  -2.67510033e-01  4.42956231e-01
10150  -2.80748901e-01  4.41714732e-01
10151  -3.40886517e-01  4.39369873e-01
10152  -3.92125199e-01  4.33261381e-01
10153  -4.27787501e-01  4.28646479e-01
10154  -4.63461913e-01  4.23782841e-01
10155  -4.99093269e-01  4.18647435e-01
10156  -5.34726113e-01  4.13254027e-01
10157  -5.70369630e-01  4.07657738e-01
10158  -6.05914312e-01  4.01900053e-01
10159  -6.41378079e-01  3.95812335e-01
10160  -6.76879928e-01  3.89490144e-01
10161  -7.12372288e-01  3.82978919e-01
10162  -7.47879196e-01  3.76283511e-01
10163  -7.83369242e-01  3.69494685e-01
10164  -8.18774945e-01  3.62542205e-01
10165  -8.54096614e-01  3.55408153e-01
10166  -8.89417614e-01  3.48000718e-01
10167  -9.24784522e-01  3.40492478e-01
10168  -9.60090732e-01  3.32853487e-01
10169  -9.95358533e-01  3.25068184e-01
10170  -1.03065066e+00  3.17120618e-01
10171  -1.06595793e+00  3.09132094e-01
10172  -1.10119127e+00  3.01050785e-01
10173  -1.13636936e+00  2.92842298e-01
10174  -1.17156542e+00  2.84469411e-01
10175  -1.20677621e+00  2.76062925e-01
10176  -1.24193054e+00  2.67553784e-01
10177  -1.27710236e+00  2.58948462e-01
10178  -1.31223971e+00  2.50314725e-01
10179  -1.34736180e+00  2.41539176e-01
10180  -1.38253639e+00  2.32752253e-01
10181  -1.41766912e+00  2.23937713e-01
10182  -1.45277301e+00  2.15064164e-01
10183  -1.48787742e+00  2.06125171e-01
10184  -1.52294443e+00  1.97162739e-01
10185  -1.55800351e+00  1.88075795e-01
10186  -1.59309204e+00  1.78995138e-01
10187  -1.62814087e+00  1.69852282e-01
10188  -1.66324286e+00  1.60663620e-01
10189  -1.69833698e+00  1.51531227e-01
10190  -1.73332545e+00  1.42350724e-01
10191  -1.76838435e+00  1.33024945e-01
10192  -1.80353878e+00  1.23809758e-01
10193  -1.83858956e+00  1.14624109e-01
10194  -1.87363109e+00  1.05359672e-01
10195  -1.90870942e+00  9.61101403e-02
10196  -1.96720783e+00  1.12330913e-01
10197  -2.00200339e+00  1.03138039e-01
10198  -2.03680957e+00  9.39735667e-02
10199  -2.07161995e+00  8.48410131e-02
10200  -2.10641805e+00  7.56974206e-02
10201  -2.14118403e+00  6.64935334e-02
10202  -2.17590015e+00  5.71125519e-02
10203  -2.21059963e+00  4.76398845e-02
10204  -2.24526758e+00  3.80750749e-02
10205  -2.27763424e+00  2.94971473e-02
10206  -2.80748326e-01  4.42785892e-01
10207  -2.80768480e-01  4.05213424e-01
10208  -2.80788635e-01  3.67640956e-01
10209  -2.80808789e-01  3.30068487e-01
10210  -2.80828944e-01  2.92496019e-01
10211  -2.80849098e-01  2.54923550e-01
10212  -2.80869253e-01  2.17351082e-01
10213  -2.80889407e-01  1.79778613e-01
10214  -2.80909562e-01  1.42206145e-01
10215  -2.80929716e-01  1.04633677e-01
10216  -2.80949870e-01  6.70612084e-02
10217  -2.80970025e-01  2.94887399e-02
10218  -2.80990179e-01  -8.08372853e-03
10219  -2.81010334e-01  -4.56561969e-02
10220  -2.81030488e-01  -8.32286654e-02
10221  -2.81050643e-01  -1.20801134e-01
10222  -2.81070797e-01  -1.58373603e-01
10223  -2.81090952e-01  -1.95946071e-01
10224  -2.81111106e-01  -2.33518539e-01
10225  -2.81131261e-01  -2.71091008e-01
10226  -2.81151415e-01  -3.08663475e-01
10227  -2.81171569e-01  -3.46235945e-01
10228  -2.81191724e-01  -3.83808413e-01
10229  -2.81211878e-01  -4.21380882e-01
10230  -2.81232033e-01  -4.58953350e-01
10231  -2.81252187e-01  -4.96525818e-01
10232  2.36779044e-01  4.55548203e-01
10233  2.36776231e-01  4.18855501e-01
10234  2.36773417e-01  3.82162798e-01
10235  2.36770604e-01  3.45470096e-01
10236  2.36767790e-01  3.08777394e-01
10237  2.36764977e-01  2.72084691e-01
10238  2.36762163e-01  2.35391989e-01
10239  2.36759350e-01  1.98699287e-01
