1  2472  2471  1  2  0  0  0  0
238  4942  4941  2471  2472  0  0  0  0
475  7412  7411  4941  4942  0  0  0  0
712  9882  9881  7411  7412  0  0  0  0
2  2473  2472  2  3  0  0  0  0
239  4943  4942  2472  2473  0  0  0  0
476  7413  7412  4942  4943  0  0  0  0
713  9883  9882  7412  7413  0  0  0  0
3  2474  2473  3  4  0  0  0  0
240  4944  4943  2473  2474  0  0  0  0
477  7414  7413  4943  4944  0  0  0  0
714  9884  9883  7413  7414  0  0  0  0
4  2475  2474  4  5  0  0  0  0
241  4945  4944  2474  2475  0  0  0  0
478  7415  7414  4944  4945  0  0  0  0
715  9885  9884  7414  7415  0  0  0  0
5  2476  2475  5  6  0  0  0  0
242  4946  4945  2475  2476  0  0  0  0
479  7416  7415  4945  4946  0  0  0  0
716  9886  9885  7415  7416  0  0  0  0
6  2477  2476  6  7  0  0  0  0
243  4947  4946  2476  2477  0  0  0  0
480  7417  7416  4946  4947  0  0  0  0
717  9887  9886  7416  7417  0  0  0  0
7  2478  2477  7  8  0  0  0  0
244  4948  4947  2477  2478  0  0  0  0
481  7418  7417  4947  4948  0  0  0  0
718  9888  9887  7417  7418  0  0  0  0
8  2479  2478  8  9  0  0  0  0
245  4949  4948  2478  2479  0  0  0  0
482  7419  7418  4948  4949  0  0  0  0
719  9889  9888  7418  7419  0  0  0  0
9  2480  2479  9  10  0  0  0  0
246  4950  4949  2479  2480  0  0  0  0
483  7420  7419  4949  4950  0  0  0  0
720  9890  9889  7419  7420  0  0  0  0
10  2481  2480  10  11  0  0  0  0
247  4951  4950  2480  2481  0  0  0  0
484  7421  7420  4950  4951  0  0  0  0
721  9891  9890  7420  7421  0  0  0  0
11  2482  2481  11  12  0  0  0  0
248  4952  4951  2481  2482  0  0  0  0
485  7422  7421  4951  4952  0  0  0  0
722  9892  9891  7421  7422  0  0  0  0
12  2483  2482  12  13  0  0  0  0
249  4953  4952  2482  2483  0  0  0  0
486  7423  7422  4952  4953  0  0  0  0
723  9893  9892  7422  7423  0  0  0  0
13  2484  2483  13  14  0  0  0  0
250  4954  4953  2483  2484  0  0  0  0
487  7424  7423  4953  4954  0  0  0  0
724  9894  9893  7423  7424  0  0  0  0
14  2485  2484  14  15  0  0  0  0
251  4955  4954  2484  2485  0  0  0  0
488  7425  7424  4954  4955  0  0  0  0
725  9895  9894  7424  7425  0  0  0  0
15  2486  2485  15  16  0  0  0  0
252  4956  4955  2485  2486  0  0  0  0
489  7426  7425  4955  4956  0  0  0  0
726  9896  9895  7425  7426  0  0  0  0
16  2487  2486  16  17  0  0  0  0
253  4957  4956  2486  2487  0  0  0  0
490  7427  7426  4956  4957  0  0  0  0
727  9897  9896  7426  7427  0  0  0  0
17  2488  2487  17  18  0  0  0  0
254  4958  4957  2487  2488  0  0  0  0
491  7428  7427  4957  4958  0  0  0  0
728  9898  9897  7427  7428  0  0  0  0
18  2489  2488  18  19  0  0  0  0
255  4959  4958  2488  2489  0  0  0  0
492  7429  7428  4958  4959  0  0  0  0
729  9899  9898  7428  7429  0  0  0  0
19  2490  2489  19  20  0  0  0  0
256  4960  4959  2489  2490  0  0  0  0
493  7430  7429  4959  4960  0  0  0  0
730  9900  9899  7429  7430  0  0  0  0
20  2491  2490  20  21  0  0  0  0
257  4961  4960  2490  2491  0  0  0  0
494  7431  7430  4960  4961  0  0  0  0
731  9901  9900  7430  7431  0  0  0  0
21  2492  2491  21  22  0  0  0  0
258  4962  4961  2491  2492  0  0  0  0
495  7432  7431  4961  4962  0  0  0  0
732  9902  9901  7431  7432  0  0  0  0
22  2493  2492  22  23  0  0  0  0
259  4963  4962  2492  2493  0  0  0  0
496  7433  7432  4962  4963  0  0  0  0
733  9903  9902  7432  7433  0  0  0  0
23  2494  2493  23  24  0  0  0  0
260  4964  4963  2493  2494  0  0  0  0
497  7434  7433  4963  4964  0  0  0  0
734  9904  9903  7433  7434  0  0  0  0
24  2495  2494  24  25  0  0  0  0
261  4965  4964  2494  2495  0  0  0  0
498  7435  7434  4964  4965  0  0  0  0
735  9905  9904  7434  7435  0  0  0  0
25  2496  2495  25  26  0  0  0  0
262  4966  4965  2495  2496  0  0  0  0
499  7436  7435  4965  4966  0  0  0  0
736  9906  9905  7435  7436  0  0  0  0
26  2497  2496  26  27  0  0  0  0
263  4967  4966  2496  2497  0  0  0  0
500  7437  7436  4966  4967  0  0  0  0
737  9907  9906  7436  7437  0  0  0  0
27  2498  2497  27  28  0  0  0  0
264  4968  4967  2497  2498  0  0  0  0
501  7438  7437  4967  4968  0  0  0  0
738  9908  9907  7437  7438  0  0  0  0
28  2499  2498  28  29  0  0  0  0
265  4969  4968  2498  2499  0  0  0  0
502  7439  7438  4968  4969  0  0  0  0
739  9909  9908  7438  7439  0  0  0  0
29  2500  2499  29  30  0  0  0  0
266  4970  4969  2499  2500  0  0  0  0
503  7440  7439  4969  4970  0  0  0  0
740  9910  9909  7439  7440  0  0  0  0
30  2501  2500  30  31  0  0  0  0
267  4971  4970  2500  2501  0  0  0  0
504  7441  7440  4970  4971  0  0  0  0
741  9911  9910  7440  7441  0  0  0  0
31  2502  2501  31  32  0  0  0  0
268  4972  4971  2501  2502  0  0  0  0
505  7442  7441  4971  4972  0  0  0  0
742  9912  9911  7441  7442  0  0  0  0
32  2503  2502  32  33  0  0  0  0
269  4973  4972  2502  2503  0  0  0  0
506  7443  7442  4972  4973  0  0  0  0
743  9913  9912  7442  7443  0  0  0  0
33  2504  2503  33  34  0  0  0  0
270  4974  4973  2503  2504  0  0  0  0
507  7444  7443  4973  4974  0  0  0  0
744  9914  9913  7443  7444  0  0  0  0
34  2505  2504  34  35  0  0  0  0
271  4975  4974  2504  2505  0  0  0  0
508  7445  7444  4974  4975  0  0  0  0
745  9915  9914  7444  7445  0  0  0  0
35  2506  2505  35  36  0  0  0  0
272  4976  4975  2505  2506  0  0  0  0
509  7446  7445  4975  4976  0  0  0  0
746  9916  9915  7445  7446  0  0  0  0
36  2507  2506  36  37  0  0  0  0
273  4977  4976  2506  2507  0  0  0  0
510  7447  7446  4976  4977  0  0  0  0
747  9917  9916  7446  7447  0  0  0  0
37  2508  2507  37  38  0  0  0  0
274  4978  4977  2507  2508  0  0  0  0
511  7448  7447  4977  4978  0  0  0  0
748  9918  9917  7447  7448  0  0  0  0
38  2509  2508  38  39  0  0  0  0
275  4979  4978  2508  2509  0  0  0  0
512  7449  7448  4978  4979  0  0  0  0
749  9919  9918  7448  7449  0  0  0  0
39  2510  2509  39  40  0  0  0  0
276  4980  4979  2509  2510  0  0  0  0
513  7450  7449  4979  4980  0  0  0  0
750  9920  9919  7449  7450  0  0  0  0
40  2511  2510  40  41  0  0  0  0
277  4981  4980  2510  2511  0  0  0  0
514  7451  7450  4980  4981  0  0  0  0
751  9921  9920  7450  7451  0  0  0  0
41  2512  2511  41  42  0  0  0  0
278  4982  4981  2511  2512  0  0  0  0
515  7452  7451  4981  4982  0  0  0  0
752  9922  9921  7451  7452  0  0  0  0
42  2513  2512  42  43  0  0  0  0
279  4983  4982  2512  2513  0  0  0  0
516  7453  7452  4982  4983  0  0  0  0
753  9923  9922  7452  7453  0  0  0  0
43  2514  2513  43  44  0  0  0  0
280  4984  4983  2513  2514  0  0  0  0
517  7454  7453  4983  4984  0  0  0  0
754  9924  9923  7453  7454  0  0  0  0
44  2515  2514  44  45  0  0  0  0
281  4985  4984  2514  2515  0  0  0  0
518  7455  7454  4984  4985  0  0  0  0
755  9925  9924  7454  7455  0  0  0  0
45  2516  2515  45  46  0  0  0  0
282  4986  4985  2515  2516  0  0  0  0
519  7456  7455  4985  4986  0  0  0  0
756  9926  9925  7455  7456  0  0  0  0
46  2517  2516  46  47  0  0  0  0
283  4987  4986  2516  2517  0  0  0  0
520  7457  7456  4986  4987  0  0  0  0
757  9927  9926  7456  7457  0  0  0  0
47  2518  2517  47  48  0  0  0  0
284  4988  4987  2517  2518  0  0  0  0
521  7458  7457  4987  4988  0  0  0  0
758  9928  9927  7457  7458  0  0  0  0
48  2519  2518  48  49  0  0  0  0
285  4989  4988  2518  2519  0  0  0  0
522  7459  7458  4988  4989  0  0  0  0
759  9929  9928  7458  7459  0  0  0  0
49  2520  2519  49  50  0  0  0  0
286  4990  4989  2519  2520  0  0  0  0
523  7460  7459  4989  4990  0  0  0  0
760  9930  9929  7459  7460  0  0  0  0
50  2521  2520  50  51  0  0  0  0
287  4991  4990  2520  2521  0  0  0  0
524  7461  7460  4990  4991  0  0  0  0
761  9931  9930  7460  7461  0  0  0  0
51  2522  2521  51  52  0  0  0  0
288  4992  4991  2521  2522  0  0  0  0
525  7462  7461  4991  4992  0  0  0  0
762  9932  9931  7461  7462  0  0  0  0
52  2523  2522  52  53  0  0  0  0
289  4993  4992  2522  2523  0  0  0  0
526  7463  7462  4992  4993  0  0  0  0
763  9933  9932  7462  7463  0  0  0  0
53  2524  2523  53  54  0  0  0  0
290  4994  4993  2523  2524  0  0  0  0
527  7464  7463  4993  4994  0  0  0  0
764  9934  9933  7463  7464  0  0  0  0
54  2525  2524  54  55  0  0  0  0
291  4995  4994  2524  2525  0  0  0  0
528  7465  7464  4994  4995  0  0  0  0
765  9935  9934  7464  7465  0  0  0  0
55  2526  2525  55  56  0  0  0  0
292  4996  4995  2525  2526  0  0  0  0
529  7466  7465  4995  4996  0  0  0  0
766  9936  9935  7465  7466  0  0  0  0
56  2527  2526  56  57  0  0  0  0
293  4997  4996  2526  2527  0  0  0  0
530  7467  7466  4996  4997  0  0  0  0
767  9937  9936  7466  7467  0  0  0  0
57  2528  2527  57  58  0  0  0  0
294  4998  4997  2527  2528  0  0  0  0
531  7468  7467  4997  4998  0  0  0  0
768  9938  9937  7467  7468  0  0  0  0
58  2529  2528  58  59  0  0  0  0
295  4999  4998  2528  2529  0  0  0  0
532  7469  7468  4998  4999  0  0  0  0
769  9939  9938  7468  7469  0  0  0  0
59  2530  2529  59  60  0  0  0  0
296  5000  4999  2529  2530  0  0  0  0
533  7470  7469  4999  5000  0  0  0  0
770  9940  9939  7469  7470  0  0  0  0
60  2531  2530  60  61  0  0  0  0
297  5001  5000  2530  2531  0  0  0  0
534  7471  7470  5000  5001  0  0  0  0
771  9941  9940  7470  7471  0  0  0  0
61  2532  2531  61  62  0  0  0  0
298  5002  5001  2531  2532  0  0  0  0
535  7472  7471  5001  5002  0  0  0  0
772  9942  9941  7471  7472  0  0  0  0
62  2533  2532  62  63  0  0  0  0
299  5003  5002  2532  2533  0  0  0  0
536  7473  7472  5002  5003  0  0  0  0
773  9943  9942  7472  7473  0  0  0  0
63  2534  2533  63  64  0  0  0  0
300  5004  5003  2533  2534  0  0  0  0
537  7474  7473  5003  5004  0  0  0  0
774  9944  9943  7473  7474  0  0  0  0
64  2535  2534  64  65  0  0  0  0
301  5005  5004  2534  2535  0  0  0  0
538  7475  7474  5004  5005  0  0  0  0
775  9945  9944  7474  7475  0  0  0  0
65  2536  2535  65  66  0  0  0  0
302  5006  5005  2535  2536  0  0  0  0
539  7476  7475  5005  5006  0  0  0  0
776  9946  9945  7475  7476  0  0  0  0
66  2537  2536  66  67  0  0  0  0
303  5007  5006  2536  2537  0  0  0  0
540  7477  7476  5006  5007  0  0  0  0
777  9947  9946  7476  7477  0  0  0  0
67  2538  2537  67  68  0  0  0  0
304  5008  5007  2537  2538  0  0  0  0
541  7478  7477  5007  5008  0  0  0  0
778  9948  9947  7477  7478  0  0  0  0
68  2539  2538  68  69  0  0  0  0
305  5009  5008  2538  2539  0  0  0  0
542  7479  7478  5008  5009  0  0  0  0
779  9949  9948  7478  7479  0  0  0  0
69  2540  2539  69  70  0  0  0  0
306  5010  5009  2539  2540  0  0  0  0
543  7480  7479  5009  5010  0  0  0  0
780  9950  9949  7479  7480  0  0  0  0
70  2541  2540  70  71  0  0  0  0
307  5011  5010  2540  2541  0  0  0  0
544  7481  7480  5010  5011  0  0  0  0
781  9951  9950  7480  7481  0  0  0  0
71  2542  2541  71  72  0  0  0  0
308  5012  5011  2541  2542  0  0  0  0
545  7482  7481  5011  5012  0  0  0  0
782  9952  9951  7481  7482  0  0  0  0
72  2543  2542  72  73  0  0  0  0
309  5013  5012  2542  2543  0  0  0  0
546  7483  7482  5012  5013  0  0  0  0
783  9953  9952  7482  7483  0  0  0  0
73  2544  2543  73  74  0  0  0  0
310  5014  5013  2543  2544  0  0  0  0
547  7484  7483  5013  5014  0  0  0  0
784  9954  9953  7483  7484  0  0  0  0
74  2545  2544  74  75  0  0  0  0
311  5015  5014  2544  2545  0  0  0  0
548  7485  7484  5014  5015  0  0  0  0
785  9955  9954  7484  7485  0  0  0  0
75  2546  2545  75  76  0  0  0  0
312  5016  5015  2545  2546  0  0  0  0
549  7486  7485  5015  5016  0  0  0  0
786  9956  9955  7485  7486  0  0  0  0
76  2547  2546  76  77  0  0  0  0
313  5017  5016  2546  2547  0  0  0  0
550  7487  7486  5016  5017  0  0  0  0
787  9957  9956  7486  7487  0  0  0  0
77  2548  2547  77  78  0  0  0  0
314  5018  5017  2547  2548  0  0  0  0
551  7488  7487  5017  5018  0  0  0  0
788  9958  9957  7487  7488  0  0  0  0
78  2549  2548  78  79  0  0  0  0
315  5019  5018  2548  2549  0  0  0  0
552  7489  7488  5018  5019  0  0  0  0
789  9959  9958  7488  7489  0  0  0  0
79  2550  2549  79  80  0  0  0  0
316  5020  5019  2549  2550  0  0  0  0
553  7490  7489  5019  5020  0  0  0  0
790  9960  9959  7489  7490  0  0  0  0
80  2551  2550  80  81  0  0  0  0
317  5021  5020  2550  2551  0  0  0  0
554  7491  7490  5020  5021  0  0  0  0
791  9961  9960  7490  7491  0  0  0  0
81  2552  2551  81  82  0  0  0  0
318  5022  5021  2551  2552  0  0  0  0
555  7492  7491  5021  5022  0  0  0  0
792  9962  9961  7491  7492  0  0  0  0
82  2553  2552  82  83  0  0  0  0
319  5023  5022  2552  2553  0  0  0  0
556  7493  7492  5022  5023  0  0  0  0
793  9963  9962  7492  7493  0  0  0  0
83  2554  2553  83  84  0  0  0  0
320  5024  5023  2553  2554  0  0  0  0
557  7494  7493  5023  5024  0  0  0  0
794  9964  9963  7493  7494  0  0  0  0
84  2555  2554  84  85  0  0  0  0
321  5025  5024  2554  2555  0  0  0  0
558  7495  7494  5024  5025  0  0  0  0
795  9965  9964  7494  7495  0  0  0  0
85  2556  2555  85  86  0  0  0  0
322  5026  5025  2555  2556  0  0  0  0
559  7496  7495  5025  5026  0  0  0  0
796  9966  9965  7495  7496  0  0  0  0
86  2557  2556  86  87  0  0  0  0
323  5027  5026  2556  2557  0  0  0  0
560  7497  7496  5026  5027  0  0  0  0
797  9967  9966  7496  7497  0  0  0  0
87  2558  2557  87  88  0  0  0  0
324  5028  5027  2557  2558  0  0  0  0
561  7498  7497  5027  5028  0  0  0  0
798  9968  9967  7497  7498  0  0  0  0
88  2559  2558  88  89  0  0  0  0
325  5029  5028  2558  2559  0  0  0  0
562  7499  7498  5028  5029  0  0  0  0
799  9969  9968  7498  7499  0  0  0  0
89  2560  2559  89  90  0  0  0  0
326  5030  5029  2559  2560  0  0  0  0
563  7500  7499  5029  5030  0  0  0  0
800  9970  9969  7499  7500  0  0  0  0
90  2561  2560  90  91  0  0  0  0
327  5031  5030  2560  2561  0  0  0  0
564  7501  7500  5030  5031  0  0  0  0
801  9971  9970  7500  7501  0  0  0  0
91  2562  2561  91  92  0  0  0  0
328  5032  5031  2561  2562  0  0  0  0
565  7502  7501  5031  5032  0  0  0  0
802  9972  9971  7501  7502  0  0  0  0
92  2563  2562  92  93  0  0  0  0
329  5033  5032  2562  2563  0  0  0  0
566  7503  7502  5032  5033  0  0  0  0
803  9973  9972  7502  7503  0  0  0  0
93  2564  2563  93  94  0  0  0  0
330  5034  5033  2563  2564  0  0  0  0
567  7504  7503  5033  5034  0  0  0  0
804  9974  9973  7503  7504  0  0  0  0
94  2565  2564  94  95  0  0  0  0
331  5035  5034  2564  2565  0  0  0  0
568  7505  7504  5034  5035  0  0  0  0
805  9975  9974  7504  7505  0  0  0  0
95  2566  2565  95  96  0  0  0  0
332  5036  5035  2565  2566  0  0  0  0
569  7506  7505  5035  5036  0  0  0  0
806  9976  9975  7505  7506  0  0  0  0
96  2567  2566  96  97  0  0  0  0
333  5037  5036  2566  2567  0  0  0  0
570  7507  7506  5036  5037  0  0  0  0
807  9977  9976  7506  7507  0  0  0  0
97  2568  2567  97  98  0  0  0  0
334  5038  5037  2567  2568  0  0  0  0
571  7508  7507  5037  5038  0  0  0  0
808  9978  9977  7507  7508  0  0  0  0
98  2569  2568  98  99  0  0  0  0
335  5039  5038  2568  2569  0  0  0  0
572  7509  7508  5038  5039  0  0  0  0
809  9979  9978  7508  7509  0  0  0  0
99  2570  2569  99  100  0  0  0  0
336  5040  5039  2569  2570  0  0  0  0
573  7510  7509  5039  5040  0  0  0  0
810  9980  9979  7509  7510  0  0  0  0
100  2571  2570  100  101  0  0  0  0
337  5041  5040  2570  2571  0  0  0  0
574  7511  7510  5040  5041  0  0  0  0
811  9981  9980  7510  7511  0  0  0  0
101  2572  2571  101  102  0  0  0  0
338  5042  5041  2571  2572  0  0  0  0
575  7512  7511  5041  5042  0  0  0  0
812  9982  9981  7511  7512  0  0  0  0
102  2573  2572  102  103  0  0  0  0
339  5043  5042  2572  2573  0  0  0  0
576  7513  7512  5042  5043  0  0  0  0
813  9983  9982  7512  7513  0  0  0  0
103  2574  2573  103  104  0  0  0  0
340  5044  5043  2573  2574  0  0  0  0
577  7514  7513  5043  5044  0  0  0  0
814  9984  9983  7513  7514  0  0  0  0
104  2575  2574  104  105  0  0  0  0
341  5045  5044  2574  2575  0  0  0  0
578  7515  7514  5044  5045  0  0  0  0
815  9985  9984  7514  7515  0  0  0  0
105  2576  2575  105  106  0  0  0  0
342  5046  5045  2575  2576  0  0  0  0
579  7516  7515  5045  5046  0  0  0  0
816  9986  9985  7515  7516  0  0  0  0
106  2577  2576  106  107  0  0  0  0
343  5047  5046  2576  2577  0  0  0  0
580  7517  7516  5046  5047  0  0  0  0
817  9987  9986  7516  7517  0  0  0  0
107  2578  2577  107  108  0  0  0  0
344  5048  5047  2577  2578  0  0  0  0
581  7518  7517  5047  5048  0  0  0  0
818  9988  9987  7517  7518  0  0  0  0
108  2579  2578  108  109  0  0  0  0
345  5049  5048  2578  2579  0  0  0  0
582  7519  7518  5048  5049  0  0  0  0
819  9989  9988  7518  7519  0  0  0  0
109  2580  2579  109  110  0  0  0  0
346  5050  5049  2579  2580  0  0  0  0
583  7520  7519  5049  5050  0  0  0  0
820  9990  9989  7519  7520  0  0  0  0
110  2581  2580  110  111  0  0  0  0
347  5051  5050  2580  2581  0  0  0  0
584  7521  7520  5050  5051  0  0  0  0
821  9991  9990  7520  7521  0  0  0  0
111  2582  2581  111  112  0  0  0  0
348  5052  5051  2581  2582  0  0  0  0
585  7522  7521  5051  5052  0  0  0  0
822  9992  9991  7521  7522  0  0  0  0
112  2583  2582  112  113  0  0  0  0
349  5053  5052  2582  2583  0  0  0  0
586  7523  7522  5052  5053  0  0  0  0
823  9993  9992  7522  7523  0  0  0  0
113  2584  2583  113  114  0  0  0  0
350  5054  5053  2583  2584  0  0  0  0
587  7524  7523  5053  5054  0  0  0  0
824  9994  9993  7523  7524  0  0  0  0
114  2585  2584  114  115  0  0  0  0
351  5055  5054  2584  2585  0  0  0  0
588  7525  7524  5054  5055  0  0  0  0
825  9995  9994  7524  7525  0  0  0  0
115  2586  2585  115  116  0  0  0  0
352  5056  5055  2585  2586  0  0  0  0
589  7526  7525  5055  5056  0  0  0  0
826  9996  9995  7525  7526  0  0  0  0
116  2587  2586  116  117  0  0  0  0
353  5057  5056  2586  2587  0  0  0  0
590  7527  7526  5056  5057  0  0  0  0
827  9997  9996  7526  7527  0  0  0  0
117  2588  2587  117  118  0  0  0  0
354  5058  5057  2587  2588  0  0  0  0
591  7528  7527  5057  5058  0  0  0  0
828  9998  9997  7527  7528  0  0  0  0
118  2589  2588  118  119  0  0  0  0
355  5059  5058  2588  2589  0  0  0  0
592  7529  7528  5058  5059  0  0  0  0
829  9999  9998  7528  7529  0  0  0  0
119  2590  2589  119  120  0  0  0  0
356  5060  5059  2589  2590  0  0  0  0
593  7530  7529  5059  5060  0  0  0  0
830  10000  9999  7529  7530  0  0  0  0
120  2591  2590  120  121  0  0  0  0
357  5061  5060  2590  2591  0  0  0  0
594  7531  7530  5060  5061  0  0  0  0
831  10001  10000  7530  7531  0  0  0  0
121  2592  2591  121  122  0  0  0  0
358  5062  5061  2591  2592  0  0  0  0
595  7532  7531  5061  5062  0  0  0  0
832  10002  10001  7531  7532  0  0  0  0
122  2593  2592  122  123  0  0  0  0
359  5063  5062  2592  2593  0  0  0  0
596  7533  7532  5062  5063  0  0  0  0
833  10003  10002  7532  7533  0  0  0  0
123  2594  2593  123  124  0  0  0  0
360  5064  5063  2593  2594  0  0  0  0
597  7534  7533  5063  5064  0  0  0  0
834  10004  10003  7533  7534  0  0  0  0
124  2595  2594  124  125  0  0  0  0
361  5065  5064  2594  2595  0  0  0  0
598  7535  7534  5064  5065  0  0  0  0
835  10005  10004  7534  7535  0  0  0  0
125  2596  2595  125  126  0  0  0  0
362  5066  5065  2595  2596  0  0  0  0
599  7536  7535  5065  5066  0  0  0  0
836  10006  10005  7535  7536  0  0  0  0
126  2597  2596  126  127  0  0  0  0
363  5067  5066  2596  2597  0  0  0  0
600  7537  7536  5066  5067  0  0  0  0
837  10007  10006  7536  7537  0  0  0  0
127  2598  2597  127  128  0  0  0  0
364  5068  5067  2597  2598  0  0  0  0
601  7538  7537  5067  5068  0  0  0  0
838  10008  10007  7537  7538  0  0  0  0
128  2599  2598  128  129  0  0  0  0
365  5069  5068  2598  2599  0  0  0  0
602  7539  7538  5068  5069  0  0  0  0
839  10009  10008  7538  7539  0  0  0  0
129  2600  2599  129  130  0  0  0  0
366  5070  5069  2599  2600  0  0  0  0
603  7540  7539  5069  5070  0  0  0  0
840  10010  10009  7539  7540  0  0  0  0
130  2601  2600  130  131  0  0  0  0
367  5071  5070  2600  2601  0  0  0  0
604  7541  7540  5070  5071  0  0  0  0
841  10011  10010  7540  7541  0  0  0  0
131  2602  2601  131  132  0  0  0  0
368  5072  5071  2601  2602  0  0  0  0
605  7542  7541  5071  5072  0  0  0  0
842  10012  10011  7541  7542  0  0  0  0
132  2603  2602  132  133  0  0  0  0
369  5073  5072  2602  2603  0  0  0  0
606  7543  7542  5072  5073  0  0  0  0
843  10013  10012  7542  7543  0  0  0  0
133  2604  2603  133  134  0  0  0  0
370  5074  5073  2603  2604  0  0  0  0
607  7544  7543  5073  5074  0  0  0  0
844  10014  10013  7543  7544  0  0  0  0
134  2605  2604  134  135  0  0  0  0
371  5075  5074  2604  2605  0  0  0  0
608  7545  7544  5074  5075  0  0  0  0
845  10015  10014  7544  7545  0  0  0  0
135  2606  2605  135  136  0  0  0  0
372  5076  5075  2605  2606  0  0  0  0
609  7546  7545  5075  5076  0  0  0  0
846  10016  10015  7545  7546  0  0  0  0
136  2607  2606  136  137  0  0  0  0
373  5077  5076  2606  2607  0  0  0  0
610  7547  7546  5076  5077  0  0  0  0
847  10017  10016  7546  7547  0  0  0  0
137  2608  2607  137  138  0  0  0  0
374  5078  5077  2607  2608  0  0  0  0
611  7548  7547  5077  5078  0  0  0  0
848  10018  10017  7547  7548  0  0  0  0
138  2609  2608  138  139  0  0  0  0
375  5079  5078  2608  2609  0  0  0  0
612  7549  7548  5078  5079  0  0  0  0
849  10019  10018  7548  7549  0  0  0  0
139  2610  2609  139  140  0  0  0  0
376  5080  5079  2609  2610  0  0  0  0
613  7550  7549  5079  5080  0  0  0  0
850  10020  10019  7549  7550  0  0  0  0
140  2611  2610  140  141  0  0  0  0
377  5081  5080  2610  2611  0  0  0  0
614  7551  7550  5080  5081  0  0  0  0
851  10021  10020  7550  7551  0  0  0  0
141  2612  2611  141  142  0  0  0  0
378  5082  5081  2611  2612  0  0  0  0
615  7552  7551  5081  5082  0  0  0  0
852  10022  10021  7551  7552  0  0  0  0
142  2613  2612  142  143  0  0  0  0
379  5083  5082  2612  2613  0  0  0  0
616  7553  7552  5082  5083  0  0  0  0
853  10023  10022  7552  7553  0  0  0  0
143  2614  2613  143  144  0  0  0  0
380  5084  5083  2613  2614  0  0  0  0
617  7554  7553  5083  5084  0  0  0  0
854  10024  10023  7553  7554  0  0  0  0
144  2615  2614  144  145  0  0  0  0
381  5085  5084  2614  2615  0  0  0  0
618  7555  7554  5084  5085  0  0  0  0
855  10025  10024  7554  7555  0  0  0  0
145  2616  2615  145  146  0  0  0  0
382  5086  5085  2615  2616  0  0  0  0
619  7556  7555  5085  5086  0  0  0  0
856  10026  10025  7555  7556  0  0  0  0
146  2617  2616  146  147  0  0  0  0
383  5087  5086  2616  2617  0  0  0  0
620  7557  7556  5086  5087  0  0  0  0
857  10027  10026  7556  7557  0  0  0  0
147  2618  2617  147  148  0  0  0  0
384  5088  5087  2617  2618  0  0  0  0
621  7558  7557  5087  5088  0  0  0  0
858  10028  10027  7557  7558  0  0  0  0
148  2619  2618  148  149  0  0  0  0
385  5089  5088  2618  2619  0  0  0  0
622  7559  7558  5088  5089  0  0  0  0
859  10029  10028  7558  7559  0  0  0  0
149  2620  2619  149  150  0  0  0  0
386  5090  5089  2619  2620  0  0  0  0
623  7560  7559  5089  5090  0  0  0  0
860  10030  10029  7559  7560  0  0  0  0
150  2621  2620  150  151  0  0  0  0
387  5091  5090  2620  2621  0  0  0  0
624  7561  7560  5090  5091  0  0  0  0
861  10031  10030  7560  7561  0  0  0  0
151  2622  2621  151  152  0  0  0  0
388  5092  5091  2621  2622  0  0  0  0
625  7562  7561  5091  5092  0  0  0  0
862  10032  10031  7561  7562  0  0  0  0
152  2623  2622  152  153  0  0  0  0
389  5093  5092  2622  2623  0  0  0  0
626  7563  7562  5092  5093  0  0  0  0
863  10033  10032  7562  7563  0  0  0  0
153  2624  2623  153  154  0  0  0  0
390  5094  5093  2623  2624  0  0  0  0
627  7564  7563  5093  5094  0  0  0  0
864  10034  10033  7563  7564  0  0  0  0
154  2625  2624  154  155  0  0  0  0
391  5095  5094  2624  2625  0  0  0  0
628  7565  7564  5094  5095  0  0  0  0
865  10035  10034  7564  7565  0  0  0  0
155  2626  2625  155  156  0  0  0  0
392  5096  5095  2625  2626  0  0  0  0
629  7566  7565  5095  5096  0  0  0  0
866  10036  10035  7565  7566  0  0  0  0
156  2627  2626  156  157  0  0  0  0
393  5097  5096  2626  2627  0  0  0  0
630  7567  7566  5096  5097  0  0  0  0
867  10037  10036  7566  7567  0  0  0  0
157  2628  2627  157  158  0  0  0  0
394  5098  5097  2627  2628  0  0  0  0
631  7568  7567  5097  5098  0  0  0  0
868  10038  10037  7567  7568  0  0  0  0
158  2629  2628  158  159  0  0  0  0
395  5099  5098  2628  2629  0  0  0  0
632  7569  7568  5098  5099  0  0  0  0
869  10039  10038  7568  7569  0  0  0  0
159  2630  2629  159  160  0  0  0  0
396  5100  5099  2629  2630  0  0  0  0
633  7570  7569  5099  5100  0  0  0  0
870  10040  10039  7569  7570  0  0  0  0
160  2631  2630  160  161  0  0  0  0
397  5101  5100  2630  2631  0  0  0  0
634  7571  7570  5100  5101  0  0  0  0
871  10041  10040  7570  7571  0  0  0  0
161  2632  2631  161  162  0  0  0  0
398  5102  5101  2631  2632  0  0  0  0
635  7572  7571  5101  5102  0  0  0  0
872  10042  10041  7571  7572  0  0  0  0
162  2633  2632  162  163  0  0  0  0
399  5103  5102  2632  2633  0  0  0  0
636  7573  7572  5102  5103  0  0  0  0
873  10043  10042  7572  7573  0  0  0  0
163  2634  2633  163  164  0  0  0  0
400  5104  5103  2633  2634  0  0  0  0
637  7574  7573  5103  5104  0  0  0  0
874  10044  10043  7573  7574  0  0  0  0
164  2635  2634  164  165  0  0  0  0
401  5105  5104  2634  2635  0  0  0  0
638  7575  7574  5104  5105  0  0  0  0
875  10045  10044  7574  7575  0  0  0  0
165  2636  2635  165  166  0  0  0  0
402  5106  5105  2635  2636  0  0  0  0
639  7576  7575  5105  5106  0  0  0  0
876  10046  10045  7575  7576  0  0  0  0
166  2637  2636  166  167  0  0  0  0
403  5107  5106  2636  2637  0  0  0  0
640  7577  7576  5106  5107  0  0  0  0
877  10047  10046  7576  7577  0  0  0  0
167  2638  2637  167  168  0  0  0  0
404  5108  5107  2637  2638  0  0  0  0
641  7578  7577  5107  5108  0  0  0  0
878  10048  10047  7577  7578  0  0  0  0
168  2639  2638  168  169  0  0  0  0
405  5109  5108  2638  2639  0  0  0  0
642  7579  7578  5108  5109  0  0  0  0
879  10049  10048  7578  7579  0  0  0  0
169  2640  2639  169  170  0  0  0  0
406  5110  5109  2639  2640  0  0  0  0
643  7580  7579  5109  5110  0  0  0  0
880  10050  10049  7579  7580  0  0  0  0
170  2641  2640  170  171  0  0  0  0
407  5111  5110  2640  2641  0  0  0  0
644  7581  7580  5110  5111  0  0  0  0
881  10051  10050  7580  7581  0  0  0  0
171  2642  2641  171  172  0  0  0  0
408  5112  5111  2641  2642  0  0  0  0
645  7582  7581  5111  5112  0  0  0  0
882  10052  10051  7581  7582  0  0  0  0
172  2643  2642  172  173  0  0  0  0
409  5113  5112  2642  2643  0  0  0  0
646  7583  7582  5112  5113  0  0  0  0
883  10053  10052  7582  7583  0  0  0  0
173  2644  2643  173  174  0  0  0  0
410  5114  5113  2643  2644  0  0  0  0
647  7584  7583  5113  5114  0  0  0  0
884  10054  10053  7583  7584  0  0  0  0
174  2645  2644  174  175  0  0  0  0
411  5115  5114  2644  2645  0  0  0  0
648  7585  7584  5114  5115  0  0  0  0
885  10055  10054  7584  7585  0  0  0  0
175  2646  2645  175  176  0  0  0  0
412  5116  5115  2645  2646  0  0  0  0
649  7586  7585  5115  5116  0  0  0  0
886  10056  10055  7585  7586  0  0  0  0
176  2647  2646  176  177  0  0  0  0
413  5117  5116  2646  2647  0  0  0  0
650  7587  7586  5116  5117  0  0  0  0
887  10057  10056  7586  7587  0  0  0  0
177  2648  2647  177  178  0  0  0  0
414  5118  5117  2647  2648  0  0  0  0
651  7588  7587  5117  5118  0  0  0  0
888  10058  10057  7587  7588  0  0  0  0
178  2649  2648  178  179  0  0  0  0
415  5119  5118  2648  2649  0  0  0  0
652  7589  7588  5118  5119  0  0  0  0
889  10059  10058  7588  7589  0  0  0  0
179  2650  2649  179  180  0  0  0  0
416  5120  5119  2649  2650  0  0  0  0
653  7590  7589  5119  5120  0  0  0  0
890  10060  10059  7589  7590  0  0  0  0
180  2651  2650  180  181  0  0  0  0
417  5121  5120  2650  2651  0  0  0  0
654  7591  7590  5120  5121  0  0  0  0
891  10061  10060  7590  7591  0  0  0  0
181  2652  2651  181  182  0  0  0  0
418  5122  5121  2651  2652  0  0  0  0
655  7592  7591  5121  5122  0  0  0  0
892  10062  10061  7591  7592  0  0  0  0
182  2653  2652  182  183  0  0  0  0
419  5123  5122  2652  2653  0  0  0  0
656  7593  7592  5122  5123  0  0  0  0
893  10063  10062  7592  7593  0  0  0  0
183  2654  2653  183  184  0  0  0  0
420  5124  5123  2653  2654  0  0  0  0
657  7594  7593  5123  5124  0  0  0  0
894  10064  10063  7593  7594  0  0  0  0
184  2655  2654  184  185  0  0  0  0
421  5125  5124  2654  2655  0  0  0  0
658  7595  7594  5124  5125  0  0  0  0
895  10065  10064  7594  7595  0  0  0  0
185  2656  2655  185  186  0  0  0  0
422  5126  5125  2655  2656  0  0  0  0
659  7596  7595  5125  5126  0  0  0  0
896  10066  10065  7595  7596  0  0  0  0
186  2657  2656  186  187  0  0  0  0
423  5127  5126  2656  2657  0  0  0  0
660  7597  7596  5126  5127  0  0  0  0
897  10067  10066  7596  7597  0  0  0  0
187  2658  2657  187  188  0  0  0  0
424  5128  5127  2657  2658  0  0  0  0
661  7598  7597  5127  5128  0  0  0  0
898  10068  10067  7597  7598  0  0  0  0
188  2659  2658  188  189  0  0  0  0
425  5129  5128  2658  2659  0  0  0  0
662  7599  7598  5128  5129  0  0  0  0
899  10069  10068  7598  7599  0  0  0  0
189  2660  2659  189  190  0  0  0  0
426  5130  5129  2659  2660  0  0  0  0
663  7600  7599  5129  5130  0  0  0  0
900  10070  10069  7599  7600  0  0  0  0
190  2661  2660  190  191  0  0  0  0
427  5131  5130  2660  2661  0  0  0  0
664  7601  7600  5130  5131  0  0  0  0
901  10071  10070  7600  7601  0  0  0  0
191  2662  2661  191  192  0  0  0  0
428  5132  5131  2661  2662  0  0  0  0
665  7602  7601  5131  5132  0  0  0  0
902  10072  10071  7601  7602  0  0  0  0
192  2663  2662  192  193  0  0  0  0
429  5133  5132  2662  2663  0  0  0  0
666  7603  7602  5132  5133  0  0  0  0
903  10073  10072  7602  7603  0  0  0  0
193  2664  2663  193  194  0  0  0  0
430  5134  5133  2663  2664  0  0  0  0
667  7604  7603  5133  5134  0  0  0  0
904  10074  10073  7603  7604  0  0  0  0
194  2665  2664  194  195  0  0  0  0
431  5135  5134  2664  2665  0  0  0  0
668  7605  7604  5134  5135  0  0  0  0
905  10075  10074  7604  7605  0  0  0  0
195  2666  2665  195  196  0  0  0  0
432  5136  5135  2665  2666  0  0  0  0
669  7606  7605  5135  5136  0  0  0  0
906  10076  10075  7605  7606  0  0  0  0
196  2667  2666  196  197  0  0  0  0
433  5137  5136  2666  2667  0  0  0  0
670  7607  7606  5136  5137  0  0  0  0
907  10077  10076  7606  7607  0  0  0  0
197  2668  2667  197  198  0  0  0  0
434  5138  5137  2667  2668  0  0  0  0
671  7608  7607  5137  5138  0  0  0  0
908  10078  10077  7607  7608  0  0  0  0
198  2471  2668  198  1  0  0  0  0
435  4941  5138  2668  2471  0  0  0  0
672  7411  7608  5138  4941  0  0  0  0
909  9881  10078  7608  7411  0  0  0  0
199  2669  2619  149  199  0  0  0  0
436  5139  5089  2619  2669  0  0  0  0
673  7609  7559  5089  5139  0  0  0  0
910  10079  10029  7559  7609  0  0  0  0
200  2670  2669  199  200  0  0  0  0
437  5140  5139  2669  2670  0  0  0  0
674  7610  7609  5139  5140  0  0  0  0
911  10080  10079  7609  7610  0  0  0  0
201  2671  2670  200  201  0  0  0  0
438  5141  5140  2670  2671  0  0  0  0
675  7611  7610  5140  5141  0  0  0  0
912  10081  10080  7610  7611  0  0  0  0
202  2672  2671  201  202  0  0  0  0
439  5142  5141  2671  2672  0  0  0  0
676  7612  7611  5141  5142  0  0  0  0
913  10082  10081  7611  7612  0  0  0  0
203  2673  2672  202  203  0  0  0  0
440  5143  5142  2672  2673  0  0  0  0
677  7613  7612  5142  5143  0  0  0  0
914  10083  10082  7612  7613  0  0  0  0
204  2674  2673  203  204  0  0  0  0
441  5144  5143  2673  2674  0  0  0  0
678  7614  7613  5143  5144  0  0  0  0
915  10084  10083  7613  7614  0  0  0  0
205  2675  2674  204  205  0  0  0  0
442  5145  5144  2674  2675  0  0  0  0
679  7615  7614  5144  5145  0  0  0  0
916  10085  10084  7614  7615  0  0  0  0
206  2676  2675  205  206  0  0  0  0
443  5146  5145  2675  2676  0  0  0  0
680  7616  7615  5145  5146  0  0  0  0
917  10086  10085  7615  7616  0  0  0  0
207  2677  2676  206  207  0  0  0  0
444  5147  5146  2676  2677  0  0  0  0
681  7617  7616  5146  5147  0  0  0  0
918  10087  10086  7616  7617  0  0  0  0
208  2678  2677  207  208  0  0  0  0
445  5148  5147  2677  2678  0  0  0  0
682  7618  7617  5147  5148  0  0  0  0
919  10088  10087  7617  7618  0  0  0  0
209  2679  2678  208  209  0  0  0  0
446  5149  5148  2678  2679  0  0  0  0
683  7619  7618  5148  5149  0  0  0  0
920  10089  10088  7618  7619  0  0  0  0
210  2680  2679  209  210  0  0  0  0
447  5150  5149  2679  2680  0  0  0  0
684  7620  7619  5149  5150  0  0  0  0
921  10090  10089  7619  7620  0  0  0  0
211  2681  2680  210  211  0  0  0  0
448  5151  5150  2680  2681  0  0  0  0
685  7621  7620  5150  5151  0  0  0  0
922  10091  10090  7620  7621  0  0  0  0
212  2682  2681  211  212  0  0  0  0
449  5152  5151  2681  2682  0  0  0  0
686  7622  7621  5151  5152  0  0  0  0
923  10092  10091  7621  7622  0  0  0  0
213  2683  2682  212  213  0  0  0  0
450  5153  5152  2682  2683  0  0  0  0
687  7623  7622  5152  5153  0  0  0  0
924  10093  10092  7622  7623  0  0  0  0
214  2684  2683  213  214  0  0  0  0
451  5154  5153  2683  2684  0  0  0  0
688  7624  7623  5153  5154  0  0  0  0
925  10094  10093  7623  7624  0  0  0  0
215  2685  2684  214  215  0  0  0  0
452  5155  5154  2684  2685  0  0  0  0
689  7625  7624  5154  5155  0  0  0  0
926  10095  10094  7624  7625  0  0  0  0
216  2686  2685  215  216  0  0  0  0
453  5156  5155  2685  2686  0  0  0  0
690  7626  7625  5155  5156  0  0  0  0
927  10096  10095  7625  7626  0  0  0  0
217  2522  2686  216  52  0  0  0  0
454  4992  5156  2686  2522  0  0  0  0
691  7462  7626  5156  4992  0  0  0  0
928  9932  10096  7626  7462  0  0  0  0
218  2687  2595  125  217  0  0  0  0
455  5157  5065  2595  2687  0  0  0  0
692  7627  7535  5065  5157  0  0  0  0
929  10097  10005  7535  7627  0  0  0  0
219  2688  2687  217  218  0  0  0  0
456  5158  5157  2687  2688  0  0  0  0
693  7628  7627  5157  5158  0  0  0  0
930  10098  10097  7627  7628  0  0  0  0
220  2689  2688  218  219  0  0  0  0
457  5159  5158  2688  2689  0  0  0  0
694  7629  7628  5158  5159  0  0  0  0
931  10099  10098  7628  7629  0  0  0  0
221  2690  2689  219  220  0  0  0  0
458  5160  5159  2689  2690  0  0  0  0
695  7630  7629  5159  5160  0  0  0  0
932  10100  10099  7629  7630  0  0  0  0
222  2691  2690  220  221  0  0  0  0
459  5161  5160  2690  2691  0  0  0  0
696  7631  7630  5160  5161  0  0  0  0
933  10101  10100  7630  7631  0  0  0  0
223  2692  2691  221  222  0  0  0  0
460  5162  5161  2691  2692  0  0  0  0
697  7632  7631  5161  5162  0  0  0  0
934  10102  10101  7631  7632  0  0  0  0
224  2693  2692  222  223  0  0  0  0
461  5163  5162  2692  2693  0  0  0  0
698  7633  7632  5162  5163  0  0  0  0
935  10103  10102  7632  7633  0  0  0  0
225  2694  2693  223  224  0  0  0  0
462  5164  5163  2693  2694  0  0  0  0
699  7634  7633  5163  5164  0  0  0  0
936  10104  10103  7633  7634  0  0  0  0
226  2695  2694  224  225  0  0  0  0
463  5165  5164  2694  2695  0  0  0  0
700  7635  7634  5164  5165  0  0  0  0
937  10105  10104  7634  7635  0  0  0  0
227  2696  2695  225  226  0  0  0  0
464  5166  5165  2695  2696  0  0  0  0
701  7636  7635  5165  5166  0  0  0  0
938  10106  10105  7635  7636  0  0  0  0
228  2697  2696  226  227  0  0  0  0
465  5167  5166  2696  2697  0  0  0  0
702  7637  7636  5166  5167  0  0  0  0
939  10107  10106  7636  7637  0  0  0  0
229  2698  2697  227  228  0  0  0  0
466  5168  5167  2697  2698  0  0  0  0
703  7638  7637  5167  5168  0  0  0  0
940  10108  10107  7637  7638  0  0  0  0
230  2699  2698  228  229  0  0  0  0
467  5169  5168  2698  2699  0  0  0  0
704  7639  7638  5168  5169  0  0  0  0
941  10109  10108  7638  7639  0  0  0  0
231  2700  2699  229  230  0  0  0  0
468  5170  5169  2699  2700  0  0  0  0
705  7640  7639  5169  5170  0  0  0  0
942  10110  10109  7639  7640  0  0  0  0
232  2701  2700  230  231  0  0  0  0
469  5171  5170  2700  2701  0  0  0  0
706  7641  7640  5170  5171  0  0  0  0
943  10111  10110  7640  7641  0  0  0  0
233  2702  2701  231  232  0  0  0  0
470  5172  5171  2701  2702  0  0  0  0
707  7642  7641  5171  5172  0  0  0  0
944  10112  10111  7641  7642  0  0  0  0
234  2703  2702  232  233  0  0  0  0
471  5173  5172  2702  2703  0  0  0  0
708  7643  7642  5172  5173  0  0  0  0
945  10113  10112  7642  7643  0  0  0  0
235  2704  2703  233  234  0  0  0  0
472  5174  5173  2703  2704  0  0  0  0
709  7644  7643  5173  5174  0  0  0  0
946  10114  10113  7643  7644  0  0  0  0
236  2705  2704  234  235  0  0  0  0
473  5175  5174  2704  2705  0  0  0  0
710  7645  7644  5174  5175  0  0  0  0
947  10115  10114  7644  7645  0  0  0  0
237  2546  2705  235  76  0  0  0  0
474  5016  5175  2705  2546  0  0  0  0
711  7486  7645  5175  5016  0  0  0  0
948  9956  10115  7645  7486  0  0  0  0
