1  3  0  8.57937
237  5  0  8.57924
473  4  0  8.57863
709  5  0  -171.416
2  3  0  7.83735
238  5  0  7.83735
474  4  0  7.83735
710  5  0  7.83736
3  3  0  7.09885
239  5  0  7.09883
475  4  0  7.09881
711  5  0  7.09878
4  3  0  6.29594
240  5  0  6.29598
476  4  0  6.29604
712  5  0  6.2961
5  3  0  5.66395
241  5  0  5.66387
477  4  0  5.66374
713  5  0  5.66362
6  3  0  4.69791
242  5  0  4.69798
478  4  0  4.69809
714  5  0  4.69819
7  3  0  4.00772
243  5  0  4.00764
479  4  0  4.00752
715  5  0  4.0074
8  3  0  3.00823
244  5  0  3.00821
480  4  0  3.00818
716  5  0  3.00815
9  3  0  1.94467
245  5  0  1.94471
481  4  0  1.94478
717  5  0  1.94484
10  3  0  1.02091
246  5  0  1.02073
482  4  0  1.02047
718  5  0  1.02021
11  3  0  -0.387612
247  5  0  -0.387544
483  1  0  10.9846
719  5  0  21.4508
12  3  0  -1.56489
248  5  0  -1.5648
484  1  0  -1.56434
720  5  0  -1.56389
13  3  0  -2.47295
249  5  0  -2.47295
485  1  0  -2.47291
721  5  0  -2.47288
14  3  0  -3.35842
250  5  0  -3.35853
486  1  0  -3.35908
722  5  0  -3.35963
15  3  0  -4.568
251  5  0  -4.56787
487  1  0  -4.56718
723  5  0  -4.5665
16  3  0  -5.356
252  5  0  -5.35603
488  1  0  -5.35617
724  5  0  -5.35632
17  3  0  -6.24791
253  5  0  -6.24793
489  1  0  -6.24804
725  5  0  -6.24814
18  3  0  -7.20701
254  5  0  -7.20696
490  1  0  -7.20669
726  5  0  -7.20643
19  3  0  -7.97894
255  5  0  -7.97895
491  1  0  -7.97903
727  5  0  -7.9791
20  3  0  -8.80621
256  5  0  -8.80624
492  1  0  -8.8064
728  5  0  -8.80656
21  3  0  -9.74573
257  5  0  -9.74569
493  1  0  -9.74546
729  5  0  -9.74523
22  3  0  -10.5206
258  5  0  -10.5206
494  1  0  -10.5202
730  5  0  -10.5199
23  3  0  -10.9635
259  5  0  -10.9635
495  1  0  -10.9638
731  5  0  -10.964
24  3  0  -11.6402
260  5  0  -11.6402
496  1  0  -11.6403
732  5  0  -11.6403
25  3  0  -12.3407
261  5  0  -12.3407
497  1  0  -12.3404
733  5  0  -12.3402
26  3  0  -12.7407
262  5  0  -12.7407
498  1  0  -12.7406
734  5  0  -12.7406
27  3  0  -13.0536
263  5  0  -13.0536
499  1  0  -13.0537
735  5  0  -13.0538
28  3  0  -13.5094
264  5  0  -13.5094
500  1  0  -13.5096
736  5  0  -13.5097
29  3  0  -14.1344
265  5  0  -14.1344
501  1  0  -14.1341
737  5  0  -14.1338
30  3  0  -14.2762
266  5  0  -14.2762
502  1  0  -14.2762
738  5  0  -14.2762
31  3  0  -14.3799
267  5  0  -14.3799
503  1  0  -14.3799
739  5  0  -14.3799
32  3  0  -14.5072
268  5  0  -14.5072
504  1  0  -14.5073
740  5  0  -14.5073
33  3  0  -14.7186
269  5  0  -14.7186
505  1  0  -14.7185
741  5  0  -14.7185
34  3  0  -14.7749
270  5  0  -14.7749
506  1  0  -14.7749
742  5  0  -14.7749
35  3  0  -14.7661
271  5  0  -14.7661
507  1  0  -14.7661
743  5  0  -14.7661
36  3  0  -14.7353
272  5  0  -14.7353
508  1  0  -14.7353
744  5  0  -14.7353
37  3  0  -14.8146
273  5  0  -14.8146
509  1  0  -14.8146
745  5  0  -14.8146
38  3  0  -14.6555
274  5  0  -14.6555
510  1  0  -14.6555
746  5  0  -14.6555
39  3  0  -14.4712
275  5  0  -14.4712
511  1  0  -14.4713
747  5  0  -14.4713
40  3  0  -14.2136
276  5  0  -14.2136
512  1  0  -14.2136
748  5  0  -14.2136
41  3  0  -13.9633
277  5  0  -13.9633
513  1  0  -13.9633
749  5  0  -13.9633
42  3  0  -13.823
278  5  0  -13.823
514  1  0  -13.823
750  5  0  -13.8231
43  3  0  -13.6082
279  5  0  -13.6082
515  1  0  -13.6084
751  5  0  -13.6086
44  3  0  -13.0618
280  5  0  -13.0618
516  1  0  -13.0617
752  5  0  -13.0615
45  3  0  -12.7446
281  5  0  -12.7446
517  1  0  -12.7446
753  5  0  -12.7445
46  3  0  -12.4692
282  5  0  -12.4692
518  1  0  -12.4692
754  5  0  -12.4692
47  3  0  -12.1328
283  5  0  -12.1328
519  1  0  -12.1328
755  5  0  -12.1329
48  3  0  -11.7259
284  5  0  -11.726
520  1  0  12.6179
756  5  0  30.5424
49  3  0  -11.1734
285  5  0  -11.1321
521  6  0  -11.1088
757  5  0  -11.107
50  3  0  -10.6197
286  5  0  -10.5501
522  6  0  -10.4713
758  5  0  -10.4628
51  3  0  -10.1026
287  5  0  -10.1026
523  6  0  -10.1026
759  5  0  -10.1027
52  3  0  -9.56014
288  5  0  -9.56016
524  6  0  -9.5604
760  5  0  -9.56064
53  3  0  -8.92609
289  5  0  -8.92605
525  6  0  -8.92555
761  5  0  -8.92503
54  3  0  -8.50733
290  5  0  -8.50733
526  6  0  -8.5073
762  5  0  -8.50728
55  3  0  -8.10288
291  5  0  -8.10297
527  6  0  -8.10428
763  5  0  -8.10562
56  3  0  -7.23665
292  5  0  -7.23657
528  6  0  -7.23537
764  5  0  -7.23415
57  3  0  -6.77381
293  5  0  -6.77381
529  6  0  -6.77393
765  5  0  -6.77404
58  3  0  -6.25878
294  5  0  -6.25883
530  6  0  -6.25955
766  5  0  -6.26028
59  3  0  -5.4938
295  5  0  -5.49374
531  6  0  -5.49284
767  5  0  -5.49193
60  3  0  -5.06421
296  5  0  -5.06423
532  6  0  -5.0646
768  5  0  -5.06497
61  3  0  -4.474
297  5  0  -4.47399
533  6  0  -4.47394
769  5  0  -4.47388
62  3  0  -3.90474
298  5  0  -3.90472
534  6  0  -3.9045
770  5  0  -3.90428
63  3  0  -3.42896
299  5  0  -3.42905
535  6  0  -3.43041
771  5  0  -3.4318
64  3  0  -2.51599
300  5  0  -2.51591
536  6  0  -2.51475
772  5  0  -2.51355
65  3  0  -1.95582
301  5  0  -1.95581
537  6  0  -1.95564
773  5  0  -1.95547
66  3  0  -1.46742
302  5  0  -1.46742
538  6  0  -1.46747
774  5  0  -1.46752
67  3  0  -0.956138
303  5  0  -0.956215
539  6  0  -0.957307
775  5  0  -0.958425
68  3  0  -0.0903077
304  5  0  -0.0903046
540  6  0  -0.0902593
776  5  0  -0.0902127
69  3  0  0.763795
305  5  0  0.763851
541  6  0  0.764648
777  5  0  0.765466
70  3  0  1.37485
306  5  0  1.37486
542  6  0  1.37488
778  5  0  1.37491
71  3  0  1.97679
307  5  0  1.97676
543  6  0  1.97641
779  5  0  1.97604
72  3  0  2.69958
308  5  0  2.69958
544  6  0  2.69971
780  5  0  2.69984
73  3  0  3.38279
309  5  0  3.38275
545  6  0  3.3821
781  5  0  3.38143
74  3  0  4.253
310  5  0  4.25302
546  6  0  4.25333
782  5  0  4.25365
75  3  0  5.0524
311  5  0  5.10878
547  6  0  5.18181
783  5  0  5.21495
76  3  0  5.75705
312  5  0  5.85712
548  6  0  6.4788
784  5  0  38.047
77  3  0  6.55987
313  5  0  6.55985
549  1  0  -23.1028
785  5  0  -42.4244
78  3  0  7.45534
314  5  0  7.45537
550  1  0  7.45555
786  5  0  7.45574
79  3  0  8.22309
315  5  0  8.2231
551  1  0  8.22313
787  5  0  8.22317
80  3  0  8.96465
316  5  0  8.96458
552  1  0  8.96423
788  5  0  8.96388
81  3  0  9.94359
317  5  0  9.94362
553  1  0  9.94379
789  5  0  9.94397
82  3  0  10.8141
318  5  0  10.8141
554  1  0  10.8143
790  5  0  10.8144
83  3  0  11.5909
319  5  0  11.5908
555  1  0  11.5904
791  5  0  11.5901
84  3  0  12.6095
320  5  0  12.6094
556  1  0  12.6091
792  5  0  12.6088
85  3  0  13.7822
321  5  0  13.7823
557  1  0  13.7828
793  5  0  13.7832
86  3  0  14.6995
322  5  0  14.6994
558  1  0  14.6991
794  5  0  14.6987
87  3  0  15.815
323  5  0  15.815
559  1  0  15.8149
795  5  0  15.8148
88  3  0  16.9848
324  5  0  16.9848
560  1  0  16.9846
796  5  0  16.9844
89  3  0  18.2448
325  5  0  18.2446
561  1  0  4.09486
797  5  0  -8.63298
90  3  0  19.901
326  5  0  19.901
562  4  0  19.9012
798  5  0  19.9013
91  3  0  21.3982
327  5  0  21.398
563  4  0  21.3976
799  5  0  21.3973
92  3  0  23.3285
328  5  0  23.3281
564  4  0  23.3274
800  5  0  23.3268
93  3  0  25.8949
329  5  0  25.8943
565  4  0  25.8935
801  5  0  25.8926
94  3  0  29.1136
330  5  0  29.1128
566  4  0  29.1117
802  5  0  29.1105
95  3  0  33.0241
331  5  0  33.0232
567  4  0  33.0218
803  5  0  33.0205
96  3  0  37.6126
332  5  0  37.6095
568  4  0  37.605
804  5  0  37.6004
97  3  0  43.973
333  5  0  43.9534
569  4  0  43.9241
805  5  0  43.8937
98  3  0  56.7599
334  5  0  56.7184
570  4  0  56.655
806  5  0  56.5874
99  3  0  77.2715
335  5  0  77.2658
571  4  0  77.257
807  5  0  77.2475
100  3  0  98.6257
336  5  0  98.7024
572  4  0  98.8209
808  5  0  98.9493
101  3  0  116.441
337  5  0  116.414
573  4  0  116.373
809  5  0  116.33
102  3  0  129.061
338  5  0  129.077
574  4  0  129.1
810  5  0  129.125
103  3  0  137.008
339  5  0  137.014
575  4  0  137.023
811  5  0  137.033
104  3  0  142.138
340  5  0  142.141
576  4  0  142.145
812  5  0  142.149
105  3  0  145.163
341  5  0  145.163
577  4  0  145.164
813  5  0  145.165
106  3  0  147.387
342  5  0  147.386
578  4  0  147.386
814  5  0  147.385
107  3  0  150.076
343  5  0  150.077
579  4  0  150.078
815  5  0  150.079
108  3  0  152.028
344  5  0  152.029
580  4  0  152.029
816  5  0  152.029
109  3  0  153.751
345  5  0  153.752
581  4  0  153.752
817  5  0  153.753
110  3  0  154.876
346  5  0  154.875
582  4  0  154.875
818  5  0  154.874
111  3  0  156.714
347  5  0  156.715
583  1  0  170.549
819  5  0  -176.936
112  3  0  158.116
348  5  0  158.116
584  1  0  158.117
820  5  0  158.118
113  3  0  159.187
349  5  0  159.187
585  1  0  159.187
821  5  0  159.187
114  3  0  160.275
350  5  0  160.275
586  1  0  160.276
822  5  0  160.276
115  3  0  161.301
351  5  0  161.301
587  1  0  161.301
823  5  0  161.301
116  3  0  162.279
352  5  0  162.279
588  1  0  162.279
824  5  0  162.278
117  3  0  163.373
353  5  0  163.373
589  1  0  163.373
825  5  0  163.374
118  3  0  164.033
354  5  0  164.033
590  1  0  164.032
826  5  0  164.032
119  3  0  165.062
355  5  0  165.062
591  1  0  165.063
827  5  0  165.063
120  3  0  165.788
356  5  0  165.788
592  1  0  165.787
828  5  0  165.787
121  3  0  166.893
357  5  0  166.893
593  1  0  166.894
829  5  0  166.894
122  3  0  167.489
358  5  0  167.489
594  1  0  167.488
830  5  0  167.488
123  3  0  168.365
359  5  0  168.365
595  1  0  168.366
831  5  0  168.366
124  3  0  169.154
360  5  0  169.077
596  6  0  -120.11
832  5  0  -92.6298
125  3  0  169.665
361  5  0  169.623
597  6  0  169.561
833  5  0  169.534
126  3  0  170.719
362  5  0  170.719
598  6  0  170.721
834  5  0  170.722
127  3  0  171.383
363  5  0  171.383
599  6  0  171.382
835  5  0  171.382
128  3  0  172.18
364  5  0  172.18
600  6  0  172.18
836  5  0  172.181
129  3  0  172.794
365  5  0  172.794
601  6  0  172.794
837  5  0  172.793
130  3  0  173.5
366  5  0  173.5
602  6  0  173.499
838  5  0  173.499
131  3  0  174.254
367  5  0  174.254
603  6  0  174.254
839  5  0  174.254
132  3  0  175.006
368  5  0  175.006
604  6  0  175.006
840  5  0  175.005
133  3  0  175.964
369  5  0  175.964
605  6  0  175.965
841  5  0  175.967
134  3  0  176.501
370  5  0  176.501
606  6  0  176.501
842  5  0  176.5
135  3  0  177.152
371  5  0  177.152
607  6  0  177.151
843  5  0  177.15
136  3  0  178.033
372  5  0  178.033
608  6  0  178.033
844  5  0  178.034
137  3  0  178.789
373  5  0  178.789
609  6  0  178.789
845  5  0  178.789
138  3  0  179.454
374  5  0  179.454
610  6  0  179.454
846  5  0  179.454
139  3  0  -179.831
375  5  0  -179.831
611  6  0  -179.831
847  5  0  -179.831
140  3  0  -179.061
376  5  0  -179.061
612  6  0  -179.061
848  5  0  -179.061
141  3  0  -178.21
377  5  0  -178.21
613  6  0  -178.21
849  5  0  -178.209
142  3  0  -177.483
378  5  0  -177.483
614  6  0  -177.482
850  5  0  -177.482
143  3  0  -176.914
379  5  0  -176.914
615  6  0  -176.914
851  5  0  -176.914
144  3  0  -176.435
380  5  0  -176.435
616  6  0  -176.436
852  5  0  -176.437
145  3  0  -175.684
381  5  0  -175.684
617  6  0  -175.683
853  5  0  -175.683
146  3  0  -175.054
382  5  0  -175.054
618  6  0  -175.054
854  5  0  -175.054
147  3  0  -174.531
383  5  0  -174.531
619  6  0  -174.531
855  5  0  -174.531
148  3  0  -174.14
384  5  0  -174.14
620  6  0  -174.141
856  5  0  -174.142
149  3  0  -173.307
385  5  0  -173.307
621  6  0  -173.306
857  5  0  -173.305
150  3  0  -172.875
386  5  0  -172.923
622  6  0  -173.007
858  5  0  -173.055
151  3  0  -172.502
387  5  0  -172.53
623  6  0  163.616
859  5  0  147.249
152  3  0  -171.641
388  5  0  -171.641
624  1  0  -171.641
860  5  0  -171.64
153  3  0  -171.269
389  5  0  -171.269
625  1  0  -171.269
861  5  0  -171.269
154  3  0  -170.925
390  5  0  -170.925
626  1  0  -170.925
862  5  0  -170.925
155  3  0  -170.64
391  5  0  -170.64
627  1  0  -170.64
863  5  0  -170.64
156  3  0  -170.326
392  5  0  -170.326
628  1  0  -170.326
864  5  0  -170.326
157  3  0  -169.972
393  5  0  -169.972
629  1  0  -169.972
865  5  0  -169.972
158  3  0  -169.836
394  5  0  -169.836
630  1  0  -169.836
866  5  0  -169.836
159  3  0  -169.65
395  5  0  -169.65
631  1  0  -169.65
867  5  0  -169.65
160  3  0  -169.189
396  5  0  -169.189
632  1  0  -169.189
868  5  0  -169.189
161  3  0  -168.772
397  5  0  -168.772
633  1  0  -168.772
869  5  0  -168.772
162  3  0  -168.637
398  5  0  -168.637
634  1  0  -168.637
870  5  0  -168.637
163  3  0  -168.548
399  5  0  -168.548
635  1  0  -168.548
871  5  0  -168.548
164  3  0  -168.254
400  5  0  -168.254
636  1  0  -168.254
872  5  0  -168.254
165  3  0  -168.241
401  5  0  -168.241
637  1  0  -168.241
873  5  0  -168.241
166  3  0  -167.951
402  5  0  -167.951
638  1  0  -167.951
874  5  0  -167.951
167  3  0  -167.626
403  5  0  -167.626
639  1  0  -167.626
875  5  0  -167.626
168  3  0  -167.794
404  5  0  -167.794
640  1  0  -167.795
876  5  0  -167.795
169  3  0  -167.301
405  5  0  -167.301
641  1  0  -167.3
877  5  0  -167.3
170  3  0  -167.373
406  5  0  -167.373
642  1  0  -167.373
878  5  0  -167.373
171  3  0  -167.441
407  5  0  -167.441
643  1  0  -167.441
879  5  0  -167.441
172  3  0  -167.191
408  5  0  -167.191
644  1  0  -167.191
880  5  0  -167.191
173  3  0  -166.884
409  5  0  -166.884
645  1  0  -166.884
881  5  0  -166.884
174  3  0  -167.139
410  5  0  -167.139
646  1  0  -167.139
882  5  0  -167.139
175  3  0  -166.994
411  5  0  -166.994
647  1  0  -166.994
883  5  0  -166.994
176  3  0  -166.781
412  5  0  -166.781
648  1  0  -166.781
884  5  0  -166.781
177  3  0  -166.726
413  5  0  -166.726
649  1  0  -166.726
885  5  0  -166.726
178  3  0  -166.471
414  5  0  -166.471
650  1  0  -166.471
886  5  0  -166.471
179  3  0  -166.633
415  5  0  -166.633
651  1  0  -166.633
887  5  0  -166.633
180  3  0  -166.588
416  5  0  -166.588
652  1  0  -166.588
888  5  0  -166.588
181  3  0  -166.373
417  5  0  -166.373
653  1  0  -166.373
889  5  0  -166.373
182  3  0  -166.156
418  5  0  -166.156
654  1  0  -166.156
890  5  0  -166.156
183  3  0  -166.022
419  5  0  -166.022
655  1  0  -166.022
891  5  0  -166.022
184  3  0  -166.196
420  5  0  -166.196
656  1  0  -166.196
892  5  0  -166.196
185  3  0  -166.206
421  5  0  -166.206
657  1  0  -166.206
893  5  0  -166.206
186  3  0  -165.943
422  5  0  -165.943
658  1  0  -165.943
894  5  0  -165.943
187  3  0  -165.983
423  5  0  -165.983
659  1  0  -165.983
895  5  0  -165.983
188  3  0  -166.045
424  5  0  -166.045
660  1  0  -166.045
896  5  0  -166.045
189  3  0  -165.998
425  5  0  -165.998
661  1  0  -177.327
897  5  0  172.162
190  3  0  -165.836
426  5  0  -165.836
662  4  0  -165.836
898  5  0  -165.836
191  3  0  -165.66
427  5  0  -165.66
663  4  0  -165.66
899  5  0  -165.66
192  3  0  -165.768
428  5  0  -165.768
664  4  0  -165.768
900  5  0  -165.768
193  3  0  -165.453
429  5  0  -165.453
665  4  0  -165.453
901  5  0  -165.453
194  3  0  -165.266
430  5  0  -165.266
666  4  0  -165.266
902  5  0  -165.266
195  3  0  -165.259
431  5  0  -165.259
667  4  0  -165.259
903  5  0  -165.259
196  3  0  -165.197
432  5  0  -165.197
668  4  0  -165.197
904  5  0  -165.198
197  3  0  -164.768
433  5  0  -164.768
669  4  0  -164.768
905  5  0  -164.768
198  3  0  -164.345
434  5  0  -164.433
670  4  0  -164.567
906  5  0  -164.706
199  3  0  -140.589
435  5  0  -140.49
671  4  0  -140.164
907  5  0  -137.814
200  2  0  -90.0314
436  1  0  -90.0314
672  1  0  89.9686
908  2  0  89.9686
201  2  0  -90.0314
437  1  0  -90.0314
673  1  0  -90.0314
909  2  0  -90.0314
202  2  0  -90.0314
438  1  0  -90.0314
674  1  0  -90.0314
910  2  0  -90.0314
203  2  0  -90.0314
439  1  0  -90.0314
675  1  0  -90.0314
911  2  0  -90.0314
204  2  0  -90.0314
440  1  0  -90.0314
676  1  0  -90.0314
912  2  0  -90.0314
205  2  0  -90.0314
441  1  0  -90.0314
677  1  0  -90.0314
913  2  0  -90.0314
206  2  0  -90.0314
442  1  0  -90.0314
678  1  0  -90.0314
914  2  0  -90.0314
207  2  0  -90.0314
443  1  0  -90.0314
679  1  0  -90.0314
915  2  0  -90.0314
208  2  0  -90.0314
444  1  0  -90.0314
680  1  0  -90.0314
916  2  0  -90.0314
209  2  0  -90.0314
445  1  0  -90.0314
681  1  0  -90.0314
917  2  0  -90.0314
210  2  0  -90.0314
446  1  0  -90.0314
682  1  0  -90.0314
918  2  0  -90.0314
211  2  0  -90.0314
447  1  0  -90.0314
683  1  0  -90.0314
919  2  0  -90.0314
212  2  0  -90.0314
448  1  0  -90.0314
684  1  0  -90.0314
920  2  0  -90.0314
213  2  0  -90.0314
449  1  0  -90.0314
685  1  0  -90.0314
921  2  0  -90.0314
214  2  0  -90.0314
450  1  0  -90.0314
686  1  0  -90.0314
922  2  0  -90.0314
215  2  0  -90.0314
451  1  0  -90.0314
687  1  0  -90.0314
923  2  0  -90.0314
216  2  0  -90.0314
452  1  0  -90.0314
688  1  0  -90.0314
924  2  0  -90.0314
217  2  0  -90.0314
453  1  0  -90.0314
689  1  0  -90.0314
925  2  0  89.9686
218  2  0  -90.0391
454  1  0  -90.0391
690  1  0  89.9609
926  2  0  89.9609
219  2  0  -90.0391
455  1  0  -90.0391
691  1  0  -90.0391
927  2  0  -90.0391
220  2  0  -90.0391
456  1  0  -90.0391
692  1  0  -90.0391
928  2  0  -90.0391
221  2  0  -90.0391
457  1  0  -90.0391
693  1  0  -90.0391
929  2  0  -90.0391
222  2  0  -90.0391
458  1  0  -90.0391
694  1  0  -90.0391
930  2  0  -90.0391
223  2  0  -90.0391
459  1  0  -90.0391
695  1  0  -90.0391
931  2  0  -90.0391
224  2  0  -90.0391
460  1  0  -90.0391
696  1  0  -90.0391
932  2  0  -90.0391
225  2  0  -90.0391
461  1  0  -90.0391
697  1  0  -90.0391
933  2  0  -90.0391
226  2  0  -90.0391
462  1  0  -90.0391
698  1  0  -90.0391
934  2  0  -90.0391
227  2  0  -90.0391
463  1  0  -90.0391
699  1  0  -90.0391
935  2  0  -90.0391
228  2  0  -90.0391
464  1  0  -90.0391
700  1  0  -90.0391
936  2  0  -90.0391
229  2  0  -90.0391
465  1  0  -90.0391
701  1  0  -90.0391
937  2  0  -90.0391
230  2  0  -90.0391
466  1  0  -90.0391
702  1  0  -90.0391
938  2  0  -90.0391
231  2  0  -90.0391
467  1  0  -90.0391
703  1  0  -90.0391
939  2  0  -90.0391
232  2  0  -90.0391
468  1  0  -90.0391
704  1  0  -90.0391
940  2  0  -90.0391
233  2  0  -90.0391
469  1  0  -90.0391
705  1  0  -90.0391
941  2  0  -90.0391
234  2  0  -90.0391
470  1  0  -90.0391
706  1  0  -90.0391
942  2  0  -90.0391
235  2  0  -90.0391
471  1  0  -90.0391
707  1  0  -90.0391
943  2  0  -90.0391
236  2  0  -90.0391
472  1  0  -90.0391
708  1  0  89.9609
944  2  0  89.9609
