1  -9.73800000e-01  -1.64881940e-03
2  -9.59669911e-01  -1.34331016e-03
3  -9.45536636e-01  -1.36794279e-03
4  -9.31406847e-01  -1.68958489e-03
5  -9.17284699e-01  -2.25482852e-03
6  -9.03172160e-01  -3.02462981e-03
7  -8.89071370e-01  -3.98660107e-03
8  -8.74981920e-01  -5.10243048e-03
9  -8.60905890e-01  -6.37614218e-03
10  -8.46842137e-01  -7.77961661e-03
11  -8.32790522e-01  -9.29994157e-03
12  -8.18752210e-01  -1.09386128e-02
13  -8.04725000e-01  -1.26697198e-02
14  -7.86234822e-01  -1.50690492e-02
15  -7.72471017e-01  -1.69398141e-02
16  -7.58716560e-01  -1.88781944e-02
17  -7.44969249e-01  -2.08666680e-02
18  -7.31229192e-01  -2.29046223e-02
19  -7.17495827e-01  -2.49872161e-02
20  -7.03767450e-01  -2.71024712e-02
21  -6.90043700e-01  -2.92475315e-02
22  -6.76325131e-01  -3.14255208e-02
23  -6.62610612e-01  -3.36288840e-02
24  -6.48896754e-01  -3.58363631e-02
25  -6.35185205e-01  -3.80581355e-02
26  -6.21475058e-01  -4.02885417e-02
27  -6.07764935e-01  -4.25190979e-02
28  -5.94053792e-01  -4.47433807e-02
29  -5.80341808e-01  -4.69624681e-02
30  -5.66628874e-01  -4.91756827e-02
31  -5.52912960e-01  -5.13703106e-02
32  -5.39193517e-01  -5.35427753e-02
33  -5.25469962e-01  -5.56891381e-02
34  -5.11741970e-01  -5.78069399e-02
35  -4.98009381e-01  -5.98946444e-02
36  -4.84272145e-01  -6.19515363e-02
37  -4.70529429e-01  -6.39715874e-02
38  -4.56780295e-01  -6.59474608e-02
39  -4.43025583e-01  -6.78839065e-02
40  -4.29264962e-01  -6.97779492e-02
41  -4.15496482e-01  -7.16142043e-02
42  -4.01720296e-01  -7.33915256e-02
43  -3.87938166e-01  -7.51219865e-02
44  -3.74149496e-01  -7.67997597e-02
45  -3.60350924e-01  -7.83941889e-02
46  -3.46545693e-01  -7.99295236e-02
47  -3.32734700e-01  -8.14122554e-02
48  -3.14200000e-01  -8.32924459e-02
49  -3.00428051e-01  -8.46076253e-02
50  -2.86649371e-01  -8.58499257e-02
51  -2.72864987e-01  -8.70262908e-02
52  -2.59074078e-01  -8.81247938e-02
53  -2.45276142e-01  -8.91313298e-02
54  -2.31472940e-01  -9.00617433e-02
55  -2.17665227e-01  -9.09232507e-02
56  -2.03852482e-01  -9.17006505e-02
57  -1.90034188e-01  -9.23703484e-02
58  -1.76212466e-01  -9.29651501e-02
59  -1.62387464e-01  -9.34797618e-02
60  -1.48558900e-01  -9.38880939e-02
61  -1.34728176e-01  -9.42131906e-02
62  -1.20895895e-01  -9.44611389e-02
63  -1.07062221e-01  -9.46215621e-02
64  -9.32277843e-02  -9.46876219e-02
65  -7.93932880e-02  -9.46759943e-02
66  -6.55590157e-02  -9.45918086e-02
67  -5.17253003e-02  -9.44362480e-02
68  -3.78929030e-02  -9.41891442e-02
69  -2.40624279e-02  -9.38548744e-02
70  -1.02344945e-02  -9.34299599e-02
71  3.59039662e-03  -9.29128358e-02
72  1.74114925e-02  -9.23018358e-02
73  3.12277185e-02  -9.15895486e-02
74  4.50386940e-02  -9.07822991e-02
75  5.88435207e-02  -8.98771762e-02
76  7.26411359e-02  -8.88674396e-02
77  8.64303970e-02  -8.77489357e-02
78  1.00210612e-01  -8.65235289e-02
79  1.13979071e-01  -8.51725374e-02
80  1.27734426e-01  -8.36941404e-02
81  1.41476098e-01  -8.20937714e-02
82  1.55200000e-01  -8.03483276e-02
83  1.69126809e-01  -7.84250528e-02
84  1.82509464e-01  -7.64319421e-02
85  1.95868919e-01  -7.42890886e-02
86  2.09725000e-01  -7.18873553e-02
87  2.23073106e-01  -6.93922462e-02
88  2.36385552e-01  -6.67134632e-02
89  2.49654923e-01  -6.38285766e-02
90  2.62870608e-01  -6.07072478e-02
91  2.76022722e-01  -5.73292204e-02
92  2.89099494e-01  -5.36701844e-02
93  3.02080576e-01  -4.96856508e-02
94  3.14932357e-01  -4.53022374e-02
95  3.27619667e-01  -4.04653926e-02
96  3.40062591e-01  -3.50314280e-02
97  3.52133019e-01  -2.88171288e-02
98  3.63540344e-01  -2.14659521e-02
99  3.73505880e-01  -1.22969084e-02
100  3.78800000e-01  0.00000000e+00
101  3.74788617e-01  1.30927709e-02
102  3.66692857e-01  2.42165134e-02
103  3.56887352e-01  3.39000313e-02
104  3.46166961e-01  4.25678136e-02
105  3.34877182e-01  5.04837510e-02
106  3.23220139e-01  5.78485045e-02
107  3.11274857e-01  6.47369842e-02
108  2.99094040e-01  7.12002764e-02
109  2.86713141e-01  7.72719846e-02
110  2.74184314e-01  8.30325550e-02
111  2.61512736e-01  8.84718499e-02
112  2.48710640e-01  9.35974652e-02
113  2.35803366e-01  9.84519899e-02
114  2.22805222e-01  1.03057276e-01
115  2.09725000e-01  1.07424071e-01
116  1.95927803e-01  1.11757603e-01
117  1.82586277e-01  1.15697776e-01
118  1.69182574e-01  1.19421328e-01
119  1.55200000e-01  1.23072983e-01
120  1.41683290e-01  1.26375417e-01
121  1.28117143e-01  1.29469243e-01
122  1.14506277e-01  1.32360556e-01
123  1.00858648e-01  1.35073062e-01
124  8.71701060e-02  1.37570853e-01
125  7.34539101e-02  1.39911377e-01
126  5.97085780e-02  1.42073045e-01
127  4.59372371e-02  1.44062250e-01
128  3.21435101e-02  1.45891206e-01
129  1.83274242e-02  1.47543517e-01
130  4.49196301e-03  1.49025040e-01
131  -9.36067898e-03  1.50334162e-01
132  -2.32274686e-02  1.51481500e-01
133  -3.71066783e-02  1.52469681e-01
134  -5.09971889e-02  1.53287953e-01
135  -6.48965796e-02  1.53935915e-01
136  -7.88018648e-02  1.54434949e-01
137  -9.27115430e-02  1.54793720e-01
138  -1.06624365e-01  1.55015315e-01
139  -1.20538928e-01  1.54988924e-01
140  -1.34450435e-01  1.54734739e-01
141  -1.48356270e-01  1.54256749e-01
142  -1.62251469e-01  1.53523501e-01
143  -1.76131979e-01  1.52552307e-01
144  -1.89999908e-01  1.51418006e-01
145  -2.03855728e-01  1.50143135e-01
146  -2.17694540e-01  1.48692899e-01
147  -2.31517582e-01  1.47100372e-01
148  -2.45329739e-01  1.45416005e-01
149  -2.59130648e-01  1.43641036e-01
150  -2.72914725e-01  1.41739882e-01
151  -2.86687585e-01  1.39759726e-01
152  -3.00450388e-01  1.37710388e-01
153  -3.14200000e-01  1.35574030e-01
154  -3.32760654e-01  1.32581159e-01
155  -3.46594484e-01  1.30273530e-01
156  -3.60420370e-01  1.27918817e-01
157  -3.74237545e-01  1.25513332e-01
158  -3.88044158e-01  1.23047986e-01
159  -4.01843612e-01  1.20542975e-01
160  -4.15636214e-01  1.18000477e-01
161  -4.29419185e-01  1.15406166e-01
162  -4.43193627e-01  1.12767030e-01
163  -4.56962862e-01  1.10100836e-01
164  -4.70727402e-01  1.07410475e-01
165  -4.84484313e-01  1.04681345e-01
166  -4.98237148e-01  1.01931772e-01
167  -5.11984482e-01  9.91548898e-02
168  -5.25725458e-01  9.63466346e-02
169  -5.39463963e-01  9.35263133e-02
170  -5.53195653e-01  9.06730284e-02
171  -5.66924844e-01  8.78077106e-02
172  -5.80652686e-01  8.49359560e-02
173  -5.94375242e-01  8.20390252e-02
174  -6.08092969e-01  7.91193288e-02
175  -6.21810563e-01  7.61989954e-02
176  -6.35526292e-01  7.32699422e-02
177  -6.49238323e-01  7.03235997e-02
178  -6.62949276e-01  6.73722429e-02
179  -6.76656262e-01  6.44025197e-02
180  -6.90364143e-01  6.14369267e-02
181  -7.04071446e-01  5.84686680e-02
182  -7.17777125e-01  5.54929209e-02
183  -7.31480945e-01  5.25086190e-02
184  -7.45183869e-01  4.95202058e-02
185  -7.58888412e-01  4.65392343e-02
186  -7.72595445e-01  4.35697313e-02
187  -7.86301119e-01  4.05939529e-02
188  -8.04725000e-01  3.66082997e-02
189  -8.18791185e-01  3.35826149e-02
190  -8.32859743e-01  3.05679872e-02
191  -8.46931151e-01  2.75666856e-02
192  -8.61004399e-01  2.45740353e-02
193  -8.75083507e-01  2.16090912e-02
194  -8.89166405e-01  1.86621777e-02
195  -9.03253424e-01  1.57350341e-02
196  -9.17348194e-01  1.28454693e-02
197  -9.31451054e-01  9.99563415e-03
198  -9.45560384e-01  7.17801629e-03
199  -9.59678889e-01  4.40674182e-03
200  -3.00448992e-01  1.23815512e-01
201  -3.00447596e-01  1.09920636e-01
202  -3.00446200e-01  9.60257607e-02
203  -3.00444804e-01  8.21308848e-02
204  -3.00443408e-01  6.82360090e-02
205  -3.00442012e-01  5.43411331e-02
206  -3.00440616e-01  4.04462573e-02
207  -3.00439220e-01  2.65513815e-02
208  -3.00437824e-01  1.26565056e-02
209  -3.00436428e-01  -1.23837022e-03
210  -3.00435031e-01  -1.51332461e-02
211  -3.00433635e-01  -2.90281219e-02
212  -3.00432239e-01  -4.29229977e-02
213  -3.00430843e-01  -5.68178736e-02
214  -3.00429447e-01  -7.07127494e-02
215  1.41668490e-01  1.11484761e-01
216  1.41653691e-01  9.65941045e-02
217  1.41638891e-01  8.17034482e-02
218  1.41624092e-01  6.68127918e-02
219  1.41609293e-01  5.19221355e-02
220  1.41594493e-01  3.70314792e-02
221  1.41579694e-01  2.21408229e-02
222  1.41564894e-01  7.25016656e-03
223  1.41550095e-01  -7.64048976e-03
224  1.41535295e-01  -2.25311461e-02
225  1.41520496e-01  -3.74218024e-02
226  1.41505697e-01  -5.23124587e-02
227  1.41490897e-01  -6.72031150e-02
2455  -9.71235835e-01  -1.09326226e-03
2456  -9.59674880e-01  -8.43334848e-04
2457  -9.45530511e-01  -8.67980312e-04
2458  -9.31391159e-01  -1.18983107e-03
2459  -9.17261083e-01  -1.75538652e-03
2460  -9.03141527e-01  -2.52556907e-03
2461  -8.89034617e-01  -3.48795372e-03
2462  -8.74939652e-01  -4.60422025e-03
2463  -8.60858534e-01  -5.87838978e-03
2464  -8.46790419e-01  -7.28229851e-03
2465  -8.32734644e-01  -8.80307371e-03
2466  -8.18692604e-01  -1.04421784e-02
2467  -8.04662208e-01  -1.21736782e-02
2468  -7.86168981e-01  -1.45734032e-02
2469  -7.72402459e-01  -1.64445365e-02
2470  -7.58645884e-01  -1.83832147e-02
2471  -7.44896781e-01  -2.03719475e-02
2472  -7.31155030e-01  -2.24101529e-02
2473  -7.17420274e-01  -2.44929574e-02
2474  -7.03690773e-01  -2.66083856e-02
2475  -6.89965893e-01  -2.87536225e-02
2476  -6.76246275e-01  -3.09317782e-02
2477  -6.62531225e-01  -3.31352265e-02
2478  -6.48817036e-01  -3.53427590e-02
2479  -6.35105074e-01  -3.75645982e-02
2480  -6.21394769e-01  -3.97950301e-02
2481  -6.07684757e-01  -4.20255684e-02
2482  -5.93973820e-01  -4.42498177e-02
2483  -5.80262035e-01  -4.64688728e-02
2484  -5.66549541e-01  -4.86820165e-02
2485  -5.52834361e-01  -5.08765271e-02
2486  -5.39115786e-01  -5.30488543e-02
2487  -5.25393215e-01  -5.51950633e-02
2488  -5.11666279e-01  -5.73127022e-02
2489  -4.97934786e-01  -5.94002401e-02
2490  -4.84198768e-01  -6.14569498e-02
2491  -4.70457510e-01  -6.34767868e-02
2492  -4.56709881e-01  -6.54524438e-02
2493  -4.42956641e-01  -6.73886823e-02
2494  -4.29197824e-01  -6.92824773e-02
2495  -4.15431444e-01  -7.11184522e-02
2496  -4.01657162e-01  -7.28955275e-02
2497  -3.87876824e-01  -7.46257636e-02
2498  -3.74090602e-01  -7.63032403e-02
2499  -3.60294594e-01  -7.78973721e-02
2500  -3.46491373e-01  -7.94324830e-02
2501  -3.32682783e-01  -8.09149581e-02
2502  -3.14151003e-01  -8.27948524e-02
2503  -2.99813096e-01  -8.41625609e-02
2504  -2.86605664e-01  -8.53518397e-02
2505  -2.72823878e-01  -8.65279836e-02
2506  -2.59036038e-01  -8.76262429e-02
2507  -2.45241140e-01  -8.86325565e-02
2508  -2.31440559e-01  -8.95627930e-02
2509  -2.17635611e-01  -9.04241286e-02
2510  -2.03826332e-01  -9.12013348e-02
2511  -1.90011337e-01  -9.18708708e-02
2512  -1.76192418e-01  -9.24655522e-02
2513  -1.62370786e-01  -9.29800400e-02
2514  -1.48545646e-01  -9.33882696e-02
2515  -1.34717821e-01  -9.37132978e-02
2516  -1.20888515e-01  -9.39611934e-02
2517  -1.07058128e-01  -9.41215789e-02
2518  -9.32268007e-02  -9.41876229e-02
2519  -7.93950194e-02  -9.41759973e-02
2520  -6.55633481e-02  -9.40918274e-02
2521  -5.17325767e-02  -9.39363009e-02
2522  -3.79034089e-02  -9.36892546e-02
2523  -2.40761470e-02  -9.33550626e-02
2524  -1.02515179e-02  -9.29302498e-02
2525  3.57001055e-03  -9.24132516e-02
2526  1.73875797e-02  -9.18024080e-02
2527  3.12002593e-02  -9.10903032e-02
2528  4.50077499e-02  -9.02832576e-02
2529  5.88089175e-02  -8.93783750e-02
2530  7.26026768e-02  -8.83689209e-02
2531  8.63880406e-02  -8.72507330e-02
2532  1.00164054e-01  -8.60257012e-02
2533  1.13927942e-01  -8.46751585e-02
2534  1.27678790e-01  -8.31972454e-02
2535  1.42091673e-01  -8.15150867e-02
2536  1.55134257e-01  -7.98526685e-02
2537  1.69055781e-01  -7.79301235e-02
2538  1.82433042e-01  -7.59378169e-02
2539  1.95786627e-01  -7.37959071e-02
2540  2.09636365e-01  -7.13952741e-02
2541  2.22977850e-01  -6.89014037e-02
2542  2.36283120e-01  -6.62240680e-02
2543  2.49544342e-01  -6.33409580e-02
2544  2.62750945e-01  -6.02217781e-02
2545  2.75893157e-01  -5.68462992e-02
2546  2.88958758e-01  -5.31903996e-02
2547  3.01926495e-01  -4.92099839e-02
2548  3.14762570e-01  -4.48319476e-02
2549  3.27430504e-01  -4.00025563e-02
2550  3.39847995e-01  -3.45798212e-02
2551  3.51882868e-01  -2.83842031e-02
2552  3.63234528e-01  -2.10703808e-02
2553  3.73098005e-01  -1.20077066e-02
2554  3.78300746e-01  2.72963078e-05
2555  3.74335079e-01  1.28662454e-02
2556  3.66313805e-01  2.38904463e-02
2557  3.56554092e-01  3.35272876e-02
2558  3.45866077e-01  4.21684781e-02
2559  3.34600048e-01  5.00675821e-02
2560  3.22961667e-01  5.74204946e-02
2561  3.11032751e-01  6.42995088e-02
2562  2.98866754e-01  7.07549213e-02
2563  2.86498610e-01  7.68203470e-02
2564  2.73981250e-01  8.25756471e-02
2565  2.61321187e-01  8.80099959e-02
2566  2.48529700e-01  9.31313530e-02
2567  2.35631860e-01  9.79823245e-02
2568  2.22642558e-01  1.02584475e-01
2569  2.09570914e-01  1.06948406e-01
2570  1.95782075e-01  1.11279311e-01
2571  1.82448547e-01  1.15217120e-01
2572  1.69052483e-01  1.18938548e-01
2573  1.55077490e-01  1.22588224e-01
2574  1.42297635e-01  1.25716569e-01
2575  1.28009606e-01  1.28980944e-01
2576  1.14405592e-01  1.31870798e-01
2577  1.00765033e-01  1.34581904e-01
2578  8.70831753e-02  1.37078468e-01
2579  7.33730173e-02  1.39417964e-01
2580  5.96339971e-02  1.41578639e-01
2581  4.58686348e-02  1.43566979e-01
2582  3.20809613e-02  1.45395134e-01
2583  1.82711181e-02  1.47046697e-01
2584  4.44182276e-03  1.48527560e-01
2585  -9.40481534e-03  1.49836114e-01
2586  -2.32658385e-02  1.50982974e-01
2587  -3.71391353e-02  1.51970736e-01
2588  -5.10235329e-02  1.52788647e-01
2589  -6.49171880e-02  1.53436340e-01
2590  -7.88172773e-02  1.53935187e-01
2591  -9.27219706e-02  1.54293829e-01
2592  -1.06627872e-01  1.54515327e-01
2593  -1.20533887e-01  1.54488949e-01
2594  -1.34437279e-01  1.54234912e-01
2595  -1.48334507e-01  1.53757223e-01
2596  -1.62220844e-01  1.53024440e-01
2597  -1.76094149e-01  1.52053740e-01
2598  -1.89956622e-01  1.50919883e-01
2599  -2.03806765e-01  1.49645538e-01
2600  -2.17639870e-01  1.48195897e-01
2601  -2.31458706e-01  1.46603850e-01
2602  -2.45267585e-01  1.44919883e-01
2603  -2.59064599e-01  1.43145418e-01
2604  -2.72844990e-01  1.41244769e-01
2605  -2.86615187e-01  1.39264995e-01
2606  -2.99835347e-01  1.37298206e-01
2607  -3.14121818e-01  1.35080180e-01
2608  -3.32679721e-01  1.32087753e-01
2609  -3.46511376e-01  1.29780485e-01
2610  -3.60335518e-01  1.27426070e-01
2611  -3.74150721e-01  1.25020928e-01
2612  -3.87955560e-01  1.22555898e-01
2613  -4.01753638e-01  1.20051137e-01
2614  -4.15544649e-01  1.17508933e-01
2615  -4.29325897e-01  1.14914946e-01
2616  -4.43099058e-01  1.12276055e-01
2617  -4.56867380e-01  1.09610038e-01
2618  -4.70630798e-01  1.06919896e-01
2619  -4.84386653e-01  1.04190975e-01
2620  -4.98138637e-01  1.01441572e-01
2621  -5.11884925e-01  9.86649016e-02
2622  -5.25625127e-01  9.58568044e-02
2623  -5.39362829e-01  9.30366482e-02
2624  -5.53093717e-01  9.01835296e-02
2625  -5.66822579e-01  8.73182805e-02
2626  -5.80549857e-01  8.44466440e-02
2627  -5.94271559e-01  8.15498935e-02
2628  -6.07988869e-01  7.86302857e-02
2629  -6.21706296e-01  7.57099879e-02
2630  -6.35421561e-01  7.27810338e-02
2631  -6.49133195e-01  6.98347766e-02
2632  -6.62843731e-01  6.68835096e-02
2633  -6.76550463e-01  6.39138413e-02
2634  -6.90258370e-01  6.09482426e-02
2635  -7.03965492e-01  5.79800231e-02
2636  -7.17670885e-01  5.50043381e-02
2637  -7.31374480e-01  5.20200854e-02
2638  -7.45077463e-01  4.90316592e-02
2639  -7.58782343e-01  4.60506145e-02
2640  -7.72489469e-01  4.30810914e-02
2641  -7.86195215e-01  4.01052973e-02
2642  -8.04619567e-01  3.61195423e-02
2643  -8.18686230e-01  3.30937545e-02
2644  -8.32755212e-01  3.00790360e-02
2645  -8.46827002e-01  2.70776529e-02
2646  -8.60900882e-01  2.40848685e-02
2647  -8.74980784e-01  2.11197569e-02
2648  -8.89064339e-01  1.81727060e-02
2649  -9.03152355e-01  1.52453557e-02
2650  -9.17248468e-01  1.23555155e-02
2651  -9.31352578e-01  9.50542758e-03
2652  -9.45463273e-01  6.68753749e-03
2653  -9.59531384e-01  3.92899482e-03
2654  -2.99833992e-01  1.23815574e-01
2655  -2.99832596e-01  1.09920698e-01
2656  -2.99831200e-01  9.60258225e-02
2657  -2.99829804e-01  8.21309466e-02
2658  -2.99828408e-01  6.82360708e-02
2659  -2.99827012e-01  5.43411949e-02
2660  -2.99825616e-01  4.04463191e-02
2661  -2.99824220e-01  2.65514433e-02
2662  -2.99822824e-01  1.26565674e-02
2663  -2.99821428e-01  -1.23830841e-03
2664  -2.99820031e-01  -1.51331843e-02
2665  -2.99818635e-01  -2.90280601e-02
2666  -2.99817239e-01  -4.29229359e-02
2667  -2.99815843e-01  -5.68178118e-02
2668  -2.99814447e-01  -7.07126876e-02
2669  1.42283490e-01  1.11484150e-01
2670  1.42268691e-01  9.65934933e-02
2671  1.42253891e-01  8.17028370e-02
2672  1.42239092e-01  6.68121806e-02
2673  1.42224293e-01  5.19215243e-02
2674  1.42209493e-01  3.70308680e-02
2675  1.42194694e-01  2.21402117e-02
2676  1.42179894e-01  7.24955533e-03
2677  1.42165095e-01  -7.64110099e-03
2678  1.42150295e-01  -2.25317573e-02
2679  1.42135496e-01  -3.74224136e-02
2680  1.42120697e-01  -5.23130699e-02
2681  1.42105897e-01  -6.72037262e-02
4909  -9.67497282e-01  -2.83259944e-04
4910  -9.59682124e-01  -1.14370843e-04
4911  -9.45521580e-01  -1.39035020e-04
4912  -9.31368285e-01  -4.61190008e-04
4913  -9.17226652e-01  -1.02720010e-03
4914  -9.03096864e-01  -1.79793852e-03
4915  -8.88981030e-01  -2.76092588e-03
4916  -8.74878026e-01  -3.87782974e-03
4917  -8.60789490e-01  -5.15266679e-03
4918  -8.46715015e-01  -6.55720872e-03
4919  -8.32653174e-01  -8.07864037e-03
4920  -8.18605698e-01  -9.71837702e-03
4921  -8.04570658e-01  -1.14504497e-02
4922  -7.86072984e-01  -1.38507514e-02
4923  -7.72302503e-01  -1.57224218e-02
4924  -7.58542839e-01  -1.76615343e-02
4925  -7.44791122e-01  -1.96506450e-02
4926  -7.31046902e-01  -2.16892165e-02
4927  -7.17310117e-01  -2.37723281e-02
4928  -7.03578977e-01  -2.58880088e-02
4929  -6.89852451e-01  -2.80335031e-02
4930  -6.76131303e-01  -3.02119015e-02
4931  -6.62415480e-01  -3.24154738e-02
4932  -6.48700807e-01  -3.46230841e-02
4933  -6.34988244e-01  -3.68450208e-02
4934  -6.21277708e-01  -3.90754901e-02
4935  -6.07567856e-01  -4.13060023e-02
4936  -5.93857221e-01  -4.35302028e-02
4937  -5.80145726e-01  -4.57492109e-02
4938  -5.66433874e-01  -4.79622511e-02
4939  -5.52719763e-01  -5.01565907e-02
4940  -5.39002455e-01  -5.23287175e-02
4941  -5.25281319e-01  -5.44747022e-02
4942  -5.11555921e-01  -5.65921037e-02
4943  -4.97826027e-01  -5.86793986e-02
4944  -4.84091784e-01  -6.07358427e-02
4945  -4.70352652e-01  -6.27553675e-02
4946  -4.56607217e-01  -6.47307090e-02
4947  -4.42856125e-01  -6.66666453e-02
4948  -4.29099936e-01  -6.85600792e-02
4949  -4.15336620e-01  -7.03956457e-02
4950  -4.01565114e-01  -7.21723622e-02
4951  -3.87787388e-01  -7.39022706e-02
4952  -3.74004736e-01  -7.55793149e-02
4953  -3.60212465e-01  -7.71730132e-02
4954  -3.46412175e-01  -7.87077977e-02
4955  -3.32607087e-01  -8.01898987e-02
4956  -3.14079565e-01  -8.20693611e-02
4957  -2.99240164e-01  -8.34836111e-02
4958  -2.86541939e-01  -8.46256303e-02
4959  -2.72763942e-01  -8.58014517e-02
4960  -2.58980577e-01  -8.68993557e-02
4961  -2.45190107e-01  -8.79053449e-02
4962  -2.31393347e-01  -8.88353234e-02
4963  -2.17592430e-01  -8.96964086e-02
4964  -2.03788205e-01  -9.04733325e-02
4965  -1.89978021e-01  -9.11426325e-02
4966  -1.76163188e-01  -9.17371384e-02
4967  -1.62346469e-01  -9.22514457e-02
4968  -1.48526323e-01  -9.26595257e-02
4969  -1.34702722e-01  -9.29844542e-02
4970  -1.20877756e-01  -9.32322728e-02
4971  -1.07052161e-01  -9.33926033e-02
4972  -9.32253665e-02  -9.34586243e-02
4973  -7.93975438e-02  -9.34470017e-02
4974  -6.55696647e-02  -9.33628547e-02
4975  -5.17431858e-02  -9.32073781e-02
4976  -3.79187264e-02  -9.29604155e-02
4977  -2.40961495e-02  -9.26263371e-02
4978  -1.02763381e-02  -9.22016724e-02
4979  3.54028767e-03  -9.16848577e-02
4980  1.73527148e-02  -9.10742421e-02
4981  3.11602237e-02  -9.03624034e-02
4982  4.49626335e-02  -8.95556550e-02
4983  5.87584659e-02  -8.86511229e-02
4984  7.25466033e-02  -8.76420806e-02
4985  8.63262851e-02  -8.65243534e-02
4986  1.00096173e-01  -8.52998685e-02
4987  1.13853395e-01  -8.39499800e-02
4988  1.27597673e-01  -8.24727725e-02
4989  1.42665473e-01  -8.07107982e-02
4990  1.55038405e-01  -7.91299976e-02
4991  1.68952222e-01  -7.72085166e-02
4992  1.82321619e-01  -7.52173824e-02
4993  1.95666644e-01  -7.30768485e-02
4994  2.09507136e-01  -7.06778198e-02
4995  2.22838968e-01  -6.81857553e-02
4996  2.36133774e-01  -6.55105298e-02
4997  2.49383115e-01  -6.26300102e-02
4998  2.62576477e-01  -5.95139633e-02
4999  2.75704251e-01  -5.61422001e-02
5000  2.88753566e-01  -5.24908733e-02
5001  3.01701845e-01  -4.85164615e-02
5002  3.14515021e-01  -4.41462652e-02
5003  3.27154705e-01  -3.93277410e-02
5004  3.39535115e-01  -3.39213785e-02
5005  3.51518149e-01  -2.77529974e-02
5006  3.62788648e-01  -2.04936379e-02
5007  3.72503322e-01  -1.15860505e-02
5008  3.77572833e-01  6.70943245e-05
5009  3.73673821e-01  1.25359712e-02
5010  3.65761148e-01  2.34150404e-02
5011  3.56068199e-01  3.29838272e-02
5012  3.45427388e-01  4.15862470e-02
5013  3.34195986e-01  4.94608077e-02
5014  3.22584816e-01  5.67964562e-02
5015  3.10679760e-01  6.36616698e-02
5016  2.98535372e-01  7.01055935e-02
5017  2.86185824e-01  7.61618593e-02
5018  2.73685182e-01  8.19094754e-02
5019  2.61041909e-01  8.73366128e-02
5020  2.48265888e-01  9.24517615e-02
5021  2.35381803e-01  9.72975524e-02
5022  2.22405394e-01  1.01895132e-01
5023  2.09346256e-01  1.06254886e-01
5024  1.95569602e-01  1.10581961e-01
5025  1.82247737e-01  1.14516323e-01
5026  1.68862811e-01  1.18234655e-01
5027  1.54898871e-01  1.21881445e-01
5028  1.42869757e-01  1.24832394e-01
5029  1.27852817e-01  1.28269004e-01
5030  1.14258794e-01  1.31156732e-01
5031  1.00628542e-01  1.33865796e-01
5032  8.69564303e-02  1.36360571e-01
5033  7.32550756e-02  1.38698568e-01
5034  5.95252582e-02  1.40857794e-01
5035  4.57686127e-02  1.42844873e-01
5036  3.19897652e-02  1.44671860e-01
5037  1.81890239e-02  1.46322335e-01
5038  4.36871828e-03  1.47802235e-01
5039  -9.46916616e-03  1.49109960e-01
5040  -2.33217818e-02  1.50256124e-01
5041  -3.71864576e-02  1.51243273e-01
5042  -5.10619426e-02  1.52060660e-01
5043  -6.49472351e-02  1.52707959e-01
5044  -7.88397488e-02  1.53206533e-01
5045  -9.27371739e-02  1.53564987e-01
5046  -1.06632986e-01  1.53786345e-01
5047  -1.20526536e-01  1.53759986e-01
5048  -1.34418098e-01  1.53506164e-01
5049  -1.48302776e-01  1.53028914e-01
5050  -1.62176194e-01  1.52296808e-01
5051  -1.76038992e-01  1.51326830e-01
5052  -1.89893510e-01  1.50193620e-01
5053  -2.03735378e-01  1.48920042e-01
5054  -2.17560162e-01  1.47471267e-01
5055  -2.31372865e-01  1.45879922e-01
5056  -2.45176965e-01  1.44196537e-01
5057  -2.58968300e-01  1.42422806e-01
5058  -2.72743316e-01  1.40522894e-01
5059  -2.86509632e-01  1.38543678e-01
5060  -2.99262281e-01  1.36648003e-01
5061  -3.14007829e-01  1.34360147e-01
5062  -3.32561722e-01  1.31368366e-01
5063  -3.46390205e-01  1.29061626e-01
5064  -3.60211803e-01  1.26707644e-01
5065  -3.74024131e-01  1.24303003e-01
5066  -3.87826383e-01  1.21838434e-01
5067  -4.01622457e-01  1.19334037e-01
5068  -4.15411146e-01  1.16792261e-01
5069  -4.29189883e-01  1.14198747e-01
5070  -4.42961176e-01  1.11560213e-01
5071  -4.56728166e-01  1.08894453e-01
5072  -4.70489949e-01  1.06204632e-01
5073  -4.84244266e-01  1.03476016e-01
5074  -4.97995008e-01  1.00726861e-01
5075  -5.11739771e-01  9.79504988e-02
5076  -5.25478844e-01  9.51426319e-02
5077  -5.39215376e-01  9.23227164e-02
5078  -5.52945095e-01  8.94698403e-02
5079  -5.66673476e-01  8.66046913e-02
5080  -5.80399933e-01  8.37332270e-02
5081  -5.94120389e-01  8.08367396e-02
5082  -6.07837090e-01  7.79172609e-02
5083  -6.21554274e-01  7.49970149e-02
5084  -6.35268864e-01  7.20682052e-02
5085  -6.48979918e-01  6.91220725e-02
5086  -6.62689846e-01  6.61709365e-02
5087  -6.76396208e-01  6.32013481e-02
5088  -6.90104154e-01  6.02357412e-02
5089  -7.03811012e-01  5.72675789e-02
5090  -7.17515988e-01  5.42919844e-02
5091  -7.31219253e-01  5.13078034e-02
5092  -7.44922323e-01  4.83193584e-02
5093  -7.58627694e-01  4.53382067e-02
5094  -7.72334955e-01  4.23686543e-02
5095  -7.86040807e-01  3.93928374e-02
5096  -8.04465845e-01  3.54069340e-02
5097  -8.18533207e-01  3.23809959e-02
5098  -8.32602806e-01  2.93661451e-02
5099  -8.46675153e-01  2.63646432e-02
5100  -8.60749953e-01  2.33716633e-02
5101  -8.74831015e-01  2.04063075e-02
5102  -8.88915527e-01  1.74590562e-02
5103  -9.03004995e-01  1.45314045e-02
5104  -9.17103067e-01  1.16411629e-02
5105  -9.31209000e-01  8.79070639e-03
5106  -9.45321685e-01  5.97241940e-03
5107  -9.59316321e-01  3.23243969e-03
5108  -2.99260992e-01  1.23815631e-01
5109  -2.99259596e-01  1.09920755e-01
5110  -2.99258200e-01  9.60258801e-02
5111  -2.99256804e-01  8.21310042e-02
5112  -2.99255408e-01  6.82361284e-02
5113  -2.99254012e-01  5.43412525e-02
5114  -2.99252616e-01  4.04463767e-02
5115  -2.99251220e-01  2.65515009e-02
5116  -2.99249824e-01  1.26566250e-02
5117  -2.99248428e-01  -1.23825082e-03
5118  -2.99247031e-01  -1.51331267e-02
5119  -2.99245635e-01  -2.90280025e-02
5120  -2.99244239e-01  -4.29228783e-02
5121  -2.99242843e-01  -5.68177542e-02
5122  -2.99241447e-01  -7.07126300e-02
5123  1.42856489e-01  1.11483580e-01
5124  1.42841690e-01  9.65929238e-02
5125  1.42826890e-01  8.17022675e-02
5126  1.42812091e-01  6.68116111e-02
5127  1.42797292e-01  5.19209548e-02
5128  1.42782492e-01  3.70302985e-02
5129  1.42767693e-01  2.21396422e-02
5130  1.42752893e-01  7.24898583e-03
5131  1.42738094e-01  -7.64167049e-03
5132  1.42723294e-01  -2.25323268e-02
5133  1.42708495e-01  -3.74229831e-02
5134  1.42693696e-01  -5.23136394e-02
5135  1.42678896e-01  -6.72042957e-02
7363  -9.61620215e-01  9.90077027e-04
7364  -9.59693512e-01  1.03157257e-03
7365  -9.45507540e-01  1.00687898e-03
7366  -9.31332328e-01  6.84245741e-04
7367  -9.17172525e-01  1.17520957e-04
7368  -9.03026653e-01  -6.54091315e-04
7369  -8.88896791e-01  -1.61802615e-03
7370  -8.74781148e-01  -2.73593190e-03
7371  -8.60680951e-01  -4.01181829e-03
7372  -8.46596479e-01  -5.41735563e-03
7373  -8.32525102e-01  -6.93981924e-03
7374  -8.18469081e-01  -8.58054935e-03
7375  -8.04426740e-01  -1.03135224e-02
7376  -7.85922075e-01  -1.27147309e-02
7377  -7.72145369e-01  -1.45872457e-02
7378  -7.58380849e-01  -1.65270408e-02
7379  -7.44625026e-01  -1.85167456e-02
7380  -7.30876922e-01  -2.05558926e-02
7381  -7.17136949e-01  -2.26394871e-02
7382  -7.03403232e-01  -2.47555647e-02
7383  -6.89674119e-01  -2.69014636e-02
7384  -6.75950566e-01  -2.90802435e-02
7385  -6.62233526e-01  -3.12840107e-02
7386  -6.48518094e-01  -3.34917434e-02
7387  -6.34804585e-01  -3.57138332e-02
7388  -6.21093687e-01  -3.79443614e-02
7389  -6.07384087e-01  -4.01748325e-02
7390  -5.93673925e-01  -4.23989563e-02
7391  -5.79962887e-01  -4.46178905e-02
7392  -5.66252044e-01  -4.68307682e-02
7393  -5.52539614e-01  -4.90248389e-02
7394  -5.38824297e-01  -5.11966505e-02
7395  -5.25105415e-01  -5.33422826e-02
7396  -5.11382438e-01  -5.54593110e-02
7397  -4.97655056e-01  -5.75462240e-02
7398  -4.83923603e-01  -5.96022505e-02
7399  -4.70187814e-01  -6.16212844e-02
7400  -4.56445827e-01  -6.35961301e-02
7401  -4.42698110e-01  -6.55315913e-02
7402  -4.28946055e-01  -6.74244575e-02
7403  -4.15187554e-01  -6.92593820e-02
7404  -4.01420412e-01  -7.10355344e-02
7405  -3.87646792e-01  -7.27649277e-02
7406  -3.73869751e-01  -7.44412924e-02
7407  -3.60083357e-01  -7.60343091e-02
7408  -3.46287675e-01  -7.75685806e-02
7409  -3.32488092e-01  -7.90500934e-02
7410  -3.13254647e-01  -7.36918773e-02
7411  -2.98668008e-01  -7.50825318e-02
7412  -2.85806085e-01  -7.62398540e-02
7413  -2.72071837e-01  -7.74119514e-02
7414  -2.58340142e-01  -7.85057530e-02
7415  -2.44600811e-01  -7.95079969e-02
7416  -2.30848174e-01  -8.04349954e-02
7417  -2.17093811e-01  -8.12931888e-02
7418  -2.03347939e-01  -8.20668535e-02
7419  -1.89593310e-01  -8.27334280e-02
7420  -1.75825660e-01  -8.33259079e-02
7421  -1.62065672e-01  -8.38381302e-02
7422  -1.48303185e-01  -8.42444836e-02
7423  -1.34528379e-01  -8.45682598e-02
7424  -1.20753513e-01  -8.48151897e-02
7425  -1.06983256e-01  -8.49748853e-02
7426  -9.32088062e-02  -8.50406406e-02
7427  -7.94266941e-02  -8.50290521e-02
7428  -6.56426049e-02  -8.49451707e-02
7429  -5.18656920e-02  -8.47902696e-02
7430  -3.80956034e-02  -8.45442740e-02
7431  -2.43271248e-02  -8.42115065e-02
7432  -1.05629447e-02  -8.37885529e-02
7433  3.19706783e-03  -8.32738576e-02
7434  1.69501184e-02  -8.26658749e-02
7435  3.06979200e-02  -8.19571074e-02
7436  4.44416593e-02  -8.11537915e-02
7437  5.81758857e-02  -8.02533063e-02
7438  7.18991052e-02  -7.92490198e-02
7439  8.56131734e-02  -7.81366126e-02
7440  9.93123281e-02  -7.69184420e-02
7441  1.12992579e-01  -7.55761088e-02
7442  1.26660986e-01  -7.41070483e-02
7443  1.43246972e-01  -7.21597305e-02
7444  1.53931561e-01  -7.07850817e-02
7445  1.68789426e-01  -7.60741386e-02
7446  1.82146460e-01  -7.40848475e-02
7447  1.95478030e-01  -7.19464766e-02
7448  2.09303985e-01  -6.95499697e-02
7449  2.22620642e-01  -6.70607443e-02
7450  2.35898999e-01  -6.43888360e-02
7451  2.49129664e-01  -6.15123885e-02
7452  2.62302210e-01  -5.84012667e-02
7453  2.75407288e-01  -5.50353446e-02
7454  2.88431000e-01  -5.13912065e-02
7455  3.01348691e-01  -4.74262330e-02
7456  3.14125870e-01  -4.30683610e-02
7457  3.26721143e-01  -3.82669203e-02
7458  3.39043262e-01  -3.28862957e-02
7459  3.50944804e-01  -2.67607316e-02
7460  3.62087718e-01  -1.95869886e-02
7461  3.71568472e-01  -1.09232000e-02
7462  3.76428542e-01  1.29657462e-04
7463  3.72634312e-01  1.20167747e-02
7464  3.64892361e-01  2.26676946e-02
7465  3.55304368e-01  3.21294986e-02
7466  3.44737762e-01  4.06709700e-02
7467  3.33560794e-01  4.85069485e-02
7468  3.21992399e-01  5.58154576e-02
7469  3.10124854e-01  6.26589762e-02
7470  2.98014433e-01  6.90848396e-02
7471  2.85694120e-01  7.51267059e-02
7472  2.73219758e-01  8.08622425e-02
7473  2.60602880e-01  8.62780434e-02
7474  2.47851173e-01  9.13834324e-02
7475  2.34988711e-01  9.62210794e-02
7476  2.22032569e-01  1.00811473e-01
7477  2.08993089e-01  1.05164661e-01
7478  1.95235593e-01  1.09485716e-01
7479  1.81932060e-01  1.13414659e-01
7480  1.68564644e-01  1.17128123e-01
7481  1.54618078e-01  1.20770377e-01
7482  1.43434028e-01  1.16049544e-01
7483  1.26042322e-01  1.20048005e-01
7484  1.12563666e-01  1.22911171e-01
7485  9.90524377e-02  1.25596659e-01
7486  8.54928646e-02  1.28070776e-01
7487  7.18931648e-02  1.30391467e-01
7488  5.82696142e-02  1.32533968e-01
7489  4.46136248e-02  1.34506484e-01
7490  3.09366939e-02  1.36319989e-01
7491  1.72410549e-02  1.37957881e-01
7492  3.52455706e-03  1.39426669e-01
7493  -1.02122459e-02  1.40724821e-01
7494  -2.39677775e-02  1.41862948e-01
7495  -3.77329039e-02  1.42843028e-01
7496  -5.15054709e-02  1.43654353e-01
7497  -6.52941981e-02  1.44297113e-01
7498  -7.90992341e-02  1.44792533e-01
7499  -9.29127322e-02  1.45148818e-01
7500  -1.06692035e-01  1.45368552e-01
7501  -1.20441658e-01  1.45342414e-01
7502  -1.34196607e-01  1.45091079e-01
7503  -1.47936368e-01  1.44618892e-01
7504  -1.61660597e-01  1.43894613e-01
7505  -1.75402082e-01  1.42932959e-01
7506  -1.89164739e-01  1.41807226e-01
7507  -2.02911042e-01  1.40542501e-01
7508  -2.16639746e-01  1.39103737e-01
7509  -2.30381630e-01  1.37520486e-01
7510  -2.44130547e-01  1.35843829e-01
7511  -2.57856303e-01  1.34078575e-01
7512  -2.71569255e-01  1.32187169e-01
7513  -2.85290746e-01  1.30214389e-01
7514  -2.98688435e-01  1.28220442e-01
7515  -3.13828637e-01  1.33228243e-01
7516  -3.32376224e-01  1.30237478e-01
7517  -3.46199721e-01  1.27931568e-01
7518  -3.60017322e-01  1.25578266e-01
7519  -3.73825130e-01  1.23174414e-01
7520  -3.87623316e-01  1.20710569e-01
7521  -4.01416237e-01  1.18206744e-01
7522  -4.15201278e-01  1.15665642e-01
7523  -4.28976067e-01  1.13072870e-01
7524  -4.42744423e-01  1.10434898e-01
7525  -4.56509321e-01  1.07769543e-01
7526  -4.70268532e-01  1.05080225e-01
7527  -4.84020430e-01  1.02352088e-01
7528  -4.97769221e-01  9.96033241e-02
7529  -5.11511587e-01  9.68274459e-02
7530  -5.25248885e-01  9.40199409e-02
7531  -5.38983577e-01  9.12004039e-02
7532  -5.52711458e-01  8.83479091e-02
7533  -5.66439085e-01  8.54829175e-02
7534  -5.80164250e-01  8.26117238e-02
7535  -5.93882747e-01  7.97156498e-02
7536  -6.07598492e-01  7.67963742e-02
7537  -6.21315294e-01  7.38762096e-02
7538  -6.35028821e-01  7.09476271e-02
7539  -6.48738964e-01  6.80016899e-02
7540  -6.62447937e-01  6.50507598e-02
7541  -6.76153718e-01  6.20812972e-02
7542  -6.89861723e-01  5.91156773e-02
7543  -7.03568166e-01  5.61476049e-02
7544  -7.17272486e-01  5.31721527e-02
7545  -7.30975234e-01  5.01880843e-02
7546  -7.44678440e-01  4.71996097e-02
7547  -7.58384584e-01  4.42182900e-02
7548  -7.72092057e-01  4.12486916e-02
7549  -7.85798074e-01  3.82728387e-02
7550  -8.04224192e-01  3.42867019e-02
7551  -8.18292651e-01  3.12605278e-02
7552  -8.32363221e-01  2.82454689e-02
7553  -8.46436443e-01  2.52437803e-02
7554  -8.60512692e-01  2.22504930e-02
7555  -8.74595575e-01  1.92847532e-02
7556  -8.88681592e-01  1.63371870e-02
7557  -9.02773344e-01  1.34090615e-02
7558  -9.16874495e-01  1.05181889e-02
7559  -9.30983293e-01  7.66715293e-03
7560  -9.45099107e-01  4.84824199e-03
7561  -9.58978239e-01  2.13744356e-03
7562  -2.98687992e-01  1.23815689e-01
7563  -2.98686596e-01  1.09920813e-01
7564  -2.98685200e-01  9.60259376e-02
7565  -2.98683804e-01  8.21310617e-02
7566  -2.98682408e-01  6.82361859e-02
7567  -2.98681012e-01  5.43413100e-02
7568  -2.98679616e-01  4.04464342e-02
7569  -2.98678220e-01  2.65515584e-02
7570  -2.98676824e-01  1.26566825e-02
7571  -2.98675428e-01  -1.23819323e-03
7572  -2.98674031e-01  -1.51330691e-02
7573  -2.98672635e-01  -2.90279450e-02
7574  -2.98671239e-01  -4.29228208e-02
7575  -2.98669843e-01  -5.68176967e-02
7576  -2.98668447e-01  -7.07125725e-02
7577  1.43429489e-01  1.11483011e-01
7578  1.43414690e-01  9.65923543e-02
7579  1.43399890e-01  8.17016980e-02
7580  1.43385091e-01  6.68110416e-02
7581  1.43370292e-01  5.19203853e-02
7582  1.43355492e-01  3.70297290e-02
7583  1.43340693e-01  2.21390727e-02
7584  1.43325893e-01  7.24841634e-03
7585  1.43311094e-01  -7.64223998e-03
7586  1.43296294e-01  -2.25328963e-02
7587  1.43281495e-01  -3.74235526e-02
7588  1.43266696e-01  -5.23142089e-02
7589  1.43251896e-01  -6.72048652e-02
9817  -9.57881662e-01  1.80007934e-03
9818  -9.59700756e-01  1.76053658e-03
9819  -9.45498609e-01  1.73582427e-03
9820  -9.31309454e-01  1.41288681e-03
9821  -9.17138094e-01  8.45707385e-04
9822  -9.02981990e-01  7.35392376e-05
9823  -8.88843204e-01  -8.90998315e-04
9824  -8.74719521e-01  -2.00954139e-03
9825  -8.60611907e-01  -3.28609530e-03
9826  -8.46521074e-01  -4.69226584e-03
9827  -8.32443633e-01  -6.21538590e-03
9828  -8.18382176e-01  -7.85674798e-03
9829  -8.04335190e-01  -9.59029384e-03
9830  -7.85826079e-01  -1.19920791e-02
9831  -7.72045412e-01  -1.38651310e-02
9832  -7.58277804e-01  -1.58053604e-02
9833  -7.44519367e-01  -1.77954431e-02
9834  -7.30768794e-01  -1.98349562e-02
9835  -7.17026792e-01  -2.19188578e-02
9836  -7.03291436e-01  -2.40351879e-02
9837  -6.89560677e-01  -2.61813442e-02
9838  -6.75835594e-01  -2.83603668e-02
9839  -6.62117780e-01  -3.05642580e-02
9840  -6.48401865e-01  -3.27720686e-02
9841  -6.34687754e-01  -3.49942558e-02
9842  -6.20976626e-01  -3.72248215e-02
9843  -6.07267187e-01  -3.94552665e-02
9844  -5.93557326e-01  -4.16793414e-02
9845  -5.79846578e-01  -4.38982286e-02
9846  -5.66136377e-01  -4.61110028e-02
9847  -5.52425016e-01  -4.83049025e-02
9848  -5.38710966e-01  -5.04765137e-02
9849  -5.24993518e-01  -5.26219215e-02
9850  -5.11272080e-01  -5.47387125e-02
9851  -4.97546296e-01  -5.68253825e-02
9852  -4.83816620e-01  -5.88811434e-02
9853  -4.70082956e-01  -6.08998651e-02
9854  -4.56343163e-01  -6.28743953e-02
9855  -4.42597594e-01  -6.48095544e-02
9856  -4.28848167e-01  -6.67020594e-02
9857  -4.15092729e-01  -6.85365754e-02
9858  -4.01328363e-01  -7.03123691e-02
9859  -3.87557356e-01  -7.20414347e-02
9860  -3.73783885e-01  -7.37173671e-02
9861  -3.60001228e-01  -7.53099501e-02
9862  -3.46208477e-01  -7.68438954e-02
9863  -3.32412396e-01  -7.83250340e-02
9864  -3.13183209e-01  -7.29663861e-02
9865  -2.98053076e-01  -7.44074807e-02
9866  -2.85742360e-01  -7.55136446e-02
9867  -2.72011900e-01  -7.66854195e-02
9868  -2.58284680e-01  -7.77788658e-02
9869  -2.44549778e-01  -7.87807853e-02
9870  -2.30800962e-01  -7.97075258e-02
9871  -2.17050630e-01  -8.05654688e-02
9872  -2.03309812e-01  -8.13388512e-02
9873  -1.89559994e-01  -8.20051897e-02
9874  -1.75796431e-01  -8.25974941e-02
9875  -1.62041355e-01  -8.31095359e-02
9876  -1.48283861e-01  -8.35157398e-02
9877  -1.34513281e-01  -8.38394162e-02
9878  -1.20742754e-01  -8.40862691e-02
9879  -1.06977289e-01  -8.42459097e-02
9880  -9.32073721e-02  -8.43116420e-02
9881  -7.94292185e-02  -8.43000565e-02
9882  -6.56489215e-02  -8.42161981e-02
9883  -5.18763010e-02  -8.40613468e-02
9884  -3.81109210e-02  -8.38154349e-02
9885  -2.43471273e-02  -8.34827810e-02
9886  -1.05877648e-02  -8.30599755e-02
9887  3.16734495e-03  -8.25454637e-02
9888  1.69152535e-02  -8.19377091e-02
9889  3.06578845e-02  -8.12292076e-02
9890  4.43965428e-02  -8.04261889e-02
9891  5.81254341e-02  -7.95260542e-02
9892  7.18430318e-02  -7.85221795e-02
9893  8.55514179e-02  -7.74102331e-02
9894  9.92444470e-02  -7.61926092e-02
9895  1.12918032e-01  -7.48509303e-02
9896  1.26579869e-01  -7.33825754e-02
9897  1.43862776e-01  -7.13503249e-02
9898  1.53835708e-01  -7.00624108e-02
9899  1.68685867e-01  -7.53525316e-02
9900  1.82035037e-01  -7.33644130e-02
9901  1.95358048e-01  -7.12274180e-02
9902  2.09174756e-01  -6.88325153e-02
9903  2.22481759e-01  -6.63450959e-02
9904  2.35749653e-01  -6.36752979e-02
9905  2.48968437e-01  -6.08014406e-02
9906  2.62127742e-01  -5.76934518e-02
9907  2.75218382e-01  -5.43312455e-02
9908  2.88225807e-01  -5.06916803e-02
9909  3.01124040e-01  -4.67327106e-02
9910  3.13878321e-01  -4.23826786e-02
9911  3.26445344e-01  -3.75921050e-02
9912  3.38730381e-01  -3.22278530e-02
9913  3.50580084e-01  -2.61295259e-02
9914  3.61641839e-01  -1.90102457e-02
9915  3.70973790e-01  -1.05015438e-02
9916  3.75700629e-01  1.69455479e-04
9917  3.71973054e-01  1.16865005e-02
9918  3.64339704e-01  2.21922887e-02
9919  3.54818475e-01  3.15860383e-02
9920  3.44299073e-01  4.00887389e-02
9921  3.33156732e-01  4.79001742e-02
9922  3.21615548e-01  5.51914192e-02
9923  3.09771863e-01  6.20211372e-02
9924  2.97683050e-01  6.84355118e-02
9925  2.85381334e-01  7.44682182e-02
9926  2.72923690e-01  8.01960708e-02
9927  2.60323602e-01  8.56046603e-02
9928  2.47587362e-01  9.07038408e-02
9929  2.34738654e-01  9.55363073e-02
9930  2.21795405e-01  1.00122129e-01
9931  2.08768431e-01  1.04471142e-01
9932  1.95023121e-01  1.08788366e-01
9933  1.81731250e-01  1.12713862e-01
9934  1.68374972e-01  1.16424230e-01
9935  1.54439459e-01  1.20063599e-01
9936  1.44048140e-01  1.15155451e-01
9937  1.25885533e-01  1.19336065e-01
9938  1.12416868e-01  1.22197105e-01
9939  9.89159469e-02  1.24880551e-01
9940  8.53661196e-02  1.27352878e-01
9941  7.17752231e-02  1.29672071e-01
9942  5.81608752e-02  1.31813123e-01
9943  4.45136027e-02  1.33784379e-01
9944  3.08454978e-02  1.35596715e-01
9945  1.71589606e-02  1.37233519e-01
9946  3.45145258e-03  1.38701343e-01
9947  -1.02765968e-02  1.39998666e-01
9948  -2.40237208e-02  1.41136097e-01
9949  -3.77802263e-02  1.42115565e-01
9950  -5.15438805e-02  1.42926365e-01
9951  -6.53242452e-02  1.43568732e-01
9952  -7.91217055e-02  1.44063880e-01
9953  -9.29279356e-02  1.44419977e-01
9954  -1.06697149e-01  1.44639570e-01
9955  -1.20434308e-01  1.44613451e-01
9956  -1.34177425e-01  1.44362331e-01
9957  -1.47904638e-01  1.43890583e-01
9958  -1.61615946e-01  1.43166982e-01
9959  -1.75346926e-01  1.42206048e-01
9960  -1.89101627e-01  1.41080963e-01
9961  -2.02839654e-01  1.39817005e-01
9962  -2.16560038e-01  1.38379108e-01
9963  -2.30295788e-01  1.36796557e-01
9964  -2.44039927e-01  1.35120484e-01
9965  -2.57760004e-01  1.33355964e-01
9966  -2.71467581e-01  1.31465294e-01
9967  -2.85185191e-01  1.29493072e-01
9968  -2.98073370e-01  1.27576629e-01
9969  -3.13714648e-01  1.32508210e-01
9970  -3.32258225e-01  1.29518092e-01
9971  -3.46078550e-01  1.27212709e-01
9972  -3.59893607e-01  1.24859841e-01
9973  -3.73698540e-01  1.22456489e-01
9974  -3.87494140e-01  1.19993105e-01
9975  -4.01285056e-01  1.17489644e-01
9976  -4.15067776e-01  1.14948970e-01
9977  -4.28840053e-01  1.12356671e-01
9978  -4.42606541e-01  1.09719056e-01
9979  -4.56370108e-01  1.07053959e-01
9980  -4.70127683e-01  1.04364961e-01
9981  -4.83878042e-01  1.01637129e-01
9982  -4.97625592e-01  9.88886131e-02
9983  -5.11366433e-01  9.61130432e-02
9984  -5.25102602e-01  9.33057685e-02
9985  -5.38836124e-01  9.04864722e-02
9986  -5.52562835e-01  8.76342198e-02
9987  -5.66289982e-01  8.47693284e-02
9988  -5.80014326e-01  8.18983069e-02
9989  -5.93731577e-01  7.90024958e-02
9990  -6.07446714e-01  7.60833494e-02
9991  -6.21163273e-01  7.31632367e-02
9992  -6.34876123e-01  7.02347986e-02
9993  -6.48585686e-01  6.72889858e-02
9994  -6.62294052e-01  6.43381866e-02
9995  -6.75999463e-01  6.13688040e-02
9996  -6.89707506e-01  5.84031759e-02
9997  -7.03413685e-01  5.54351607e-02
9998  -7.17117589e-01  5.24597991e-02
9999  -7.30820007e-01  4.94758023e-02
10000  -7.44523300e-01  4.64873088e-02
10001  -7.58229935e-01  4.35058823e-02
10002  -7.71937543e-01  4.05362546e-02
10003  -7.85643666e-01  3.75603788e-02
10004  -8.04070470e-01  3.35740936e-02
10005  -8.18139627e-01  3.05477692e-02
10006  -8.32210815e-01  2.75325781e-02
10007  -8.46284594e-01  2.45307706e-02
10008  -8.60361763e-01  2.15372878e-02
10009  -8.74445805e-01  1.85713038e-02
10010  -8.88532781e-01  1.56235372e-02
10011  -9.02625985e-01  1.26951103e-02
10012  -9.16729094e-01  9.80383629e-03
10013  -9.30839715e-01  6.95243175e-03
10014  -9.44957519e-01  4.13312389e-03
10015  -9.58763176e-01  1.44088842e-03
10016  -2.98072992e-01  1.23815751e-01
10017  -2.98071596e-01  1.09920875e-01
10018  -2.98070200e-01  9.60259994e-02
10019  -2.98068804e-01  8.21311235e-02
10020  -2.98067408e-01  6.82362477e-02
10021  -2.98066012e-01  5.43413718e-02
10022  -2.98064616e-01  4.04464960e-02
10023  -2.98063220e-01  2.65516202e-02
10024  -2.98061824e-01  1.26567443e-02
10025  -2.98060428e-01  -1.23813142e-03
10026  -2.98059031e-01  -1.51330073e-02
10027  -2.98057635e-01  -2.90278832e-02
10028  -2.98056239e-01  -4.29227590e-02
10029  -2.98054843e-01  -5.68176349e-02
10030  -2.98053447e-01  -7.07125107e-02
10031  1.44044489e-01  1.11482400e-01
10032  1.44029690e-01  9.65917430e-02
10033  1.44014890e-01  8.17010867e-02
10034  1.44000091e-01  6.68104304e-02
10035  1.43985292e-01  5.19197740e-02
10036  1.43970492e-01  3.70291177e-02
10037  1.43955693e-01  2.21384614e-02
10038  1.43940893e-01  7.24780511e-03
10039  1.43926094e-01  -7.64285121e-03
10040  1.43911294e-01  -2.25335076e-02
10041  1.43896495e-01  -3.74241638e-02
10042  1.43881696e-01  -5.23148202e-02
10043  1.43866896e-01  -6.72054765e-02
