MATERIALS: 
	 1     BALSA                          
	 2     BIAXIAL                        
	 3     FICT_WEBS                      
	 4     PAINT                          
	 5     REINFORCEMENT                  
	 6     TRIAXIAL                       
	 7     UNIDIRECTIONAL                 
ELEMENT_1: 
	 Elements ID: 
	 	 1	 	 309	 	 617
	 	 2	 	 310	 	 618
	 	 3	 	 311	 	 619
	 	 4	 	 312	 	 620
	 	 5	 	 313	 	 621
	 	 6	 	 314	 	 622
	 	 7	 	 315	 	 623
	 	 8	 	 316	 	 624
	 	 9	 	 317	 	 625
	 	 10	 	 318	 	 626
	 	 11	 	 319	 	 627
	 	 12	 	 320	 	 628
	 	 13	 	 321	 	 629
	 	 14	 	 322	 	 630
	 	 15	 	 323	 	 631
	 	 16	 	 324	 	 632
	 	 17	 	 325	 	 633
	 	 18	 	 326	 	 634
	 	 19	 	 327	 	 635
	 	 20	 	 328	 	 636
	 	 21	 	 329	 	 637
	 	 22	 	 330	 	 638
	 	 23	 	 331	 	 639
	 Materials ID: 
	 	 4	 	 6	 	 6
	 	 4	 	 6	 	 6
	 	 4	 	 6	 	 6
	 	 4	 	 6	 	 6
	 	 4	 	 6	 	 6
	 	 4	 	 6	 	 6
	 	 4	 	 6	 	 6
	 	 4	 	 6	 	 6
	 	 4	 	 6	 	 6
	 	 4	 	 6	 	 6
	 	 4	 	 6	 	 6
	 	 4	 	 6	 	 6
	 	 4	 	 6	 	 6
	 	 4	 	 6	 	 6
	 	 4	 	 6	 	 6
	 	 4	 	 6	 	 6
	 	 4	 	 6	 	 6
	 	 4	 	 6	 	 6
	 	 4	 	 6	 	 6
	 	 4	 	 6	 	 6
	 	 4	 	 6	 	 6
	 	 4	 	 6	 	 6
	 	 4	 	 6	 	 6
ELEMENT_2: 
	 Elements ID: 
	 	 24	 	 332	 	 640
	 	 25	 	 333	 	 641
	 	 26	 	 334	 	 642
	 	 27	 	 335	 	 643
	 	 28	 	 336	 	 644
	 	 29	 	 337	 	 645
	 	 30	 	 338	 	 646
	 	 31	 	 339	 	 647
	 	 32	 	 340	 	 648
	 	 33	 	 341	 	 649
	 Materials ID: 
	 	 4	 	 6	 	 6
	 	 4	 	 6	 	 6
	 	 4	 	 6	 	 6
	 	 4	 	 6	 	 6
	 	 4	 	 6	 	 6
	 	 4	 	 6	 	 6
	 	 4	 	 6	 	 6
	 	 4	 	 6	 	 6
	 	 4	 	 6	 	 6
	 	 4	 	 6	 	 6
ELEMENT_3: 
	 Elements ID: 
	 	 34	 	 342	 	 650
	 	 35	 	 343	 	 651
	 	 36	 	 344	 	 652
	 	 37	 	 345	 	 653
	 	 38	 	 346	 	 654
	 	 39	 	 347	 	 655
	 	 40	 	 348	 	 656
	 	 41	 	 349	 	 657
	 	 42	 	 350	 	 658
	 	 43	 	 351	 	 659
	 	 44	 	 352	 	 660
	 	 45	 	 353	 	 661
	 	 46	 	 354	 	 662
	 	 47	 	 355	 	 663
	 	 48	 	 356	 	 664
	 	 49	 	 357	 	 665
	 	 50	 	 358	 	 666
	 	 51	 	 359	 	 667
	 	 52	 	 360	 	 668
	 	 53	 	 361	 	 669
	 	 54	 	 362	 	 670
	 	 55	 	 363	 	 671
	 	 56	 	 364	 	 672
	 	 57	 	 365	 	 673
	 	 58	 	 366	 	 674
	 	 59	 	 367	 	 675
	 	 60	 	 368	 	 676
	 	 61	 	 369	 	 677
	 	 62	 	 370	 	 678
	 	 63	 	 371	 	 679
	 	 64	 	 372	 	 680
	 	 65	 	 373	 	 681
	 	 66	 	 374	 	 682
	 Materials ID: 
	 	 4	 	 6	 	 6
	 	 4	 	 6	 	 6
	 	 4	 	 6	 	 6
	 	 4	 	 6	 	 6
	 	 4	 	 6	 	 6
	 	 4	 	 6	 	 6
	 	 4	 	 6	 	 6
	 	 4	 	 6	 	 6
	 	 4	 	 6	 	 6
	 	 4	 	 6	 	 6
	 	 4	 	 6	 	 6
	 	 4	 	 6	 	 6
	 	 4	 	 6	 	 6
	 	 4	 	 6	 	 6
	 	 4	 	 6	 	 6
	 	 4	 	 6	 	 6
	 	 4	 	 6	 	 6
	 	 4	 	 6	 	 6
	 	 4	 	 6	 	 6
	 	 4	 	 6	 	 6
	 	 4	 	 6	 	 6
	 	 4	 	 6	 	 6
	 	 4	 	 6	 	 6
	 	 4	 	 6	 	 6
	 	 4	 	 6	 	 6
	 	 4	 	 6	 	 6
	 	 4	 	 6	 	 6
	 	 4	 	 6	 	 6
	 	 4	 	 6	 	 6
	 	 4	 	 6	 	 6
	 	 4	 	 6	 	 6
	 	 4	 	 6	 	 6
	 	 4	 	 6	 	 6
ELEMENT_4: 
	 Elements ID: 
	 	 67	 	 375	 	 683
	 	 68	 	 376	 	 684
	 	 69	 	 377	 	 685
	 	 70	 	 378	 	 686
	 	 71	 	 379	 	 687
	 	 72	 	 380	 	 688
	 	 73	 	 381	 	 689
	 	 74	 	 382	 	 690
	 	 75	 	 383	 	 691
	 Materials ID: 
	 	 4	 	 6	 	 6
	 	 4	 	 6	 	 6
	 	 4	 	 6	 	 6
	 	 4	 	 6	 	 6
	 	 4	 	 6	 	 6
	 	 4	 	 6	 	 6
	 	 4	 	 6	 	 6
	 	 4	 	 6	 	 6
	 	 4	 	 6	 	 6
ELEMENT_5: 
	 Elements ID: 
	 	 76	 	 384	 	 692
	 	 77	 	 385	 	 693
	 	 78	 	 386	 	 694
	 	 79	 	 387	 	 695
	 	 80	 	 388	 	 696
	 	 81	 	 389	 	 697
	 	 82	 	 390	 	 698
	 	 83	 	 391	 	 699
	 	 84	 	 392	 	 700
	 	 85	 	 393	 	 701
	 	 86	 	 394	 	 702
	 	 87	 	 395	 	 703
	 	 88	 	 396	 	 704
	 	 89	 	 397	 	 705
	 	 90	 	 398	 	 706
	 	 91	 	 399	 	 707
	 	 92	 	 400	 	 708
	 	 93	 	 401	 	 709
	 	 94	 	 402	 	 710
	 	 95	 	 403	 	 711
	 	 96	 	 404	 	 712
	 	 97	 	 405	 	 713
	 	 98	 	 406	 	 714
	 	 99	 	 407	 	 715
	 Materials ID: 
	 	 4	 	 6	 	 6
	 	 4	 	 6	 	 6
	 	 4	 	 6	 	 6
	 	 4	 	 6	 	 6
	 	 4	 	 6	 	 6
	 	 4	 	 6	 	 6
	 	 4	 	 6	 	 6
	 	 4	 	 6	 	 6
	 	 4	 	 6	 	 6
	 	 4	 	 6	 	 6
	 	 4	 	 6	 	 6
	 	 4	 	 6	 	 6
	 	 4	 	 6	 	 6
	 	 4	 	 6	 	 6
	 	 4	 	 6	 	 6
	 	 4	 	 6	 	 6
	 	 4	 	 6	 	 6
	 	 4	 	 6	 	 6
	 	 4	 	 6	 	 6
	 	 4	 	 6	 	 6
	 	 4	 	 6	 	 6
	 	 4	 	 6	 	 6
	 	 4	 	 6	 	 6
	 	 4	 	 6	 	 6
ELEMENT_6: 
	 Elements ID: 
	 	 100	 	 408	 	 716
	 	 101	 	 409	 	 717
	 	 102	 	 410	 	 718
	 	 103	 	 411	 	 719
	 	 104	 	 412	 	 720
	 	 105	 	 413	 	 721
	 	 106	 	 414	 	 722
	 	 107	 	 415	 	 723
	 	 108	 	 416	 	 724
	 	 109	 	 417	 	 725
	 	 110	 	 418	 	 726
	 	 111	 	 419	 	 727
	 	 112	 	 420	 	 728
	 	 113	 	 421	 	 729
	 	 114	 	 422	 	 730
	 	 115	 	 423	 	 731
	 	 116	 	 424	 	 732
	 	 117	 	 425	 	 733
	 	 118	 	 426	 	 734
	 	 119	 	 427	 	 735
	 	 120	 	 428	 	 736
	 	 121	 	 429	 	 737
	 	 122	 	 430	 	 738
	 Materials ID: 
	 	 4	 	 6	 	 6
	 	 4	 	 6	 	 6
	 	 4	 	 6	 	 6
	 	 4	 	 6	 	 6
	 	 4	 	 6	 	 6
	 	 4	 	 6	 	 6
	 	 4	 	 6	 	 6
	 	 4	 	 6	 	 6
	 	 4	 	 6	 	 6
	 	 4	 	 6	 	 6
	 	 4	 	 6	 	 6
	 	 4	 	 6	 	 6
	 	 4	 	 6	 	 6
	 	 4	 	 6	 	 6
	 	 4	 	 6	 	 6
	 	 4	 	 6	 	 6
	 	 4	 	 6	 	 6
	 	 4	 	 6	 	 6
	 	 4	 	 6	 	 6
	 	 4	 	 6	 	 6
	 	 4	 	 6	 	 6
	 	 4	 	 6	 	 6
	 	 4	 	 6	 	 6
ELEMENT_7: 
	 Elements ID: 
	 	 123	 	 431	 	 739
	 	 124	 	 432	 	 740
	 	 125	 	 433	 	 741
	 	 126	 	 434	 	 742
	 	 127	 	 435	 	 743
	 	 128	 	 436	 	 744
	 	 129	 	 437	 	 745
	 	 130	 	 438	 	 746
	 	 131	 	 439	 	 747
	 	 132	 	 440	 	 748
	 Materials ID: 
	 	 4	 	 6	 	 6
	 	 4	 	 6	 	 6
	 	 4	 	 6	 	 6
	 	 4	 	 6	 	 6
	 	 4	 	 6	 	 6
	 	 4	 	 6	 	 6
	 	 4	 	 6	 	 6
	 	 4	 	 6	 	 6
	 	 4	 	 6	 	 6
	 	 4	 	 6	 	 6
ELEMENT_8: 
	 Elements ID: 
	 	 133	 	 441	 	 749
	 	 134	 	 442	 	 750
	 	 135	 	 443	 	 751
	 	 136	 	 444	 	 752
	 	 137	 	 445	 	 753
	 	 138	 	 446	 	 754
	 	 139	 	 447	 	 755
	 	 140	 	 448	 	 756
	 	 141	 	 449	 	 757
	 	 142	 	 450	 	 758
	 	 143	 	 451	 	 759
	 	 144	 	 452	 	 760
	 	 145	 	 453	 	 761
	 	 146	 	 454	 	 762
	 	 147	 	 455	 	 763
	 	 148	 	 456	 	 764
	 	 149	 	 457	 	 765
	 	 150	 	 458	 	 766
	 	 151	 	 459	 	 767
	 	 152	 	 460	 	 768
	 	 153	 	 461	 	 769
	 	 154	 	 462	 	 770
	 	 155	 	 463	 	 771
	 	 156	 	 464	 	 772
	 	 157	 	 465	 	 773
	 	 158	 	 466	 	 774
	 	 159	 	 467	 	 775
	 	 160	 	 468	 	 776
	 	 161	 	 469	 	 777
	 	 162	 	 470	 	 778
	 	 163	 	 471	 	 779
	 	 164	 	 472	 	 780
	 	 165	 	 473	 	 781
	 Materials ID: 
	 	 4	 	 6	 	 6
	 	 4	 	 6	 	 6
	 	 4	 	 6	 	 6
	 	 4	 	 6	 	 6
	 	 4	 	 6	 	 6
	 	 4	 	 6	 	 6
	 	 4	 	 6	 	 6
	 	 4	 	 6	 	 6
	 	 4	 	 6	 	 6
	 	 4	 	 6	 	 6
	 	 4	 	 6	 	 6
	 	 4	 	 6	 	 6
	 	 4	 	 6	 	 6
	 	 4	 	 6	 	 6
	 	 4	 	 6	 	 6
	 	 4	 	 6	 	 6
	 	 4	 	 6	 	 6
	 	 4	 	 6	 	 6
	 	 4	 	 6	 	 6
	 	 4	 	 6	 	 6
	 	 4	 	 6	 	 6
	 	 4	 	 6	 	 6
	 	 4	 	 6	 	 6
	 	 4	 	 6	 	 6
	 	 4	 	 6	 	 6
	 	 4	 	 6	 	 6
	 	 4	 	 6	 	 6
	 	 4	 	 6	 	 6
	 	 4	 	 6	 	 6
	 	 4	 	 6	 	 6
	 	 4	 	 6	 	 6
	 	 4	 	 6	 	 6
	 	 4	 	 6	 	 6
ELEMENT_9: 
	 Elements ID: 
	 	 166	 	 474	 	 782
	 	 167	 	 475	 	 783
	 	 168	 	 476	 	 784
	 	 169	 	 477	 	 785
	 	 170	 	 478	 	 786
	 	 171	 	 479	 	 787
	 	 172	 	 480	 	 788
	 	 173	 	 481	 	 789
	 	 174	 	 482	 	 790
	 	 175	 	 483	 	 791
	 Materials ID: 
	 	 4	 	 6	 	 6
	 	 4	 	 6	 	 6
	 	 4	 	 6	 	 6
	 	 4	 	 6	 	 6
	 	 4	 	 6	 	 6
	 	 4	 	 6	 	 6
	 	 4	 	 6	 	 6
	 	 4	 	 6	 	 6
	 	 4	 	 6	 	 6
	 	 4	 	 6	 	 6
ELEMENT_10: 
	 Elements ID: 
	 	 176	 	 484	 	 792
	 	 177	 	 485	 	 793
	 	 178	 	 486	 	 794
	 	 179	 	 487	 	 795
	 	 180	 	 488	 	 796
	 	 181	 	 489	 	 797
	 	 182	 	 490	 	 798
	 	 183	 	 491	 	 799
	 	 184	 	 492	 	 800
	 	 185	 	 493	 	 801
	 	 186	 	 494	 	 802
	 	 187	 	 495	 	 803
	 	 188	 	 496	 	 804
	 	 189	 	 497	 	 805
	 	 190	 	 498	 	 806
	 	 191	 	 499	 	 807
	 	 192	 	 500	 	 808
	 	 193	 	 501	 	 809
	 	 194	 	 502	 	 810
	 	 195	 	 503	 	 811
	 	 196	 	 504	 	 812
	 	 197	 	 505	 	 813
	 	 198	 	 506	 	 814
	 Materials ID: 
	 	 4	 	 6	 	 6
	 	 4	 	 6	 	 6
	 	 4	 	 6	 	 6
	 	 4	 	 6	 	 6
	 	 4	 	 6	 	 6
	 	 4	 	 6	 	 6
	 	 4	 	 6	 	 6
	 	 4	 	 6	 	 6
	 	 4	 	 6	 	 6
	 	 4	 	 6	 	 6
	 	 4	 	 6	 	 6
	 	 4	 	 6	 	 6
	 	 4	 	 6	 	 6
	 	 4	 	 6	 	 6
	 	 4	 	 6	 	 6
	 	 4	 	 6	 	 6
	 	 4	 	 6	 	 6
	 	 4	 	 6	 	 6
	 	 4	 	 6	 	 6
	 	 4	 	 6	 	 6
	 	 4	 	 6	 	 6
	 	 4	 	 6	 	 6
	 	 4	 	 6	 	 6
