10240  1.16296875e+00  1.98887294e-01
1  -2.54810000e+00  -1.79347059e-02
2  -2.50778810e+00  -3.06209763e-02
3  -2.46401012e+00  -3.37330663e-02
4  -2.42024014e+00  -3.69707534e-02
5  -2.37655149e+00  -4.11844367e-02
6  -2.33301158e+00  -4.67262734e-02
7  -2.28964273e+00  -5.34729628e-02
8  -2.24635818e+00  -6.07417120e-02
9  -2.20335143e+00  -6.95099595e-02
10  -2.16042578e+00  -7.86666694e-02
11  -2.11781397e+00  -8.91779687e-02
12  -2.07543750e+00  -1.00608562e-01
13  -2.01710973e+00  -1.17627299e-01
14  -1.97567713e+00  -1.31042849e-01
15  -1.93448756e+00  -1.45190651e-01
16  -1.89346503e+00  -1.59815713e-01
17  -1.85280397e+00  -1.75417442e-01
18  -1.81230396e+00  -1.91433050e-01
19  -1.77200034e+00  -2.07936301e-01
20  -1.73188302e+00  -2.24887467e-01
21  -1.69206938e+00  -2.42538821e-01
22  -1.65242459e+00  -2.60567176e-01
23  -1.61291392e+00  -2.78887780e-01
24  -1.57352642e+00  -2.97471926e-01
25  -1.53425004e+00  -3.16290012e-01
26  -1.49504655e+00  -3.35259573e-01
27  -1.45598910e+00  -3.54528007e-01
28  -1.41702396e+00  -3.73982203e-01
29  -1.37810817e+00  -3.93535191e-01
30  -1.33920730e+00  -4.13117869e-01
31  -1.30030312e+00  -4.32693976e-01
32  -1.26138811e+00  -4.52248519e-01
33  -1.22248310e+00  -4.71822958e-01
34  -1.18357595e+00  -4.91393116e-01
35  -1.14460871e+00  -5.10843354e-01
36  -1.10557179e+00  -5.30153331e-01
37  -1.06640609e+00  -5.49199635e-01
38  -1.02710094e+00  -5.67957333e-01
39  -9.87656394e-01  -5.86420441e-01
40  -9.48048569e-01  -6.04529874e-01
41  -9.08283286e-01  -6.22289931e-01
42  -8.68329013e-01  -6.39621542e-01
43  -8.28101152e-01  -6.56308650e-01
44  -7.87591615e-01  -6.72296295e-01
45  -7.46838556e-01  -6.87649842e-01
46  -7.05828789e-01  -7.02307071e-01
47  -6.64514501e-01  -7.16085961e-01
48  -6.22921701e-01  -7.28997546e-01
49  -5.81103015e-01  -7.41152092e-01
50  -5.39056201e-01  -7.52488589e-01
51  -4.96741498e-01  -7.62792468e-01
52  -4.54212632e-01  -7.72174695e-01
53  -4.11482211e-01  -7.80582903e-01
54  -3.52000000e-01  -7.90574192e-01
55  -3.08021875e-01  -7.96643292e-01
56  -2.63918325e-01  -8.01716448e-01
57  -2.19703636e-01  -8.05719233e-01
58  -1.75396565e-01  -8.08561751e-01
59  -1.31032789e-01  -8.10315915e-01
60  -8.66420886e-02  -8.11068450e-01
61  -4.22464353e-02  -8.10899489e-01
62  2.12907630e-03  -8.09628099e-01
63  4.64706065e-02  -8.07408171e-01
64  9.07674148e-02  -8.04437782e-01
65  1.34988932e-01  -8.00494753e-01
66  1.79106671e-01  -7.95512406e-01
67  2.23104759e-01  -7.89562570e-01
68  2.67000000e-01  -7.82897979e-01
69  3.13490410e-01  -7.74639463e-01
70  3.55036477e-01  -7.66085174e-01
71  3.96406495e-01  -7.56715045e-01
72  4.37599438e-01  -7.46596046e-01
73  4.78591423e-01  -7.35692653e-01
74  5.19290266e-01  -7.23750334e-01
75  5.59648598e-01  -7.10699381e-01
76  5.99683733e-01  -6.96686552e-01
77  6.39374227e-01  -6.81726296e-01
78  6.78658734e-01  -6.65731939e-01
79  7.17509758e-01  -6.48710251e-01
80  7.60537500e-01  -6.28089263e-01
81  7.99171974e-01  -6.07853689e-01
82  8.37179567e-01  -5.86462523e-01
83  8.74336890e-01  -5.63625119e-01
84  9.10542066e-01  -5.39308298e-01
85  9.45793680e-01  -5.13635375e-01
86  9.79805551e-01  -4.86344999e-01
87  1.01271969e+00  -4.57730667e-01
88  1.04415638e+00  -4.27510622e-01
89  1.07381538e+00  -3.95533687e-01
90  1.10196230e+00  -3.62230384e-01
91  1.12799430e+00  -3.27248902e-01
92  1.15156019e+00  -2.90558164e-01
93  1.17250188e+00  -2.52315632e-01
94  1.19062754e+00  -2.12654368e-01
95  1.20605264e+00  -1.71869588e-01
96  1.21707048e+00  -1.29680299e-01
97  1.22499372e+00  -8.68009103e-02
98  1.22998550e+00  -4.34974693e-02
99  1.23320000e+00  0.00000000e+00
100  1.23004254e+00  4.28053997e-02
101  1.22565575e+00  8.54883180e-02
102  1.21963663e+00  1.27983694e-01
103  1.21085844e+00  1.69977851e-01
104  1.19830775e+00  2.11008554e-01
105  1.18302938e+00  2.51111474e-01
106  1.16487864e+00  2.89998106e-01
107  1.14438835e+00  3.27698999e-01
108  1.12159713e+00  3.64060286e-01
109  1.09653641e+00  3.98895579e-01
110  1.06953185e+00  4.32245278e-01
111  1.04073346e+00  4.64062175e-01
112  1.01018792e+00  4.94204823e-01
113  9.77975357e-01  5.22559627e-01
114  9.44406696e-01  5.49293067e-01
115  9.09677537e-01  5.74505284e-01
116  8.73881169e-01  5.98181190e-01
117  8.36960296e-01  6.20065395e-01
118  7.99100826e-01  6.40280273e-01
119  7.60537500e-01  6.59116251e-01
120  7.17526267e-01  6.78079376e-01
121  6.78692521e-01  6.93507850e-01
122  6.39398543e-01  7.07723840e-01
123  5.99662277e-01  7.20648998e-01
124  5.59514213e-01  7.32231363e-01
125  5.19036863e-01  7.42612629e-01
126  4.78297226e-01  7.51911653e-01
10261  5.10238510e-01  7.06303421e-01
128  3.96147712e-01  7.67237851e-01
129  3.54796778e-01  7.73270162e-01
130  3.13314686e-01  7.78333624e-01
131  2.67000000e-01  7.83023902e-01
132  2.22784934e-01  7.86596033e-01
10262  4.70467952e-01  7.15381226e-01
134  1.34165042e-01  7.90713587e-01
135  8.98112636e-02  7.91367226e-01
136  4.54530575e-02  7.91216714e-01
137  1.10422348e-03  7.90316986e-01
138  -4.32224076e-02  7.88654793e-01
10263  4.30473262e-01  7.23398948e-01
140  -1.31754830e-01  7.82991776e-01
141  -1.75939073e-01  7.79049440e-01
142  -2.20059328e-01  7.74446646e-01
143  -2.64122172e-01  7.69327114e-01
144  -3.08104996e-01  7.63570086e-01
10264  3.90271172e-01  7.30342921e-01
146  -4.11228409e-01  7.47596432e-01
147  -4.53816497e-01  7.40199643e-01
148  -4.96323257e-01  7.32348255e-01
149  -5.38684973e-01  7.23749764e-01
150  -5.80937346e-01  7.14630881e-01
10265  3.49836572e-01  7.36240904e-01
152  -6.65188781e-01  6.95256090e-01
153  -7.07179589e-01  6.84996856e-01
154  -7.49051361e-01  6.74263200e-01
155  -7.90842126e-01  6.63218354e-01
156  -8.32561589e-01  6.51906951e-01
10266  3.09169022e-01  7.41204349e-01
158  -9.15693728e-01  6.28184942e-01
159  -9.57124585e-01  6.15857630e-01
160  -9.98480931e-01  6.03283630e-01
161  -1.03975979e+00  5.90456472e-01
162  -1.08098415e+00  5.77454977e-01
10267  2.63682550e-01  7.46576568e-01
164  -1.16329575e+00  5.51021679e-01
165  -1.20439690e+00  5.37635814e-01
166  -1.24546176e+00  5.24139150e-01
167  -1.28640653e+00  5.10282401e-01
168  -1.32732665e+00  4.96352939e-01
10268  2.45037687e-01  7.48391211e-01
170  -1.40905048e+00  4.68154737e-01
171  -1.44986788e+00  4.53927156e-01
172  -1.49063271e+00  4.39549558e-01
173  -1.53137287e+00  4.25102196e-01
174  -1.57206446e+00  4.10518701e-01
10269  1.76795804e-01  7.52516326e-01
176  -1.65338888e+00  3.81188088e-01
177  -1.69405111e+00  3.66522865e-01
178  -1.73468442e+00  3.51777781e-01
179  -1.77526549e+00  3.36889427e-01
180  -1.81580641e+00  3.21892099e-01
10270  1.33219354e-01  7.54127807e-01
182  -1.89686694e+00  2.91839853e-01
183  -1.93736995e+00  2.76740400e-01
184  -1.97788408e+00  2.61670841e-01
185  -2.01837232e+00  2.46531833e-01
186  -2.07543750e+00  2.25254073e-01
10271  8.96037031e-02  7.54769815e-01
188  -2.15642440e+00  1.94835011e-01
189  -2.19683431e+00  1.79404806e-01
190  -2.23723376e+00  1.63947378e-01
191  -2.27765024e+00  1.48534324e-01
192  -2.31795946e+00  1.32843259e-01
10272  4.58863280e-02  7.54621279e-01
194  -2.39810453e+00  1.00275618e-01
195  -2.43783098e+00  8.31631667e-02
196  -2.47714082e+00  6.51185691e-02
197  -2.51556816e+00  4.52777317e-02
198  -3.08102687e-01  7.20230826e-01
10273  2.16113514e-03  7.53734250e-01
200  -3.08098069e-01  6.33552305e-01
201  -3.08095760e-01  5.90213044e-01
202  -3.08093451e-01  5.46873784e-01
203  -3.08091142e-01  5.03534523e-01
204  -3.08088833e-01  4.60195263e-01
10274  -4.15276757e-02  7.52096053e-01
206  -3.08084216e-01  3.73516742e-01
207  -3.08081907e-01  3.30177481e-01
208  -3.08079598e-01  2.86838220e-01
209  -3.08077289e-01  2.43498960e-01
210  -3.08074980e-01  2.00159699e-01
10275  -8.51765037e-02  7.49685665e-01
212  -3.08070362e-01  1.13481178e-01
213  -3.08068053e-01  7.01419179e-02
214  -3.08065744e-01  2.68026574e-02
215  -3.08063435e-01  -1.65366031e-02
216  -3.08061127e-01  -5.98758636e-02
10276  -1.28801282e-01  7.46513150e-01
218  -3.08056509e-01  -1.46554385e-01
219  -3.08054200e-01  -1.89893645e-01
220  -3.08051891e-01  -2.33232906e-01
221  -3.08049582e-01  -2.76572166e-01
222  -3.08047273e-01  -3.19911427e-01
10277  -1.72413991e-01  7.42621602e-01
224  -3.08042655e-01  -4.06589948e-01
225  -3.08040346e-01  -4.49929208e-01
226  -3.08038038e-01  -4.93268469e-01
227  -3.08035729e-01  -5.36607729e-01
228  -3.08033420e-01  -5.79946990e-01
10278  -2.16048642e-01  7.38069070e-01
230  -3.08028802e-01  -6.66625511e-01
231  -3.08026493e-01  -7.09964771e-01
232  -3.08024184e-01  -7.53304032e-01
233  2.22793818e-01  7.42813850e-01
234  2.22802702e-01  6.99031666e-01
10279  -2.59635208e-01  7.33005209e-01
236  2.22820470e-01  6.11467299e-01
237  2.22829355e-01  5.67685116e-01
238  2.22838239e-01  5.23902933e-01
239  2.22847123e-01  4.80120749e-01
240  2.22856007e-01  4.36338566e-01
10280  -2.85858191e-01  7.29700195e-01
242  2.22873775e-01  3.48774199e-01
243  2.22882659e-01  3.04992015e-01
244  2.22891543e-01  2.61209832e-01
245  2.22900427e-01  2.17427649e-01
246  2.22909311e-01  1.73645465e-01
10281  -3.46440289e-01  7.21001789e-01
248  2.22927079e-01  8.60810984e-02
249  2.22935963e-01  4.22989150e-02
250  2.22944847e-01  -1.48326847e-03
251  2.22953731e-01  -4.52654519e-02
252  2.22962615e-01  -8.90476353e-02
10282  -4.05049539e-01  7.10750928e-01
10374  2.45083239e-01  5.23907447e-01
255  2.22989267e-01  -2.20394186e-01
256  2.22998151e-01  -2.64176369e-01
257  2.23007035e-01  -3.07958552e-01
258  2.23015919e-01  -3.51740736e-01
10283  -4.47226903e-01  7.03425374e-01
10353  -2.85813818e-01  -1.03213939e-01
261  2.23042571e-01  -4.83087286e-01
262  2.23051455e-01  -5.26869469e-01
263  2.23060339e-01  -5.70651653e-01
264  2.23069223e-01  -6.14433836e-01
10284  -4.89214156e-01  6.95670874e-01
266  2.23086991e-01  -7.01998203e-01
2775  2.23864891e-01  3.92556585e-01
10285  -5.31028201e-01  6.87182792e-01
10286  -5.72886464e-01  6.78148654e-01
10287  -6.14730632e-01  6.68710640e-01
10288  -6.56492361e-01  6.58922333e-01
2779  2.23900427e-01  2.17427852e-01
10289  -6.98107376e-01  6.48755104e-01
10290  -7.39639698e-01  6.38108115e-01
2781  2.23918195e-01  1.29863485e-01
10291  -7.81180811e-01  6.27129178e-01
10373  2.45074355e-01  5.67689630e-01
10292  -8.22642517e-01  6.15887767e-01
10293  -8.63938736e-01  6.04339716e-01
7853  2.44198731e-01  -4.52611410e-02
10294  -9.05145783e-01  5.92344874e-01
10325  -2.18349545e+00  1.44507180e-01
10295  -9.46363440e-01  5.80080999e-01
10296  -9.87503777e-01  5.67572684e-01
2787  2.23971499e-01  -1.32829616e-01
10297  -1.02859797e+00  5.54802813e-01
2788  2.23980383e-01  -1.76611799e-01
10298  -1.06968223e+00  5.41845482e-01
7864  2.44296455e-01  -5.26865158e-01
10299  -1.11073783e+00  5.28732766e-01
10241  1.14862368e+00  2.36550653e-01
10403  2.45340875e-01  -7.45775873e-01
10300  -1.15177133e+00  5.15483568e-01
10301  -1.19277967e+00  5.02127934e-01
10302  -1.23364093e+00  4.88698530e-01
2793  2.24024803e-01  -3.95522716e-01
10303  -1.27439878e+00  4.74904674e-01
2794  2.24033687e-01  -4.39304900e-01
10304  -1.31523540e+00  4.61003664e-01
10242  1.13152358e+00  2.73169266e-01
10305  -1.35601970e+00  4.46986198e-01
10306  -1.39678793e+00  4.32864521e-01
10307  -1.43750620e+00  4.18671539e-01
10379  2.45127659e-01  3.04996529e-01
10308  -1.47817608e+00  4.04327380e-01
2799  2.24078107e-01  -6.58215817e-01
7845  2.44127659e-01  3.04996326e-01
10309  -1.51882724e+00  3.89911618e-01
10243  1.11213244e+00  3.08848902e-01
10246  1.04115436e+00  4.07945327e-01
10310  -1.55942516e+00  3.75361658e-01
10311  -1.60005193e+00  3.60710425e-01
10312  -1.64071326e+00  3.46044122e-01
10313  -1.68134151e+00  3.31391175e-01
10314  -1.72187838e+00  3.16681129e-01
10244  1.09058986e+00  3.43219975e-01
10315  -1.76235046e+00  3.01832737e-01
10316  -1.80282895e+00  2.86858470e-01
10317  -1.84334719e+00  2.71829168e-01
10381  2.45145427e-01  2.17432163e-01
10318  -1.88385115e+00  2.56820448e-01
10367  -2.85781493e-01  -7.09963586e-01
10319  -1.92433249e+00  2.41729055e-01
10245  1.06684321e+00  3.76222173e-01
10320  -1.96482952e+00  2.26665868e-01
2535  -2.54738389e+00  -1.76358931e-02
2536  -2.50769469e+00  -3.01297797e-02
2537  -2.46397395e+00  -3.32343763e-02
2538  -2.42019769e+00  -3.64725583e-02
2539  -2.37649592e+00  -4.06875346e-02
2540  -2.33294158e+00  -4.62311979e-02
2541  -2.28956290e+00  -5.29793773e-02
2542  -2.24626682e+00  -6.02501294e-02
2543  -2.20324933e+00  -6.90204948e-02
2544  -2.16031374e+00  -7.81793849e-02
2545  -2.11768898e+00  -8.86938430e-02
2546  -2.07530236e+00  -1.00127171e-01
2547  -2.01696268e+00  -1.17149412e-01
2548  -1.97551890e+00  -1.30568546e-01
2549  -1.93432239e+00  -1.44718719e-01
2550  -1.89329151e+00  -1.59346789e-01
2551  -1.85262247e+00  -1.74951546e-01
2552  -1.81211729e+00  -1.90969203e-01
2553  -1.77180830e+00  -2.07474652e-01
2554  -1.73168438e+00  -2.24428618e-01
2555  -1.69186456e+00  -2.42082696e-01
2556  -1.65221593e+00  -2.60112795e-01
2557  -1.61270207e+00  -2.78434877e-01
2558  -1.57331172e+00  -2.97020369e-01
2559  -1.53403313e+00  -3.15839514e-01
2560  -1.49482705e+00  -3.34810329e-01
2561  -1.45576682e+00  -3.54080133e-01
2562  -1.41680005e+00  -3.73535143e-01
2563  -1.37788352e+00  -3.93088501e-01
2564  -1.33898252e+00  -4.12671245e-01
2565  -1.30007850e+00  -4.32247271e-01
2566  -1.26116350e+00  -4.51801809e-01
2567  -1.22225840e+00  -4.71376293e-01
2568  -1.18335196e+00  -4.90946094e-01
2569  -1.14438621e+00  -5.10395586e-01
2570  -1.10535161e+00  -5.29704420e-01
2571  -1.06618908e+00  -5.48749183e-01
2572  -1.02688728e+00  -5.67505283e-01
2573  -9.87446454e-01  -5.85966651e-01
2574  -9.47842663e-01  -6.04074239e-01
2575  -9.08081844e-01  -6.21832305e-01
2576  -8.68133728e-01  -6.39161255e-01
2577  -8.27913579e-01  -6.55845167e-01
2578  -7.87411694e-01  -6.71829788e-01
2579  -7.46666271e-01  -6.87180462e-01
2580  -7.05665545e-01  -7.01834470e-01
2581  -6.64361279e-01  -7.15610017e-01
2582  -6.22777802e-01  -7.28518700e-01
2583  -5.80968154e-01  -7.40670623e-01
2584  -5.38931963e-01  -7.52004270e-01
2585  -4.96628486e-01  -7.62305407e-01
2586  -4.54110500e-01  -7.71685237e-01
2587  -4.11392522e-01  -7.80091013e-01
2588  -3.51924403e-01  -7.90079940e-01
2589  -3.07021895e-01  -7.96265804e-01
2590  -2.63867212e-01  -8.01219067e-01
2591  -2.19665086e-01  -8.05220721e-01
2592  -1.75370680e-01  -8.08062421e-01
2593  -1.31018673e-01  -8.09816114e-01
2594  -8.66388023e-02  -8.10568461e-01
2595  -4.22545471e-02  -8.10399555e-01
2596  2.10941502e-03  -8.09128486e-01
2597  4.64413785e-02  -8.06909026e-01
2598  9.07284826e-02  -8.03939300e-01
2599  1.34938670e-01  -7.99997286e-01
2600  1.79045110e-01  -7.95016210e-01
2601  2.24104627e-01  -7.88913946e-01
2602  2.66918741e-01  -7.82404626e-01
2603  3.13396259e-01  -7.74148407e-01
2604  3.54930830e-01  -7.65596463e-01
2605  3.96291626e-01  -7.56228419e-01
2606  4.37475531e-01  -7.46111642e-01
2607  4.78456759e-01  -7.35211129e-01
2608  5.19142940e-01  -7.23272532e-01
2609  5.59489074e-01  -7.10225512e-01
2610  5.99512955e-01  -6.96216621e-01
2611  6.39191765e-01  -6.81260777e-01
2612  6.78464121e-01  -6.65271368e-01
2613  7.17301358e-01  -6.48255752e-01
2614  7.60313425e-01  -6.27642284e-01
2615  7.98933335e-01  -6.07414313e-01
2616  8.36925998e-01  -5.86031591e-01
2617  8.74066541e-01  -5.63204511e-01
2618  9.10255450e-01  -5.38898601e-01
2619  9.45489965e-01  -5.13238188e-01
2620  9.79485009e-01  -4.85961263e-01
2621  1.01238231e+00  -4.57361651e-01
2622  1.04379968e+00  -4.27160240e-01
2623  1.07344105e+00  -3.95202214e-01
2624  1.10157061e+00  -3.61919609e-01
2625  1.12758315e+00  -3.26964379e-01
2626  1.15113030e+00  -2.90302828e-01
2627  1.17205493e+00  -2.52091494e-01
2628  1.19016607e+00  -2.12461906e-01
2629  1.20557625e+00  -1.71717767e-01
2630  1.21658243e+00  -1.29571632e-01
2631  1.22449924e+00  -8.67268126e-02
2632  1.22948772e+00  -4.34504054e-02
2633  1.23270000e+00  3.42451226e-08
2634  1.22954442e+00  4.27614404e-02
2635  1.22515944e+00  8.54276870e-02
2636  1.21914413e+00  1.27897435e-01
2637  1.21037416e+00  1.69853443e-01
2638  1.19783480e+00  2.10846332e-01
2639  1.18256892e+00  2.50916602e-01
2640  1.16443224e+00  2.89772881e-01
2641  1.14395666e+00  3.27446723e-01
2642  1.12118215e+00  3.63781374e-01
2643  1.09613902e+00  3.98592134e-01
2644  1.06915207e+00  4.31920065e-01
2645  1.04037237e+00  4.63716325e-01
2646  1.00984700e+00  4.93839072e-01
2647  9.77654335e-01  5.22176293e-01
2648  9.44104009e-01  5.48895097e-01
2649  9.09392685e-01  5.74094359e-01
2650  8.73615701e-01  5.97757484e-01
2651  8.36715010e-01  6.19629695e-01
2652  7.98873315e-01  6.39835033e-01
2653  7.60326883e-01  6.58662775e-01
2654  7.17333073e-01  6.77618208e-01
2655  6.78515143e-01  6.93040371e-01
2656  6.39236140e-01  7.07250950e-01
2657  5.99515629e-01  7.20170987e-01
2658  5.59382794e-01  7.31748943e-01
2659  5.18919112e-01  7.42126692e-01
2660  4.78192444e-01  7.51422755e-01
2661  4.37233394e-01  7.59633741e-01
2662  3.96069065e-01  7.66744075e-01
2663  3.54730394e-01  7.72774588e-01
2664  3.13259203e-01  7.77836712e-01
2665  2.66954677e-01  7.82525960e-01
2666  2.23785050e-01  7.86026489e-01
2667  1.78471220e-01  7.88575425e-01
2668  1.34152122e-01  7.90213754e-01
2669  8.98084279e-02  7.90867234e-01
2670  4.54589768e-02  7.90716749e-01
2671  1.11866295e-03  7.89817195e-01
2672  -4.31992543e-02  7.88155329e-01
2673  -8.74808156e-02  7.85710042e-01
10250  9.21789915e-01  5.19556712e-01
2675  -1.75890914e-01  7.78551765e-01
2676  -2.20004534e-01  7.73949657e-01
2677  -2.64060871e-01  7.68830886e-01
2678  -3.07104976e-01  7.63203615e-01
2679  -3.51924044e-01  7.56680831e-01
2680  -4.11145715e-01  7.47103318e-01
2681  -4.53728306e-01  7.39707482e-01
2682  -4.96228114e-01  7.31857391e-01
2683  -5.38582500e-01  7.23260377e-01
2684  -5.80829599e-01  7.14142628e-01
2685  -6.22991485e-01  7.04633028e-01
2686  -6.65072394e-01  6.94769825e-01
2687  -7.07058173e-01  6.84511822e-01
2688  -7.48925402e-01  6.73779326e-01
2689  -7.90712826e-01  6.62735362e-01
2690  -8.32428839e-01  6.51424896e-01
10247  1.01375260e+00  4.38220296e-01
2692  -9.15552562e-01  6.27705284e-01
2693  -9.56980565e-01  6.15378821e-01
2694  -9.98334020e-01  6.02805700e-01
2695  -1.03961041e+00  5.89979308e-01
2696  -1.08083289e+00  5.76978405e-01
2697  -1.12200805e+00  5.63827519e-01
2698  -1.16314152e+00  5.50546062e-01
2699  -1.20424142e+00  5.37160601e-01
2700  -1.24530356e+00  5.23664838e-01
2701  -1.28624583e+00  5.09808930e-01
2702  -1.32716483e+00  4.95879849e-01
2703  -1.36804241e+00  4.81830337e-01
10251  8.88393372e-01  5.43800986e-01
2705  -1.44970244e+00  4.53455320e-01
2706  -1.49046600e+00  4.39078169e-01
2707  -1.53120497e+00  4.24631230e-01
2708  -1.57189530e+00  4.10048184e-01
2709  -1.61255744e+00  3.95384216e-01
2710  -1.65321924e+00  3.80717746e-01
2711  -1.69388101e+00  3.66052687e-01
2712  -1.73451303e+00  3.51308072e-01
2713  -1.77509264e+00  3.36420253e-01
2714  -1.81563273e+00  3.21423234e-01
2715  -1.85616038e+00  3.06390444e-01
2716  -1.89669275e+00  2.91371178e-01
2717  -1.93719547e+00  2.76271833e-01
2718  -1.97770937e+00  2.61202359e-01
2719  -2.01819742e+00  2.46063421e-01
2720  -2.07526262e+00  2.24785653e-01
2721  -2.11577903e+00  2.09640094e-01
2722  -2.15624695e+00  1.94367560e-01
2723  -2.19665579e+00  1.78937761e-01
2724  -2.23705534e+00  1.63480295e-01
2725  -2.27747047e+00  1.48067759e-01
2726  -2.31777598e+00  1.32378141e-01
2727  -2.35793683e+00  1.16325290e-01
2728  -2.39791018e+00  9.98149347e-02
2729  -2.43762777e+00  8.27063249e-02
2730  -2.47692177e+00  6.46691052e-02
2731  -2.51521437e+00  4.49244127e-02
2732  -3.07102687e-01  7.20230879e-01
2733  -3.07100378e-01  6.76891618e-01
10252  8.54045392e-01  5.66521885e-01
2735  -3.07095760e-01  5.90213097e-01
2736  -3.07093451e-01  5.46873837e-01
2737  -3.07091142e-01  5.03534576e-01
2738  -3.07088833e-01  4.60195316e-01
2739  -3.07086524e-01  4.16856055e-01
2740  -3.07084216e-01  3.73516795e-01
2741  -3.07081907e-01  3.30177534e-01
2742  -3.07079598e-01  2.86838273e-01
2743  -3.07077289e-01  2.43499013e-01
2744  -3.07074980e-01  2.00159752e-01
2745  -3.07072671e-01  1.56820492e-01
2746  -3.07070362e-01  1.13481231e-01
2747  -3.07068053e-01  7.01419712e-02
2748  -3.07065744e-01  2.68027107e-02
2749  -3.07063435e-01  -1.65365498e-02
2750  -3.07061127e-01  -5.98758103e-02
2751  -3.07058818e-01  -1.03215071e-01
2752  -3.07056509e-01  -1.46554332e-01
2753  -3.07054200e-01  -1.89893592e-01
2754  -3.07051891e-01  -2.33232853e-01
2755  -3.07049582e-01  -2.76572113e-01
2756  -3.07047273e-01  -3.19911374e-01
10358  -2.85802273e-01  -3.19910242e-01
10321  -2.00530378e+00  2.11532077e-01
2759  -3.07040346e-01  -4.49929155e-01
2760  -3.07038038e-01  -4.93268416e-01
2761  -3.07035729e-01  -5.36607676e-01
2762  -3.07033420e-01  -5.79946937e-01
10359  -2.85799964e-01  -3.63249502e-01
10253  8.18632525e-01  5.87509867e-01
2765  -3.07026493e-01  -7.09964718e-01
2766  -3.07024184e-01  -7.53303979e-01
2767  2.23793818e-01  7.42814053e-01
2768  2.23802702e-01  6.99031869e-01
10360  -2.85797655e-01  -4.06588763e-01
2770  2.23820470e-01  6.11467502e-01
2771  2.23829355e-01  5.67685319e-01
2772  2.23838239e-01  5.23903136e-01
2773  2.23847123e-01  4.80120952e-01
2774  2.23856007e-01  4.36338769e-01
10361  -2.85795346e-01  -4.49928023e-01
2776  2.23873775e-01  3.48774402e-01
2777  2.23882659e-01  3.04992218e-01
2778  2.23891543e-01  2.61210035e-01
10349  -2.85823053e-01  7.01431031e-02
2780  2.23909311e-01  1.73645668e-01
10362  -2.85793038e-01  -4.93267284e-01
2782  2.23927079e-01  8.60813013e-02
2783  2.23935963e-01  4.22991179e-02
2784  2.23944847e-01  -1.48306556e-03
2785  2.23953731e-01  -4.52652490e-02
2786  2.23962615e-01  -8.90474324e-02
10363  -2.85790729e-01  -5.36606544e-01
10322  -2.06237047e+00  1.90253753e-01
2789  2.23989267e-01  -2.20393983e-01
2790  2.23998151e-01  -2.64176166e-01
2791  2.24007035e-01  -3.07958349e-01
2792  2.24015919e-01  -3.51740533e-01
10364  -2.85788420e-01  -5.79945805e-01
10254  7.82101224e-01  6.07011923e-01
2795  2.24042571e-01  -4.83087083e-01
2796  2.24051455e-01  -5.26869266e-01
2797  2.24060339e-01  -5.70651450e-01
2798  2.24069223e-01  -6.14433633e-01
10365  -2.85786111e-01  -6.23285065e-01
2800  2.24086991e-01  -7.01998000e-01
2801  2.24095875e-01  -7.45780184e-01
10366  -2.85783802e-01  -6.66624326e-01
127  4.37325094e-01  7.60125260e-01
10391  2.45234267e-01  -2.20389672e-01
10368  -2.85779184e-01  -7.53302847e-01
10323  -2.10281833e+00  1.75133865e-01
10369  2.45038818e-01  7.42818364e-01
10255  7.44800222e-01  6.25232513e-01
10370  2.45047702e-01  6.99036180e-01
10371  2.45056586e-01  6.55253997e-01
10248  9.84714380e-01  4.66875930e-01
260  2.23033687e-01  -4.39305103e-01
133  1.78494427e-01  7.89074886e-01
10324  -2.14316510e+00  1.59907076e-01
163  -1.12216093e+00  5.64303574e-01
10256  7.03090834e-01  6.43620881e-01
10372  2.45065470e-01  6.11471813e-01
10375  2.45092123e-01  4.80125263e-01
10330  -2.38358290e+00  6.58533609e-02
10376  2.45101007e-01  4.36343080e-01
10352  -2.85816127e-01  -5.98746787e-02
10377  2.45109891e-01  3.92560896e-01
10378  2.45118775e-01  3.48778713e-01
169  -1.36820550e+00  4.82302992e-01
139  -8.75127330e-02  7.86209022e-01
10257  6.65438804e-01  6.58577797e-01
10380  2.45136543e-01  2.61214346e-01
5261  -2.35691548e+00  1.13811882e-01
10382  2.45154311e-01  1.73649979e-01
10383  2.45163195e-01  1.29867796e-01
10326  -2.22390230e+00  1.29046921e-01
10384  2.45172079e-01  8.60856122e-02
10258  6.27263766e-01  6.72389483e-01
145  -3.52000000e-01  7.57175028e-01
10386  2.45189847e-01  -1.47875466e-03
2757  -3.07044964e-01  -3.63250634e-01
10385  2.45180963e-01  4.23034288e-02
10388  2.45207615e-01  -8.90431215e-02
10327  -2.26421780e+00  1.13672608e-01
10389  2.45216499e-01  -1.32825305e-01
10259  5.88704753e-01  6.84932024e-01
10390  2.45225383e-01  -1.76607488e-01
151  -6.23103542e-01  7.05120309e-01
265  2.23078107e-01  -6.58216020e-01
2758  -3.07042655e-01  -4.06589895e-01
10392  2.45243151e-01  -2.64171855e-01
10393  2.45252035e-01  -3.07954038e-01
10328  -2.30424980e+00  9.80896288e-02
10394  2.45260919e-01  -3.51736222e-01
10260  5.49694587e-01  6.96184941e-01
10395  2.45269803e-01  -3.95518405e-01
10396  2.45278687e-01  -4.39300589e-01
10249  9.53988623e-01  4.93916893e-01
10397  2.45287571e-01  -4.83082772e-01
10398  2.45296455e-01  -5.26864955e-01
10329  -2.34406039e+00  8.21770259e-02
10399  2.45305339e-01  -5.70647139e-01
2734  -3.07098069e-01  6.33552358e-01
10400  2.45314223e-01  -6.14429322e-01
10331  -2.42264689e+00  4.90279507e-02
10401  2.45323107e-01  -6.58211506e-01
5069  -2.54349827e+00  -1.60145351e-02
5070  -2.50718783e+00  -2.74645471e-02
5071  -2.46377769e+00  -3.05284841e-02
5072  -2.41996739e+00  -3.37693516e-02
5073  -2.37619438e+00  -3.79913441e-02
5074  -2.33256175e+00  -4.35449181e-02
5075  -2.28912972e+00  -5.03011823e-02
5076  -2.24577111e+00  -5.75828019e-02
5077  -2.20269534e+00  -6.63646590e-02
5078  -2.15970579e+00  -7.55353791e-02
5079  -2.11701079e+00  -8.60669770e-02
5080  -2.07456909e+00  -9.75151431e-02
5081  -2.01616477e+00  -1.14556399e-01
5082  -1.97466034e+00  -1.27994980e-01
5083  -1.93342619e+00  -1.42158018e-01
5084  -1.89234997e+00  -1.56802409e-01
5085  -1.85163768e+00  -1.72423593e-01
5086  -1.81110441e+00  -1.88452372e-01
5087  -1.77076628e+00  -2.04969744e-01
5088  -1.73060657e+00  -2.21938900e-01
5089  -1.69075323e+00  -2.39607761e-01
5090  -1.65108376e+00  -2.57647321e-01
5091  -1.61155260e+00  -2.75977425e-01
5092  -1.57214675e+00  -2.94570223e-01
5093  -1.53285616e+00  -3.13395109e-01
5094  -1.49363605e+00  -3.32372731e-01
5095  -1.45456073e+00  -3.51649966e-01
5096  -1.41558509e+00  -3.71109394e-01
5097  -1.37666457e+00  -3.90664759e-01
5098  -1.33776285e+00  -4.10247865e-01
5099  -1.29885970e+00  -4.29823450e-01
5100  -1.25994475e+00  -4.49377963e-01
5101  -1.22103917e+00  -4.68952691e-01
5102  -1.18213660e+00  -4.88520550e-01
5103  -1.14317895e+00  -5.07966000e-01
5104  -1.10415692e+00  -5.27268628e-01
5105  -1.06501159e+00  -5.46305030e-01
5106  -1.02572796e+00  -5.65052459e-01
5107  -9.86307320e-01  -5.83504387e-01
5108  -9.46725419e-01  -6.01601966e-01
5109  -9.06988821e-01  -6.19349229e-01
5110  -8.67074112e-01  -6.36663740e-01
5111  -8.26895806e-01  -6.53330310e-01
5112  -7.86435441e-01  -6.69298524e-01
5113  -7.45731455e-01  -6.84633603e-01
5114  -7.04779781e-01  -6.99270140e-01
5115  -6.63529897e-01  -7.13027542e-01
5116  -6.21997008e-01  -7.25920484e-01
5117  -5.80236397e-01  -7.38058172e-01
5118  -5.38257851e-01  -7.49376354e-01
5119  -4.96015283e-01  -7.59662615e-01
5120  -4.53556335e-01  -7.69029438e-01
5121  -4.10905869e-01  -7.77422017e-01
5122  -3.51514211e-01  -7.87398129e-01
5123  -2.96899473e-01  -7.94811660e-01
5124  -2.63589873e-01  -7.98520280e-01
5125  -2.19455916e-01  -8.02515797e-01
5126  -1.75230227e-01  -8.05353060e-01
5127  -1.30942081e-01  -8.07104196e-01
5128  -8.66209711e-02  -8.07855519e-01
5129  -4.22985618e-02  -8.07686912e-01
5130  2.00273289e-03  -8.06417584e-01
5131  4.62827872e-02  -8.04200665e-01
5132  9.05172367e-02  -8.01234537e-01
5133  1.34665951e-01  -7.97298028e-01
5134  1.78711080e-01  -7.92323852e-01
5135  2.34226277e-01  -7.84720491e-01
5136  2.66477830e-01  -7.79727694e-01
5137  3.12885395e-01  -7.71483940e-01
5138  3.54357587e-01  -7.62944716e-01
5139  3.95668347e-01  -7.53587985e-01
5140  4.36803209e-01  -7.43483268e-01
5141  4.77726075e-01  -7.32598377e-01
5142  5.18343549e-01  -7.20679976e-01
5143  5.58623496e-01  -7.07654297e-01
5144  5.98586316e-01  -6.93666776e-01
5145  6.38201725e-01  -6.78734874e-01
5146  6.77408148e-01  -6.62772310e-01
5147  7.16170577e-01  -6.45789641e-01
5148  7.59097592e-01  -6.25216976e-01
5149  7.97638479e-01  -6.05030258e-01
5150  8.35550131e-01  -5.83693352e-01
5151  8.72599628e-01  -5.60922289e-01
5152  9.08700271e-01  -5.36675588e-01
5153  9.43842009e-01  -5.11083053e-01
5154  9.77745751e-01  -4.83879113e-01
5155  1.01055167e+00  -4.55359373e-01
5156  1.04186425e+00  -4.25259066e-01
5157  1.07140991e+00  -3.93403644e-01
5158  1.09944532e+00  -3.60233344e-01
5159  1.12535223e+00  -3.25420560e-01
5160  1.14879773e+00  -2.88917375e-01
5161  1.16962979e+00  -2.50875324e-01
5162  1.18766211e+00  -2.11417610e-01
5163  1.20299134e+00  -1.70893984e-01
5164  1.21393428e+00  -1.28982003e-01
5165  1.22181620e+00  -8.63247584e-02
5166  1.22678677e+00  -4.31950368e-02
5167  1.22998700e+00  2.20059158e-07
5168  1.22684165e+00  4.25229169e-02
5169  1.22246646e+00  8.50987030e-02
5170  1.21647180e+00  1.27429392e-01
5171  1.20774649e+00  1.69178407e-01
5172  1.19526856e+00  2.09966113e-01
5173  1.18007045e+00  2.49859228e-01
5174  1.16201007e+00  2.88550808e-01
5175  1.14161431e+00  3.26077870e-01
5176  1.11893047e+00  3.62267997e-01
5177  1.09398276e+00  3.96945642e-01
5178  1.06709136e+00  4.30155456e-01
5179  1.03841308e+00  4.61839746e-01
5180  1.00799717e+00  4.91854509e-01
5181  9.75912472e-01  5.20096321e-01
5182  9.42461629e-01  5.46735709e-01
5183  9.07847076e-01  5.71864682e-01
5184  8.72175271e-01  5.95458456e-01
5185  8.35384088e-01  6.17265585e-01
5186  7.97638842e-01  6.37419159e-01
5187  7.59184077e-01  6.56202213e-01
5188  7.16284804e-01  6.75115909e-01
5189  6.77552687e-01  6.90503828e-01
5190  6.38354939e-01  7.04685047e-01
5191  5.98719918e-01  7.17577300e-01
5192  5.58669715e-01  7.29131332e-01
5193  5.18280195e-01  7.39489998e-01
5194  4.77623900e-01  7.48769997e-01
5195  4.36735829e-01  7.56966758e-01
5196  3.95642323e-01  7.64064847e-01
5197  3.54370195e-01  7.70085606e-01
5198  3.12958154e-01  7.75140467e-01
5199  2.66708755e-01  7.79824129e-01
5200  2.33908242e-01  7.82615049e-01
5201  1.78345302e-01  7.85865349e-01
5202  1.34082018e-01  7.87501660e-01
5203  8.97930415e-02  7.88154278e-01
5204  4.54910950e-02  7.88003939e-01
5205  1.19701153e-03  7.87105326e-01
5206  -4.30736242e-02  7.85445240e-01
5207  -8.73076315e-02  7.83002575e-01
5208  -1.31495533e-01  7.79789256e-01
5209  -1.75629600e-01  7.75851379e-01
5210  -2.19707223e-01  7.71252997e-01
5211  -2.63728254e-01  7.66138353e-01
5212  -2.96982405e-01  7.61864586e-01
5213  -3.51511904e-01  7.53999318e-01
5214  -4.10697020e-01  7.44427679e-01
5215  -4.53249785e-01  7.37037017e-01
5216  -4.95711867e-01  7.29193961e-01
5217  -5.38026482e-01  7.20604965e-01
5218  -5.80244962e-01  7.11493370e-01
5219  -6.22383463e-01  7.01989039e-01
5220  -6.64440880e-01  6.92131348e-01
5221  -7.06399369e-01  6.81880027e-01
5222  -7.48241948e-01  6.71153824e-01
5223  -7.90011243e-01  6.60114646e-01
5224  -8.31708538e-01  6.48809263e-01
5225  -8.73308671e-01  6.37176006e-01
5226  -9.14786593e-01  6.25102658e-01
5227  -9.56199115e-01  6.12780801e-01
5228  -9.97536884e-01  6.00212450e-01
5229  -1.03879986e+00  5.87390219e-01
5230  -1.08001217e+00  5.74392522e-01
5231  -1.12117853e+00  5.61244446e-01
5232  -1.16230464e+00  5.47965363e-01
5233  -1.20339781e+00  5.34582098e-01
5234  -1.24444516e+00  5.21091219e-01
5235  -1.28537385e+00  5.07239879e-01
5236  -1.32628679e+00  4.93312863e-01
5237  -1.36715751e+00  4.79265710e-01
5238  -1.40799589e+00  4.65119741e-01
5239  -1.44880476e+00  4.50895135e-01
5240  -1.48956143e+00  4.36520413e-01
5241  -1.53029393e+00  4.22075769e-01
5242  -1.57097747e+00  4.07495158e-01
5243  -1.61163700e+00  3.92832127e-01
5244  -1.65229876e+00  3.78165669e-01
5245  -1.69295807e+00  3.63501502e-01
5246  -1.73358309e+00  3.48759431e-01
5247  -1.77415478e+00  3.33874514e-01
5248  -1.81469033e+00  3.18879169e-01
5249  -1.85521729e+00  3.03846636e-01
5250  -1.89574757e+00  2.88828147e-01
5251  -1.93624871e+00  2.73729387e-01
5252  -1.97676137e+00  2.58660376e-01
5253  -2.01724841e+00  2.43521816e-01
5254  -2.07431372e+00  2.22244008e-01
5255  -2.11482509e+00  2.07100338e-01
5256  -2.15528409e+00  1.91831171e-01
5257  -2.19568715e+00  1.76403573e-01
5258  -2.23608724e+00  1.60945901e-01
5259  -2.27649504e+00  1.45536179e-01
5260  -2.31678041e+00  1.29854410e-01
175  -1.61272708e+00  3.95854560e-01
5262  -2.39685565e+00  9.73152670e-02
5263  -2.43652513e+00  8.02275016e-02
5264  -2.47573321e+00  6.22303142e-02
5265  -2.51329472e+00  4.30073039e-02
5266  -2.96980187e-01  7.20231419e-01
5267  -2.96977878e-01  6.76892158e-01
5268  -2.96975569e-01  6.33552898e-01
5269  -2.96973260e-01  5.90213637e-01
5270  -2.96970951e-01  5.46874377e-01
5271  -2.96968642e-01  5.03535116e-01
5272  -2.96966333e-01  4.60195856e-01
5273  -2.96964024e-01  4.16856594e-01
5274  -2.96961716e-01  3.73517334e-01
5275  -2.96959407e-01  3.30178074e-01
5276  -2.96957098e-01  2.86838813e-01
5277  -2.96954789e-01  2.43499553e-01
5278  -2.96952480e-01  2.00160292e-01
5279  -2.96950171e-01  1.56821032e-01
5280  -2.96947862e-01  1.13481771e-01
5281  -2.96945553e-01  7.01425105e-02
5282  -2.96943244e-01  2.68032500e-02
5283  -2.96940935e-01  -1.65360107e-02
5284  -2.96938627e-01  -5.98752712e-02
5285  -2.96936318e-01  -1.03214531e-01
5286  -2.96934009e-01  -1.46553792e-01
10337  -2.85850760e-01  5.90214229e-01
5288  -2.96929391e-01  -2.33232313e-01
5289  -2.96927082e-01  -2.76571573e-01
5290  -2.96924773e-01  -3.19910834e-01
199  -3.08100378e-01  6.76891565e-01
5292  -2.96920155e-01  -4.06589355e-01
5293  -2.96917846e-01  -4.49928616e-01
5294  -2.96915538e-01  -4.93267877e-01
5295  -2.96913229e-01  -5.36607136e-01
5296  -2.96910920e-01  -5.79946397e-01
5297  -2.96908611e-01  -6.23285657e-01
5298  -2.96906302e-01  -6.66624918e-01
5299  -2.96903993e-01  -7.09964178e-01
5300  -2.96901684e-01  -7.53303439e-01
5291  -2.96922464e-01  -3.63250094e-01
5302  2.33925202e-01  6.99033923e-01
5303  2.33934086e-01  6.55251740e-01
5304  2.33942970e-01  6.11469556e-01
5305  2.33951855e-01  5.67687373e-01
5306  2.33960739e-01  5.23905190e-01
5307  2.33969623e-01  4.80123006e-01
5308  2.33978507e-01  4.36340823e-01
5309  2.33987391e-01  3.92558639e-01
5310  2.33996275e-01  3.48776456e-01
5311  2.34005159e-01  3.04994272e-01
5312  2.34014043e-01  2.61212089e-01
10348  -2.85825362e-01  1.13482363e-01
5314  2.34031811e-01  1.73647722e-01
5315  2.34040695e-01  1.29865539e-01
5316  2.34049579e-01  8.60833553e-02
10338  -2.85848451e-01  5.46874969e-01
5318  2.34067347e-01  -1.48101156e-03
5319  2.34076231e-01  -4.52631950e-02
5320  2.34085115e-01  -8.90453784e-02
5321  2.34093999e-01  -1.32827562e-01
5322  2.34102883e-01  -1.76609745e-01
5323  2.34111767e-01  -2.20391929e-01
5324  2.34120651e-01  -2.64174112e-01
5325  2.34129535e-01  -3.07956295e-01
5326  2.34138419e-01  -3.51738479e-01
205  -3.08086524e-01  4.16856002e-01
5328  2.34156187e-01  -4.39302846e-01
5329  2.34165071e-01  -4.83085029e-01
5330  2.34173955e-01  -5.26867212e-01
5331  2.34182839e-01  -5.70649396e-01
5332  2.34191723e-01  -6.14431579e-01
5333  2.34200607e-01  -6.58213763e-01
5334  2.34209491e-01  -7.01995946e-01
5335  2.34218375e-01  -7.45778130e-01
2769  2.23811586e-01  6.55249686e-01
5327  2.34147303e-01  -3.95520662e-01
10339  -2.85846142e-01  5.03535708e-01
10332  -2.46077352e+00  3.15346280e-02
10333  -2.48913315e+00  1.88777377e-02
187  -2.11595484e+00  2.10108165e-01
157  -8.74190318e-01  6.40265677e-01
247  2.22918195e-01  1.29863282e-01
10340  -2.85843833e-01  4.60196448e-01
254  2.22980383e-01  -1.76612002e-01
217  -3.08058818e-01  -1.03215124e-01
211  -3.08072671e-01  1.56820439e-01
253  2.22971499e-01  -1.32829819e-01
10341  -2.85841524e-01  4.16857187e-01
10347  -2.85827671e-01  1.56821624e-01
5287  -2.96931700e-01  -1.89893052e-01
223  -3.08044964e-01  -3.63250687e-01
10342  -2.85839216e-01  3.73517927e-01
181  -1.85633419e+00  3.06859262e-01
2764  -3.07028802e-01  -6.66625458e-01
10343  -2.85836907e-01  3.30178666e-01
229  -3.08031111e-01  -6.23286250e-01
5301  2.33916318e-01  7.42816107e-01
10402  2.45331991e-01  -7.01993689e-01
10344  -2.85834598e-01  2.86839405e-01
235  2.22811586e-01  6.55249483e-01
10334  -2.85857687e-01  7.20232011e-01
10345  -2.85832289e-01  2.43500145e-01
241  2.22864891e-01  3.92556382e-01
7603  -2.49847778e+00  2.77122554e-03
7604  -2.50131516e+00  3.41599919e-03
7605  -2.46150379e+00  8.23161890e-04
7606  -2.41729892e+00  -2.44882068e-03
7607  -2.37270063e+00  -6.75210526e-03
7608  -2.32816089e+00  -1.24205100e-02
7609  -2.28411077e+00  -1.92704480e-02
7610  -2.24002754e+00  -2.66779839e-02
7611  -2.19627656e+00  -3.55929892e-02
7612  -2.15266182e+00  -4.49007757e-02
7613  -2.10915296e+00  -5.56309633e-02
7614  -2.06607315e+00  -6.72510499e-02
7615  -2.00691992e+00  -8.45126148e-02
7616  -1.96471269e+00  -9.81765189e-02
7617  -1.92304239e+00  -1.12488620e-01
7618  -1.88144086e+00  -1.27322114e-01
7619  -1.84022740e+00  -1.43133631e-01
7620  -1.79936872e+00  -1.59291267e-01
7621  -1.75869298e+00  -1.75946791e-01
7622  -1.71811858e+00  -1.93091953e-01
7623  -1.67787681e+00  -2.10932086e-01
7624  -1.63796595e+00  -2.29081267e-01
7625  -1.59823425e+00  -2.47504314e-01
7626  -1.55864892e+00  -2.66181759e-01
7627  -1.51921929e+00  -2.85073169e-01
7628  -1.47983659e+00  -3.04129655e-01
7629  -1.44058642e+00  -3.23492995e-01
7630  -1.40150812e+00  -3.43003607e-01
7631  -1.36254126e+00  -3.62582227e-01
7632  -1.32363120e+00  -3.82169530e-01
7633  -1.28473821e+00  -4.01740008e-01
7634  -1.24582386e+00  -4.21294218e-01
7635  -1.20691264e+00  -4.40871782e-01
7636  -1.16805487e+00  -4.60417146e-01
7637  -1.12919111e+00  -4.79815748e-01
7638  -1.09031472e+00  -4.99046478e-01
7639  -1.05136866e+00  -5.17986011e-01
7640  -1.01229557e+00  -5.36632970e-01
7641  -9.73108818e-01  -5.54975527e-01
7642  -9.33780537e-01  -5.72957134e-01
7643  -8.94324581e-01  -5.90579221e-01
7644  -8.54796939e-01  -6.07726439e-01
7645  -8.15103449e-01  -6.24192076e-01
7646  -7.75124153e-01  -6.39970191e-01
7647  -7.34900266e-01  -6.55124593e-01
7648  -6.94516939e-01  -6.69558687e-01
7649  -6.53897145e-01  -6.83105871e-01
7650  -6.12950387e-01  -6.95816414e-01
7651  -5.71757940e-01  -7.07789176e-01
7652  -5.30447286e-01  -7.18928178e-01
7653  -4.88910451e-01  -7.29042071e-01
7654  -4.47135530e-01  -7.38258191e-01
7655  -4.05267296e-01  -7.46497870e-01
7656  -3.46876759e-01  -7.57078735e-01
7657  -2.86778551e-01  -7.65175514e-01
7658  -2.60454402e-01  -7.68008964e-01
7659  -2.17091128e-01  -7.71935094e-01
7660  -1.73642326e-01  -7.74722190e-01
7661  -1.30076160e-01  -7.76444421e-01
7662  -8.64193788e-02  -7.77184182e-01
7663  -4.27961726e-02  -7.77018949e-01
7664  7.96631064e-04  -7.75769307e-01
7665  4.44898229e-02  -7.73581115e-01
7666  8.81289815e-02  -7.70655658e-01
7667  1.31582701e-01  -7.66781390e-01
7668  1.74934680e-01  -7.61885219e-01
7669  2.44342195e-01  -7.52282377e-01
7670  2.61493081e-01  -7.49463460e-01
7671  3.06966303e-01  -7.40612259e-01
7672  3.47715751e-01  -7.32220420e-01
7673  3.88446764e-01  -7.22994765e-01
7674  4.29013394e-01  -7.13029776e-01
7675  4.69260042e-01  -7.02325904e-01
7676  5.09081454e-01  -6.90641502e-01
7677  5.48594539e-01  -6.77863084e-01
7678  5.87849872e-01  -6.64123162e-01
7679  6.26730692e-01  -6.49468651e-01
7680  6.65173188e-01  -6.33817136e-01
7681  7.03068862e-01  -6.17216202e-01
7682  7.45010420e-01  -5.97116300e-01
7683  7.82635718e-01  -5.77407559e-01
7684  8.19608738e-01  -5.56601502e-01
7685  8.55603330e-01  -5.34479479e-01
7686  8.90681294e-01  -5.10918787e-01
7687  9.24748065e-01  -4.86112717e-01
7688  9.57593942e-01  -4.59754418e-01
7689  9.89341055e-01  -4.32160097e-01
7690  1.01943946e+00  -4.03231234e-01
7691  1.04787628e+00  -3.72564625e-01
7692  1.07482072e+00  -3.40695548e-01
7693  1.09950386e+00  -3.07533194e-01
7694  1.12177154e+00  -2.72864910e-01
7695  1.14153108e+00  -2.36784240e-01
7696  1.15865014e+00  -1.99317937e-01
7697  1.17304146e+00  -1.61349283e-01
7698  1.18325164e+00  -1.22150305e-01
7699  1.19072929e+00  -8.16663831e-02
7700  1.19549233e+00  -4.02362246e-02
7701  1.19855300e+00  2.37298152e-06
7702  1.19552610e+00  3.97592807e-02
7703  1.19126443e+00  8.12869519e-02
7704  1.18550912e+00  1.22006440e-01
7705  1.17730106e+00  1.61357147e-01
7706  1.16553499e+00  1.99767513e-01
7707  1.15112215e+00  2.37608027e-01
7708  1.13394575e+00  2.74391339e-01
7709  1.11447480e+00  3.10217754e-01
7710  1.09284154e+00  3.44733352e-01
7711  1.06899946e+00  3.77868665e-01
7712  1.04321507e+00  4.09709935e-01
7713  1.01571189e+00  4.40096876e-01
7714  9.86564212e-01  4.68860494e-01
7715  9.55730486e-01  4.95996865e-01
7716  9.23432295e-01  5.21716100e-01
7717  8.89938980e-01  5.46030664e-01
7718  8.55485822e-01  5.68820914e-01
7719  8.19963447e-01  5.89873977e-01
7720  7.83335697e-01  6.09427796e-01
7721  7.45943028e-01  6.27693075e-01
7722  7.04139103e-01  6.46123180e-01
7723  6.66401259e-01  6.61114340e-01
7724  6.28144966e-01  6.74955385e-01
7725  5.89500464e-01  6.87525711e-01
7726  5.50407666e-01  6.98802552e-01
7727  5.10877426e-01  7.08940115e-01
7728  4.71036497e-01  7.18033985e-01
7729  4.30970827e-01  7.26065931e-01
7730  3.90697913e-01  7.33022148e-01
7731  3.50196771e-01  7.38929886e-01
7732  3.09470071e-01  7.43900594e-01
7733  2.63928472e-01  7.49278400e-01
7734  2.44037121e-01  7.51178952e-01
7735  1.76921722e-01  7.55226403e-01
7736  1.33289458e-01  7.56839901e-01
7737  8.96190895e-02  7.57482771e-01
7738  4.58542098e-02  7.57334089e-01
7739  2.08278656e-03  7.56446119e-01
7740  -4.16533057e-02  7.54806142e-01
7741  -8.53496878e-02  7.52393131e-01
7742  -1.29020228e-01  7.49217301e-01
7743  -1.72675304e-01  7.45321988e-01
7744  -2.16345953e-01  7.40765730e-01
7745  -2.59967826e-01  7.35697742e-01
7746  -2.86858330e-01  7.32300709e-01
7747  -3.46852429e-01  7.23683302e-01
7748  -4.05498235e-01  7.13426566e-01
7749  -4.47705424e-01  7.06095840e-01
7750  -4.89730403e-01  6.98334304e-01
7751  -5.31584219e-01  6.89838204e-01
7752  -5.73471101e-01  6.80797912e-01
7753  -6.15338654e-01  6.71354629e-01
7754  -6.57123876e-01  6.61560810e-01
7755  -6.98766180e-01  6.51386900e-01
7756  -7.40323152e-01  6.40733616e-01
7757  -7.81882394e-01  6.29749894e-01
7758  -8.23362818e-01  6.18503400e-01
7759  -8.64683183e-01  6.06948579e-01
7760  -9.05911752e-01  5.94947500e-01
7761  -9.47144890e-01  5.82679018e-01
7762  -9.88300914e-01  5.70165933e-01
7763  -1.02940852e+00  5.57391902e-01
7764  -1.07050295e+00  5.44431365e-01
7765  -1.11156735e+00  5.31315839e-01
7766  -1.15260821e+00  5.18064266e-01
7767  -1.19362329e+00  5.04706437e-01
7768  -1.23449933e+00  4.91272149e-01
7769  -1.27527076e+00  4.77473726e-01
7770  -1.31611344e+00  4.63570649e-01
7771  -1.35690461e+00  4.49550825e-01
7772  -1.39767840e+00  4.35427218e-01
7773  -1.43840388e+00  4.21231723e-01
7774  -1.47908065e+00  4.06885136e-01
7775  -1.51973828e+00  3.92467080e-01
7776  -1.56034300e+00  3.77914684e-01
7777  -1.60097237e+00  3.63262514e-01
7778  -1.64163374e+00  3.48596198e-01
7779  -1.68226445e+00  3.33942360e-01
7780  -1.72280833e+00  3.19229770e-01
7781  -1.76328832e+00  3.04378475e-01
7782  -1.80377135e+00  2.89402534e-01
7783  -1.84429028e+00  2.74372976e-01
7784  -1.88479633e+00  2.59363479e-01
7785  -1.92527924e+00  2.44271501e-01
7786  -1.96577752e+00  2.29207851e-01
7787  -2.00625279e+00  2.14073681e-01
7788  -2.06331937e+00  1.92795399e-01
7789  -2.10377227e+00  1.77673621e-01
7790  -2.14412796e+00  1.62443465e-01
7791  -2.18446408e+00  1.47041368e-01
7792  -2.22487041e+00  1.31581314e-01
7793  -2.26519324e+00  1.16204189e-01
7794  -2.30524536e+00  1.00613360e-01
7795  -2.34508173e+00  8.46904345e-02
7796  -2.38463743e+00  6.83530286e-02
7797  -2.42374952e+00  5.15067741e-02
7798  -2.46196208e+00  3.39734190e-02
7799  -2.49105280e+00  2.07948465e-02
7800  -2.86857687e-01  7.20231958e-01
7801  -2.86855378e-01  6.76892697e-01
7802  -2.86853069e-01  6.33553437e-01
7803  -2.86850760e-01  5.90214176e-01
7804  -2.86848451e-01  5.46874916e-01
7805  -2.86846142e-01  5.03535655e-01
7806  -2.86843833e-01  4.60196395e-01
7807  -2.86841524e-01  4.16857134e-01
7808  -2.86839216e-01  3.73517874e-01
7809  -2.86836907e-01  3.30178613e-01
7810  -2.86834598e-01  2.86839352e-01
7811  -2.86832289e-01  2.43500092e-01
7812  -2.86829980e-01  2.00160831e-01
7813  -2.86827671e-01  1.56821571e-01
7814  -2.86825362e-01  1.13482310e-01
7815  -2.86823053e-01  7.01430498e-02
7816  -2.86820744e-01  2.68037893e-02
7817  -2.86818435e-01  -1.65354715e-02
7818  -2.86816127e-01  -5.98747320e-02
7819  -2.86813818e-01  -1.03213992e-01
7820  -2.86811509e-01  -1.46553253e-01
7821  -2.86809200e-01  -1.89892513e-01
7822  -2.86806891e-01  -2.33231774e-01
7823  -2.86804582e-01  -2.76571034e-01
7824  -2.86802273e-01  -3.19910295e-01
7825  -2.86799964e-01  -3.63249555e-01
10335  -2.85855378e-01  6.76892750e-01
7827  -2.86795346e-01  -4.49928076e-01
7828  -2.86793038e-01  -4.93267337e-01
7829  -2.86790729e-01  -5.36606597e-01
7830  -2.86788420e-01  -5.79945858e-01
7831  -2.86786111e-01  -6.23285118e-01
7832  -2.86783802e-01  -6.66624379e-01
7833  -2.86781493e-01  -7.09963639e-01
7834  -2.86779184e-01  -7.53302900e-01
7835  2.44038818e-01  7.42818161e-01
7836  2.44047702e-01  6.99035977e-01
7837  2.44056586e-01  6.55253794e-01
7838  2.44065470e-01  6.11471610e-01
7839  2.44074355e-01  5.67689427e-01
7840  2.44083239e-01  5.23907244e-01
7841  2.44092123e-01  4.80125060e-01
7842  2.44101007e-01  4.36342877e-01
7843  2.44109891e-01  3.92560693e-01
7844  2.44118775e-01  3.48778510e-01
10354  -2.85811509e-01  -1.46553200e-01
7846  2.44136543e-01  2.61214143e-01
7847  2.44145427e-01  2.17431960e-01
7848  2.44154311e-01  1.73649776e-01
7849  2.44163195e-01  1.29867593e-01
193  -2.35812506e+00  1.16788506e-01
7851  2.44180963e-01  4.23032259e-02
7852  2.44189847e-01  -1.47895757e-03
2674  -1.31714479e-01  7.82493407e-01
7854  2.44207615e-01  -8.90433244e-02
7855  2.44216499e-01  -1.32825508e-01
7856  2.44225383e-01  -1.76607691e-01
7857  2.44234267e-01  -2.20389875e-01
7858  2.44243151e-01  -2.64172058e-01
7859  2.44252035e-01  -3.07954241e-01
7860  2.44260919e-01  -3.51736425e-01
7861  2.44269803e-01  -3.95518608e-01
7862  2.44278687e-01  -4.39300792e-01
7863  2.44287571e-01  -4.83082975e-01
10336  -2.85853069e-01  6.33553490e-01
7865  2.44305339e-01  -5.70647342e-01
7866  2.44314223e-01  -6.14429525e-01
7867  2.44323107e-01  -6.58211709e-01
7868  2.44331991e-01  -7.01993892e-01
7869  2.44340875e-01  -7.45776076e-01
10355  -2.85809200e-01  -1.89892460e-01
5317  2.34058463e-01  4.23011719e-02
2763  -3.07031111e-01  -6.23286197e-01
259  2.23024803e-01  -3.95522919e-01
10356  -2.85806891e-01  -2.33231721e-01
10346  -2.85829980e-01  2.00160884e-01
10350  -2.85820744e-01  2.68038426e-02
10357  -2.85804582e-01  -2.76570981e-01
2691  -8.74053118e-01  6.39784869e-01
10387  2.45198731e-01  -4.52609381e-02
7850  2.44172079e-01  8.60854093e-02
5313  2.34022927e-01  2.17429906e-01
267  2.23095875e-01  -7.45780387e-01
2704  -1.40888637e+00  4.67682438e-01
7826  -2.86797655e-01  -4.06588816e-01
10351  -2.85818435e-01  -1.65354182e-02
10137  -2.49459216e+00  4.39258358e-03
10138  -2.50080831e+00  6.08123181e-03
10139  -2.46130753e+00  3.52905409e-03
10140  -2.41706861e+00  2.54386042e-04
10141  -2.37239909e+00  -4.05591468e-03
10142  -2.32778106e+00  -9.73423026e-03
10143  -2.28367759e+00  -1.65922530e-02
10144  -2.23953182e+00  -2.40106564e-02
10145  -2.19572257e+00  -3.29371535e-02
10146  -2.15205387e+00  -4.22567699e-02
10147  -2.10847477e+00  -5.30040973e-02
10148  -2.06533989e+00  -6.46390220e-02
10149  -2.00612201e+00  -8.19196014e-02
10150  -1.96385413e+00  -9.56029525e-02
10151  -1.92214619e+00  -1.09927919e-01
10152  -1.88049932e+00  -1.24777734e-01
10153  -1.83924260e+00  -1.40605679e-01
10154  -1.79835584e+00  -1.56774435e-01
10155  -1.75765096e+00  -1.73441883e-01
10156  -1.71704077e+00  -1.90602235e-01
10157  -1.67676548e+00  -2.08457151e-01
10158  -1.63683378e+00  -2.26615793e-01
10159  -1.59708477e+00  -2.45046862e-01
10160  -1.55748395e+00  -2.63731613e-01
10161  -1.51804233e+00  -2.82628764e-01
10162  -1.47864559e+00  -3.01692057e-01
10163  -1.43938032e+00  -3.21062829e-01
10164  -1.40029317e+00  -3.40577858e-01
10165  -1.36132231e+00  -3.60158485e-01
10166  -1.32241153e+00  -3.79746150e-01
10167  -1.28351941e+00  -3.99316188e-01
10168  -1.24460512e+00  -4.18870372e-01
10169  -1.20569341e+00  -4.38448180e-01
10170  -1.16683951e+00  -4.57991603e-01
10171  -1.12798385e+00  -4.77386161e-01
10172  -1.08912003e+00  -4.96610686e-01
10173  -1.05019117e+00  -5.15541859e-01
10174  -1.01113625e+00  -5.34180145e-01
10175  -9.71969684e-01  -5.52513263e-01
10176  -9.32663293e-01  -5.70484861e-01
10177  -8.93231558e-01  -5.88096144e-01
10178  -8.53737323e-01  -6.05228924e-01
10179  -8.14085676e-01  -6.21677219e-01
10180  -7.74147900e-01  -6.37438927e-01
10181  -7.33965450e-01  -6.52577734e-01
10182  -6.93631176e-01  -6.66994356e-01
10183  -6.53065764e-01  -6.80523396e-01
10184  -6.12169593e-01  -6.93218198e-01
10185  -5.71026183e-01  -7.05176725e-01
10186  -5.29773173e-01  -7.16300262e-01
10187  -4.88297248e-01  -7.26399279e-01
10188  -4.46581364e-01  -7.35602392e-01
10189  -4.04780643e-01  -7.43828875e-01
10190  -3.46466567e-01  -7.54396924e-01
10191  -2.85778690e-01  -7.62567375e-01
10192  -2.60177063e-01  -7.65310177e-01
10193  -2.16881957e-01  -7.69230170e-01
10194  -1.73501873e-01  -7.72012828e-01
10195  -1.29999567e-01  -7.73732503e-01
10196  -8.64015476e-02  -7.74471240e-01
10197  -4.28401873e-02  -7.74306306e-01
10198  6.89948936e-04  -7.73058405e-01
10199  4.43312316e-02  -7.70872754e-01
10200  8.79177356e-02  -7.67950895e-01
10201  1.31309981e-01  -7.64082133e-01
10202  1.74600650e-01  -7.59192861e-01
10203  2.45341610e-01  -7.49398142e-01
10204  2.61052170e-01  -7.46786528e-01
10205  3.06455439e-01  -7.37947791e-01
10206  3.47142509e-01  -7.29568673e-01
10207  3.87823485e-01  -7.20354331e-01
10208  4.28341072e-01  -7.10401402e-01
10209  4.68529357e-01  -6.99713153e-01
10210  5.08282063e-01  -6.88048947e-01
10211  5.47728961e-01  -6.75291870e-01
10212  5.86923233e-01  -6.61573317e-01
10213  6.25740652e-01  -6.46942748e-01
10214  6.64117215e-01  -6.31318078e-01
10215  7.01938082e-01  -6.14750090e-01
10216  7.43794587e-01  -5.94690992e-01
10217  7.81340863e-01  -5.75023504e-01
10218  8.18232872e-01  -5.54263263e-01
10219  8.54136416e-01  -5.32197258e-01
10220  8.89126115e-01  -5.08695773e-01
10221  9.23100108e-01  -4.83957582e-01
10222  9.55854683e-01  -4.57672268e-01
10223  9.87510414e-01  -4.30157818e-01
10224  1.01750403e+00  -4.01330060e-01
10225  1.04584515e+00  -3.70766054e-01
10226  1.07269542e+00  -3.39009283e-01
10227  1.09727294e+00  -3.05989374e-01
10228  1.11943897e+00  -2.71479457e-01
10229  1.13910594e+00  -2.35568069e-01
10230  1.15614618e+00  -1.98273640e-01
10231  1.17045655e+00  -1.60525501e-01
10232  1.18060349e+00  -1.21560676e-01
10233  1.18804625e+00  -8.12643289e-02
10234  1.19279137e+00  -3.99808560e-02
10235  1.19584000e+00  2.55879556e-06
10236  1.19282333e+00  3.95207573e-02
10237  1.18857145e+00  8.09579679e-02
10238  1.18283680e+00  1.21538396e-01
10239  1.17467338e+00  1.60682111e-01
