1  3  0  11.3593
245  5  0  11.3592
489  4  0  11.3589
733  5  0  11.3581
2  3  0  10.5032
246  5  0  10.5032
490  4  0  10.5031
734  5  0  10.5031
3  3  0  9.47743
247  5  0  9.47741
491  4  0  9.47737
735  5  0  9.47734
4  3  0  8.36684
248  5  0  8.36694
492  4  0  8.36709
736  5  0  8.36724
5  3  0  7.71767
249  5  0  7.71737
493  4  0  7.71692
737  5  0  7.71648
6  3  0  6.01796
250  5  0  6.01813
494  4  0  6.01839
738  5  0  6.01865
7  3  0  4.80535
251  5  0  4.80519
495  4  0  4.80495
739  5  0  4.80471
8  3  0  3.13431
252  5  0  3.13445
496  4  0  3.13465
740  5  0  3.13485
9  3  0  1.83764
253  5  0  1.83758
497  4  0  1.83751
741  5  0  1.83743
10  3  0  0.383329
254  5  0  0.38319
498  4  0  0.382983
742  5  0  0.382778
11  3  0  -1.42011
255  5  0  -1.42
499  1  0  15.8334
743  5  0  30.2903
12  3  0  -2.79489
256  5  0  -2.79496
500  1  0  -2.79565
744  5  0  -2.79633
13  3  0  -4.37906
257  5  0  -4.37884
501  1  0  -4.3767
745  5  0  -4.37461
14  3  0  -5.15691
258  5  0  -5.15723
502  1  0  -5.16035
746  5  0  -5.16339
15  3  0  -6.99736
259  5  0  -6.99702
503  1  0  -6.99377
747  5  0  -6.9906
16  3  0  -7.69568
260  5  0  -7.69591
504  1  0  -7.6981
748  5  0  -7.70024
17  3  0  -9.25807
261  5  0  -9.2579
505  1  0  -9.2563
749  5  0  -9.25473
18  3  0  -10.2641
262  5  0  -10.2641
506  1  0  -10.2642
750  5  0  -10.2643
19  3  0  -11.3215
263  5  0  -11.3215
507  1  0  -11.3217
751  5  0  -11.3219
20  3  0  -12.4577
264  5  0  -12.4576
508  1  0  -12.457
752  5  0  -12.4564
21  3  0  -13.3271
265  5  0  -13.3271
509  1  0  -13.3269
753  5  0  -13.3267
22  3  0  -14.0991
266  5  0  -14.0992
510  1  0  -14.0998
754  5  0  -14.1003
23  3  0  -15.1514
267  5  0  -15.1513
511  1  0  -15.1503
755  5  0  -15.1493
24  3  0  -15.6196
268  5  0  -15.6197
512  1  0  -15.6207
756  5  0  -15.6216
25  3  0  -16.648
269  5  0  -16.6479
513  1  0  -16.6469
757  5  0  -16.6459
26  3  0  -17.0896
270  5  0  -17.0896
514  1  0  -17.0896
758  5  0  -17.0896
27  3  0  -17.5365
271  5  0  -17.5365
515  1  0  -17.5366
759  5  0  -17.5367
28  3  0  -18.0711
272  5  0  -18.0711
516  1  0  -18.0709
760  5  0  -18.0706
29  3  0  -18.3358
273  5  0  -18.3358
517  1  0  -18.3359
761  5  0  -18.336
30  3  0  -18.7285
274  5  0  -18.7285
518  1  0  -18.7284
762  5  0  -18.7283
31  3  0  -18.994
275  5  0  -18.994
519  1  0  -18.994
763  5  0  -18.994
32  3  0  -19.2195
276  5  0  -19.2195
520  1  0  -19.2194
764  5  0  -19.2194
33  3  0  -19.3926
277  5  0  -19.3926
521  1  0  -19.3926
765  5  0  -19.3926
34  3  0  -19.5181
278  5  0  -19.5181
522  1  0  -19.5181
766  5  0  -19.5181
35  3  0  -19.5997
279  5  0  -19.5997
523  1  0  -19.5997
767  5  0  -19.5997
36  3  0  -19.6506
280  5  0  -19.6506
524  1  0  -19.6507
768  5  0  -19.6508
37  3  0  -19.3908
281  5  0  -19.3907
525  1  0  -19.3907
769  5  0  -19.3906
38  3  0  -19.3383
282  5  0  -19.3383
526  1  0  -19.3383
770  5  0  -19.3383
39  3  0  -19.2286
283  5  0  -19.2286
527  1  0  -19.2287
771  5  0  -19.2287
40  3  0  -19.002
284  5  0  -19.002
528  1  0  -19.002
772  5  0  -19.0019
41  3  0  -18.8027
285  5  0  -18.8027
529  1  0  -18.8028
773  5  0  -18.8029
42  3  0  -18.4694
286  5  0  -18.4694
530  1  0  -18.4694
774  5  0  -18.4694
43  3  0  -18.1116
287  5  0  -18.1116
531  1  0  -18.1116
775  5  0  -18.1116
44  3  0  -17.7926
288  5  0  -17.7926
532  1  0  -17.7926
776  5  0  -17.7926
45  3  0  -17.5158
289  5  0  -17.5158
533  1  0  -17.5159
777  5  0  -17.5159
46  3  0  -17.1731
290  5  0  -17.1731
534  1  0  -17.1734
778  5  0  -17.1737
47  3  0  -16.582
291  5  0  -16.582
535  1  0  -16.5816
779  5  0  -16.5813
48  3  0  -16.3251
292  5  0  -16.3252
536  1  0  -16.3255
780  5  0  -16.3259
49  3  0  -15.6983
293  5  0  -15.6984
537  1  0  -15.6985
781  5  0  -15.6987
50  3  0  -14.9698
294  5  0  -14.9697
538  1  0  -14.9692
782  5  0  -14.9688
51  3  0  -14.6203
295  5  0  -14.6204
539  1  0  -14.6208
783  5  0  -14.6213
52  3  0  -13.8919
296  5  0  -13.8919
540  1  0  -13.8917
784  5  0  -13.8916
53  3  0  -13.2581
297  5  0  -13.2581
541  1  0  -4.79693
785  5  0  3.39231
54  3  0  -12.5519
298  5  0  -12.4865
542  6  0  -12.4343
786  5  0  -12.4213
55  3  0  -11.789
299  5  0  -11.6759
543  6  0  -11.4178
787  5  0  -11.2676
56  3  0  -10.6456
300  5  0  -10.6455
544  6  0  -10.6439
788  5  0  -10.6423
57  3  0  -10.0791
301  5  0  -10.0791
545  6  0  -10.0794
789  5  0  -10.0796
58  3  0  -9.37457
302  5  0  -9.37459
546  6  0  -9.37488
790  5  0  -9.37518
59  3  0  -8.54903
303  5  0  -8.54906
547  6  0  -8.54937
791  5  0  -8.54968
60  3  0  -7.61143
304  5  0  -7.6114
548  6  0  -7.61095
792  5  0  -7.61049
61  3  0  -6.8423
305  5  0  -6.84233
549  6  0  -6.8427
793  5  0  -6.84308
62  3  0  -5.93176
306  5  0  -5.93177
550  6  0  -5.93185
794  5  0  -5.93193
63  3  0  -4.99438
307  5  0  -4.99437
551  6  0  -4.99421
795  5  0  -4.99404
64  3  0  -4.11284
308  5  0  -4.1129
552  6  0  -4.11371
796  5  0  -4.11453
65  3  0  -2.97825
309  5  0  -2.97827
553  6  0  -2.97852
797  5  0  -2.97878
66  3  0  -1.77585
310  5  0  -1.7758
554  6  0  -1.7751
798  5  0  -1.77438
67  3  0  -0.774163
311  5  0  -0.774159
555  6  0  -0.774105
799  5  0  -0.774051
68  3  0  0.210517
312  5  0  0.210496
556  6  0  0.210204
800  5  0  0.209904
69  3  0  1.28524
313  5  0  1.28519
557  6  0  1.2845
801  5  0  1.2838
70  3  0  2.54536
314  5  0  2.54538
558  6  0  2.54571
802  5  0  2.54604
71  3  0  3.7209
315  5  0  3.72083
559  6  0  3.71997
803  5  0  3.71907
72  3  0  5.12372
316  5  0  5.21496
560  6  0  5.32777
804  5  0  5.37359
73  3  0  6.14276
317  5  0  6.30623
561  6  0  7.57948
805  5  0  177.071
74  3  0  7.42711
318  5  0  7.42707
562  1  0  -3.25593
806  5  0  -13.4981
75  3  0  8.85177
319  5  0  8.85186
563  1  0  8.85272
807  5  0  8.85359
76  3  0  9.9899
320  5  0  9.9899
564  1  0  9.98994
808  5  0  9.98998
77  3  0  11.1138
321  5  0  11.1138
565  1  0  11.1137
809  5  0  11.1135
78  3  0  12.2889
322  5  0  12.2889
566  1  0  12.289
810  5  0  12.2891
79  3  0  13.4379
323  5  0  13.4378
567  1  0  13.4375
811  5  0  13.4372
80  3  0  14.7067
324  5  0  14.7068
568  1  0  14.7073
812  5  0  14.7079
81  3  0  15.7756
325  5  0  15.7755
569  1  0  15.7744
813  5  0  15.7734
82  3  0  17.1983
326  5  0  17.1983
570  1  0  17.1989
814  5  0  17.1996
83  3  0  18.4228
327  5  0  18.4227
571  1  0  18.4218
815  5  0  18.421
84  3  0  19.9125
328  5  0  19.9126
572  1  0  19.9131
816  5  0  19.9137
85  3  0  21.2317
329  5  0  21.2317
573  1  0  21.2311
817  5  0  21.2306
86  3  0  22.7093
330  5  0  22.7093
574  1  0  22.7098
818  5  0  22.7102
87  3  0  24.0472
331  5  0  24.0471
575  1  0  24.0467
819  5  0  24.0463
88  3  0  25.5131
332  5  0  25.5128
576  1  0  4.28044
820  5  0  -12.5391
89  3  0  27.7394
333  5  0  27.7397
577  4  0  27.7401
821  5  0  27.7405
90  3  0  29.3817
334  5  0  29.3814
578  4  0  29.3809
822  5  0  29.3803
91  3  0  31.7555
335  5  0  31.7553
579  4  0  31.755
823  5  0  31.7547
92  3  0  34.4597
336  5  0  34.4595
580  4  0  34.4593
824  5  0  34.459
93  3  0  37.4417
337  5  0  37.4412
581  4  0  37.4405
825  5  0  37.4397
94  3  0  41.0561
338  5  0  41.0554
582  4  0  41.0545
826  5  0  41.0535
95  3  0  45.3777
339  5  0  45.3773
583  4  0  45.3767
827  5  0  45.376
96  3  0  50.0883
340  5  0  50.0848
584  4  0  50.0796
828  5  0  50.0744
97  3  0  57.2665
341  5  0  57.2585
585  4  0  57.2461
829  5  0  57.2335
98  3  0  68.2422
342  5  0  68.2342
586  4  0  68.222
830  5  0  68.2092
99  3  0  81.9651
343  5  0  81.9553
587  4  0  81.9401
831  5  0  81.9241
100  3  0  98.4578
344  5  0  98.4916
588  4  0  98.5446
832  5  0  98.6004
101  3  0  116.558
345  5  0  116.542
589  4  0  116.518
833  5  0  116.491
102  3  0  127.921
346  5  0  127.932
590  4  0  127.948
834  5  0  127.965
103  3  0  134.306
347  5  0  134.308
591  4  0  134.311
835  5  0  134.314
104  3  0  139.116
348  5  0  139.117
592  4  0  139.119
836  5  0  139.122
105  3  0  142.445
349  5  0  142.445
593  4  0  142.446
837  5  0  142.447
106  3  0  145.038
350  5  0  145.038
594  4  0  145.038
838  5  0  145.038
107  3  0  147.734
351  5  0  147.734
595  4  0  147.735
839  5  0  147.735
108  3  0  149.891
352  5  0  149.891
596  4  0  149.891
840  5  0  149.892
109  3  0  151.597
353  5  0  151.597
597  4  0  151.597
841  5  0  151.598
110  3  0  153.181
354  5  0  153.181
598  4  0  153.18
842  5  0  153.18
111  3  0  155.119
355  5  0  155.119
599  1  0  176.323
843  5  0  -166.876
112  3  0  156.571
356  5  0  156.571
600  1  0  156.571
844  5  0  156.571
113  3  0  157.925
357  5  0  157.925
601  1  0  157.926
845  5  0  157.927
114  3  0  158.966
358  5  0  158.966
602  1  0  158.965
846  5  0  158.965
115  3  0  160.106
359  5  0  160.106
603  1  0  160.106
847  5  0  160.105
116  3  0  161.454
360  5  0  161.454
604  1  0  161.455
848  5  0  161.457
117  3  0  162.289
361  5  0  162.289
605  1  0  162.289
849  5  0  162.288
118  3  0  163.357
362  5  0  163.357
606  1  0  163.357
850  5  0  163.356
119  3  0  164.47
363  5  0  164.47
607  1  0  164.47
851  5  0  164.47
120  3  0  165.552
364  5  0  165.552
608  1  0  165.552
852  5  0  165.552
121  3  0  166.54
365  5  0  166.54
609  1  0  166.541
853  5  0  166.541
122  3  0  167.267
366  5  0  167.267
610  1  0  167.267
854  5  0  167.266
123  3  0  168.056
367  5  0  168.056
611  1  0  168.056
855  5  0  168.055
124  3  0  169.072
368  5  0  169.072
612  1  0  169.072
856  5  0  169.072
125  3  0  170.212
369  5  0  170.212
613  1  0  170.212
857  5  0  170.213
126  3  0  171.059
370  5  0  170.874
614  6  0  -139.767
858  5  0  -75.7701
127  3  0  172.113
371  5  0  172.014
615  6  0  171.892
859  5  0  171.844
128  3  0  172.843
372  5  0  172.843
616  6  0  172.843
860  5  0  172.842
129  3  0  173.69
373  5  0  173.69
617  6  0  173.69
861  5  0  173.69
130  3  0  174.545
374  5  0  174.545
618  6  0  174.545
862  5  0  174.545
131  3  0  175.381
375  5  0  175.381
619  6  0  175.381
863  5  0  175.38
132  3  0  176.24
376  5  0  176.24
620  6  0  176.239
864  5  0  176.239
133  3  0  177.211
377  5  0  177.211
621  6  0  177.211
865  5  0  177.212
134  3  0  178.051
378  5  0  178.051
622  6  0  178.051
866  5  0  178.052
135  3  0  178.84
379  5  0  178.84
623  6  0  178.84
867  5  0  178.84
136  3  0  179.612
380  5  0  179.612
624  6  0  179.611
868  5  0  179.611
137  3  0  -179.454
381  5  0  -179.454
625  6  0  -179.455
869  5  0  -179.455
138  3  0  -178.372
382  5  0  -178.372
626  6  0  -178.371
870  5  0  -178.369
139  3  0  -177.797
383  5  0  -177.797
627  6  0  -177.797
871  5  0  -177.797
140  3  0  -177.343
384  5  0  -177.343
628  6  0  -177.344
872  5  0  -177.345
141  3  0  -176.44
385  5  0  -176.44
629  6  0  -176.439
873  5  0  -176.439
142  3  0  -175.839
386  5  0  -175.839
630  6  0  -175.839
874  5  0  -175.839
143  3  0  -175.366
387  5  0  -175.366
631  6  0  -175.366
875  5  0  -175.366
144  3  0  -174.915
388  5  0  -174.915
632  6  0  -174.916
876  5  0  -174.916
145  3  0  -174.203
389  5  0  -174.264
633  6  0  -174.489
877  5  0  -174.845
146  3  0  -173.823
390  5  0  -173.857
634  6  0  178.438
878  5  0  172.31
147  3  0  -173.363
391  5  0  -173.363
635  1  0  -173.363
879  5  0  -173.363
148  3  0  -172.835
392  5  0  -172.835
636  1  0  -172.835
880  5  0  -172.835
149  3  0  -172.274
393  5  0  -172.274
637  1  0  -172.274
881  5  0  -172.273
150  3  0  -172.045
394  5  0  -172.045
638  1  0  -172.045
882  5  0  -172.046
151  3  0  -171.65
395  5  0  -171.65
639  1  0  -171.65
883  5  0  -171.65
152  3  0  -171.322
396  5  0  -171.322
640  1  0  -171.322
884  5  0  -171.322
153  3  0  -171.108
397  5  0  -171.108
641  1  0  -171.108
885  5  0  -171.108
154  3  0  -170.614
398  5  0  -170.614
642  1  0  -170.614
886  5  0  -170.613
155  3  0  -170.369
399  5  0  -170.369
643  1  0  -170.369
887  5  0  -170.369
156  3  0  -170.183
400  5  0  -170.183
644  1  0  -170.183
888  5  0  -170.183
157  3  0  -169.839
401  5  0  -169.839
645  1  0  -169.839
889  5  0  -169.839
158  3  0  -169.603
402  5  0  -169.603
646  1  0  -169.603
890  5  0  -169.603
159  3  0  -169.45
403  5  0  -169.45
647  1  0  -169.45
891  5  0  -169.45
160  3  0  -169.328
404  5  0  -169.328
648  1  0  -169.328
892  5  0  -169.329
161  3  0  -168.867
405  5  0  -168.867
649  1  0  -168.867
893  5  0  -168.867
162  3  0  -168.692
406  5  0  -168.692
650  1  0  -168.692
894  5  0  -168.692
163  3  0  -168.513
407  5  0  -168.513
651  1  0  -168.514
895  5  0  -168.514
164  3  0  -168.166
408  5  0  -168.166
652  1  0  -168.166
896  5  0  -168.166
165  3  0  -168.069
409  5  0  -168.069
653  1  0  -168.069
897  5  0  -168.069
166  3  0  -167.952
410  5  0  -167.952
654  1  0  -167.952
898  5  0  -167.952
167  3  0  -167.822
411  5  0  -167.822
655  1  0  -167.822
899  5  0  -167.822
168  3  0  -167.664
412  5  0  -167.664
656  1  0  -167.664
900  5  0  -167.664
169  3  0  -167.484
413  5  0  -167.484
657  1  0  -167.484
901  5  0  -167.484
170  3  0  -167.385
414  5  0  -167.385
658  1  0  -167.385
902  5  0  -167.385
171  3  0  -167.3
415  5  0  -167.3
659  1  0  -167.3
903  5  0  -167.3
172  3  0  -167.199
416  5  0  -167.199
660  1  0  -167.199
904  5  0  -167.199
173  3  0  -167.099
417  5  0  -167.099
661  1  0  -167.099
905  5  0  -167.099
174  3  0  -167.021
418  5  0  -167.021
662  1  0  -167.021
906  5  0  -167.021
175  3  0  -166.917
419  5  0  -166.917
663  1  0  -166.917
907  5  0  -166.917
176  3  0  -166.828
420  5  0  -166.828
664  1  0  -166.828
908  5  0  -166.828
177  3  0  -166.747
421  5  0  -166.747
665  1  0  -166.747
909  5  0  -166.747
178  3  0  -166.629
422  5  0  -166.629
666  1  0  -166.629
910  5  0  -166.629
179  3  0  -166.568
423  5  0  -166.568
667  1  0  -166.568
911  5  0  -166.568
180  3  0  -166.465
424  5  0  -166.465
668  1  0  -166.465
912  5  0  -166.465
181  3  0  -166.377
425  5  0  -166.377
669  1  0  -166.377
913  5  0  -166.377
182  3  0  -166.357
426  5  0  -166.357
670  1  0  -166.357
914  5  0  -166.357
183  3  0  -166.215
427  5  0  -166.215
671  1  0  -166.215
915  5  0  -166.215
184  3  0  -166.112
428  5  0  -166.112
672  1  0  -166.112
916  5  0  -166.112
185  3  0  -166.152
429  5  0  -166.152
673  1  0  -166.152
917  5  0  -166.152
186  3  0  -166.138
430  5  0  -166.138
674  1  0  -166.138
918  5  0  -166.138
187  3  0  -166.076
431  5  0  -166.076
675  1  0  -166.076
919  5  0  -166.076
188  3  0  -165.987
432  5  0  -165.987
676  1  0  -165.987
920  5  0  -165.987
189  3  0  -165.935
433  5  0  -165.935
677  1  0  176.655
921  5  0  161.967
190  3  0  -165.982
434  5  0  -165.982
678  4  0  -165.982
922  5  0  -165.982
191  3  0  -165.994
435  5  0  -165.994
679  4  0  -165.994
923  5  0  -165.994
192  3  0  -165.68
436  5  0  -165.68
680  4  0  -165.68
924  5  0  -165.68
193  3  0  -165.878
437  5  0  -165.878
681  4  0  -165.878
925  5  0  -165.878
194  3  0  -165.62
438  5  0  -165.62
682  4  0  -165.62
926  5  0  -165.62
195  3  0  -165.451
439  5  0  -165.451
683  4  0  -165.451
927  5  0  -165.451
196  3  0  -165.387
440  5  0  -165.387
684  4  0  -165.388
928  5  0  -165.388
197  3  0  -164.987
441  5  0  -164.987
685  4  0  -164.987
929  5  0  -164.987
198  3  0  -164.481
442  5  0  -164.608
686  4  0  -164.808
930  5  0  -165.018
199  3  0  -131.881
443  5  0  -131.777
687  4  0  -131.549
931  5  0  -131.144
200  2  0  -89.9139
444  1  0  -89.9139
688  1  0  -89.9139
932  2  0  90.0861
201  2  0  -89.9139
445  1  0  -89.9139
689  1  0  -89.9139
933  2  0  -89.9139
202  2  0  -89.9139
446  1  0  -89.9139
690  1  0  -89.9139
934  2  0  -89.9139
203  2  0  -89.9139
447  1  0  -89.9139
691  1  0  -89.9139
935  2  0  -89.9139
204  2  0  -89.9139
448  1  0  -89.9139
692  1  0  -89.9139
936  2  0  -89.9139
205  2  0  -89.9139
449  1  0  -89.9139
693  1  0  -89.9139
937  2  0  -89.9139
206  2  0  -89.9139
450  1  0  -89.9139
694  1  0  -89.9139
938  2  0  -89.9139
207  2  0  -89.9139
451  1  0  -89.9139
695  1  0  -89.9139
939  2  0  -89.9139
208  2  0  -89.9139
452  1  0  -89.9139
696  1  0  -89.9139
940  2  0  -89.9139
209  2  0  -89.9139
453  1  0  -89.9139
697  1  0  -89.9139
941  2  0  -89.9139
210  2  0  -89.9139
454  1  0  -89.9139
698  1  0  -89.9139
942  2  0  -89.9139
211  2  0  -89.9139
455  1  0  -89.9139
699  1  0  -89.9139
943  2  0  -89.9139
212  2  0  -89.9139
456  1  0  -89.9139
700  1  0  -89.9139
944  2  0  -89.9139
213  2  0  -89.9139
457  1  0  -89.9139
701  1  0  -89.9139
945  2  0  -89.9139
214  2  0  -89.9139
458  1  0  -89.9139
702  1  0  -89.9139
946  2  0  -89.9139
215  2  0  -89.9139
459  1  0  -89.9139
703  1  0  -89.9139
947  2  0  -89.9139
216  2  0  -89.9139
460  1  0  -89.9139
704  1  0  -89.9139
948  2  0  -89.9139
217  2  0  -89.9139
461  1  0  -89.9139
705  1  0  -89.9139
949  2  0  -89.9139
218  2  0  -89.9139
462  1  0  -89.9139
706  1  0  -89.9139
950  2  0  -89.9139
219  2  0  -89.9139
463  1  0  -89.9139
707  1  0  -89.9139
951  2  0  -89.9139
220  2  0  -89.9139
464  1  0  -89.9139
708  1  0  -89.9139
952  2  0  -89.9139
221  2  0  -89.9139
465  1  0  -89.9139
709  1  0  -89.9139
953  2  0  90.0861
222  2  0  -90.1426
466  1  0  -90.1426
710  1  0  -90.1426
954  2  0  89.8574
223  2  0  -90.1426
467  1  0  -90.1426
711  1  0  -90.1426
955  2  0  -90.1426
224  2  0  -90.1426
468  1  0  -90.1426
712  1  0  -90.1426
956  2  0  -90.1426
225  2  0  -90.1426
469  1  0  -90.1426
713  1  0  -90.1426
957  2  0  -90.1426
226  2  0  -90.1426
470  1  0  -90.1426
714  1  0  -90.1426
958  2  0  -90.1426
227  2  0  -90.1426
471  1  0  -90.1426
715  1  0  -90.1426
959  2  0  -90.1426
228  2  0  -90.1426
472  1  0  -90.1426
716  1  0  -90.1426
960  2  0  -90.1426
229  2  0  -90.1426
473  1  0  -90.1426
717  1  0  -90.1426
961  2  0  -90.1426
230  2  0  -90.1426
474  1  0  -90.1426
718  1  0  -90.1426
962  2  0  -90.1426
231  2  0  -90.1426
475  1  0  -90.1426
719  1  0  -90.1426
963  2  0  -90.1426
232  2  0  -90.1426
476  1  0  -90.1426
720  1  0  -90.1426
964  2  0  -90.1426
233  2  0  -90.1426
477  1  0  -90.1426
721  1  0  -90.1426
965  2  0  -90.1426
234  2  0  -90.1426
478  1  0  -90.1426
722  1  0  -90.1426
966  2  0  -90.1426
235  2  0  -90.1426
479  1  0  -90.1426
723  1  0  -90.1426
967  2  0  -90.1426
236  2  0  -90.1426
480  1  0  -90.1426
724  1  0  -90.1426
968  2  0  -90.1426
237  2  0  -90.1426
481  1  0  -90.1426
725  1  0  -90.1426
969  2  0  -90.1426
238  2  0  -90.1426
482  1  0  -90.1426
726  1  0  -90.1426
970  2  0  -90.1426
239  2  0  -90.1426
483  1  0  -90.1426
727  1  0  -90.1426
971  2  0  -90.1426
240  2  0  -90.1426
484  1  0  -90.1426
728  1  0  -90.1426
972  2  0  -90.1426
241  2  0  -90.1426
485  1  0  -90.1426
729  1  0  -90.1426
973  2  0  -90.1426
242  2  0  -90.1426
486  1  0  -90.1426
730  1  0  -90.1426
974  2  0  -90.1426
243  2  0  -90.1426
487  1  0  -90.1426
731  1  0  -90.1426
975  2  0  -90.1426
244  2  0  -90.1426
488  1  0  -90.1426
732  1  0  -90.1426
976  2  0  89.8574
