1  2610  2609  1  2  0  0  0  0
307  5218  5217  2609  2610  0  0  0  0
613  7826  7825  5217  5218  0  0  0  0
919  10434  10433  7825  7826  0  0  0  0
2  2611  2610  2  3  0  0  0  0
308  5219  5218  2610  2611  0  0  0  0
614  7827  7826  5218  5219  0  0  0  0
920  10435  10434  7826  7827  0  0  0  0
3  2612  2611  3  4  0  0  0  0
309  5220  5219  2611  2612  0  0  0  0
615  7828  7827  5219  5220  0  0  0  0
921  10436  10435  7827  7828  0  0  0  0
4  2613  2612  4  5  0  0  0  0
310  5221  5220  2612  2613  0  0  0  0
616  7829  7828  5220  5221  0  0  0  0
922  10437  10436  7828  7829  0  0  0  0
5  2614  2613  5  6  0  0  0  0
311  5222  5221  2613  2614  0  0  0  0
617  7830  7829  5221  5222  0  0  0  0
923  10438  10437  7829  7830  0  0  0  0
6  2615  2614  6  7  0  0  0  0
312  5223  5222  2614  2615  0  0  0  0
618  7831  7830  5222  5223  0  0  0  0
924  10439  10438  7830  7831  0  0  0  0
7  2616  2615  7  8  0  0  0  0
313  5224  5223  2615  2616  0  0  0  0
619  7832  7831  5223  5224  0  0  0  0
925  10440  10439  7831  7832  0  0  0  0
8  2617  2616  8  9  0  0  0  0
314  5225  5224  2616  2617  0  0  0  0
620  7833  7832  5224  5225  0  0  0  0
926  10441  10440  7832  7833  0  0  0  0
9  2618  2617  9  10  0  0  0  0
315  5226  5225  2617  2618  0  0  0  0
621  7834  7833  5225  5226  0  0  0  0
927  10442  10441  7833  7834  0  0  0  0
10  2619  2618  10  11  0  0  0  0
316  5227  5226  2618  2619  0  0  0  0
622  7835  7834  5226  5227  0  0  0  0
928  10443  10442  7834  7835  0  0  0  0
11  2620  2619  11  12  0  0  0  0
317  5228  5227  2619  2620  0  0  0  0
623  7836  7835  5227  5228  0  0  0  0
929  10444  10443  7835  7836  0  0  0  0
12  2621  2620  12  13  0  0  0  0
318  5229  5228  2620  2621  0  0  0  0
624  7837  7836  5228  5229  0  0  0  0
930  10445  10444  7836  7837  0  0  0  0
13  2622  2621  13  14  0  0  0  0
319  5230  5229  2621  2622  0  0  0  0
625  7838  7837  5229  5230  0  0  0  0
931  10446  10445  7837  7838  0  0  0  0
14  2623  2622  14  15  0  0  0  0
320  5231  5230  2622  2623  0  0  0  0
626  7839  7838  5230  5231  0  0  0  0
932  10447  10446  7838  7839  0  0  0  0
15  2624  2623  15  16  0  0  0  0
321  5232  5231  2623  2624  0  0  0  0
627  7840  7839  5231  5232  0  0  0  0
933  10448  10447  7839  7840  0  0  0  0
16  2625  2624  16  17  0  0  0  0
322  5233  5232  2624  2625  0  0  0  0
628  7841  7840  5232  5233  0  0  0  0
934  10449  10448  7840  7841  0  0  0  0
17  2626  2625  17  18  0  0  0  0
323  5234  5233  2625  2626  0  0  0  0
629  7842  7841  5233  5234  0  0  0  0
935  10450  10449  7841  7842  0  0  0  0
18  2627  2626  18  19  0  0  0  0
324  5235  5234  2626  2627  0  0  0  0
630  7843  7842  5234  5235  0  0  0  0
936  10451  10450  7842  7843  0  0  0  0
19  2628  2627  19  20  0  0  0  0
325  5236  5235  2627  2628  0  0  0  0
631  7844  7843  5235  5236  0  0  0  0
937  10452  10451  7843  7844  0  0  0  0
20  2629  2628  20  21  0  0  0  0
326  5237  5236  2628  2629  0  0  0  0
632  7845  7844  5236  5237  0  0  0  0
938  10453  10452  7844  7845  0  0  0  0
21  2630  2629  21  22  0  0  0  0
327  5238  5237  2629  2630  0  0  0  0
633  7846  7845  5237  5238  0  0  0  0
939  10454  10453  7845  7846  0  0  0  0
22  2631  2630  22  23  0  0  0  0
328  5239  5238  2630  2631  0  0  0  0
634  7847  7846  5238  5239  0  0  0  0
940  10455  10454  7846  7847  0  0  0  0
23  2632  2631  23  24  0  0  0  0
329  5240  5239  2631  2632  0  0  0  0
635  7848  7847  5239  5240  0  0  0  0
941  10456  10455  7847  7848  0  0  0  0
24  2633  2632  24  25  0  0  0  0
330  5241  5240  2632  2633  0  0  0  0
636  7849  7848  5240  5241  0  0  0  0
942  10457  10456  7848  7849  0  0  0  0
25  2634  2633  25  26  0  0  0  0
331  5242  5241  2633  2634  0  0  0  0
637  7850  7849  5241  5242  0  0  0  0
943  10458  10457  7849  7850  0  0  0  0
26  2635  2634  26  27  0  0  0  0
332  5243  5242  2634  2635  0  0  0  0
638  7851  7850  5242  5243  0  0  0  0
944  10459  10458  7850  7851  0  0  0  0
27  2636  2635  27  28  0  0  0  0
333  5244  5243  2635  2636  0  0  0  0
639  7852  7851  5243  5244  0  0  0  0
945  10460  10459  7851  7852  0  0  0  0
28  2637  2636  28  29  0  0  0  0
334  5245  5244  2636  2637  0  0  0  0
640  7853  7852  5244  5245  0  0  0  0
946  10461  10460  7852  7853  0  0  0  0
29  2638  2637  29  30  0  0  0  0
335  5246  5245  2637  2638  0  0  0  0
641  7854  7853  5245  5246  0  0  0  0
947  10462  10461  7853  7854  0  0  0  0
30  2639  2638  30  31  0  0  0  0
336  5247  5246  2638  2639  0  0  0  0
642  7855  7854  5246  5247  0  0  0  0
948  10463  10462  7854  7855  0  0  0  0
31  2640  2639  31  32  0  0  0  0
337  5248  5247  2639  2640  0  0  0  0
643  7856  7855  5247  5248  0  0  0  0
949  10464  10463  7855  7856  0  0  0  0
32  2641  2640  32  33  0  0  0  0
338  5249  5248  2640  2641  0  0  0  0
644  7857  7856  5248  5249  0  0  0  0
950  10465  10464  7856  7857  0  0  0  0
33  2642  2641  33  34  0  0  0  0
339  5250  5249  2641  2642  0  0  0  0
645  7858  7857  5249  5250  0  0  0  0
951  10466  10465  7857  7858  0  0  0  0
34  2643  2642  34  35  0  0  0  0
340  5251  5250  2642  2643  0  0  0  0
646  7859  7858  5250  5251  0  0  0  0
952  10467  10466  7858  7859  0  0  0  0
35  2644  2643  35  36  0  0  0  0
341  5252  5251  2643  2644  0  0  0  0
647  7860  7859  5251  5252  0  0  0  0
953  10468  10467  7859  7860  0  0  0  0
36  2645  2644  36  37  0  0  0  0
342  5253  5252  2644  2645  0  0  0  0
648  7861  7860  5252  5253  0  0  0  0
954  10469  10468  7860  7861  0  0  0  0
37  2646  2645  37  38  0  0  0  0
343  5254  5253  2645  2646  0  0  0  0
649  7862  7861  5253  5254  0  0  0  0
955  10470  10469  7861  7862  0  0  0  0
38  2647  2646  38  39  0  0  0  0
344  5255  5254  2646  2647  0  0  0  0
650  7863  7862  5254  5255  0  0  0  0
956  10471  10470  7862  7863  0  0  0  0
39  2648  2647  39  40  0  0  0  0
345  5256  5255  2647  2648  0  0  0  0
651  7864  7863  5255  5256  0  0  0  0
957  10472  10471  7863  7864  0  0  0  0
40  2649  2648  40  41  0  0  0  0
346  5257  5256  2648  2649  0  0  0  0
652  7865  7864  5256  5257  0  0  0  0
958  10473  10472  7864  7865  0  0  0  0
41  2650  2649  41  42  0  0  0  0
347  5258  5257  2649  2650  0  0  0  0
653  7866  7865  5257  5258  0  0  0  0
959  10474  10473  7865  7866  0  0  0  0
42  2651  2650  42  43  0  0  0  0
348  5259  5258  2650  2651  0  0  0  0
654  7867  7866  5258  5259  0  0  0  0
960  10475  10474  7866  7867  0  0  0  0
43  2652  2651  43  44  0  0  0  0
349  5260  5259  2651  2652  0  0  0  0
655  7868  7867  5259  5260  0  0  0  0
961  10476  10475  7867  7868  0  0  0  0
44  2653  2652  44  45  0  0  0  0
350  5261  5260  2652  2653  0  0  0  0
656  7869  7868  5260  5261  0  0  0  0
962  10477  10476  7868  7869  0  0  0  0
45  2654  2653  45  46  0  0  0  0
351  5262  5261  2653  2654  0  0  0  0
657  7870  7869  5261  5262  0  0  0  0
963  10478  10477  7869  7870  0  0  0  0
46  2655  2654  46  47  0  0  0  0
352  5263  5262  2654  2655  0  0  0  0
658  7871  7870  5262  5263  0  0  0  0
964  10479  10478  7870  7871  0  0  0  0
47  2656  2655  47  48  0  0  0  0
353  5264  5263  2655  2656  0  0  0  0
659  7872  7871  5263  5264  0  0  0  0
965  10480  10479  7871  7872  0  0  0  0
48  2657  2656  48  49  0  0  0  0
354  5265  5264  2656  2657  0  0  0  0
660  7873  7872  5264  5265  0  0  0  0
966  10481  10480  7872  7873  0  0  0  0
49  2658  2657  49  50  0  0  0  0
355  5266  5265  2657  2658  0  0  0  0
661  7874  7873  5265  5266  0  0  0  0
967  10482  10481  7873  7874  0  0  0  0
50  2659  2658  50  51  0  0  0  0
356  5267  5266  2658  2659  0  0  0  0
662  7875  7874  5266  5267  0  0  0  0
968  10483  10482  7874  7875  0  0  0  0
51  2660  2659  51  52  0  0  0  0
357  5268  5267  2659  2660  0  0  0  0
663  7876  7875  5267  5268  0  0  0  0
969  10484  10483  7875  7876  0  0  0  0
52  2661  2660  52  53  0  0  0  0
358  5269  5268  2660  2661  0  0  0  0
664  7877  7876  5268  5269  0  0  0  0
970  10485  10484  7876  7877  0  0  0  0
53  2662  2661  53  54  0  0  0  0
359  5270  5269  2661  2662  0  0  0  0
665  7878  7877  5269  5270  0  0  0  0
971  10486  10485  7877  7878  0  0  0  0
54  2663  2662  54  55  0  0  0  0
360  5271  5270  2662  2663  0  0  0  0
666  7879  7878  5270  5271  0  0  0  0
972  10487  10486  7878  7879  0  0  0  0
55  2664  2663  55  56  0  0  0  0
361  5272  5271  2663  2664  0  0  0  0
667  7880  7879  5271  5272  0  0  0  0
973  10488  10487  7879  7880  0  0  0  0
56  2665  2664  56  57  0  0  0  0
362  5273  5272  2664  2665  0  0  0  0
668  7881  7880  5272  5273  0  0  0  0
974  10489  10488  7880  7881  0  0  0  0
57  2666  2665  57  58  0  0  0  0
363  5274  5273  2665  2666  0  0  0  0
669  7882  7881  5273  5274  0  0  0  0
975  10490  10489  7881  7882  0  0  0  0
58  2667  2666  58  59  0  0  0  0
364  5275  5274  2666  2667  0  0  0  0
670  7883  7882  5274  5275  0  0  0  0
976  10491  10490  7882  7883  0  0  0  0
59  2668  2667  59  60  0  0  0  0
365  5276  5275  2667  2668  0  0  0  0
671  7884  7883  5275  5276  0  0  0  0
977  10492  10491  7883  7884  0  0  0  0
60  2669  2668  60  61  0  0  0  0
366  5277  5276  2668  2669  0  0  0  0
672  7885  7884  5276  5277  0  0  0  0
978  10493  10492  7884  7885  0  0  0  0
61  2670  2669  61  62  0  0  0  0
367  5278  5277  2669  2670  0  0  0  0
673  7886  7885  5277  5278  0  0  0  0
979  10494  10493  7885  7886  0  0  0  0
62  2671  2670  62  63  0  0  0  0
368  5279  5278  2670  2671  0  0  0  0
674  7887  7886  5278  5279  0  0  0  0
980  10495  10494  7886  7887  0  0  0  0
63  2672  2671  63  64  0  0  0  0
369  5280  5279  2671  2672  0  0  0  0
675  7888  7887  5279  5280  0  0  0  0
981  10496  10495  7887  7888  0  0  0  0
64  2673  2672  64  65  0  0  0  0
370  5281  5280  2672  2673  0  0  0  0
676  7889  7888  5280  5281  0  0  0  0
982  10497  10496  7888  7889  0  0  0  0
65  2674  2673  65  66  0  0  0  0
371  5282  5281  2673  2674  0  0  0  0
677  7890  7889  5281  5282  0  0  0  0
983  10498  10497  7889  7890  0  0  0  0
66  2675  2674  66  67  0  0  0  0
372  5283  5282  2674  2675  0  0  0  0
678  7891  7890  5282  5283  0  0  0  0
984  10499  10498  7890  7891  0  0  0  0
67  2676  2675  67  68  0  0  0  0
373  5284  5283  2675  2676  0  0  0  0
679  7892  7891  5283  5284  0  0  0  0
985  10500  10499  7891  7892  0  0  0  0
68  2677  2676  68  69  0  0  0  0
374  5285  5284  2676  2677  0  0  0  0
680  7893  7892  5284  5285  0  0  0  0
986  10501  10500  7892  7893  0  0  0  0
69  2678  2677  69  70  0  0  0  0
375  5286  5285  2677  2678  0  0  0  0
681  7894  7893  5285  5286  0  0  0  0
987  10502  10501  7893  7894  0  0  0  0
70  2679  2678  70  71  0  0  0  0
376  5287  5286  2678  2679  0  0  0  0
682  7895  7894  5286  5287  0  0  0  0
988  10503  10502  7894  7895  0  0  0  0
71  2680  2679  71  72  0  0  0  0
377  5288  5287  2679  2680  0  0  0  0
683  7896  7895  5287  5288  0  0  0  0
989  10504  10503  7895  7896  0  0  0  0
72  2681  2680  72  73  0  0  0  0
378  5289  5288  2680  2681  0  0  0  0
684  7897  7896  5288  5289  0  0  0  0
990  10505  10504  7896  7897  0  0  0  0
73  2682  2681  73  74  0  0  0  0
379  5290  5289  2681  2682  0  0  0  0
685  7898  7897  5289  5290  0  0  0  0
991  10506  10505  7897  7898  0  0  0  0
74  2683  2682  74  75  0  0  0  0
380  5291  5290  2682  2683  0  0  0  0
686  7899  7898  5290  5291  0  0  0  0
992  10507  10506  7898  7899  0  0  0  0
75  2684  2683  75  76  0  0  0  0
381  5292  5291  2683  2684  0  0  0  0
687  7900  7899  5291  5292  0  0  0  0
993  10508  10507  7899  7900  0  0  0  0
76  2685  2684  76  77  0  0  0  0
382  5293  5292  2684  2685  0  0  0  0
688  7901  7900  5292  5293  0  0  0  0
994  10509  10508  7900  7901  0  0  0  0
77  2686  2685  77  78  0  0  0  0
383  5294  5293  2685  2686  0  0  0  0
689  7902  7901  5293  5294  0  0  0  0
995  10510  10509  7901  7902  0  0  0  0
78  2687  2686  78  79  0  0  0  0
384  5295  5294  2686  2687  0  0  0  0
690  7903  7902  5294  5295  0  0  0  0
996  10511  10510  7902  7903  0  0  0  0
79  2688  2687  79  80  0  0  0  0
385  5296  5295  2687  2688  0  0  0  0
691  7904  7903  5295  5296  0  0  0  0
997  10512  10511  7903  7904  0  0  0  0
80  2689  2688  80  81  0  0  0  0
386  5297  5296  2688  2689  0  0  0  0
692  7905  7904  5296  5297  0  0  0  0
998  10513  10512  7904  7905  0  0  0  0
81  2690  2689  81  82  0  0  0  0
387  5298  5297  2689  2690  0  0  0  0
693  7906  7905  5297  5298  0  0  0  0
999  10514  10513  7905  7906  0  0  0  0
82  2691  2690  82  83  0  0  0  0
388  5299  5298  2690  2691  0  0  0  0
694  7907  7906  5298  5299  0  0  0  0
1000  10515  10514  7906  7907  0  0  0  0
83  2692  2691  83  84  0  0  0  0
389  5300  5299  2691  2692  0  0  0  0
695  7908  7907  5299  5300  0  0  0  0
1001  10516  10515  7907  7908  0  0  0  0
84  2693  2692  84  85  0  0  0  0
390  5301  5300  2692  2693  0  0  0  0
696  7909  7908  5300  5301  0  0  0  0
1002  10517  10516  7908  7909  0  0  0  0
85  2694  2693  85  86  0  0  0  0
391  5302  5301  2693  2694  0  0  0  0
697  7910  7909  5301  5302  0  0  0  0
1003  10518  10517  7909  7910  0  0  0  0
86  2695  2694  86  87  0  0  0  0
392  5303  5302  2694  2695  0  0  0  0
698  7911  7910  5302  5303  0  0  0  0
1004  10519  10518  7910  7911  0  0  0  0
87  2696  2695  87  88  0  0  0  0
393  5304  5303  2695  2696  0  0  0  0
699  7912  7911  5303  5304  0  0  0  0
1005  10520  10519  7911  7912  0  0  0  0
88  2697  2696  88  89  0  0  0  0
394  5305  5304  2696  2697  0  0  0  0
700  7913  7912  5304  5305  0  0  0  0
1006  10521  10520  7912  7913  0  0  0  0
89  2698  2697  89  90  0  0  0  0
395  5306  5305  2697  2698  0  0  0  0
701  7914  7913  5305  5306  0  0  0  0
1007  10522  10521  7913  7914  0  0  0  0
90  2699  2698  90  91  0  0  0  0
396  5307  5306  2698  2699  0  0  0  0
702  7915  7914  5306  5307  0  0  0  0
1008  10523  10522  7914  7915  0  0  0  0
91  2700  2699  91  92  0  0  0  0
397  5308  5307  2699  2700  0  0  0  0
703  7916  7915  5307  5308  0  0  0  0
1009  10524  10523  7915  7916  0  0  0  0
92  2701  2700  92  93  0  0  0  0
398  5309  5308  2700  2701  0  0  0  0
704  7917  7916  5308  5309  0  0  0  0
1010  10525  10524  7916  7917  0  0  0  0
93  2702  2701  93  94  0  0  0  0
399  5310  5309  2701  2702  0  0  0  0
705  7918  7917  5309  5310  0  0  0  0
1011  10526  10525  7917  7918  0  0  0  0
94  2703  2702  94  95  0  0  0  0
400  5311  5310  2702  2703  0  0  0  0
706  7919  7918  5310  5311  0  0  0  0
1012  10527  10526  7918  7919  0  0  0  0
95  2704  2703  95  96  0  0  0  0
401  5312  5311  2703  2704  0  0  0  0
707  7920  7919  5311  5312  0  0  0  0
1013  10528  10527  7919  7920  0  0  0  0
96  2705  2704  96  97  0  0  0  0
402  5313  5312  2704  2705  0  0  0  0
708  7921  7920  5312  5313  0  0  0  0
1014  10529  10528  7920  7921  0  0  0  0
97  2706  2705  97  98  0  0  0  0
403  5314  5313  2705  2706  0  0  0  0
709  7922  7921  5313  5314  0  0  0  0
1015  10530  10529  7921  7922  0  0  0  0
98  2707  2706  98  99  0  0  0  0
404  5315  5314  2706  2707  0  0  0  0
710  7923  7922  5314  5315  0  0  0  0
1016  10531  10530  7922  7923  0  0  0  0
99  2708  2707  99  100  0  0  0  0
405  5316  5315  2707  2708  0  0  0  0
711  7924  7923  5315  5316  0  0  0  0
1017  10532  10531  7923  7924  0  0  0  0
100  2709  2708  100  101  0  0  0  0
406  5317  5316  2708  2709  0  0  0  0
712  7925  7924  5316  5317  0  0  0  0
1018  10533  10532  7924  7925  0  0  0  0
101  2710  2709  101  102  0  0  0  0
407  5318  5317  2709  2710  0  0  0  0
713  7926  7925  5317  5318  0  0  0  0
1019  10534  10533  7925  7926  0  0  0  0
102  2711  2710  102  103  0  0  0  0
408  5319  5318  2710  2711  0  0  0  0
714  7927  7926  5318  5319  0  0  0  0
1020  10535  10534  7926  7927  0  0  0  0
103  2712  2711  103  104  0  0  0  0
409  5320  5319  2711  2712  0  0  0  0
715  7928  7927  5319  5320  0  0  0  0
1021  10536  10535  7927  7928  0  0  0  0
104  2713  2712  104  105  0  0  0  0
410  5321  5320  2712  2713  0  0  0  0
716  7929  7928  5320  5321  0  0  0  0
1022  10537  10536  7928  7929  0  0  0  0
105  2714  2713  105  106  0  0  0  0
411  5322  5321  2713  2714  0  0  0  0
717  7930  7929  5321  5322  0  0  0  0
1023  10538  10537  7929  7930  0  0  0  0
106  2715  2714  106  107  0  0  0  0
412  5323  5322  2714  2715  0  0  0  0
718  7931  7930  5322  5323  0  0  0  0
1024  10539  10538  7930  7931  0  0  0  0
107  2716  2715  107  108  0  0  0  0
413  5324  5323  2715  2716  0  0  0  0
719  7932  7931  5323  5324  0  0  0  0
1025  10540  10539  7931  7932  0  0  0  0
108  2717  2716  108  109  0  0  0  0
414  5325  5324  2716  2717  0  0  0  0
720  7933  7932  5324  5325  0  0  0  0
1026  10541  10540  7932  7933  0  0  0  0
109  2718  2717  109  110  0  0  0  0
415  5326  5325  2717  2718  0  0  0  0
721  7934  7933  5325  5326  0  0  0  0
1027  10542  10541  7933  7934  0  0  0  0
110  2719  2718  110  111  0  0  0  0
416  5327  5326  2718  2719  0  0  0  0
722  7935  7934  5326  5327  0  0  0  0
1028  10543  10542  7934  7935  0  0  0  0
111  2720  2719  111  112  0  0  0  0
417  5328  5327  2719  2720  0  0  0  0
723  7936  7935  5327  5328  0  0  0  0
1029  10544  10543  7935  7936  0  0  0  0
112  2721  2720  112  113  0  0  0  0
418  5329  5328  2720  2721  0  0  0  0
724  7937  7936  5328  5329  0  0  0  0
1030  10545  10544  7936  7937  0  0  0  0
113  2722  2721  113  114  0  0  0  0
419  5330  5329  2721  2722  0  0  0  0
725  7938  7937  5329  5330  0  0  0  0
1031  10546  10545  7937  7938  0  0  0  0
114  2723  2722  114  115  0  0  0  0
420  5331  5330  2722  2723  0  0  0  0
726  7939  7938  5330  5331  0  0  0  0
1032  10547  10546  7938  7939  0  0  0  0
115  2724  2723  115  116  0  0  0  0
421  5332  5331  2723  2724  0  0  0  0
727  7940  7939  5331  5332  0  0  0  0
1033  10548  10547  7939  7940  0  0  0  0
116  2725  2724  116  117  0  0  0  0
422  5333  5332  2724  2725  0  0  0  0
728  7941  7940  5332  5333  0  0  0  0
1034  10549  10548  7940  7941  0  0  0  0
117  2726  2725  117  118  0  0  0  0
423  5334  5333  2725  2726  0  0  0  0
729  7942  7941  5333  5334  0  0  0  0
1035  10550  10549  7941  7942  0  0  0  0
118  2727  2726  118  119  0  0  0  0
424  5335  5334  2726  2727  0  0  0  0
730  7943  7942  5334  5335  0  0  0  0
1036  10551  10550  7942  7943  0  0  0  0
119  2728  2727  119  120  0  0  0  0
425  5336  5335  2727  2728  0  0  0  0
731  7944  7943  5335  5336  0  0  0  0
1037  10552  10551  7943  7944  0  0  0  0
120  2729  2728  120  121  0  0  0  0
426  5337  5336  2728  2729  0  0  0  0
732  7945  7944  5336  5337  0  0  0  0
1038  10553  10552  7944  7945  0  0  0  0
121  2730  2729  121  122  0  0  0  0
427  5338  5337  2729  2730  0  0  0  0
733  7946  7945  5337  5338  0  0  0  0
1039  10554  10553  7945  7946  0  0  0  0
122  2731  2730  122  123  0  0  0  0
428  5339  5338  2730  2731  0  0  0  0
734  7947  7946  5338  5339  0  0  0  0
1040  10555  10554  7946  7947  0  0  0  0
123  2732  2731  123  124  0  0  0  0
429  5340  5339  2731  2732  0  0  0  0
735  7948  7947  5339  5340  0  0  0  0
1041  10556  10555  7947  7948  0  0  0  0
124  2733  2732  124  125  0  0  0  0
430  5341  5340  2732  2733  0  0  0  0
736  7949  7948  5340  5341  0  0  0  0
1042  10557  10556  7948  7949  0  0  0  0
125  2734  2733  125  126  0  0  0  0
431  5342  5341  2733  2734  0  0  0  0
737  7950  7949  5341  5342  0  0  0  0
1043  10558  10557  7949  7950  0  0  0  0
126  2735  2734  126  127  0  0  0  0
432  5343  5342  2734  2735  0  0  0  0
738  7951  7950  5342  5343  0  0  0  0
1044  10559  10558  7950  7951  0  0  0  0
127  2736  2735  127  128  0  0  0  0
433  5344  5343  2735  2736  0  0  0  0
739  7952  7951  5343  5344  0  0  0  0
1045  10560  10559  7951  7952  0  0  0  0
128  2737  2736  128  129  0  0  0  0
434  5345  5344  2736  2737  0  0  0  0
740  7953  7952  5344  5345  0  0  0  0
1046  10561  10560  7952  7953  0  0  0  0
129  2738  2737  129  130  0  0  0  0
435  5346  5345  2737  2738  0  0  0  0
741  7954  7953  5345  5346  0  0  0  0
1047  10562  10561  7953  7954  0  0  0  0
130  2739  2738  130  131  0  0  0  0
436  5347  5346  2738  2739  0  0  0  0
742  7955  7954  5346  5347  0  0  0  0
1048  10563  10562  7954  7955  0  0  0  0
131  2740  2739  131  132  0  0  0  0
437  5348  5347  2739  2740  0  0  0  0
743  7956  7955  5347  5348  0  0  0  0
1049  10564  10563  7955  7956  0  0  0  0
132  2741  2740  132  133  0  0  0  0
438  5349  5348  2740  2741  0  0  0  0
744  7957  7956  5348  5349  0  0  0  0
1050  10565  10564  7956  7957  0  0  0  0
133  2742  2741  133  134  0  0  0  0
439  5350  5349  2741  2742  0  0  0  0
745  7958  7957  5349  5350  0  0  0  0
1051  10566  10565  7957  7958  0  0  0  0
134  2743  2742  134  135  0  0  0  0
440  5351  5350  2742  2743  0  0  0  0
746  7959  7958  5350  5351  0  0  0  0
1052  10567  10566  7958  7959  0  0  0  0
135  2744  2743  135  136  0  0  0  0
441  5352  5351  2743  2744  0  0  0  0
747  7960  7959  5351  5352  0  0  0  0
1053  10568  10567  7959  7960  0  0  0  0
136  2745  2744  136  137  0  0  0  0
442  5353  5352  2744  2745  0  0  0  0
748  7961  7960  5352  5353  0  0  0  0
1054  10569  10568  7960  7961  0  0  0  0
137  2746  2745  137  138  0  0  0  0
443  5354  5353  2745  2746  0  0  0  0
749  7962  7961  5353  5354  0  0  0  0
1055  10570  10569  7961  7962  0  0  0  0
138  2747  2746  138  139  0  0  0  0
444  5355  5354  2746  2747  0  0  0  0
750  7963  7962  5354  5355  0  0  0  0
1056  10571  10570  7962  7963  0  0  0  0
139  2748  2747  139  140  0  0  0  0
445  5356  5355  2747  2748  0  0  0  0
751  7964  7963  5355  5356  0  0  0  0
1057  10572  10571  7963  7964  0  0  0  0
140  2749  2748  140  141  0  0  0  0
446  5357  5356  2748  2749  0  0  0  0
752  7965  7964  5356  5357  0  0  0  0
1058  10573  10572  7964  7965  0  0  0  0
141  2750  2749  141  142  0  0  0  0
447  5358  5357  2749  2750  0  0  0  0
753  7966  7965  5357  5358  0  0  0  0
1059  10574  10573  7965  7966  0  0  0  0
142  2751  2750  142  143  0  0  0  0
448  5359  5358  2750  2751  0  0  0  0
754  7967  7966  5358  5359  0  0  0  0
1060  10575  10574  7966  7967  0  0  0  0
143  2752  2751  143  144  0  0  0  0
449  5360  5359  2751  2752  0  0  0  0
755  7968  7967  5359  5360  0  0  0  0
1061  10576  10575  7967  7968  0  0  0  0
144  2753  2752  144  145  0  0  0  0
450  5361  5360  2752  2753  0  0  0  0
756  7969  7968  5360  5361  0  0  0  0
1062  10577  10576  7968  7969  0  0  0  0
145  2754  2753  145  146  0  0  0  0
451  5362  5361  2753  2754  0  0  0  0
757  7970  7969  5361  5362  0  0  0  0
1063  10578  10577  7969  7970  0  0  0  0
146  2755  2754  146  147  0  0  0  0
452  5363  5362  2754  2755  0  0  0  0
758  7971  7970  5362  5363  0  0  0  0
1064  10579  10578  7970  7971  0  0  0  0
147  2756  2755  147  148  0  0  0  0
453  5364  5363  2755  2756  0  0  0  0
759  7972  7971  5363  5364  0  0  0  0
1065  10580  10579  7971  7972  0  0  0  0
148  2757  2756  148  149  0  0  0  0
454  5365  5364  2756  2757  0  0  0  0
760  7973  7972  5364  5365  0  0  0  0
1066  10581  10580  7972  7973  0  0  0  0
149  2758  2757  149  150  0  0  0  0
455  5366  5365  2757  2758  0  0  0  0
761  7974  7973  5365  5366  0  0  0  0
1067  10582  10581  7973  7974  0  0  0  0
150  2759  2758  150  151  0  0  0  0
456  5367  5366  2758  2759  0  0  0  0
762  7975  7974  5366  5367  0  0  0  0
1068  10583  10582  7974  7975  0  0  0  0
151  2760  2759  151  152  0  0  0  0
457  5368  5367  2759  2760  0  0  0  0
763  7976  7975  5367  5368  0  0  0  0
1069  10584  10583  7975  7976  0  0  0  0
152  2761  2760  152  153  0  0  0  0
458  5369  5368  2760  2761  0  0  0  0
764  7977  7976  5368  5369  0  0  0  0
1070  10585  10584  7976  7977  0  0  0  0
153  2762  2761  153  154  0  0  0  0
459  5370  5369  2761  2762  0  0  0  0
765  7978  7977  5369  5370  0  0  0  0
1071  10586  10585  7977  7978  0  0  0  0
154  2763  2762  154  155  0  0  0  0
460  5371  5370  2762  2763  0  0  0  0
766  7979  7978  5370  5371  0  0  0  0
1072  10587  10586  7978  7979  0  0  0  0
155  2764  2763  155  156  0  0  0  0
461  5372  5371  2763  2764  0  0  0  0
767  7980  7979  5371  5372  0  0  0  0
1073  10588  10587  7979  7980  0  0  0  0
156  2765  2764  156  157  0  0  0  0
462  5373  5372  2764  2765  0  0  0  0
768  7981  7980  5372  5373  0  0  0  0
1074  10589  10588  7980  7981  0  0  0  0
157  2766  2765  157  158  0  0  0  0
463  5374  5373  2765  2766  0  0  0  0
769  7982  7981  5373  5374  0  0  0  0
1075  10590  10589  7981  7982  0  0  0  0
158  2767  2766  158  159  0  0  0  0
464  5375  5374  2766  2767  0  0  0  0
770  7983  7982  5374  5375  0  0  0  0
1076  10591  10590  7982  7983  0  0  0  0
159  2768  2767  159  160  0  0  0  0
465  5376  5375  2767  2768  0  0  0  0
771  7984  7983  5375  5376  0  0  0  0
1077  10592  10591  7983  7984  0  0  0  0
160  2769  2768  160  161  0  0  0  0
466  5377  5376  2768  2769  0  0  0  0
772  7985  7984  5376  5377  0  0  0  0
1078  10593  10592  7984  7985  0  0  0  0
161  2770  2769  161  162  0  0  0  0
467  5378  5377  2769  2770  0  0  0  0
773  7986  7985  5377  5378  0  0  0  0
1079  10594  10593  7985  7986  0  0  0  0
162  2771  2770  162  163  0  0  0  0
468  5379  5378  2770  2771  0  0  0  0
774  7987  7986  5378  5379  0  0  0  0
1080  10595  10594  7986  7987  0  0  0  0
163  2772  2771  163  164  0  0  0  0
469  5380  5379  2771  2772  0  0  0  0
775  7988  7987  5379  5380  0  0  0  0
1081  10596  10595  7987  7988  0  0  0  0
164  2773  2772  164  165  0  0  0  0
470  5381  5380  2772  2773  0  0  0  0
776  7989  7988  5380  5381  0  0  0  0
1082  10597  10596  7988  7989  0  0  0  0
165  2774  2773  165  166  0  0  0  0
471  5382  5381  2773  2774  0  0  0  0
777  7990  7989  5381  5382  0  0  0  0
1083  10598  10597  7989  7990  0  0  0  0
166  2775  2774  166  167  0  0  0  0
472  5383  5382  2774  2775  0  0  0  0
778  7991  7990  5382  5383  0  0  0  0
1084  10599  10598  7990  7991  0  0  0  0
167  2776  2775  167  168  0  0  0  0
473  5384  5383  2775  2776  0  0  0  0
779  7992  7991  5383  5384  0  0  0  0
1085  10600  10599  7991  7992  0  0  0  0
168  2777  2776  168  169  0  0  0  0
474  5385  5384  2776  2777  0  0  0  0
780  7993  7992  5384  5385  0  0  0  0
1086  10601  10600  7992  7993  0  0  0  0
169  2778  2777  169  170  0  0  0  0
475  5386  5385  2777  2778  0  0  0  0
781  7994  7993  5385  5386  0  0  0  0
1087  10602  10601  7993  7994  0  0  0  0
170  2779  2778  170  171  0  0  0  0
476  5387  5386  2778  2779  0  0  0  0
782  7995  7994  5386  5387  0  0  0  0
1088  10603  10602  7994  7995  0  0  0  0
171  2780  2779  171  172  0  0  0  0
477  5388  5387  2779  2780  0  0  0  0
783  7996  7995  5387  5388  0  0  0  0
1089  10604  10603  7995  7996  0  0  0  0
172  2781  2780  172  173  0  0  0  0
478  5389  5388  2780  2781  0  0  0  0
784  7997  7996  5388  5389  0  0  0  0
1090  10605  10604  7996  7997  0  0  0  0
173  2782  2781  173  174  0  0  0  0
479  5390  5389  2781  2782  0  0  0  0
785  7998  7997  5389  5390  0  0  0  0
1091  10606  10605  7997  7998  0  0  0  0
174  2783  2782  174  175  0  0  0  0
480  5391  5390  2782  2783  0  0  0  0
786  7999  7998  5390  5391  0  0  0  0
1092  10607  10606  7998  7999  0  0  0  0
175  2784  2783  175  176  0  0  0  0
481  5392  5391  2783  2784  0  0  0  0
787  8000  7999  5391  5392  0  0  0  0
1093  10608  10607  7999  8000  0  0  0  0
176  2785  2784  176  177  0  0  0  0
482  5393  5392  2784  2785  0  0  0  0
788  8001  8000  5392  5393  0  0  0  0
1094  10609  10608  8000  8001  0  0  0  0
177  2786  2785  177  178  0  0  0  0
483  5394  5393  2785  2786  0  0  0  0
789  8002  8001  5393  5394  0  0  0  0
1095  10610  10609  8001  8002  0  0  0  0
178  2787  2786  178  179  0  0  0  0
484  5395  5394  2786  2787  0  0  0  0
790  8003  8002  5394  5395  0  0  0  0
1096  10611  10610  8002  8003  0  0  0  0
179  2788  2787  179  180  0  0  0  0
485  5396  5395  2787  2788  0  0  0  0
791  8004  8003  5395  5396  0  0  0  0
1097  10612  10611  8003  8004  0  0  0  0
180  2789  2788  180  181  0  0  0  0
486  5397  5396  2788  2789  0  0  0  0
792  8005  8004  5396  5397  0  0  0  0
1098  10613  10612  8004  8005  0  0  0  0
181  2790  2789  181  182  0  0  0  0
487  5398  5397  2789  2790  0  0  0  0
793  8006  8005  5397  5398  0  0  0  0
1099  10614  10613  8005  8006  0  0  0  0
182  2791  2790  182  183  0  0  0  0
488  5399  5398  2790  2791  0  0  0  0
794  8007  8006  5398  5399  0  0  0  0
1100  10615  10614  8006  8007  0  0  0  0
183  2792  2791  183  184  0  0  0  0
489  5400  5399  2791  2792  0  0  0  0
795  8008  8007  5399  5400  0  0  0  0
1101  10616  10615  8007  8008  0  0  0  0
184  2793  2792  184  185  0  0  0  0
490  5401  5400  2792  2793  0  0  0  0
796  8009  8008  5400  5401  0  0  0  0
1102  10617  10616  8008  8009  0  0  0  0
185  2794  2793  185  186  0  0  0  0
491  5402  5401  2793  2794  0  0  0  0
797  8010  8009  5401  5402  0  0  0  0
1103  10618  10617  8009  8010  0  0  0  0
186  2795  2794  186  187  0  0  0  0
492  5403  5402  2794  2795  0  0  0  0
798  8011  8010  5402  5403  0  0  0  0
1104  10619  10618  8010  8011  0  0  0  0
187  2796  2795  187  188  0  0  0  0
493  5404  5403  2795  2796  0  0  0  0
799  8012  8011  5403  5404  0  0  0  0
1105  10620  10619  8011  8012  0  0  0  0
188  2797  2796  188  189  0  0  0  0
494  5405  5404  2796  2797  0  0  0  0
800  8013  8012  5404  5405  0  0  0  0
1106  10621  10620  8012  8013  0  0  0  0
189  2798  2797  189  190  0  0  0  0
495  5406  5405  2797  2798  0  0  0  0
801  8014  8013  5405  5406  0  0  0  0
1107  10622  10621  8013  8014  0  0  0  0
190  2799  2798  190  191  0  0  0  0
496  5407  5406  2798  2799  0  0  0  0
802  8015  8014  5406  5407  0  0  0  0
1108  10623  10622  8014  8015  0  0  0  0
191  2800  2799  191  192  0  0  0  0
497  5408  5407  2799  2800  0  0  0  0
803  8016  8015  5407  5408  0  0  0  0
1109  10624  10623  8015  8016  0  0  0  0
192  2801  2800  192  193  0  0  0  0
498  5409  5408  2800  2801  0  0  0  0
804  8017  8016  5408  5409  0  0  0  0
1110  10625  10624  8016  8017  0  0  0  0
193  2802  2801  193  194  0  0  0  0
499  5410  5409  2801  2802  0  0  0  0
805  8018  8017  5409  5410  0  0  0  0
1111  10626  10625  8017  8018  0  0  0  0
194  2803  2802  194  195  0  0  0  0
500  5411  5410  2802  2803  0  0  0  0
806  8019  8018  5410  5411  0  0  0  0
1112  10627  10626  8018  8019  0  0  0  0
195  2804  2803  195  196  0  0  0  0
501  5412  5411  2803  2804  0  0  0  0
807  8020  8019  5411  5412  0  0  0  0
1113  10628  10627  8019  8020  0  0  0  0
196  2805  2804  196  197  0  0  0  0
502  5413  5412  2804  2805  0  0  0  0
808  8021  8020  5412  5413  0  0  0  0
1114  10629  10628  8020  8021  0  0  0  0
197  2806  2805  197  198  0  0  0  0
503  5414  5413  2805  2806  0  0  0  0
809  8022  8021  5413  5414  0  0  0  0
1115  10630  10629  8021  8022  0  0  0  0
198  2609  2806  198  1  0  0  0  0
504  5217  5414  2806  2609  0  0  0  0
810  7825  8022  5414  5217  0  0  0  0
1116  10433  10630  8022  7825  0  0  0  0
199  2807  2770  162  199  0  0  0  0
505  5415  5378  2770  2807  0  0  0  0
811  8023  7986  5378  5415  0  0  0  0
1117  10631  10594  7986  8023  0  0  0  0
200  2808  2807  199  200  0  0  0  0
506  5416  5415  2807  2808  0  0  0  0
812  8024  8023  5415  5416  0  0  0  0
1118  10632  10631  8023  8024  0  0  0  0
201  2809  2808  200  201  0  0  0  0
507  5417  5416  2808  2809  0  0  0  0
813  8025  8024  5416  5417  0  0  0  0
1119  10633  10632  8024  8025  0  0  0  0
202  2810  2809  201  202  0  0  0  0
508  5418  5417  2809  2810  0  0  0  0
814  8026  8025  5417  5418  0  0  0  0
1120  10634  10633  8025  8026  0  0  0  0
203  2811  2810  202  203  0  0  0  0
509  5419  5418  2810  2811  0  0  0  0
815  8027  8026  5418  5419  0  0  0  0
1121  10635  10634  8026  8027  0  0  0  0
204  2812  2811  203  204  0  0  0  0
510  5420  5419  2811  2812  0  0  0  0
816  8028  8027  5419  5420  0  0  0  0
1122  10636  10635  8027  8028  0  0  0  0
205  2813  2812  204  205  0  0  0  0
511  5421  5420  2812  2813  0  0  0  0
817  8029  8028  5420  5421  0  0  0  0
1123  10637  10636  8028  8029  0  0  0  0
206  2814  2813  205  206  0  0  0  0
512  5422  5421  2813  2814  0  0  0  0
818  8030  8029  5421  5422  0  0  0  0
1124  10638  10637  8029  8030  0  0  0  0
207  2815  2814  206  207  0  0  0  0
513  5423  5422  2814  2815  0  0  0  0
819  8031  8030  5422  5423  0  0  0  0
1125  10639  10638  8030  8031  0  0  0  0
208  2816  2815  207  208  0  0  0  0
514  5424  5423  2815  2816  0  0  0  0
820  8032  8031  5423  5424  0  0  0  0
1126  10640  10639  8031  8032  0  0  0  0
209  2817  2816  208  209  0  0  0  0
515  5425  5424  2816  2817  0  0  0  0
821  8033  8032  5424  5425  0  0  0  0
1127  10641  10640  8032  8033  0  0  0  0
210  2818  2817  209  210  0  0  0  0
516  5426  5425  2817  2818  0  0  0  0
822  8034  8033  5425  5426  0  0  0  0
1128  10642  10641  8033  8034  0  0  0  0
211  2819  2818  210  211  0  0  0  0
517  5427  5426  2818  2819  0  0  0  0
823  8035  8034  5426  5427  0  0  0  0
1129  10643  10642  8034  8035  0  0  0  0
212  2820  2819  211  212  0  0  0  0
518  5428  5427  2819  2820  0  0  0  0
824  8036  8035  5427  5428  0  0  0  0
1130  10644  10643  8035  8036  0  0  0  0
213  2821  2820  212  213  0  0  0  0
519  5429  5428  2820  2821  0  0  0  0
825  8037  8036  5428  5429  0  0  0  0
1131  10645  10644  8036  8037  0  0  0  0
214  2822  2821  213  214  0  0  0  0
520  5430  5429  2821  2822  0  0  0  0
826  8038  8037  5429  5430  0  0  0  0
1132  10646  10645  8037  8038  0  0  0  0
215  2823  2822  214  215  0  0  0  0
521  5431  5430  2822  2823  0  0  0  0
827  8039  8038  5430  5431  0  0  0  0
1133  10647  10646  8038  8039  0  0  0  0
216  2824  2823  215  216  0  0  0  0
522  5432  5431  2823  2824  0  0  0  0
828  8040  8039  5431  5432  0  0  0  0
1134  10648  10647  8039  8040  0  0  0  0
217  2825  2824  216  217  0  0  0  0
523  5433  5432  2824  2825  0  0  0  0
829  8041  8040  5432  5433  0  0  0  0
1135  10649  10648  8040  8041  0  0  0  0
218  2826  2825  217  218  0  0  0  0
524  5434  5433  2825  2826  0  0  0  0
830  8042  8041  5433  5434  0  0  0  0
1136  10650  10649  8041  8042  0  0  0  0
219  2827  2826  218  219  0  0  0  0
525  5435  5434  2826  2827  0  0  0  0
831  8043  8042  5434  5435  0  0  0  0
1137  10651  10650  8042  8043  0  0  0  0
220  2828  2827  219  220  0  0  0  0
526  5436  5435  2827  2828  0  0  0  0
832  8044  8043  5435  5436  0  0  0  0
1138  10652  10651  8043  8044  0  0  0  0
221  2829  2828  220  221  0  0  0  0
527  5437  5436  2828  2829  0  0  0  0
833  8045  8044  5436  5437  0  0  0  0
1139  10653  10652  8044  8045  0  0  0  0
222  2830  2829  221  222  0  0  0  0
528  5438  5437  2829  2830  0  0  0  0
834  8046  8045  5437  5438  0  0  0  0
1140  10654  10653  8045  8046  0  0  0  0
223  2831  2830  222  223  0  0  0  0
529  5439  5438  2830  2831  0  0  0  0
835  8047  8046  5438  5439  0  0  0  0
1141  10655  10654  8046  8047  0  0  0  0
224  2832  2831  223  224  0  0  0  0
530  5440  5439  2831  2832  0  0  0  0
836  8048  8047  5439  5440  0  0  0  0
1142  10656  10655  8047  8048  0  0  0  0
225  2833  2832  224  225  0  0  0  0
531  5441  5440  2832  2833  0  0  0  0
837  8049  8048  5440  5441  0  0  0  0
1143  10657  10656  8048  8049  0  0  0  0
226  2834  2833  225  226  0  0  0  0
532  5442  5441  2833  2834  0  0  0  0
838  8050  8049  5441  5442  0  0  0  0
1144  10658  10657  8049  8050  0  0  0  0
227  2835  2834  226  227  0  0  0  0
533  5443  5442  2834  2835  0  0  0  0
839  8051  8050  5442  5443  0  0  0  0
1145  10659  10658  8050  8051  0  0  0  0
228  2836  2835  227  228  0  0  0  0
534  5444  5443  2835  2836  0  0  0  0
840  8052  8051  5443  5444  0  0  0  0
1146  10660  10659  8051  8052  0  0  0  0
229  2837  2836  228  229  0  0  0  0
535  5445  5444  2836  2837  0  0  0  0
841  8053  8052  5444  5445  0  0  0  0
1147  10661  10660  8052  8053  0  0  0  0
230  2838  2837  229  230  0  0  0  0
536  5446  5445  2837  2838  0  0  0  0
842  8054  8053  5445  5446  0  0  0  0
1148  10662  10661  8053  8054  0  0  0  0
231  2839  2838  230  231  0  0  0  0
537  5447  5446  2838  2839  0  0  0  0
843  8055  8054  5446  5447  0  0  0  0
1149  10663  10662  8054  8055  0  0  0  0
232  2840  2839  231  232  0  0  0  0
538  5448  5447  2839  2840  0  0  0  0
844  8056  8055  5447  5448  0  0  0  0
1150  10664  10663  8055  8056  0  0  0  0
233  2841  2840  232  233  0  0  0  0
539  5449  5448  2840  2841  0  0  0  0
845  8057  8056  5448  5449  0  0  0  0
1151  10665  10664  8056  8057  0  0  0  0
234  2842  2841  233  234  0  0  0  0
540  5450  5449  2841  2842  0  0  0  0
846  8058  8057  5449  5450  0  0  0  0
1152  10666  10665  8057  8058  0  0  0  0
235  2843  2842  234  235  0  0  0  0
541  5451  5450  2842  2843  0  0  0  0
847  8059  8058  5450  5451  0  0  0  0
1153  10667  10666  8058  8059  0  0  0  0
236  2844  2843  235  236  0  0  0  0
542  5452  5451  2843  2844  0  0  0  0
848  8060  8059  5451  5452  0  0  0  0
1154  10668  10667  8059  8060  0  0  0  0
237  2845  2844  236  237  0  0  0  0
543  5453  5452  2844  2845  0  0  0  0
849  8061  8060  5452  5453  0  0  0  0
1155  10669  10668  8060  8061  0  0  0  0
238  2846  2845  237  238  0  0  0  0
544  5454  5453  2845  2846  0  0  0  0
850  8062  8061  5453  5454  0  0  0  0
1156  10670  10669  8061  8062  0  0  0  0
239  2847  2846  238  239  0  0  0  0
545  5455  5454  2846  2847  0  0  0  0
851  8063  8062  5454  5455  0  0  0  0
1157  10671  10670  8062  8063  0  0  0  0
240  2848  2847  239  240  0  0  0  0
546  5456  5455  2847  2848  0  0  0  0
852  8064  8063  5455  5456  0  0  0  0
1158  10672  10671  8063  8064  0  0  0  0
241  2849  2848  240  241  0  0  0  0
547  5457  5456  2848  2849  0  0  0  0
853  8065  8064  5456  5457  0  0  0  0
1159  10673  10672  8064  8065  0  0  0  0
242  2850  2849  241  242  0  0  0  0
548  5458  5457  2849  2850  0  0  0  0
854  8066  8065  5457  5458  0  0  0  0
1160  10674  10673  8065  8066  0  0  0  0
243  2851  2850  242  243  0  0  0  0
549  5459  5458  2850  2851  0  0  0  0
855  8067  8066  5458  5459  0  0  0  0
1161  10675  10674  8066  8067  0  0  0  0
244  2852  2851  243  244  0  0  0  0
550  5460  5459  2851  2852  0  0  0  0
856  8068  8067  5459  5460  0  0  0  0
1162  10676  10675  8067  8068  0  0  0  0
245  2853  2852  244  245  0  0  0  0
551  5461  5460  2852  2853  0  0  0  0
857  8069  8068  5460  5461  0  0  0  0
1163  10677  10676  8068  8069  0  0  0  0
246  2854  2853  245  246  0  0  0  0
552  5462  5461  2853  2854  0  0  0  0
858  8070  8069  5461  5462  0  0  0  0
1164  10678  10677  8069  8070  0  0  0  0
247  2855  2854  246  247  0  0  0  0
553  5463  5462  2854  2855  0  0  0  0
859  8071  8070  5462  5463  0  0  0  0
1165  10679  10678  8070  8071  0  0  0  0
248  2856  2855  247  248  0  0  0  0
554  5464  5463  2855  2856  0  0  0  0
860  8072  8071  5463  5464  0  0  0  0
1166  10680  10679  8071  8072  0  0  0  0
249  2857  2856  248  249  0  0  0  0
555  5465  5464  2856  2857  0  0  0  0
861  8073  8072  5464  5465  0  0  0  0
1167  10681  10680  8072  8073  0  0  0  0
250  2646  2857  249  38  0  0  0  0
556  5254  5465  2857  2646  0  0  0  0
862  7862  8073  5465  5254  0  0  0  0
1168  10470  10681  8073  7862  0  0  0  0
251  2858  2748  140  250  0  0  0  0
557  5466  5356  2748  2858  0  0  0  0
863  8074  7964  5356  5466  0  0  0  0
1169  10682  10572  7964  8074  0  0  0  0
252  2859  2858  250  251  0  0  0  0
558  5467  5466  2858  2859  0  0  0  0
864  8075  8074  5466  5467  0  0  0  0
1170  10683  10682  8074  8075  0  0  0  0
253  2860  2859  251  252  0  0  0  0
559  5468  5467  2859  2860  0  0  0  0
865  8076  8075  5467  5468  0  0  0  0
1171  10684  10683  8075  8076  0  0  0  0
254  2861  2860  252  253  0  0  0  0
560  5469  5468  2860  2861  0  0  0  0
866  8077  8076  5468  5469  0  0  0  0
1172  10685  10684  8076  8077  0  0  0  0
255  2862  2861  253  254  0  0  0  0
561  5470  5469  2861  2862  0  0  0  0
867  8078  8077  5469  5470  0  0  0  0
1173  10686  10685  8077  8078  0  0  0  0
256  2863  2862  254  255  0  0  0  0
562  5471  5470  2862  2863  0  0  0  0
868  8079  8078  5470  5471  0  0  0  0
1174  10687  10686  8078  8079  0  0  0  0
257  2864  2863  255  256  0  0  0  0
563  5472  5471  2863  2864  0  0  0  0
869  8080  8079  5471  5472  0  0  0  0
1175  10688  10687  8079  8080  0  0  0  0
258  2865  2864  256  257  0  0  0  0
564  5473  5472  2864  2865  0  0  0  0
870  8081  8080  5472  5473  0  0  0  0
1176  10689  10688  8080  8081  0  0  0  0
259  2866  2865  257  258  0  0  0  0
565  5474  5473  2865  2866  0  0  0  0
871  8082  8081  5473  5474  0  0  0  0
1177  10690  10689  8081  8082  0  0  0  0
260  2867  2866  258  259  0  0  0  0
566  5475  5474  2866  2867  0  0  0  0
872  8083  8082  5474  5475  0  0  0  0
1178  10691  10690  8082  8083  0  0  0  0
261  2868  2867  259  260  0  0  0  0
567  5476  5475  2867  2868  0  0  0  0
873  8084  8083  5475  5476  0  0  0  0
1179  10692  10691  8083  8084  0  0  0  0
262  2869  2868  260  261  0  0  0  0
568  5477  5476  2868  2869  0  0  0  0
874  8085  8084  5476  5477  0  0  0  0
1180  10693  10692  8084  8085  0  0  0  0
263  2870  2869  261  262  0  0  0  0
569  5478  5477  2869  2870  0  0  0  0
875  8086  8085  5477  5478  0  0  0  0
1181  10694  10693  8085  8086  0  0  0  0
264  2871  2870  262  263  0  0  0  0
570  5479  5478  2870  2871  0  0  0  0
876  8087  8086  5478  5479  0  0  0  0
1182  10695  10694  8086  8087  0  0  0  0
265  2872  2871  263  264  0  0  0  0
571  5480  5479  2871  2872  0  0  0  0
877  8088  8087  5479  5480  0  0  0  0
1183  10696  10695  8087  8088  0  0  0  0
266  2873  2872  264  265  0  0  0  0
572  5481  5480  2872  2873  0  0  0  0
878  8089  8088  5480  5481  0  0  0  0
1184  10697  10696  8088  8089  0  0  0  0
267  2874  2873  265  266  0  0  0  0
573  5482  5481  2873  2874  0  0  0  0
879  8090  8089  5481  5482  0  0  0  0
1185  10698  10697  8089  8090  0  0  0  0
268  2875  2874  266  267  0  0  0  0
574  5483  5482  2874  2875  0  0  0  0
880  8091  8090  5482  5483  0  0  0  0
1186  10699  10698  8090  8091  0  0  0  0
269  2876  2875  267  268  0  0  0  0
575  5484  5483  2875  2876  0  0  0  0
881  8092  8091  5483  5484  0  0  0  0
1187  10700  10699  8091  8092  0  0  0  0
270  2877  2876  268  269  0  0  0  0
576  5485  5484  2876  2877  0  0  0  0
882  8093  8092  5484  5485  0  0  0  0
1188  10701  10700  8092  8093  0  0  0  0
271  2878  2877  269  270  0  0  0  0
577  5486  5485  2877  2878  0  0  0  0
883  8094  8093  5485  5486  0  0  0  0
1189  10702  10701  8093  8094  0  0  0  0
272  2879  2878  270  271  0  0  0  0
578  5487  5486  2878  2879  0  0  0  0
884  8095  8094  5486  5487  0  0  0  0
1190  10703  10702  8094  8095  0  0  0  0
273  2880  2879  271  272  0  0  0  0
579  5488  5487  2879  2880  0  0  0  0
885  8096  8095  5487  5488  0  0  0  0
1191  10704  10703  8095  8096  0  0  0  0
274  2881  2880  272  273  0  0  0  0
580  5489  5488  2880  2881  0  0  0  0
886  8097  8096  5488  5489  0  0  0  0
1192  10705  10704  8096  8097  0  0  0  0
275  2882  2881  273  274  0  0  0  0
581  5490  5489  2881  2882  0  0  0  0
887  8098  8097  5489  5490  0  0  0  0
1193  10706  10705  8097  8098  0  0  0  0
276  2883  2882  274  275  0  0  0  0
582  5491  5490  2882  2883  0  0  0  0
888  8099  8098  5490  5491  0  0  0  0
1194  10707  10706  8098  8099  0  0  0  0
277  2884  2883  275  276  0  0  0  0
583  5492  5491  2883  2884  0  0  0  0
889  8100  8099  5491  5492  0  0  0  0
1195  10708  10707  8099  8100  0  0  0  0
278  2885  2884  276  277  0  0  0  0
584  5493  5492  2884  2885  0  0  0  0
890  8101  8100  5492  5493  0  0  0  0
1196  10709  10708  8100  8101  0  0  0  0
279  2886  2885  277  278  0  0  0  0
585  5494  5493  2885  2886  0  0  0  0
891  8102  8101  5493  5494  0  0  0  0
1197  10710  10709  8101  8102  0  0  0  0
280  2887  2886  278  279  0  0  0  0
586  5495  5494  2886  2887  0  0  0  0
892  8103  8102  5494  5495  0  0  0  0
1198  10711  10710  8102  8103  0  0  0  0
281  2888  2887  279  280  0  0  0  0
587  5496  5495  2887  2888  0  0  0  0
893  8104  8103  5495  5496  0  0  0  0
1199  10712  10711  8103  8104  0  0  0  0
282  2889  2888  280  281  0  0  0  0
588  5497  5496  2888  2889  0  0  0  0
894  8105  8104  5496  5497  0  0  0  0
1200  10713  10712  8104  8105  0  0  0  0
283  2890  2889  281  282  0  0  0  0
589  5498  5497  2889  2890  0  0  0  0
895  8106  8105  5497  5498  0  0  0  0
1201  10714  10713  8105  8106  0  0  0  0
284  2891  2890  282  283  0  0  0  0
590  5499  5498  2890  2891  0  0  0  0
896  8107  8106  5498  5499  0  0  0  0
1202  10715  10714  8106  8107  0  0  0  0
285  2892  2891  283  284  0  0  0  0
591  5500  5499  2891  2892  0  0  0  0
897  8108  8107  5499  5500  0  0  0  0
1203  10716  10715  8107  8108  0  0  0  0
286  2893  2892  284  285  0  0  0  0
592  5501  5500  2892  2893  0  0  0  0
898  8109  8108  5500  5501  0  0  0  0
1204  10717  10716  8108  8109  0  0  0  0
287  2894  2893  285  286  0  0  0  0
593  5502  5501  2893  2894  0  0  0  0
899  8110  8109  5501  5502  0  0  0  0
1205  10718  10717  8109  8110  0  0  0  0
288  2895  2894  286  287  0  0  0  0
594  5503  5502  2894  2895  0  0  0  0
900  8111  8110  5502  5503  0  0  0  0
1206  10719  10718  8110  8111  0  0  0  0
289  2896  2895  287  288  0  0  0  0
595  5504  5503  2895  2896  0  0  0  0
901  8112  8111  5503  5504  0  0  0  0
1207  10720  10719  8111  8112  0  0  0  0
290  2897  2896  288  289  0  0  0  0
596  5505  5504  2896  2897  0  0  0  0
902  8113  8112  5504  5505  0  0  0  0
1208  10721  10720  8112  8113  0  0  0  0
291  2898  2897  289  290  0  0  0  0
597  5506  5505  2897  2898  0  0  0  0
903  8114  8113  5505  5506  0  0  0  0
1209  10722  10721  8113  8114  0  0  0  0
292  2899  2898  290  291  0  0  0  0
598  5507  5506  2898  2899  0  0  0  0
904  8115  8114  5506  5507  0  0  0  0
1210  10723  10722  8114  8115  0  0  0  0
293  2900  2899  291  292  0  0  0  0
599  5508  5507  2899  2900  0  0  0  0
905  8116  8115  5507  5508  0  0  0  0
1211  10724  10723  8115  8116  0  0  0  0
294  2901  2900  292  293  0  0  0  0
600  5509  5508  2900  2901  0  0  0  0
906  8117  8116  5508  5509  0  0  0  0
1212  10725  10724  8116  8117  0  0  0  0
295  2902  2901  293  294  0  0  0  0
601  5510  5509  2901  2902  0  0  0  0
907  8118  8117  5509  5510  0  0  0  0
1213  10726  10725  8117  8118  0  0  0  0
296  2903  2902  294  295  0  0  0  0
602  5511  5510  2902  2903  0  0  0  0
908  8119  8118  5510  5511  0  0  0  0
1214  10727  10726  8118  8119  0  0  0  0
297  2904  2903  295  296  0  0  0  0
603  5512  5511  2903  2904  0  0  0  0
909  8120  8119  5511  5512  0  0  0  0
1215  10728  10727  8119  8120  0  0  0  0
298  2905  2904  296  297  0  0  0  0
604  5513  5512  2904  2905  0  0  0  0
910  8121  8120  5512  5513  0  0  0  0
1216  10729  10728  8120  8121  0  0  0  0
299  2906  2905  297  298  0  0  0  0
605  5514  5513  2905  2906  0  0  0  0
911  8122  8121  5513  5514  0  0  0  0
1217  10730  10729  8121  8122  0  0  0  0
300  2907  2906  298  299  0  0  0  0
606  5515  5514  2906  2907  0  0  0  0
912  8123  8122  5514  5515  0  0  0  0
1218  10731  10730  8122  8123  0  0  0  0
301  2908  2907  299  300  0  0  0  0
607  5516  5515  2907  2908  0  0  0  0
913  8124  8123  5515  5516  0  0  0  0
1219  10732  10731  8123  8124  0  0  0  0
302  2909  2908  300  301  0  0  0  0
608  5517  5516  2908  2909  0  0  0  0
914  8125  8124  5516  5517  0  0  0  0
1220  10733  10732  8124  8125  0  0  0  0
303  2910  2909  301  302  0  0  0  0
609  5518  5517  2909  2910  0  0  0  0
915  8126  8125  5517  5518  0  0  0  0
1221  10734  10733  8125  8126  0  0  0  0
304  2911  2910  302  303  0  0  0  0
610  5519  5518  2910  2911  0  0  0  0
916  8127  8126  5518  5519  0  0  0  0
1222  10735  10734  8126  8127  0  0  0  0
305  2912  2911  303  304  0  0  0  0
611  5520  5519  2911  2912  0  0  0  0
917  8128  8127  5519  5520  0  0  0  0
1223  10736  10735  8127  8128  0  0  0  0
306  2668  2912  304  60  0  0  0  0
612  5276  5520  2912  2668  0  0  0  0
918  7884  8128  5520  5276  0  0  0  0
1224  10492  10736  8128  7884  0  0  0  0
