1  2444  2443  1  2  0  0  0  0
224  4886  4885  2443  2444  0  0  0  0
447  7328  7327  4885  4886  0  0  0  0
2  2445  2444  2  3  0  0  0  0
225  4887  4886  2444  2445  0  0  0  0
448  7329  7328  4886  4887  0  0  0  0
3  2446  2445  3  4  0  0  0  0
226  4888  4887  2445  2446  0  0  0  0
449  7330  7329  4887  4888  0  0  0  0
4  2447  2446  4  5  0  0  0  0
227  4889  4888  2446  2447  0  0  0  0
450  7331  7330  4888  4889  0  0  0  0
5  2448  2447  5  6  0  0  0  0
228  4890  4889  2447  2448  0  0  0  0
451  7332  7331  4889  4890  0  0  0  0
6  2449  2448  6  7  0  0  0  0
229  4891  4890  2448  2449  0  0  0  0
452  7333  7332  4890  4891  0  0  0  0
7  2450  2449  7  8  0  0  0  0
230  4892  4891  2449  2450  0  0  0  0
453  7334  7333  4891  4892  0  0  0  0
8  2451  2450  8  9  0  0  0  0
231  4893  4892  2450  2451  0  0  0  0
454  7335  7334  4892  4893  0  0  0  0
9  2452  2451  9  10  0  0  0  0
232  4894  4893  2451  2452  0  0  0  0
455  7336  7335  4893  4894  0  0  0  0
10  2453  2452  10  11  0  0  0  0
233  4895  4894  2452  2453  0  0  0  0
456  7337  7336  4894  4895  0  0  0  0
11  2454  2453  11  12  0  0  0  0
234  4896  4895  2453  2454  0  0  0  0
457  7338  7337  4895  4896  0  0  0  0
12  2455  2454  12  13  0  0  0  0
235  4897  4896  2454  2455  0  0  0  0
458  7339  7338  4896  4897  0  0  0  0
13  2456  2455  13  14  0  0  0  0
236  4898  4897  2455  2456  0  0  0  0
459  7340  7339  4897  4898  0  0  0  0
14  2457  2456  14  15  0  0  0  0
237  4899  4898  2456  2457  0  0  0  0
460  7341  7340  4898  4899  0  0  0  0
15  2458  2457  15  16  0  0  0  0
238  4900  4899  2457  2458  0  0  0  0
461  7342  7341  4899  4900  0  0  0  0
16  2459  2458  16  17  0  0  0  0
239  4901  4900  2458  2459  0  0  0  0
462  7343  7342  4900  4901  0  0  0  0
17  2460  2459  17  18  0  0  0  0
240  4902  4901  2459  2460  0  0  0  0
463  7344  7343  4901  4902  0  0  0  0
18  2461  2460  18  19  0  0  0  0
241  4903  4902  2460  2461  0  0  0  0
464  7345  7344  4902  4903  0  0  0  0
19  2462  2461  19  20  0  0  0  0
242  4904  4903  2461  2462  0  0  0  0
465  7346  7345  4903  4904  0  0  0  0
20  2463  2462  20  21  0  0  0  0
243  4905  4904  2462  2463  0  0  0  0
466  7347  7346  4904  4905  0  0  0  0
21  2464  2463  21  22  0  0  0  0
244  4906  4905  2463  2464  0  0  0  0
467  7348  7347  4905  4906  0  0  0  0
22  2465  2464  22  23  0  0  0  0
245  4907  4906  2464  2465  0  0  0  0
468  7349  7348  4906  4907  0  0  0  0
23  2466  2465  23  24  0  0  0  0
246  4908  4907  2465  2466  0  0  0  0
469  7350  7349  4907  4908  0  0  0  0
24  2467  2466  24  25  0  0  0  0
247  4909  4908  2466  2467  0  0  0  0
470  7351  7350  4908  4909  0  0  0  0
25  2468  2467  25  26  0  0  0  0
248  4910  4909  2467  2468  0  0  0  0
471  7352  7351  4909  4910  0  0  0  0
26  2469  2468  26  27  0  0  0  0
249  4911  4910  2468  2469  0  0  0  0
472  7353  7352  4910  4911  0  0  0  0
27  2470  2469  27  28  0  0  0  0
250  4912  4911  2469  2470  0  0  0  0
473  7354  7353  4911  4912  0  0  0  0
28  2471  2470  28  29  0  0  0  0
251  4913  4912  2470  2471  0  0  0  0
474  7355  7354  4912  4913  0  0  0  0
29  2472  2471  29  30  0  0  0  0
252  4914  4913  2471  2472  0  0  0  0
475  7356  7355  4913  4914  0  0  0  0
30  2473  2472  30  31  0  0  0  0
253  4915  4914  2472  2473  0  0  0  0
476  7357  7356  4914  4915  0  0  0  0
31  2474  2473  31  32  0  0  0  0
254  4916  4915  2473  2474  0  0  0  0
477  7358  7357  4915  4916  0  0  0  0
32  2475  2474  32  33  0  0  0  0
255  4917  4916  2474  2475  0  0  0  0
478  7359  7358  4916  4917  0  0  0  0
33  2476  2475  33  34  0  0  0  0
256  4918  4917  2475  2476  0  0  0  0
479  7360  7359  4917  4918  0  0  0  0
34  2477  2476  34  35  0  0  0  0
257  4919  4918  2476  2477  0  0  0  0
480  7361  7360  4918  4919  0  0  0  0
35  2478  2477  35  36  0  0  0  0
258  4920  4919  2477  2478  0  0  0  0
481  7362  7361  4919  4920  0  0  0  0
36  2479  2478  36  37  0  0  0  0
259  4921  4920  2478  2479  0  0  0  0
482  7363  7362  4920  4921  0  0  0  0
37  2480  2479  37  38  0  0  0  0
260  4922  4921  2479  2480  0  0  0  0
483  7364  7363  4921  4922  0  0  0  0
38  2481  2480  38  39  0  0  0  0
261  4923  4922  2480  2481  0  0  0  0
484  7365  7364  4922  4923  0  0  0  0
39  2482  2481  39  40  0  0  0  0
262  4924  4923  2481  2482  0  0  0  0
485  7366  7365  4923  4924  0  0  0  0
40  2483  2482  40  41  0  0  0  0
263  4925  4924  2482  2483  0  0  0  0
486  7367  7366  4924  4925  0  0  0  0
41  2484  2483  41  42  0  0  0  0
264  4926  4925  2483  2484  0  0  0  0
487  7368  7367  4925  4926  0  0  0  0
42  2485  2484  42  43  0  0  0  0
265  4927  4926  2484  2485  0  0  0  0
488  7369  7368  4926  4927  0  0  0  0
43  2486  2485  43  44  0  0  0  0
266  4928  4927  2485  2486  0  0  0  0
489  7370  7369  4927  4928  0  0  0  0
44  2487  2486  44  45  0  0  0  0
267  4929  4928  2486  2487  0  0  0  0
490  7371  7370  4928  4929  0  0  0  0
45  2488  2487  45  46  0  0  0  0
268  4930  4929  2487  2488  0  0  0  0
491  7372  7371  4929  4930  0  0  0  0
46  2489  2488  46  47  0  0  0  0
269  4931  4930  2488  2489  0  0  0  0
492  7373  7372  4930  4931  0  0  0  0
47  2490  2489  47  48  0  0  0  0
270  4932  4931  2489  2490  0  0  0  0
493  7374  7373  4931  4932  0  0  0  0
48  2491  2490  48  49  0  0  0  0
271  4933  4932  2490  2491  0  0  0  0
494  7375  7374  4932  4933  0  0  0  0
49  2492  2491  49  50  0  0  0  0
272  4934  4933  2491  2492  0  0  0  0
495  7376  7375  4933  4934  0  0  0  0
50  2493  2492  50  51  0  0  0  0
273  4935  4934  2492  2493  0  0  0  0
496  7377  7376  4934  4935  0  0  0  0
51  2494  2493  51  52  0  0  0  0
274  4936  4935  2493  2494  0  0  0  0
497  7378  7377  4935  4936  0  0  0  0
52  2495  2494  52  53  0  0  0  0
275  4937  4936  2494  2495  0  0  0  0
498  7379  7378  4936  4937  0  0  0  0
53  2496  2495  53  54  0  0  0  0
276  4938  4937  2495  2496  0  0  0  0
499  7380  7379  4937  4938  0  0  0  0
54  2497  2496  54  55  0  0  0  0
277  4939  4938  2496  2497  0  0  0  0
500  7381  7380  4938  4939  0  0  0  0
55  2498  2497  55  56  0  0  0  0
278  4940  4939  2497  2498  0  0  0  0
501  7382  7381  4939  4940  0  0  0  0
56  2499  2498  56  57  0  0  0  0
279  4941  4940  2498  2499  0  0  0  0
502  7383  7382  4940  4941  0  0  0  0
57  2500  2499  57  58  0  0  0  0
280  4942  4941  2499  2500  0  0  0  0
503  7384  7383  4941  4942  0  0  0  0
58  2501  2500  58  59  0  0  0  0
281  4943  4942  2500  2501  0  0  0  0
504  7385  7384  4942  4943  0  0  0  0
59  2502  2501  59  60  0  0  0  0
282  4944  4943  2501  2502  0  0  0  0
505  7386  7385  4943  4944  0  0  0  0
60  2503  2502  60  61  0  0  0  0
283  4945  4944  2502  2503  0  0  0  0
506  7387  7386  4944  4945  0  0  0  0
61  2504  2503  61  62  0  0  0  0
284  4946  4945  2503  2504  0  0  0  0
507  7388  7387  4945  4946  0  0  0  0
62  2505  2504  62  63  0  0  0  0
285  4947  4946  2504  2505  0  0  0  0
508  7389  7388  4946  4947  0  0  0  0
63  2506  2505  63  64  0  0  0  0
286  4948  4947  2505  2506  0  0  0  0
509  7390  7389  4947  4948  0  0  0  0
64  2507  2506  64  65  0  0  0  0
287  4949  4948  2506  2507  0  0  0  0
510  7391  7390  4948  4949  0  0  0  0
65  2508  2507  65  66  0  0  0  0
288  4950  4949  2507  2508  0  0  0  0
511  7392  7391  4949  4950  0  0  0  0
66  2509  2508  66  67  0  0  0  0
289  4951  4950  2508  2509  0  0  0  0
512  7393  7392  4950  4951  0  0  0  0
67  2510  2509  67  68  0  0  0  0
290  4952  4951  2509  2510  0  0  0  0
513  7394  7393  4951  4952  0  0  0  0
68  2511  2510  68  69  0  0  0  0
291  4953  4952  2510  2511  0  0  0  0
514  7395  7394  4952  4953  0  0  0  0
69  2512  2511  69  70  0  0  0  0
292  4954  4953  2511  2512  0  0  0  0
515  7396  7395  4953  4954  0  0  0  0
70  2513  2512  70  71  0  0  0  0
293  4955  4954  2512  2513  0  0  0  0
516  7397  7396  4954  4955  0  0  0  0
71  2514  2513  71  72  0  0  0  0
294  4956  4955  2513  2514  0  0  0  0
517  7398  7397  4955  4956  0  0  0  0
72  2515  2514  72  73  0  0  0  0
295  4957  4956  2514  2515  0  0  0  0
518  7399  7398  4956  4957  0  0  0  0
73  2516  2515  73  74  0  0  0  0
296  4958  4957  2515  2516  0  0  0  0
519  7400  7399  4957  4958  0  0  0  0
74  2517  2516  74  75  0  0  0  0
297  4959  4958  2516  2517  0  0  0  0
520  7401  7400  4958  4959  0  0  0  0
75  2518  2517  75  76  0  0  0  0
298  4960  4959  2517  2518  0  0  0  0
521  7402  7401  4959  4960  0  0  0  0
76  2519  2518  76  77  0  0  0  0
299  4961  4960  2518  2519  0  0  0  0
522  7403  7402  4960  4961  0  0  0  0
77  2520  2519  77  78  0  0  0  0
300  4962  4961  2519  2520  0  0  0  0
523  7404  7403  4961  4962  0  0  0  0
78  2521  2520  78  79  0  0  0  0
301  4963  4962  2520  2521  0  0  0  0
524  7405  7404  4962  4963  0  0  0  0
79  2522  2521  79  80  0  0  0  0
302  4964  4963  2521  2522  0  0  0  0
525  7406  7405  4963  4964  0  0  0  0
80  2523  2522  80  81  0  0  0  0
303  4965  4964  2522  2523  0  0  0  0
526  7407  7406  4964  4965  0  0  0  0
81  2524  2523  81  82  0  0  0  0
304  4966  4965  2523  2524  0  0  0  0
527  7408  7407  4965  4966  0  0  0  0
82  2525  2524  82  83  0  0  0  0
305  4967  4966  2524  2525  0  0  0  0
528  7409  7408  4966  4967  0  0  0  0
83  2526  2525  83  84  0  0  0  0
306  4968  4967  2525  2526  0  0  0  0
529  7410  7409  4967  4968  0  0  0  0
84  2527  2526  84  85  0  0  0  0
307  4969  4968  2526  2527  0  0  0  0
530  7411  7410  4968  4969  0  0  0  0
85  2528  2527  85  86  0  0  0  0
308  4970  4969  2527  2528  0  0  0  0
531  7412  7411  4969  4970  0  0  0  0
86  2529  2528  86  87  0  0  0  0
309  4971  4970  2528  2529  0  0  0  0
532  7413  7412  4970  4971  0  0  0  0
87  2530  2529  87  88  0  0  0  0
310  4972  4971  2529  2530  0  0  0  0
533  7414  7413  4971  4972  0  0  0  0
88  2531  2530  88  89  0  0  0  0
311  4973  4972  2530  2531  0  0  0  0
534  7415  7414  4972  4973  0  0  0  0
89  2532  2531  89  90  0  0  0  0
312  4974  4973  2531  2532  0  0  0  0
535  7416  7415  4973  4974  0  0  0  0
90  2533  2532  90  91  0  0  0  0
313  4975  4974  2532  2533  0  0  0  0
536  7417  7416  4974  4975  0  0  0  0
91  2534  2533  91  92  0  0  0  0
314  4976  4975  2533  2534  0  0  0  0
537  7418  7417  4975  4976  0  0  0  0
92  2535  2534  92  93  0  0  0  0
315  4977  4976  2534  2535  0  0  0  0
538  7419  7418  4976  4977  0  0  0  0
93  2536  2535  93  94  0  0  0  0
316  4978  4977  2535  2536  0  0  0  0
539  7420  7419  4977  4978  0  0  0  0
94  2537  2536  94  95  0  0  0  0
317  4979  4978  2536  2537  0  0  0  0
540  7421  7420  4978  4979  0  0  0  0
95  2538  2537  95  96  0  0  0  0
318  4980  4979  2537  2538  0  0  0  0
541  7422  7421  4979  4980  0  0  0  0
96  2539  2538  96  97  0  0  0  0
319  4981  4980  2538  2539  0  0  0  0
542  7423  7422  4980  4981  0  0  0  0
97  2540  2539  97  98  0  0  0  0
320  4982  4981  2539  2540  0  0  0  0
543  7424  7423  4981  4982  0  0  0  0
98  2541  2540  98  99  0  0  0  0
321  4983  4982  2540  2541  0  0  0  0
544  7425  7424  4982  4983  0  0  0  0
99  2542  2541  99  100  0  0  0  0
322  4984  4983  2541  2542  0  0  0  0
545  7426  7425  4983  4984  0  0  0  0
100  2543  2542  100  101  0  0  0  0
323  4985  4984  2542  2543  0  0  0  0
546  7427  7426  4984  4985  0  0  0  0
101  2544  2543  101  102  0  0  0  0
324  4986  4985  2543  2544  0  0  0  0
547  7428  7427  4985  4986  0  0  0  0
102  2545  2544  102  103  0  0  0  0
325  4987  4986  2544  2545  0  0  0  0
548  7429  7428  4986  4987  0  0  0  0
103  2546  2545  103  104  0  0  0  0
326  4988  4987  2545  2546  0  0  0  0
549  7430  7429  4987  4988  0  0  0  0
104  2547  2546  104  105  0  0  0  0
327  4989  4988  2546  2547  0  0  0  0
550  7431  7430  4988  4989  0  0  0  0
105  2548  2547  105  106  0  0  0  0
328  4990  4989  2547  2548  0  0  0  0
551  7432  7431  4989  4990  0  0  0  0
106  2549  2548  106  107  0  0  0  0
329  4991  4990  2548  2549  0  0  0  0
552  7433  7432  4990  4991  0  0  0  0
107  2550  2549  107  108  0  0  0  0
330  4992  4991  2549  2550  0  0  0  0
553  7434  7433  4991  4992  0  0  0  0
108  2551  2550  108  109  0  0  0  0
331  4993  4992  2550  2551  0  0  0  0
554  7435  7434  4992  4993  0  0  0  0
109  2552  2551  109  110  0  0  0  0
332  4994  4993  2551  2552  0  0  0  0
555  7436  7435  4993  4994  0  0  0  0
110  2553  2552  110  111  0  0  0  0
333  4995  4994  2552  2553  0  0  0  0
556  7437  7436  4994  4995  0  0  0  0
111  2554  2553  111  112  0  0  0  0
334  4996  4995  2553  2554  0  0  0  0
557  7438  7437  4995  4996  0  0  0  0
112  2555  2554  112  113  0  0  0  0
335  4997  4996  2554  2555  0  0  0  0
558  7439  7438  4996  4997  0  0  0  0
113  2556  2555  113  114  0  0  0  0
336  4998  4997  2555  2556  0  0  0  0
559  7440  7439  4997  4998  0  0  0  0
114  2557  2556  114  115  0  0  0  0
337  4999  4998  2556  2557  0  0  0  0
560  7441  7440  4998  4999  0  0  0  0
115  2558  2557  115  116  0  0  0  0
338  5000  4999  2557  2558  0  0  0  0
561  7442  7441  4999  5000  0  0  0  0
116  2559  2558  116  117  0  0  0  0
339  5001  5000  2558  2559  0  0  0  0
562  7443  7442  5000  5001  0  0  0  0
117  2560  2559  117  118  0  0  0  0
340  5002  5001  2559  2560  0  0  0  0
563  7444  7443  5001  5002  0  0  0  0
118  2561  2560  118  119  0  0  0  0
341  5003  5002  2560  2561  0  0  0  0
564  7445  7444  5002  5003  0  0  0  0
119  2562  2561  119  120  0  0  0  0
342  5004  5003  2561  2562  0  0  0  0
565  7446  7445  5003  5004  0  0  0  0
120  2563  2562  120  121  0  0  0  0
343  5005  5004  2562  2563  0  0  0  0
566  7447  7446  5004  5005  0  0  0  0
121  2564  2563  121  122  0  0  0  0
344  5006  5005  2563  2564  0  0  0  0
567  7448  7447  5005  5006  0  0  0  0
122  2565  2564  122  123  0  0  0  0
345  5007  5006  2564  2565  0  0  0  0
568  7449  7448  5006  5007  0  0  0  0
123  2566  2565  123  124  0  0  0  0
346  5008  5007  2565  2566  0  0  0  0
569  7450  7449  5007  5008  0  0  0  0
124  2567  2566  124  125  0  0  0  0
347  5009  5008  2566  2567  0  0  0  0
570  7451  7450  5008  5009  0  0  0  0
125  2568  2567  125  126  0  0  0  0
348  5010  5009  2567  2568  0  0  0  0
571  7452  7451  5009  5010  0  0  0  0
126  2569  2568  126  127  0  0  0  0
349  5011  5010  2568  2569  0  0  0  0
572  7453  7452  5010  5011  0  0  0  0
127  2570  2569  127  128  0  0  0  0
350  5012  5011  2569  2570  0  0  0  0
573  7454  7453  5011  5012  0  0  0  0
128  2571  2570  128  129  0  0  0  0
351  5013  5012  2570  2571  0  0  0  0
574  7455  7454  5012  5013  0  0  0  0
129  2572  2571  129  130  0  0  0  0
352  5014  5013  2571  2572  0  0  0  0
575  7456  7455  5013  5014  0  0  0  0
130  2573  2572  130  131  0  0  0  0
353  5015  5014  2572  2573  0  0  0  0
576  7457  7456  5014  5015  0  0  0  0
131  2574  2573  131  132  0  0  0  0
354  5016  5015  2573  2574  0  0  0  0
577  7458  7457  5015  5016  0  0  0  0
132  2575  2574  132  133  0  0  0  0
355  5017  5016  2574  2575  0  0  0  0
578  7459  7458  5016  5017  0  0  0  0
133  2576  2575  133  134  0  0  0  0
356  5018  5017  2575  2576  0  0  0  0
579  7460  7459  5017  5018  0  0  0  0
134  2577  2576  134  135  0  0  0  0
357  5019  5018  2576  2577  0  0  0  0
580  7461  7460  5018  5019  0  0  0  0
135  2578  2577  135  136  0  0  0  0
358  5020  5019  2577  2578  0  0  0  0
581  7462  7461  5019  5020  0  0  0  0
136  2579  2578  136  137  0  0  0  0
359  5021  5020  2578  2579  0  0  0  0
582  7463  7462  5020  5021  0  0  0  0
137  2580  2579  137  138  0  0  0  0
360  5022  5021  2579  2580  0  0  0  0
583  7464  7463  5021  5022  0  0  0  0
138  2581  2580  138  139  0  0  0  0
361  5023  5022  2580  2581  0  0  0  0
584  7465  7464  5022  5023  0  0  0  0
139  2582  2581  139  140  0  0  0  0
362  5024  5023  2581  2582  0  0  0  0
585  7466  7465  5023  5024  0  0  0  0
140  2583  2582  140  141  0  0  0  0
363  5025  5024  2582  2583  0  0  0  0
586  7467  7466  5024  5025  0  0  0  0
141  2584  2583  141  142  0  0  0  0
364  5026  5025  2583  2584  0  0  0  0
587  7468  7467  5025  5026  0  0  0  0
142  2585  2584  142  143  0  0  0  0
365  5027  5026  2584  2585  0  0  0  0
588  7469  7468  5026  5027  0  0  0  0
143  2586  2585  143  144  0  0  0  0
366  5028  5027  2585  2586  0  0  0  0
589  7470  7469  5027  5028  0  0  0  0
144  2587  2586  144  145  0  0  0  0
367  5029  5028  2586  2587  0  0  0  0
590  7471  7470  5028  5029  0  0  0  0
145  2588  2587  145  146  0  0  0  0
368  5030  5029  2587  2588  0  0  0  0
591  7472  7471  5029  5030  0  0  0  0
146  2589  2588  146  147  0  0  0  0
369  5031  5030  2588  2589  0  0  0  0
592  7473  7472  5030  5031  0  0  0  0
147  2590  2589  147  148  0  0  0  0
370  5032  5031  2589  2590  0  0  0  0
593  7474  7473  5031  5032  0  0  0  0
148  2591  2590  148  149  0  0  0  0
371  5033  5032  2590  2591  0  0  0  0
594  7475  7474  5032  5033  0  0  0  0
149  2592  2591  149  150  0  0  0  0
372  5034  5033  2591  2592  0  0  0  0
595  7476  7475  5033  5034  0  0  0  0
150  2593  2592  150  151  0  0  0  0
373  5035  5034  2592  2593  0  0  0  0
596  7477  7476  5034  5035  0  0  0  0
151  2594  2593  151  152  0  0  0  0
374  5036  5035  2593  2594  0  0  0  0
597  7478  7477  5035  5036  0  0  0  0
152  2595  2594  152  153  0  0  0  0
375  5037  5036  2594  2595  0  0  0  0
598  7479  7478  5036  5037  0  0  0  0
153  2596  2595  153  154  0  0  0  0
376  5038  5037  2595  2596  0  0  0  0
599  7480  7479  5037  5038  0  0  0  0
154  2597  2596  154  155  0  0  0  0
377  5039  5038  2596  2597  0  0  0  0
600  7481  7480  5038  5039  0  0  0  0
155  2598  2597  155  156  0  0  0  0
378  5040  5039  2597  2598  0  0  0  0
601  7482  7481  5039  5040  0  0  0  0
156  2599  2598  156  157  0  0  0  0
379  5041  5040  2598  2599  0  0  0  0
602  7483  7482  5040  5041  0  0  0  0
157  2600  2599  157  158  0  0  0  0
380  5042  5041  2599  2600  0  0  0  0
603  7484  7483  5041  5042  0  0  0  0
158  2601  2600  158  159  0  0  0  0
381  5043  5042  2600  2601  0  0  0  0
604  7485  7484  5042  5043  0  0  0  0
159  2602  2601  159  160  0  0  0  0
382  5044  5043  2601  2602  0  0  0  0
605  7486  7485  5043  5044  0  0  0  0
160  2603  2602  160  161  0  0  0  0
383  5045  5044  2602  2603  0  0  0  0
606  7487  7486  5044  5045  0  0  0  0
161  2604  2603  161  162  0  0  0  0
384  5046  5045  2603  2604  0  0  0  0
607  7488  7487  5045  5046  0  0  0  0
162  2605  2604  162  163  0  0  0  0
385  5047  5046  2604  2605  0  0  0  0
608  7489  7488  5046  5047  0  0  0  0
163  2606  2605  163  164  0  0  0  0
386  5048  5047  2605  2606  0  0  0  0
609  7490  7489  5047  5048  0  0  0  0
164  2607  2606  164  165  0  0  0  0
387  5049  5048  2606  2607  0  0  0  0
610  7491  7490  5048  5049  0  0  0  0
165  2608  2607  165  166  0  0  0  0
388  5050  5049  2607  2608  0  0  0  0
611  7492  7491  5049  5050  0  0  0  0
166  2609  2608  166  167  0  0  0  0
389  5051  5050  2608  2609  0  0  0  0
612  7493  7492  5050  5051  0  0  0  0
167  2610  2609  167  168  0  0  0  0
390  5052  5051  2609  2610  0  0  0  0
613  7494  7493  5051  5052  0  0  0  0
168  2611  2610  168  169  0  0  0  0
391  5053  5052  2610  2611  0  0  0  0
614  7495  7494  5052  5053  0  0  0  0
169  2612  2611  169  170  0  0  0  0
392  5054  5053  2611  2612  0  0  0  0
615  7496  7495  5053  5054  0  0  0  0
170  2613  2612  170  171  0  0  0  0
393  5055  5054  2612  2613  0  0  0  0
616  7497  7496  5054  5055  0  0  0  0
171  2614  2613  171  172  0  0  0  0
394  5056  5055  2613  2614  0  0  0  0
617  7498  7497  5055  5056  0  0  0  0
172  2615  2614  172  173  0  0  0  0
395  5057  5056  2614  2615  0  0  0  0
618  7499  7498  5056  5057  0  0  0  0
173  2616  2615  173  174  0  0  0  0
396  5058  5057  2615  2616  0  0  0  0
619  7500  7499  5057  5058  0  0  0  0
174  2617  2616  174  175  0  0  0  0
397  5059  5058  2616  2617  0  0  0  0
620  7501  7500  5058  5059  0  0  0  0
175  2618  2617  175  176  0  0  0  0
398  5060  5059  2617  2618  0  0  0  0
621  7502  7501  5059  5060  0  0  0  0
176  2619  2618  176  177  0  0  0  0
399  5061  5060  2618  2619  0  0  0  0
622  7503  7502  5060  5061  0  0  0  0
177  2620  2619  177  178  0  0  0  0
400  5062  5061  2619  2620  0  0  0  0
623  7504  7503  5061  5062  0  0  0  0
178  2621  2620  178  179  0  0  0  0
401  5063  5062  2620  2621  0  0  0  0
624  7505  7504  5062  5063  0  0  0  0
179  2622  2621  179  180  0  0  0  0
402  5064  5063  2621  2622  0  0  0  0
625  7506  7505  5063  5064  0  0  0  0
180  2623  2622  180  181  0  0  0  0
403  5065  5064  2622  2623  0  0  0  0
626  7507  7506  5064  5065  0  0  0  0
181  2624  2623  181  182  0  0  0  0
404  5066  5065  2623  2624  0  0  0  0
627  7508  7507  5065  5066  0  0  0  0
182  2625  2624  182  183  0  0  0  0
405  5067  5066  2624  2625  0  0  0  0
628  7509  7508  5066  5067  0  0  0  0
183  2626  2625  183  184  0  0  0  0
406  5068  5067  2625  2626  0  0  0  0
629  7510  7509  5067  5068  0  0  0  0
184  2627  2626  184  185  0  0  0  0
407  5069  5068  2626  2627  0  0  0  0
630  7511  7510  5068  5069  0  0  0  0
185  2628  2627  185  186  0  0  0  0
408  5070  5069  2627  2628  0  0  0  0
631  7512  7511  5069  5070  0  0  0  0
186  2629  2628  186  187  0  0  0  0
409  5071  5070  2628  2629  0  0  0  0
632  7513  7512  5070  5071  0  0  0  0
187  2630  2629  187  188  0  0  0  0
410  5072  5071  2629  2630  0  0  0  0
633  7514  7513  5071  5072  0  0  0  0
188  2631  2630  188  189  0  0  0  0
411  5073  5072  2630  2631  0  0  0  0
634  7515  7514  5072  5073  0  0  0  0
189  2632  2631  189  190  0  0  0  0
412  5074  5073  2631  2632  0  0  0  0
635  7516  7515  5073  5074  0  0  0  0
190  2633  2632  190  191  0  0  0  0
413  5075  5074  2632  2633  0  0  0  0
636  7517  7516  5074  5075  0  0  0  0
191  2634  2633  191  192  0  0  0  0
414  5076  5075  2633  2634  0  0  0  0
637  7518  7517  5075  5076  0  0  0  0
192  2635  2634  192  193  0  0  0  0
415  5077  5076  2634  2635  0  0  0  0
638  7519  7518  5076  5077  0  0  0  0
193  2636  2635  193  194  0  0  0  0
416  5078  5077  2635  2636  0  0  0  0
639  7520  7519  5077  5078  0  0  0  0
194  2637  2636  194  195  0  0  0  0
417  5079  5078  2636  2637  0  0  0  0
640  7521  7520  5078  5079  0  0  0  0
195  2638  2637  195  196  0  0  0  0
418  5080  5079  2637  2638  0  0  0  0
641  7522  7521  5079  5080  0  0  0  0
196  2639  2638  196  197  0  0  0  0
419  5081  5080  2638  2639  0  0  0  0
642  7523  7522  5080  5081  0  0  0  0
197  2640  2639  197  198  0  0  0  0
420  5082  5081  2639  2640  0  0  0  0
643  7524  7523  5081  5082  0  0  0  0
198  2641  2640  198  199  0  0  0  0
421  5083  5082  2640  2641  0  0  0  0
644  7525  7524  5082  5083  0  0  0  0
199  2443  2641  199  1  0  0  0  0
422  4885  5083  2641  2443  0  0  0  0
645  7327  7525  5083  4885  0  0  0  0
200  2642  2617  175  200  0  0  0  0
423  5084  5059  2617  2642  0  0  0  0
646  7526  7501  5059  5084  0  0  0  0
201  2643  2642  200  201  0  0  0  0
424  5085  5084  2642  2643  0  0  0  0
647  7527  7526  5084  5085  0  0  0  0
202  2644  2643  201  202  0  0  0  0
425  5086  5085  2643  2644  0  0  0  0
648  7528  7527  5085  5086  0  0  0  0
203  2645  2644  202  203  0  0  0  0
426  5087  5086  2644  2645  0  0  0  0
649  7529  7528  5086  5087  0  0  0  0
204  2646  2645  203  204  0  0  0  0
427  5088  5087  2645  2646  0  0  0  0
650  7530  7529  5087  5088  0  0  0  0
205  2647  2646  204  205  0  0  0  0
428  5089  5088  2646  2647  0  0  0  0
651  7531  7530  5088  5089  0  0  0  0
206  2648  2647  205  206  0  0  0  0
429  5090  5089  2647  2648  0  0  0  0
652  7532  7531  5089  5090  0  0  0  0
207  2468  2648  206  26  0  0  0  0
430  4910  5090  2648  2468  0  0  0  0
653  7352  7532  5090  4910  0  0  0  0
208  2649  2570  128  207  0  0  0  0
431  5091  5012  2570  2649  0  0  0  0
654  7533  7454  5012  5091  0  0  0  0
209  2650  2649  207  208  0  0  0  0
432  5092  5091  2649  2650  0  0  0  0
655  7534  7533  5091  5092  0  0  0  0
210  2651  2650  208  209  0  0  0  0
433  5093  5092  2650  2651  0  0  0  0
656  7535  7534  5092  5093  0  0  0  0
211  2652  2651  209  210  0  0  0  0
434  5094  5093  2651  2652  0  0  0  0
657  7536  7535  5093  5094  0  0  0  0
212  2653  2652  210  211  0  0  0  0
435  5095  5094  2652  2653  0  0  0  0
658  7537  7536  5094  5095  0  0  0  0
213  2654  2653  211  212  0  0  0  0
436  5096  5095  2653  2654  0  0  0  0
659  7538  7537  5095  5096  0  0  0  0
214  2655  2654  212  213  0  0  0  0
437  5097  5096  2654  2655  0  0  0  0
660  7539  7538  5096  5097  0  0  0  0
215  2656  2655  213  214  0  0  0  0
438  5098  5097  2655  2656  0  0  0  0
661  7540  7539  5097  5098  0  0  0  0
216  2657  2656  214  215  0  0  0  0
439  5099  5098  2656  2657  0  0  0  0
662  7541  7540  5098  5099  0  0  0  0
217  2658  2657  215  216  0  0  0  0
440  5100  5099  2657  2658  0  0  0  0
663  7542  7541  5099  5100  0  0  0  0
218  2659  2658  216  217  0  0  0  0
441  5101  5100  2658  2659  0  0  0  0
664  7543  7542  5100  5101  0  0  0  0
219  2660  2659  217  218  0  0  0  0
442  5102  5101  2659  2660  0  0  0  0
665  7544  7543  5101  5102  0  0  0  0
220  2661  2660  218  219  0  0  0  0
443  5103  5102  2660  2661  0  0  0  0
666  7545  7544  5102  5103  0  0  0  0
221  2662  2661  219  220  0  0  0  0
444  5104  5103  2661  2662  0  0  0  0
667  7546  7545  5103  5104  0  0  0  0
222  2663  2662  220  221  0  0  0  0
445  5105  5104  2662  2663  0  0  0  0
668  7547  7546  5104  5105  0  0  0  0
223  2515  2663  221  73  0  0  0  0
446  4957  5105  2663  2515  0  0  0  0
669  7399  7547  5105  4957  0  0  0  0
