1  3  0  0.575976
222  5  0  0.575457
443  1  0  0.574641
664  5  0  0.571666
2  3  0  -0.811317
223  5  0  -0.811269
444  1  0  -0.811238
665  5  0  -0.811207
3  3  0  -2.05051
224  5  0  -2.05045
445  1  0  -2.0504
666  5  0  -2.05036
4  3  0  -3.04928
225  5  0  -3.04924
446  1  0  -3.04922
667  5  0  -3.0492
5  3  0  -3.89757
226  5  0  -3.89755
447  1  0  -3.89754
668  5  0  -3.89753
6  3  0  -4.66434
227  5  0  -4.66431
448  1  0  -4.66429
669  5  0  -4.66428
7  3  0  -5.28812
228  5  0  -5.28811
449  1  0  -5.28811
670  5  0  -5.28811
8  3  0  -5.8974
229  5  0  -5.89738
450  1  0  -5.89737
671  5  0  -5.89736
9  3  0  -6.38651
230  5  0  -6.38651
451  1  0  -6.3865
672  5  0  -6.3865
10  3  0  -6.82604
231  5  0  -6.82604
452  1  0  -6.82603
673  5  0  -6.82603
11  3  0  -7.23163
232  5  0  -7.23162
453  1  0  -7.23162
674  5  0  -7.23161
12  3  0  -7.55844
233  5  0  -7.55844
454  1  0  -7.55844
675  5  0  -7.55844
13  3  0  -7.86222
234  5  0  -7.86222
455  1  0  -7.86222
676  5  0  -7.86222
14  3  0  -8.14084
235  5  0  -8.14083
456  1  0  -8.14083
677  5  0  -8.14083
15  3  0  -8.36643
236  5  0  -8.36642
457  1  0  -8.36642
678  5  0  -8.36642
16  3  0  -8.53773
237  5  0  -8.53773
458  1  0  -8.53773
679  5  0  -8.53773
17  3  0  -8.68982
238  5  0  -8.68982
459  1  0  -8.68982
680  5  0  -8.68982
18  3  0  -8.81908
239  5  0  -8.81908
460  1  0  -8.81908
681  5  0  -8.81908
19  3  0  -8.89643
240  5  0  -8.89643
461  1  0  -8.89643
682  5  0  -8.89643
20  3  0  -8.97283
241  5  0  -8.97283
462  1  0  -8.97283
683  5  0  -8.97283
21  3  0  -9.02643
242  5  0  -9.02643
463  1  0  -9.02643
684  5  0  -9.02643
22  3  0  -9.03952
243  5  0  -9.03952
464  1  0  -9.03952
685  5  0  -9.03952
23  3  0  -9.03421
244  5  0  -9.03421
465  1  0  -9.03421
686  5  0  -9.03421
24  3  0  -9.02311
245  5  0  -9.02311
466  1  0  -9.02311
687  5  0  -9.02311
25  3  0  -8.99538
246  5  0  -8.99538
467  1  0  -8.99538
688  5  0  -8.99538
26  3  0  -8.93082
247  5  0  -8.93082
468  1  0  -8.93082
689  5  0  -8.93082
27  3  0  -8.85579
248  5  0  -8.85579
469  1  0  -8.85579
690  5  0  -8.85579
28  3  0  -8.76752
249  5  0  -8.76752
470  1  0  -8.76752
691  5  0  -8.76752
29  3  0  -8.65602
250  5  0  -8.65602
471  1  0  -8.65602
692  5  0  -8.65602
30  3  0  -8.5343
251  5  0  -8.5343
472  1  0  -8.5343
693  5  0  -8.5343
31  3  0  -8.40694
252  5  0  -8.40694
473  1  0  -8.40694
694  5  0  -8.40694
32  3  0  -8.25884
253  5  0  -8.25884
474  1  0  -8.25884
695  5  0  -8.25884
33  3  0  -8.06927
254  5  0  -8.06927
475  1  0  -8.06927
696  5  0  -8.06927
34  3  0  -7.88632
255  5  0  -7.88633
476  1  0  -1.41865
697  5  0  4.89197
35  3  0  -7.68166
256  5  0  -7.67992
477  6  0  -7.68008
698  5  0  -7.6791
36  3  0  -7.50618
257  5  0  -7.5043
478  6  0  -7.50449
699  5  0  -7.50337
37  3  0  -7.30048
258  5  0  -7.30049
479  6  0  -7.3005
700  5  0  -7.3005
38  3  0  -7.04246
259  5  0  -7.04246
480  6  0  -7.04246
701  5  0  -7.04245
39  3  0  -6.81848
260  5  0  -6.81848
481  6  0  -6.81848
702  5  0  -6.81848
40  3  0  -6.59109
261  5  0  -6.59109
482  6  0  -6.5911
703  5  0  -6.59111
41  3  0  -6.32968
262  5  0  -6.32968
483  6  0  -6.32968
704  5  0  -6.32969
42  3  0  -6.05145
263  5  0  -6.05145
484  6  0  -6.05145
705  5  0  -6.05146
43  3  0  -5.75588
264  5  0  -5.75588
485  6  0  -5.75587
706  5  0  -5.75585
44  3  0  -5.51272
265  5  0  -5.51272
486  6  0  -5.51272
707  5  0  -5.51273
45  3  0  -5.24582
266  5  0  -5.24583
487  6  0  -5.24583
708  5  0  -5.24584
46  3  0  -4.94202
267  5  0  -4.94202
488  6  0  -4.94202
709  5  0  -4.94203
47  3  0  -4.62111
268  5  0  -4.62111
489  6  0  -4.6211
710  5  0  -4.62109
48  3  0  -4.33674
269  5  0  -4.33674
490  6  0  -4.33675
711  5  0  -4.33675
49  3  0  -4.04233
270  5  0  -4.04234
491  6  0  -4.04236
712  5  0  -4.04239
50  3  0  -3.65686
271  5  0  -3.65685
492  6  0  -3.65684
713  5  0  -3.65682
51  3  0  -3.33768
272  5  0  -3.33768
493  6  0  -3.33768
714  5  0  -3.33768
52  3  0  -3.02034
273  5  0  -3.02034
494  6  0  -3.02034
715  5  0  -3.02034
53  3  0  -2.68892
274  5  0  -2.68893
495  6  0  -2.68895
716  5  0  -2.68897
54  3  0  -2.28232
275  5  0  -2.28231
496  6  0  -2.28231
717  5  0  -2.2823
55  3  0  -1.89372
276  5  0  -1.89371
497  6  0  -1.8937
718  5  0  -1.89369
56  3  0  -1.53967
277  5  0  -1.53967
498  6  0  -1.53966
719  5  0  -1.53966
57  3  0  -1.19534
278  5  0  -1.19534
499  6  0  -1.19533
720  5  0  -1.19532
58  3  0  -0.875025
279  5  0  -0.875041
500  6  0  -0.875091
721  5  0  -0.875141
59  3  0  -0.393244
280  5  0  -0.393227
501  6  0  -0.393172
722  5  0  -0.393117
60  3  0  -0.0947398
281  5  0  -0.0947404
502  6  0  -0.0947423
723  5  0  -0.0947442
61  3  0  0.211929
282  5  0  0.211929
503  6  0  0.21193
724  5  0  0.21193
62  3  0  0.516104
283  5  0  0.5161
504  6  0  0.516087
725  5  0  0.516075
63  3  0  0.870265
284  5  0  0.870269
505  6  0  0.870283
726  5  0  0.870296
64  3  0  1.17092
285  5  0  1.17091
506  6  0  1.17089
727  5  0  1.17088
65  3  0  1.54262
286  5  0  1.54262
507  6  0  1.54262
728  5  0  1.54262
66  3  0  1.91676
287  5  0  1.91676
508  6  0  1.91676
729  5  0  1.91676
67  3  0  2.29938
288  5  0  2.29939
509  6  0  2.29939
730  5  0  2.29939
68  3  0  2.67017
289  5  0  2.67017
510  6  0  2.67017
731  5  0  2.67018
69  3  0  3.03613
290  5  0  3.03612
511  6  0  3.03609
732  5  0  3.03607
70  3  0  3.4929
291  5  0  3.4929
512  6  0  3.49291
733  5  0  3.49292
71  3  0  3.92353
292  5  0  3.92353
513  6  0  3.92353
734  5  0  3.92354
72  3  0  4.34726
293  5  0  4.34726
514  6  0  4.34725
735  5  0  4.34724
73  3  0  4.7977
294  5  0  4.7977
515  6  0  4.79769
736  5  0  4.79768
74  3  0  5.27426
295  5  0  5.27426
516  6  0  5.27425
737  5  0  5.27424
75  3  0  5.77732
296  5  0  5.77732
517  6  0  5.77731
738  5  0  5.77731
76  3  0  6.29585
297  5  0  6.29584
518  6  0  6.29582
739  5  0  6.29579
77  3  0  6.87912
298  5  0  6.87912
519  6  0  6.87909
740  5  0  6.87907
78  3  0  7.5148
299  5  0  7.5148
520  6  0  7.51481
741  5  0  7.51481
79  3  0  8.13649
300  5  0  8.13649
521  6  0  8.13647
742  5  0  8.13645
80  3  0  8.80034
301  5  0  8.80033
522  6  0  8.8003
743  5  0  8.80027
81  3  0  9.52326
302  5  0  9.52325
523  6  0  9.52322
744  5  0  9.5232
82  3  0  10.2943
303  5  0  10.2942
524  1  0  2.28749
745  5  0  -5.43973
83  3  0  11.1095
304  5  0  11.1095
525  1  0  11.1094
746  5  0  11.1094
84  3  0  10.6321
305  5  0  7.78978
526  1  0  6.12275
747  5  0  4.56654
85  3  0  -166.346
306  5  0  -163.487
527  1  0  -161.814
748  5  0  -160.255
86  3  0  -168.861
307  5  0  -168.861
528  1  0  -168.861
749  5  0  -168.861
87  3  0  -171.184
308  5  0  -174.043
529  1  0  -175.717
750  5  0  -177.278
88  3  0  11.816
309  5  0  14.4646
530  1  0  15.914
751  5  0  17.1352
89  3  0  11.1844
310  5  0  11.2048
531  1  0  11.2206
752  5  0  11.2458
90  3  0  12.1759
311  5  0  12.1759
532  1  0  12.1759
753  5  0  12.1759
91  3  0  13.2001
312  5  0  13.2
533  1  0  13.2
754  5  0  13.2
92  3  0  14.3734
313  5  0  14.3733
534  1  0  14.3733
755  5  0  14.3732
93  3  0  15.8854
314  5  0  15.8854
535  1  0  15.8854
756  5  0  15.8854
94  3  0  17.3971
315  5  0  17.3968
536  1  0  17.3967
757  5  0  17.3965
95  3  0  19.5014
316  5  0  19.5012
537  1  0  19.5011
758  5  0  19.5009
96  3  0  21.9842
317  5  0  21.9835
538  1  0  21.9831
759  5  0  21.9826
97  3  0  25.3924
318  5  0  25.3905
539  1  0  25.3893
760  5  0  25.388
98  3  0  30.6219
319  5  0  30.6143
540  1  0  30.6093
761  5  0  30.6043
99  3  0  40.072
320  5  0  40.0099
541  1  0  39.9689
762  5  0  39.9271
100  3  0  64.3849
321  5  0  64.4622
542  1  0  64.5148
763  5  0  64.5701
101  3  0  108.764
322  5  0  108.717
543  1  0  108.684
764  5  0  108.651
102  3  0  128.095
323  5  0  128.131
544  1  0  128.154
765  5  0  128.178
103  3  0  136.946
324  5  0  136.952
545  1  0  136.955
766  5  0  136.959
104  3  0  142.357
325  5  0  142.359
546  1  0  142.36
767  5  0  142.362
105  3  0  146.01
326  5  0  146.011
547  1  0  146.011
768  5  0  146.012
106  3  0  148.75
327  5  0  148.75
548  1  0  148.75
769  5  0  148.75
107  3  0  151.206
328  5  0  151.206
549  1  0  151.206
770  5  0  151.206
108  3  0  153.031
329  5  0  153.031
550  1  0  153.031
771  5  0  153.031
109  3  0  154.886
330  5  0  154.886
551  1  0  154.886
772  5  0  154.886
110  3  0  156.428
331  5  0  156.428
552  1  0  156.428
773  5  0  156.428
111  3  0  157.866
332  5  0  157.866
553  1  0  157.866
774  5  0  157.866
112  3  0  159.162
333  5  0  159.132
554  1  0  159.108
775  5  0  159.071
113  3  0  160.435
334  5  0  160.409
555  1  0  160.392
776  5  0  160.369
114  3  0  160
335  5  0  156.499
556  1  0  154.044
777  5  0  151.414
115  3  0  -16.9017
336  5  0  -13.4977
557  1  0  -11.1201
778  5  0  -8.5814
116  3  0  -19.5676
337  5  0  -19.5677
558  1  0  -19.5677
779  5  0  -19.5678
117  3  0  -22.4233
338  5  0  -25.8239
559  1  0  -28.1986
780  5  0  -30.7337
118  3  0  160.641
339  5  0  164.058
560  1  0  166.449
781  5  0  169.008
119  3  0  160.455
340  5  0  160.455
561  1  0  160.455
782  5  0  160.455
120  3  0  161.589
341  5  0  161.589
562  1  0  161.589
783  5  0  161.589
121  3  0  162.667
342  5  0  162.667
563  6  0  170.441
784  5  0  177.966
122  3  0  163.71
343  5  0  163.71
564  6  0  163.71
785  5  0  163.71
123  3  0  164.706
344  5  0  164.706
565  6  0  164.706
786  5  0  164.706
124  3  0  165.664
345  5  0  165.664
566  6  0  165.664
787  5  0  165.664
125  3  0  166.651
346  5  0  166.651
567  6  0  166.651
788  5  0  166.651
126  3  0  167.605
347  5  0  167.605
568  6  0  167.605
789  5  0  167.605
127  3  0  168.471
348  5  0  168.471
569  6  0  168.471
790  5  0  168.471
128  3  0  169.318
349  5  0  169.318
570  6  0  169.318
791  5  0  169.318
129  3  0  170.136
350  5  0  170.136
571  6  0  170.136
792  5  0  170.136
130  3  0  170.922
351  5  0  170.922
572  6  0  170.922
793  5  0  170.922
131  3  0  171.718
352  5  0  171.718
573  6  0  171.718
794  5  0  171.718
132  3  0  172.476
353  5  0  172.476
574  6  0  172.476
795  5  0  172.476
133  3  0  173.299
354  5  0  173.299
575  6  0  173.299
796  5  0  173.299
134  3  0  173.968
355  5  0  173.968
576  6  0  173.968
797  5  0  173.968
135  3  0  174.756
356  5  0  174.756
577  6  0  174.756
798  5  0  174.756
136  3  0  175.542
357  5  0  175.542
578  6  0  175.542
799  5  0  175.542
137  3  0  176.263
358  5  0  176.263
579  6  0  176.263
800  5  0  176.263
138  3  0  176.935
359  5  0  176.935
580  6  0  176.935
801  5  0  176.935
139  3  0  177.61
360  5  0  177.61
581  6  0  177.61
802  5  0  177.61
140  3  0  178.35
361  5  0  178.35
582  6  0  178.35
803  5  0  178.35
141  3  0  179
362  5  0  179
583  6  0  178.999
804  5  0  178.999
142  3  0  179.857
363  5  0  179.857
584  6  0  179.857
805  5  0  179.857
143  3  0  -179.159
364  5  0  -179.159
585  6  0  -179.159
806  5  0  -179.16
144  3  0  -178.069
365  5  0  -178.069
586  6  0  -178.07
807  5  0  -178.07
145  3  0  -176.814
366  5  0  -176.814
587  6  0  -176.813
808  5  0  -176.813
146  3  0  -175.879
367  5  0  -175.879
588  6  0  -175.879
809  5  0  -175.879
147  3  0  -175.064
368  5  0  -175.064
589  6  0  -175.064
810  5  0  -175.064
148  3  0  -174.385
369  5  0  -174.385
590  6  0  -174.385
811  5  0  -174.385
149  3  0  -173.731
370  5  0  -173.731
591  6  0  -173.731
812  5  0  -173.731
150  3  0  -173.17
371  5  0  -173.17
592  6  0  -173.17
813  5  0  -173.17
151  3  0  -172.658
372  5  0  -172.658
593  6  0  -172.658
814  5  0  -172.658
152  3  0  -172.26
373  5  0  -172.26
594  6  0  -172.26
815  5  0  -172.26
153  3  0  -171.891
374  5  0  -171.891
595  6  0  -171.891
816  5  0  -171.891
154  3  0  -171.502
375  5  0  -171.502
596  6  0  -171.502
817  5  0  -171.502
155  3  0  -171.169
376  5  0  -171.169
597  6  0  -171.169
818  5  0  -171.169
156  3  0  -170.871
377  5  0  -170.871
598  6  0  -170.871
819  5  0  -170.871
157  3  0  -170.624
378  5  0  -170.624
599  6  0  -170.624
820  5  0  -170.624
158  3  0  -170.395
379  5  0  -170.395
600  6  0  -170.395
821  5  0  -170.395
159  3  0  -170.111
380  5  0  -170.111
601  6  0  -170.111
822  5  0  -170.111
160  3  0  -169.914
381  5  0  -169.914
602  6  0  -169.914
823  5  0  -169.914
161  3  0  -169.724
382  5  0  -169.724
603  6  0  -169.724
824  5  0  -169.724
162  3  0  -169.543
383  5  0  -169.543
604  6  0  -169.543
825  5  0  -169.543
163  3  0  -169.356
384  5  0  -169.356
605  6  0  -169.356
826  5  0  -169.356
164  3  0  -169.18
385  5  0  -169.18
606  6  0  -169.18
827  5  0  -169.18
165  3  0  -169.052
386  5  0  -169.053
607  6  0  -169.052
828  5  0  -169.052
166  3  0  -168.934
387  5  0  -168.935
608  6  0  -176.591
829  5  0  176.026
167  3  0  -168.794
388  5  0  -168.794
609  1  0  -168.794
830  5  0  -168.794
168  3  0  -168.686
389  5  0  -168.686
610  1  0  -168.686
831  5  0  -168.686
169  3  0  -168.541
390  5  0  -168.541
611  1  0  -168.541
832  5  0  -168.541
170  3  0  -168.467
391  5  0  -168.467
612  1  0  -168.467
833  5  0  -168.467
171  3  0  -168.371
392  5  0  -168.371
613  1  0  -168.371
834  5  0  -168.371
172  3  0  -168.297
393  5  0  -168.297
614  1  0  -168.297
835  5  0  -168.297
173  3  0  -168.245
394  5  0  -168.245
615  1  0  -168.245
836  5  0  -168.245
174  3  0  -168.158
395  5  0  -168.158
616  1  0  -168.158
837  5  0  -168.158
175  3  0  -168.082
396  5  0  -168.082
617  1  0  -168.082
838  5  0  -168.082
176  3  0  -168.056
397  5  0  -168.056
618  1  0  -168.056
839  5  0  -168.056
177  3  0  -168.007
398  5  0  -168.007
619  1  0  -168.007
840  5  0  -168.007
178  3  0  -167.965
399  5  0  -167.965
620  1  0  -167.965
841  5  0  -167.965
179  3  0  -167.929
400  5  0  -167.929
621  1  0  -167.929
842  5  0  -167.929
180  3  0  -167.902
401  5  0  -167.902
622  1  0  -167.902
843  5  0  -167.902
181  3  0  -167.897
402  5  0  -167.897
623  1  0  -167.897
844  5  0  -167.897
182  3  0  -167.883
403  5  0  -167.883
624  1  0  -167.883
845  5  0  -167.883
183  3  0  -167.861
404  5  0  -167.861
625  1  0  -167.861
846  5  0  -167.861
184  3  0  -167.856
405  5  0  -167.856
626  1  0  -167.856
847  5  0  -167.856
185  3  0  -167.872
406  5  0  -167.872
627  1  0  -167.872
848  5  0  -167.872
186  3  0  -167.913
407  5  0  -167.913
628  1  0  -167.913
849  5  0  -167.913
187  3  0  -167.918
408  5  0  -167.918
629  1  0  -167.918
850  5  0  -167.918
188  3  0  -167.967
409  5  0  -167.967
630  1  0  -167.967
851  5  0  -167.967
189  3  0  -168.027
410  5  0  -168.027
631  1  0  -168.027
852  5  0  -168.027
190  3  0  -168.083
411  5  0  -168.083
632  1  0  -168.083
853  5  0  -168.083
191  3  0  -168.156
412  5  0  -168.156
633  1  0  -168.156
854  5  0  -168.156
192  3  0  -168.216
413  5  0  -168.216
634  1  0  -168.216
855  5  0  -168.216
193  3  0  -168.332
414  5  0  -168.332
635  1  0  -168.332
856  5  0  -168.332
194  3  0  -168.436
415  5  0  -168.436
636  1  0  -168.436
857  5  0  -168.436
195  3  0  -168.546
416  5  0  -168.546
637  1  0  -168.546
858  5  0  -168.546
196  3  0  -168.716
417  5  0  -168.716
638  1  0  -168.716
859  5  0  -168.716
197  3  0  -168.893
418  5  0  -168.893
639  1  0  -168.893
860  5  0  -168.893
198  3  0  -169.081
419  5  0  -169.081
640  1  0  -169.081
861  5  0  -169.081
199  3  0  -169.335
420  5  0  -169.35
641  1  0  -169.359
862  5  0  -169.369
200  3  0  -158.43
421  5  0  -158.402
642  1  0  -158.361
863  5  0  -158.24
201  2  0  -90.1007
422  2  0  -90.1007
643  1  0  -90.1007
864  2  0  -90.1007
202  2  0  -90.1007
423  2  0  -90.1007
644  1  0  -90.1007
865  2  0  -90.1007
203  2  0  -90.1007
424  2  0  -90.1007
645  1  0  -90.1007
866  2  0  -90.1007
204  2  0  -90.1007
425  2  0  -90.1007
646  1  0  -90.1007
867  2  0  -90.1007
205  2  0  -90.1007
426  2  0  -90.1007
647  1  0  -90.1007
868  2  0  -90.1007
206  2  0  -90.1007
427  2  0  -90.1007
648  1  0  -90.1007
869  2  0  -90.1007
207  2  0  -90.1007
428  2  0  -90.1007
649  1  0  -90.1007
870  2  0  -90.1007
208  2  0  -90.1007
429  2  0  -90.1007
650  1  0  -90.1007
871  2  0  -90.1007
209  2  0  -90.1007
430  2  0  -90.1007
651  1  0  -90.1007
872  2  0  -90.1007
210  2  0  -90.1007
431  2  0  -90.1007
652  1  0  -90.1007
873  2  0  -90.1007
211  2  0  -90.1007
432  2  0  -90.1007
653  1  0  -90.1007
874  2  0  -90.1007
212  2  0  -94.7081
433  2  0  -94.7081
654  1  0  -94.7081
875  2  0  -94.7081
213  2  0  -94.7081
434  2  0  -94.7081
655  1  0  -94.7081
876  2  0  -94.7081
214  2  0  -94.7081
435  2  0  -94.7081
656  1  0  -94.7081
877  2  0  -94.7081
215  2  0  -94.7081
436  2  0  -94.7081
657  1  0  -94.7081
878  2  0  -94.7081
216  2  0  -94.7081
437  2  0  -94.7081
658  1  0  -94.7081
879  2  0  -94.7081
217  2  0  -94.7081
438  2  0  -94.7081
659  1  0  -94.7081
880  2  0  -94.7081
218  2  0  -94.7081
439  2  0  -94.7081
660  1  0  -94.7081
881  2  0  -94.7081
219  2  0  -94.7081
440  2  0  -94.7081
661  1  0  -94.7081
882  2  0  -94.7081
220  2  0  -94.7081
441  2  0  -94.7081
662  1  0  -94.7081
883  2  0  -94.7081
221  2  0  -94.7081
442  2  0  -94.7081
663  1  0  -94.7081
884  2  0  -94.7081
