1  2520  2519  1  2  0  0  0  0
262  5038  5037  2519  2520  0  0  0  0
523  7556  7555  5037  5038  0  0  0  0
784  10074  10073  7555  7556  0  0  0  0
2  2521  2520  2  3  0  0  0  0
263  5039  5038  2520  2521  0  0  0  0
524  7557  7556  5038  5039  0  0  0  0
785  10075  10074  7556  7557  0  0  0  0
3  2522  2521  3  4  0  0  0  0
264  5040  5039  2521  2522  0  0  0  0
525  7558  7557  5039  5040  0  0  0  0
786  10076  10075  7557  7558  0  0  0  0
4  2523  2522  4  5  0  0  0  0
265  5041  5040  2522  2523  0  0  0  0
526  7559  7558  5040  5041  0  0  0  0
787  10077  10076  7558  7559  0  0  0  0
5  2524  2523  5  6  0  0  0  0
266  5042  5041  2523  2524  0  0  0  0
527  7560  7559  5041  5042  0  0  0  0
788  10078  10077  7559  7560  0  0  0  0
6  2525  2524  6  7  0  0  0  0
267  5043  5042  2524  2525  0  0  0  0
528  7561  7560  5042  5043  0  0  0  0
789  10079  10078  7560  7561  0  0  0  0
7  2526  2525  7  8  0  0  0  0
268  5044  5043  2525  2526  0  0  0  0
529  7562  7561  5043  5044  0  0  0  0
790  10080  10079  7561  7562  0  0  0  0
8  2527  2526  8  9  0  0  0  0
269  5045  5044  2526  2527  0  0  0  0
530  7563  7562  5044  5045  0  0  0  0
791  10081  10080  7562  7563  0  0  0  0
9  2528  2527  9  10  0  0  0  0
270  5046  5045  2527  2528  0  0  0  0
531  7564  7563  5045  5046  0  0  0  0
792  10082  10081  7563  7564  0  0  0  0
10  2529  2528  10  11  0  0  0  0
271  5047  5046  2528  2529  0  0  0  0
532  7565  7564  5046  5047  0  0  0  0
793  10083  10082  7564  7565  0  0  0  0
11  2530  2529  11  12  0  0  0  0
272  5048  5047  2529  2530  0  0  0  0
533  7566  7565  5047  5048  0  0  0  0
794  10084  10083  7565  7566  0  0  0  0
12  2531  2530  12  13  0  0  0  0
273  5049  5048  2530  2531  0  0  0  0
534  7567  7566  5048  5049  0  0  0  0
795  10085  10084  7566  7567  0  0  0  0
13  2532  2531  13  14  0  0  0  0
274  5050  5049  2531  2532  0  0  0  0
535  7568  7567  5049  5050  0  0  0  0
796  10086  10085  7567  7568  0  0  0  0
14  2533  2532  14  15  0  0  0  0
275  5051  5050  2532  2533  0  0  0  0
536  7569  7568  5050  5051  0  0  0  0
797  10087  10086  7568  7569  0  0  0  0
15  2534  2533  15  16  0  0  0  0
276  5052  5051  2533  2534  0  0  0  0
537  7570  7569  5051  5052  0  0  0  0
798  10088  10087  7569  7570  0  0  0  0
16  2535  2534  16  17  0  0  0  0
277  5053  5052  2534  2535  0  0  0  0
538  7571  7570  5052  5053  0  0  0  0
799  10089  10088  7570  7571  0  0  0  0
17  2536  2535  17  18  0  0  0  0
278  5054  5053  2535  2536  0  0  0  0
539  7572  7571  5053  5054  0  0  0  0
800  10090  10089  7571  7572  0  0  0  0
18  2537  2536  18  19  0  0  0  0
279  5055  5054  2536  2537  0  0  0  0
540  7573  7572  5054  5055  0  0  0  0
801  10091  10090  7572  7573  0  0  0  0
19  2538  2537  19  20  0  0  0  0
280  5056  5055  2537  2538  0  0  0  0
541  7574  7573  5055  5056  0  0  0  0
802  10092  10091  7573  7574  0  0  0  0
20  2539  2538  20  21  0  0  0  0
281  5057  5056  2538  2539  0  0  0  0
542  7575  7574  5056  5057  0  0  0  0
803  10093  10092  7574  7575  0  0  0  0
21  2540  2539  21  22  0  0  0  0
282  5058  5057  2539  2540  0  0  0  0
543  7576  7575  5057  5058  0  0  0  0
804  10094  10093  7575  7576  0  0  0  0
22  2541  2540  22  23  0  0  0  0
283  5059  5058  2540  2541  0  0  0  0
544  7577  7576  5058  5059  0  0  0  0
805  10095  10094  7576  7577  0  0  0  0
23  2542  2541  23  24  0  0  0  0
284  5060  5059  2541  2542  0  0  0  0
545  7578  7577  5059  5060  0  0  0  0
806  10096  10095  7577  7578  0  0  0  0
24  2543  2542  24  25  0  0  0  0
285  5061  5060  2542  2543  0  0  0  0
546  7579  7578  5060  5061  0  0  0  0
807  10097  10096  7578  7579  0  0  0  0
25  2544  2543  25  26  0  0  0  0
286  5062  5061  2543  2544  0  0  0  0
547  7580  7579  5061  5062  0  0  0  0
808  10098  10097  7579  7580  0  0  0  0
26  2545  2544  26  27  0  0  0  0
287  5063  5062  2544  2545  0  0  0  0
548  7581  7580  5062  5063  0  0  0  0
809  10099  10098  7580  7581  0  0  0  0
27  2546  2545  27  28  0  0  0  0
288  5064  5063  2545  2546  0  0  0  0
549  7582  7581  5063  5064  0  0  0  0
810  10100  10099  7581  7582  0  0  0  0
28  2547  2546  28  29  0  0  0  0
289  5065  5064  2546  2547  0  0  0  0
550  7583  7582  5064  5065  0  0  0  0
811  10101  10100  7582  7583  0  0  0  0
29  2548  2547  29  30  0  0  0  0
290  5066  5065  2547  2548  0  0  0  0
551  7584  7583  5065  5066  0  0  0  0
812  10102  10101  7583  7584  0  0  0  0
30  2549  2548  30  31  0  0  0  0
291  5067  5066  2548  2549  0  0  0  0
552  7585  7584  5066  5067  0  0  0  0
813  10103  10102  7584  7585  0  0  0  0
31  2550  2549  31  32  0  0  0  0
292  5068  5067  2549  2550  0  0  0  0
553  7586  7585  5067  5068  0  0  0  0
814  10104  10103  7585  7586  0  0  0  0
32  2551  2550  32  33  0  0  0  0
293  5069  5068  2550  2551  0  0  0  0
554  7587  7586  5068  5069  0  0  0  0
815  10105  10104  7586  7587  0  0  0  0
33  2552  2551  33  34  0  0  0  0
294  5070  5069  2551  2552  0  0  0  0
555  7588  7587  5069  5070  0  0  0  0
816  10106  10105  7587  7588  0  0  0  0
34  2553  2552  34  35  0  0  0  0
295  5071  5070  2552  2553  0  0  0  0
556  7589  7588  5070  5071  0  0  0  0
817  10107  10106  7588  7589  0  0  0  0
35  2554  2553  35  36  0  0  0  0
296  5072  5071  2553  2554  0  0  0  0
557  7590  7589  5071  5072  0  0  0  0
818  10108  10107  7589  7590  0  0  0  0
36  2555  2554  36  37  0  0  0  0
297  5073  5072  2554  2555  0  0  0  0
558  7591  7590  5072  5073  0  0  0  0
819  10109  10108  7590  7591  0  0  0  0
37  2556  2555  37  38  0  0  0  0
298  5074  5073  2555  2556  0  0  0  0
559  7592  7591  5073  5074  0  0  0  0
820  10110  10109  7591  7592  0  0  0  0
38  2557  2556  38  39  0  0  0  0
299  5075  5074  2556  2557  0  0  0  0
560  7593  7592  5074  5075  0  0  0  0
821  10111  10110  7592  7593  0  0  0  0
39  2558  2557  39  40  0  0  0  0
300  5076  5075  2557  2558  0  0  0  0
561  7594  7593  5075  5076  0  0  0  0
822  10112  10111  7593  7594  0  0  0  0
40  2559  2558  40  41  0  0  0  0
301  5077  5076  2558  2559  0  0  0  0
562  7595  7594  5076  5077  0  0  0  0
823  10113  10112  7594  7595  0  0  0  0
41  2560  2559  41  42  0  0  0  0
302  5078  5077  2559  2560  0  0  0  0
563  7596  7595  5077  5078  0  0  0  0
824  10114  10113  7595  7596  0  0  0  0
42  2561  2560  42  43  0  0  0  0
303  5079  5078  2560  2561  0  0  0  0
564  7597  7596  5078  5079  0  0  0  0
825  10115  10114  7596  7597  0  0  0  0
43  2562  2561  43  44  0  0  0  0
304  5080  5079  2561  2562  0  0  0  0
565  7598  7597  5079  5080  0  0  0  0
826  10116  10115  7597  7598  0  0  0  0
44  2563  2562  44  45  0  0  0  0
305  5081  5080  2562  2563  0  0  0  0
566  7599  7598  5080  5081  0  0  0  0
827  10117  10116  7598  7599  0  0  0  0
45  2564  2563  45  46  0  0  0  0
306  5082  5081  2563  2564  0  0  0  0
567  7600  7599  5081  5082  0  0  0  0
828  10118  10117  7599  7600  0  0  0  0
46  2565  2564  46  47  0  0  0  0
307  5083  5082  2564  2565  0  0  0  0
568  7601  7600  5082  5083  0  0  0  0
829  10119  10118  7600  7601  0  0  0  0
47  2566  2565  47  48  0  0  0  0
308  5084  5083  2565  2566  0  0  0  0
569  7602  7601  5083  5084  0  0  0  0
830  10120  10119  7601  7602  0  0  0  0
48  2567  2566  48  49  0  0  0  0
309  5085  5084  2566  2567  0  0  0  0
570  7603  7602  5084  5085  0  0  0  0
831  10121  10120  7602  7603  0  0  0  0
49  2568  2567  49  50  0  0  0  0
310  5086  5085  2567  2568  0  0  0  0
571  7604  7603  5085  5086  0  0  0  0
832  10122  10121  7603  7604  0  0  0  0
50  2569  2568  50  51  0  0  0  0
311  5087  5086  2568  2569  0  0  0  0
572  7605  7604  5086  5087  0  0  0  0
833  10123  10122  7604  7605  0  0  0  0
51  2570  2569  51  52  0  0  0  0
312  5088  5087  2569  2570  0  0  0  0
573  7606  7605  5087  5088  0  0  0  0
834  10124  10123  7605  7606  0  0  0  0
52  2571  2570  52  53  0  0  0  0
313  5089  5088  2570  2571  0  0  0  0
574  7607  7606  5088  5089  0  0  0  0
835  10125  10124  7606  7607  0  0  0  0
53  2572  2571  53  54  0  0  0  0
314  5090  5089  2571  2572  0  0  0  0
575  7608  7607  5089  5090  0  0  0  0
836  10126  10125  7607  7608  0  0  0  0
54  2573  2572  54  55  0  0  0  0
315  5091  5090  2572  2573  0  0  0  0
576  7609  7608  5090  5091  0  0  0  0
837  10127  10126  7608  7609  0  0  0  0
55  2574  2573  55  56  0  0  0  0
316  5092  5091  2573  2574  0  0  0  0
577  7610  7609  5091  5092  0  0  0  0
838  10128  10127  7609  7610  0  0  0  0
56  2575  2574  56  57  0  0  0  0
317  5093  5092  2574  2575  0  0  0  0
578  7611  7610  5092  5093  0  0  0  0
839  10129  10128  7610  7611  0  0  0  0
57  2576  2575  57  58  0  0  0  0
318  5094  5093  2575  2576  0  0  0  0
579  7612  7611  5093  5094  0  0  0  0
840  10130  10129  7611  7612  0  0  0  0
58  2577  2576  58  59  0  0  0  0
319  5095  5094  2576  2577  0  0  0  0
580  7613  7612  5094  5095  0  0  0  0
841  10131  10130  7612  7613  0  0  0  0
59  2578  2577  59  60  0  0  0  0
320  5096  5095  2577  2578  0  0  0  0
581  7614  7613  5095  5096  0  0  0  0
842  10132  10131  7613  7614  0  0  0  0
60  2579  2578  60  61  0  0  0  0
321  5097  5096  2578  2579  0  0  0  0
582  7615  7614  5096  5097  0  0  0  0
843  10133  10132  7614  7615  0  0  0  0
61  2580  2579  61  62  0  0  0  0
322  5098  5097  2579  2580  0  0  0  0
583  7616  7615  5097  5098  0  0  0  0
844  10134  10133  7615  7616  0  0  0  0
62  2581  2580  62  63  0  0  0  0
323  5099  5098  2580  2581  0  0  0  0
584  7617  7616  5098  5099  0  0  0  0
845  10135  10134  7616  7617  0  0  0  0
63  2582  2581  63  64  0  0  0  0
324  5100  5099  2581  2582  0  0  0  0
585  7618  7617  5099  5100  0  0  0  0
846  10136  10135  7617  7618  0  0  0  0
64  2583  2582  64  65  0  0  0  0
325  5101  5100  2582  2583  0  0  0  0
586  7619  7618  5100  5101  0  0  0  0
847  10137  10136  7618  7619  0  0  0  0
65  2584  2583  65  66  0  0  0  0
326  5102  5101  2583  2584  0  0  0  0
587  7620  7619  5101  5102  0  0  0  0
848  10138  10137  7619  7620  0  0  0  0
66  2585  2584  66  67  0  0  0  0
327  5103  5102  2584  2585  0  0  0  0
588  7621  7620  5102  5103  0  0  0  0
849  10139  10138  7620  7621  0  0  0  0
67  2586  2585  67  68  0  0  0  0
328  5104  5103  2585  2586  0  0  0  0
589  7622  7621  5103  5104  0  0  0  0
850  10140  10139  7621  7622  0  0  0  0
68  2587  2586  68  69  0  0  0  0
329  5105  5104  2586  2587  0  0  0  0
590  7623  7622  5104  5105  0  0  0  0
851  10141  10140  7622  7623  0  0  0  0
69  2588  2587  69  70  0  0  0  0
330  5106  5105  2587  2588  0  0  0  0
591  7624  7623  5105  5106  0  0  0  0
852  10142  10141  7623  7624  0  0  0  0
70  2589  2588  70  71  0  0  0  0
331  5107  5106  2588  2589  0  0  0  0
592  7625  7624  5106  5107  0  0  0  0
853  10143  10142  7624  7625  0  0  0  0
71  2590  2589  71  72  0  0  0  0
332  5108  5107  2589  2590  0  0  0  0
593  7626  7625  5107  5108  0  0  0  0
854  10144  10143  7625  7626  0  0  0  0
72  2591  2590  72  73  0  0  0  0
333  5109  5108  2590  2591  0  0  0  0
594  7627  7626  5108  5109  0  0  0  0
855  10145  10144  7626  7627  0  0  0  0
73  2592  2591  73  74  0  0  0  0
334  5110  5109  2591  2592  0  0  0  0
595  7628  7627  5109  5110  0  0  0  0
856  10146  10145  7627  7628  0  0  0  0
74  2593  2592  74  75  0  0  0  0
335  5111  5110  2592  2593  0  0  0  0
596  7629  7628  5110  5111  0  0  0  0
857  10147  10146  7628  7629  0  0  0  0
75  2594  2593  75  76  0  0  0  0
336  5112  5111  2593  2594  0  0  0  0
597  7630  7629  5111  5112  0  0  0  0
858  10148  10147  7629  7630  0  0  0  0
76  2595  2594  76  77  0  0  0  0
337  5113  5112  2594  2595  0  0  0  0
598  7631  7630  5112  5113  0  0  0  0
859  10149  10148  7630  7631  0  0  0  0
77  2596  2595  77  78  0  0  0  0
338  5114  5113  2595  2596  0  0  0  0
599  7632  7631  5113  5114  0  0  0  0
860  10150  10149  7631  7632  0  0  0  0
78  2597  2596  78  79  0  0  0  0
339  5115  5114  2596  2597  0  0  0  0
600  7633  7632  5114  5115  0  0  0  0
861  10151  10150  7632  7633  0  0  0  0
79  2598  2597  79  80  0  0  0  0
340  5116  5115  2597  2598  0  0  0  0
601  7634  7633  5115  5116  0  0  0  0
862  10152  10151  7633  7634  0  0  0  0
80  2599  2598  80  81  0  0  0  0
341  5117  5116  2598  2599  0  0  0  0
602  7635  7634  5116  5117  0  0  0  0
863  10153  10152  7634  7635  0  0  0  0
81  2600  2599  81  82  0  0  0  0
342  5118  5117  2599  2600  0  0  0  0
603  7636  7635  5117  5118  0  0  0  0
864  10154  10153  7635  7636  0  0  0  0
82  2601  2600  82  83  0  0  0  0
343  5119  5118  2600  2601  0  0  0  0
604  7637  7636  5118  5119  0  0  0  0
865  10155  10154  7636  7637  0  0  0  0
83  2602  2601  83  84  0  0  0  0
344  5120  5119  2601  2602  0  0  0  0
605  7638  7637  5119  5120  0  0  0  0
866  10156  10155  7637  7638  0  0  0  0
84  2603  2602  84  85  0  0  0  0
345  5121  5120  2602  2603  0  0  0  0
606  7639  7638  5120  5121  0  0  0  0
867  10157  10156  7638  7639  0  0  0  0
85  2604  2603  85  86  0  0  0  0
346  5122  5121  2603  2604  0  0  0  0
607  7640  7639  5121  5122  0  0  0  0
868  10158  10157  7639  7640  0  0  0  0
86  2605  2604  86  87  0  0  0  0
347  5123  5122  2604  2605  0  0  0  0
608  7641  7640  5122  5123  0  0  0  0
869  10159  10158  7640  7641  0  0  0  0
87  2606  2605  87  88  0  0  0  0
348  5124  5123  2605  2606  0  0  0  0
609  7642  7641  5123  5124  0  0  0  0
870  10160  10159  7641  7642  0  0  0  0
88  2607  2606  88  89  0  0  0  0
349  5125  5124  2606  2607  0  0  0  0
610  7643  7642  5124  5125  0  0  0  0
871  10161  10160  7642  7643  0  0  0  0
89  2608  2607  89  90  0  0  0  0
350  5126  5125  2607  2608  0  0  0  0
611  7644  7643  5125  5126  0  0  0  0
872  10162  10161  7643  7644  0  0  0  0
90  2609  2608  90  91  0  0  0  0
351  5127  5126  2608  2609  0  0  0  0
612  7645  7644  5126  5127  0  0  0  0
873  10163  10162  7644  7645  0  0  0  0
91  2610  2609  91  92  0  0  0  0
352  5128  5127  2609  2610  0  0  0  0
613  7646  7645  5127  5128  0  0  0  0
874  10164  10163  7645  7646  0  0  0  0
92  2611  2610  92  93  0  0  0  0
353  5129  5128  2610  2611  0  0  0  0
614  7647  7646  5128  5129  0  0  0  0
875  10165  10164  7646  7647  0  0  0  0
93  2612  2611  93  94  0  0  0  0
354  5130  5129  2611  2612  0  0  0  0
615  7648  7647  5129  5130  0  0  0  0
876  10166  10165  7647  7648  0  0  0  0
94  2613  2612  94  95  0  0  0  0
355  5131  5130  2612  2613  0  0  0  0
616  7649  7648  5130  5131  0  0  0  0
877  10167  10166  7648  7649  0  0  0  0
95  2614  2613  95  96  0  0  0  0
356  5132  5131  2613  2614  0  0  0  0
617  7650  7649  5131  5132  0  0  0  0
878  10168  10167  7649  7650  0  0  0  0
96  2615  2614  96  97  0  0  0  0
357  5133  5132  2614  2615  0  0  0  0
618  7651  7650  5132  5133  0  0  0  0
879  10169  10168  7650  7651  0  0  0  0
97  2616  2615  97  98  0  0  0  0
358  5134  5133  2615  2616  0  0  0  0
619  7652  7651  5133  5134  0  0  0  0
880  10170  10169  7651  7652  0  0  0  0
98  2617  2616  98  99  0  0  0  0
359  5135  5134  2616  2617  0  0  0  0
620  7653  7652  5134  5135  0  0  0  0
881  10171  10170  7652  7653  0  0  0  0
99  2618  2617  99  100  0  0  0  0
360  5136  5135  2617  2618  0  0  0  0
621  7654  7653  5135  5136  0  0  0  0
882  10172  10171  7653  7654  0  0  0  0
100  2619  2618  100  101  0  0  0  0
361  5137  5136  2618  2619  0  0  0  0
622  7655  7654  5136  5137  0  0  0  0
883  10173  10172  7654  7655  0  0  0  0
101  2620  2619  101  102  0  0  0  0
362  5138  5137  2619  2620  0  0  0  0
623  7656  7655  5137  5138  0  0  0  0
884  10174  10173  7655  7656  0  0  0  0
102  2621  2620  102  103  0  0  0  0
363  5139  5138  2620  2621  0  0  0  0
624  7657  7656  5138  5139  0  0  0  0
885  10175  10174  7656  7657  0  0  0  0
103  2622  2621  103  104  0  0  0  0
364  5140  5139  2621  2622  0  0  0  0
625  7658  7657  5139  5140  0  0  0  0
886  10176  10175  7657  7658  0  0  0  0
104  2623  2622  104  105  0  0  0  0
365  5141  5140  2622  2623  0  0  0  0
626  7659  7658  5140  5141  0  0  0  0
887  10177  10176  7658  7659  0  0  0  0
105  2624  2623  105  106  0  0  0  0
366  5142  5141  2623  2624  0  0  0  0
627  7660  7659  5141  5142  0  0  0  0
888  10178  10177  7659  7660  0  0  0  0
106  2625  2624  106  107  0  0  0  0
367  5143  5142  2624  2625  0  0  0  0
628  7661  7660  5142  5143  0  0  0  0
889  10179  10178  7660  7661  0  0  0  0
107  2626  2625  107  108  0  0  0  0
368  5144  5143  2625  2626  0  0  0  0
629  7662  7661  5143  5144  0  0  0  0
890  10180  10179  7661  7662  0  0  0  0
108  2627  2626  108  109  0  0  0  0
369  5145  5144  2626  2627  0  0  0  0
630  7663  7662  5144  5145  0  0  0  0
891  10181  10180  7662  7663  0  0  0  0
109  2628  2627  109  110  0  0  0  0
370  5146  5145  2627  2628  0  0  0  0
631  7664  7663  5145  5146  0  0  0  0
892  10182  10181  7663  7664  0  0  0  0
110  2629  2628  110  111  0  0  0  0
371  5147  5146  2628  2629  0  0  0  0
632  7665  7664  5146  5147  0  0  0  0
893  10183  10182  7664  7665  0  0  0  0
111  2630  2629  111  112  0  0  0  0
372  5148  5147  2629  2630  0  0  0  0
633  7666  7665  5147  5148  0  0  0  0
894  10184  10183  7665  7666  0  0  0  0
112  2631  2630  112  113  0  0  0  0
373  5149  5148  2630  2631  0  0  0  0
634  7667  7666  5148  5149  0  0  0  0
895  10185  10184  7666  7667  0  0  0  0
113  2632  2631  113  114  0  0  0  0
374  5150  5149  2631  2632  0  0  0  0
635  7668  7667  5149  5150  0  0  0  0
896  10186  10185  7667  7668  0  0  0  0
114  2633  2632  114  115  0  0  0  0
375  5151  5150  2632  2633  0  0  0  0
636  7669  7668  5150  5151  0  0  0  0
897  10187  10186  7668  7669  0  0  0  0
115  2634  2633  115  116  0  0  0  0
376  5152  5151  2633  2634  0  0  0  0
637  7670  7669  5151  5152  0  0  0  0
898  10188  10187  7669  7670  0  0  0  0
116  2635  2634  116  117  0  0  0  0
377  5153  5152  2634  2635  0  0  0  0
638  7671  7670  5152  5153  0  0  0  0
899  10189  10188  7670  7671  0  0  0  0
117  2636  2635  117  118  0  0  0  0
378  5154  5153  2635  2636  0  0  0  0
639  7672  7671  5153  5154  0  0  0  0
900  10190  10189  7671  7672  0  0  0  0
118  2637  2636  118  119  0  0  0  0
379  5155  5154  2636  2637  0  0  0  0
640  7673  7672  5154  5155  0  0  0  0
901  10191  10190  7672  7673  0  0  0  0
119  2638  2637  119  120  0  0  0  0
380  5156  5155  2637  2638  0  0  0  0
641  7674  7673  5155  5156  0  0  0  0
902  10192  10191  7673  7674  0  0  0  0
120  2639  2638  120  121  0  0  0  0
381  5157  5156  2638  2639  0  0  0  0
642  7675  7674  5156  5157  0  0  0  0
903  10193  10192  7674  7675  0  0  0  0
121  2640  2639  121  122  0  0  0  0
382  5158  5157  2639  2640  0  0  0  0
643  7676  7675  5157  5158  0  0  0  0
904  10194  10193  7675  7676  0  0  0  0
122  2641  2640  122  123  0  0  0  0
383  5159  5158  2640  2641  0  0  0  0
644  7677  7676  5158  5159  0  0  0  0
905  10195  10194  7676  7677  0  0  0  0
123  2642  2641  123  124  0  0  0  0
384  5160  5159  2641  2642  0  0  0  0
645  7678  7677  5159  5160  0  0  0  0
906  10196  10195  7677  7678  0  0  0  0
124  2643  2642  124  125  0  0  0  0
385  5161  5160  2642  2643  0  0  0  0
646  7679  7678  5160  5161  0  0  0  0
907  10197  10196  7678  7679  0  0  0  0
125  2644  2643  125  126  0  0  0  0
386  5162  5161  2643  2644  0  0  0  0
647  7680  7679  5161  5162  0  0  0  0
908  10198  10197  7679  7680  0  0  0  0
126  2645  2644  126  127  0  0  0  0
387  5163  5162  2644  2645  0  0  0  0
648  7681  7680  5162  5163  0  0  0  0
909  10199  10198  7680  7681  0  0  0  0
127  2646  2645  127  128  0  0  0  0
388  5164  5163  2645  2646  0  0  0  0
649  7682  7681  5163  5164  0  0  0  0
910  10200  10199  7681  7682  0  0  0  0
128  2647  2646  128  129  0  0  0  0
389  5165  5164  2646  2647  0  0  0  0
650  7683  7682  5164  5165  0  0  0  0
911  10201  10200  7682  7683  0  0  0  0
129  2648  2647  129  130  0  0  0  0
390  5166  5165  2647  2648  0  0  0  0
651  7684  7683  5165  5166  0  0  0  0
912  10202  10201  7683  7684  0  0  0  0
130  2649  2648  130  131  0  0  0  0
391  5167  5166  2648  2649  0  0  0  0
652  7685  7684  5166  5167  0  0  0  0
913  10203  10202  7684  7685  0  0  0  0
131  2650  2649  131  132  0  0  0  0
392  5168  5167  2649  2650  0  0  0  0
653  7686  7685  5167  5168  0  0  0  0
914  10204  10203  7685  7686  0  0  0  0
132  2651  2650  132  133  0  0  0  0
393  5169  5168  2650  2651  0  0  0  0
654  7687  7686  5168  5169  0  0  0  0
915  10205  10204  7686  7687  0  0  0  0
133  2652  2651  133  134  0  0  0  0
394  5170  5169  2651  2652  0  0  0  0
655  7688  7687  5169  5170  0  0  0  0
916  10206  10205  7687  7688  0  0  0  0
134  2653  2652  134  135  0  0  0  0
395  5171  5170  2652  2653  0  0  0  0
656  7689  7688  5170  5171  0  0  0  0
917  10207  10206  7688  7689  0  0  0  0
135  2654  2653  135  136  0  0  0  0
396  5172  5171  2653  2654  0  0  0  0
657  7690  7689  5171  5172  0  0  0  0
918  10208  10207  7689  7690  0  0  0  0
136  2655  2654  136  137  0  0  0  0
397  5173  5172  2654  2655  0  0  0  0
658  7691  7690  5172  5173  0  0  0  0
919  10209  10208  7690  7691  0  0  0  0
137  2656  2655  137  138  0  0  0  0
398  5174  5173  2655  2656  0  0  0  0
659  7692  7691  5173  5174  0  0  0  0
920  10210  10209  7691  7692  0  0  0  0
138  2657  2656  138  139  0  0  0  0
399  5175  5174  2656  2657  0  0  0  0
660  7693  7692  5174  5175  0  0  0  0
921  10211  10210  7692  7693  0  0  0  0
139  2658  2657  139  140  0  0  0  0
400  5176  5175  2657  2658  0  0  0  0
661  7694  7693  5175  5176  0  0  0  0
922  10212  10211  7693  7694  0  0  0  0
140  2659  2658  140  141  0  0  0  0
401  5177  5176  2658  2659  0  0  0  0
662  7695  7694  5176  5177  0  0  0  0
923  10213  10212  7694  7695  0  0  0  0
141  2660  2659  141  142  0  0  0  0
402  5178  5177  2659  2660  0  0  0  0
663  7696  7695  5177  5178  0  0  0  0
924  10214  10213  7695  7696  0  0  0  0
142  2661  2660  142  143  0  0  0  0
403  5179  5178  2660  2661  0  0  0  0
664  7697  7696  5178  5179  0  0  0  0
925  10215  10214  7696  7697  0  0  0  0
143  2662  2661  143  144  0  0  0  0
404  5180  5179  2661  2662  0  0  0  0
665  7698  7697  5179  5180  0  0  0  0
926  10216  10215  7697  7698  0  0  0  0
144  2663  2662  144  145  0  0  0  0
405  5181  5180  2662  2663  0  0  0  0
666  7699  7698  5180  5181  0  0  0  0
927  10217  10216  7698  7699  0  0  0  0
145  2664  2663  145  146  0  0  0  0
406  5182  5181  2663  2664  0  0  0  0
667  7700  7699  5181  5182  0  0  0  0
928  10218  10217  7699  7700  0  0  0  0
146  2665  2664  146  147  0  0  0  0
407  5183  5182  2664  2665  0  0  0  0
668  7701  7700  5182  5183  0  0  0  0
929  10219  10218  7700  7701  0  0  0  0
147  2666  2665  147  148  0  0  0  0
408  5184  5183  2665  2666  0  0  0  0
669  7702  7701  5183  5184  0  0  0  0
930  10220  10219  7701  7702  0  0  0  0
148  2667  2666  148  149  0  0  0  0
409  5185  5184  2666  2667  0  0  0  0
670  7703  7702  5184  5185  0  0  0  0
931  10221  10220  7702  7703  0  0  0  0
149  2668  2667  149  150  0  0  0  0
410  5186  5185  2667  2668  0  0  0  0
671  7704  7703  5185  5186  0  0  0  0
932  10222  10221  7703  7704  0  0  0  0
150  2669  2668  150  151  0  0  0  0
411  5187  5186  2668  2669  0  0  0  0
672  7705  7704  5186  5187  0  0  0  0
933  10223  10222  7704  7705  0  0  0  0
151  2670  2669  151  152  0  0  0  0
412  5188  5187  2669  2670  0  0  0  0
673  7706  7705  5187  5188  0  0  0  0
934  10224  10223  7705  7706  0  0  0  0
152  2671  2670  152  153  0  0  0  0
413  5189  5188  2670  2671  0  0  0  0
674  7707  7706  5188  5189  0  0  0  0
935  10225  10224  7706  7707  0  0  0  0
153  2672  2671  153  154  0  0  0  0
414  5190  5189  2671  2672  0  0  0  0
675  7708  7707  5189  5190  0  0  0  0
936  10226  10225  7707  7708  0  0  0  0
154  2673  2672  154  155  0  0  0  0
415  5191  5190  2672  2673  0  0  0  0
676  7709  7708  5190  5191  0  0  0  0
937  10227  10226  7708  7709  0  0  0  0
155  2674  2673  155  156  0  0  0  0
416  5192  5191  2673  2674  0  0  0  0
677  7710  7709  5191  5192  0  0  0  0
938  10228  10227  7709  7710  0  0  0  0
156  2675  2674  156  157  0  0  0  0
417  5193  5192  2674  2675  0  0  0  0
678  7711  7710  5192  5193  0  0  0  0
939  10229  10228  7710  7711  0  0  0  0
157  2676  2675  157  158  0  0  0  0
418  5194  5193  2675  2676  0  0  0  0
679  7712  7711  5193  5194  0  0  0  0
940  10230  10229  7711  7712  0  0  0  0
158  2677  2676  158  159  0  0  0  0
419  5195  5194  2676  2677  0  0  0  0
680  7713  7712  5194  5195  0  0  0  0
941  10231  10230  7712  7713  0  0  0  0
159  2678  2677  159  160  0  0  0  0
420  5196  5195  2677  2678  0  0  0  0
681  7714  7713  5195  5196  0  0  0  0
942  10232  10231  7713  7714  0  0  0  0
160  2679  2678  160  161  0  0  0  0
421  5197  5196  2678  2679  0  0  0  0
682  7715  7714  5196  5197  0  0  0  0
943  10233  10232  7714  7715  0  0  0  0
161  2680  2679  161  162  0  0  0  0
422  5198  5197  2679  2680  0  0  0  0
683  7716  7715  5197  5198  0  0  0  0
944  10234  10233  7715  7716  0  0  0  0
162  2681  2680  162  163  0  0  0  0
423  5199  5198  2680  2681  0  0  0  0
684  7717  7716  5198  5199  0  0  0  0
945  10235  10234  7716  7717  0  0  0  0
163  2682  2681  163  164  0  0  0  0
424  5200  5199  2681  2682  0  0  0  0
685  7718  7717  5199  5200  0  0  0  0
946  10236  10235  7717  7718  0  0  0  0
164  2683  2682  164  165  0  0  0  0
425  5201  5200  2682  2683  0  0  0  0
686  7719  7718  5200  5201  0  0  0  0
947  10237  10236  7718  7719  0  0  0  0
165  2684  2683  165  166  0  0  0  0
426  5202  5201  2683  2684  0  0  0  0
687  7720  7719  5201  5202  0  0  0  0
948  10238  10237  7719  7720  0  0  0  0
166  2685  2684  166  167  0  0  0  0
427  5203  5202  2684  2685  0  0  0  0
688  7721  7720  5202  5203  0  0  0  0
949  10239  10238  7720  7721  0  0  0  0
167  2686  2685  167  168  0  0  0  0
428  5204  5203  2685  2686  0  0  0  0
689  7722  7721  5203  5204  0  0  0  0
950  10240  10239  7721  7722  0  0  0  0
168  2687  2686  168  169  0  0  0  0
429  5205  5204  2686  2687  0  0  0  0
690  7723  7722  5204  5205  0  0  0  0
951  10241  10240  7722  7723  0  0  0  0
169  2688  2687  169  170  0  0  0  0
430  5206  5205  2687  2688  0  0  0  0
691  7724  7723  5205  5206  0  0  0  0
952  10242  10241  7723  7724  0  0  0  0
170  2689  2688  170  171  0  0  0  0
431  5207  5206  2688  2689  0  0  0  0
692  7725  7724  5206  5207  0  0  0  0
953  10243  10242  7724  7725  0  0  0  0
171  2690  2689  171  172  0  0  0  0
432  5208  5207  2689  2690  0  0  0  0
693  7726  7725  5207  5208  0  0  0  0
954  10244  10243  7725  7726  0  0  0  0
172  2691  2690  172  173  0  0  0  0
433  5209  5208  2690  2691  0  0  0  0
694  7727  7726  5208  5209  0  0  0  0
955  10245  10244  7726  7727  0  0  0  0
173  2692  2691  173  174  0  0  0  0
434  5210  5209  2691  2692  0  0  0  0
695  7728  7727  5209  5210  0  0  0  0
956  10246  10245  7727  7728  0  0  0  0
174  2693  2692  174  175  0  0  0  0
435  5211  5210  2692  2693  0  0  0  0
696  7729  7728  5210  5211  0  0  0  0
957  10247  10246  7728  7729  0  0  0  0
175  2694  2693  175  176  0  0  0  0
436  5212  5211  2693  2694  0  0  0  0
697  7730  7729  5211  5212  0  0  0  0
958  10248  10247  7729  7730  0  0  0  0
176  2695  2694  176  177  0  0  0  0
437  5213  5212  2694  2695  0  0  0  0
698  7731  7730  5212  5213  0  0  0  0
959  10249  10248  7730  7731  0  0  0  0
177  2696  2695  177  178  0  0  0  0
438  5214  5213  2695  2696  0  0  0  0
699  7732  7731  5213  5214  0  0  0  0
960  10250  10249  7731  7732  0  0  0  0
178  2697  2696  178  179  0  0  0  0
439  5215  5214  2696  2697  0  0  0  0
700  7733  7732  5214  5215  0  0  0  0
961  10251  10250  7732  7733  0  0  0  0
179  2698  2697  179  180  0  0  0  0
440  5216  5215  2697  2698  0  0  0  0
701  7734  7733  5215  5216  0  0  0  0
962  10252  10251  7733  7734  0  0  0  0
180  2699  2698  180  181  0  0  0  0
441  5217  5216  2698  2699  0  0  0  0
702  7735  7734  5216  5217  0  0  0  0
963  10253  10252  7734  7735  0  0  0  0
181  2700  2699  181  182  0  0  0  0
442  5218  5217  2699  2700  0  0  0  0
703  7736  7735  5217  5218  0  0  0  0
964  10254  10253  7735  7736  0  0  0  0
182  2701  2700  182  183  0  0  0  0
443  5219  5218  2700  2701  0  0  0  0
704  7737  7736  5218  5219  0  0  0  0
965  10255  10254  7736  7737  0  0  0  0
183  2702  2701  183  184  0  0  0  0
444  5220  5219  2701  2702  0  0  0  0
705  7738  7737  5219  5220  0  0  0  0
966  10256  10255  7737  7738  0  0  0  0
184  2703  2702  184  185  0  0  0  0
445  5221  5220  2702  2703  0  0  0  0
706  7739  7738  5220  5221  0  0  0  0
967  10257  10256  7738  7739  0  0  0  0
185  2704  2703  185  186  0  0  0  0
446  5222  5221  2703  2704  0  0  0  0
707  7740  7739  5221  5222  0  0  0  0
968  10258  10257  7739  7740  0  0  0  0
186  2705  2704  186  187  0  0  0  0
447  5223  5222  2704  2705  0  0  0  0
708  7741  7740  5222  5223  0  0  0  0
969  10259  10258  7740  7741  0  0  0  0
187  2706  2705  187  188  0  0  0  0
448  5224  5223  2705  2706  0  0  0  0
709  7742  7741  5223  5224  0  0  0  0
970  10260  10259  7741  7742  0  0  0  0
188  2707  2706  188  189  0  0  0  0
449  5225  5224  2706  2707  0  0  0  0
710  7743  7742  5224  5225  0  0  0  0
971  10261  10260  7742  7743  0  0  0  0
189  2708  2707  189  190  0  0  0  0
450  5226  5225  2707  2708  0  0  0  0
711  7744  7743  5225  5226  0  0  0  0
972  10262  10261  7743  7744  0  0  0  0
190  2709  2708  190  191  0  0  0  0
451  5227  5226  2708  2709  0  0  0  0
712  7745  7744  5226  5227  0  0  0  0
973  10263  10262  7744  7745  0  0  0  0
191  2710  2709  191  192  0  0  0  0
452  5228  5227  2709  2710  0  0  0  0
713  7746  7745  5227  5228  0  0  0  0
974  10264  10263  7745  7746  0  0  0  0
192  2711  2710  192  193  0  0  0  0
453  5229  5228  2710  2711  0  0  0  0
714  7747  7746  5228  5229  0  0  0  0
975  10265  10264  7746  7747  0  0  0  0
193  2712  2711  193  194  0  0  0  0
454  5230  5229  2711  2712  0  0  0  0
715  7748  7747  5229  5230  0  0  0  0
976  10266  10265  7747  7748  0  0  0  0
194  2713  2712  194  195  0  0  0  0
455  5231  5230  2712  2713  0  0  0  0
716  7749  7748  5230  5231  0  0  0  0
977  10267  10266  7748  7749  0  0  0  0
195  2714  2713  195  196  0  0  0  0
456  5232  5231  2713  2714  0  0  0  0
717  7750  7749  5231  5232  0  0  0  0
978  10268  10267  7749  7750  0  0  0  0
196  2715  2714  196  197  0  0  0  0
457  5233  5232  2714  2715  0  0  0  0
718  7751  7750  5232  5233  0  0  0  0
979  10269  10268  7750  7751  0  0  0  0
197  2716  2715  197  198  0  0  0  0
458  5234  5233  2715  2716  0  0  0  0
719  7752  7751  5233  5234  0  0  0  0
980  10270  10269  7751  7752  0  0  0  0
198  2717  2716  198  199  0  0  0  0
459  5235  5234  2716  2717  0  0  0  0
720  7753  7752  5234  5235  0  0  0  0
981  10271  10270  7752  7753  0  0  0  0
199  2519  2717  199  1  0  0  0  0
460  5037  5235  2717  2519  0  0  0  0
721  7555  7753  5235  5037  0  0  0  0
982  10073  10271  7753  7555  0  0  0  0
200  2718  2662  144  200  0  0  0  0
461  5236  5180  2662  2718  0  0  0  0
722  7754  7698  5180  5236  0  0  0  0
983  10272  10216  7698  7754  0  0  0  0
201  2719  2718  200  201  0  0  0  0
462  5237  5236  2718  2719  0  0  0  0
723  7755  7754  5236  5237  0  0  0  0
984  10273  10272  7754  7755  0  0  0  0
202  2720  2719  201  202  0  0  0  0
463  5238  5237  2719  2720  0  0  0  0
724  7756  7755  5237  5238  0  0  0  0
985  10274  10273  7755  7756  0  0  0  0
203  2721  2720  202  203  0  0  0  0
464  5239  5238  2720  2721  0  0  0  0
725  7757  7756  5238  5239  0  0  0  0
986  10275  10274  7756  7757  0  0  0  0
204  2722  2721  203  204  0  0  0  0
465  5240  5239  2721  2722  0  0  0  0
726  7758  7757  5239  5240  0  0  0  0
987  10276  10275  7757  7758  0  0  0  0
205  2723  2722  204  205  0  0  0  0
466  5241  5240  2722  2723  0  0  0  0
727  7759  7758  5240  5241  0  0  0  0
988  10277  10276  7758  7759  0  0  0  0
206  2724  2723  205  206  0  0  0  0
467  5242  5241  2723  2724  0  0  0  0
728  7760  7759  5241  5242  0  0  0  0
989  10278  10277  7759  7760  0  0  0  0
207  2725  2724  206  207  0  0  0  0
468  5243  5242  2724  2725  0  0  0  0
729  7761  7760  5242  5243  0  0  0  0
990  10279  10278  7760  7761  0  0  0  0
208  2726  2725  207  208  0  0  0  0
469  5244  5243  2725  2726  0  0  0  0
730  7762  7761  5243  5244  0  0  0  0
991  10280  10279  7761  7762  0  0  0  0
209  2727  2726  208  209  0  0  0  0
470  5245  5244  2726  2727  0  0  0  0
731  7763  7762  5244  5245  0  0  0  0
992  10281  10280  7762  7763  0  0  0  0
210  2728  2727  209  210  0  0  0  0
471  5246  5245  2727  2728  0  0  0  0
732  7764  7763  5245  5246  0  0  0  0
993  10282  10281  7763  7764  0  0  0  0
211  2729  2728  210  211  0  0  0  0
472  5247  5246  2728  2729  0  0  0  0
733  7765  7764  5246  5247  0  0  0  0
994  10283  10282  7764  7765  0  0  0  0
212  2730  2729  211  212  0  0  0  0
473  5248  5247  2729  2730  0  0  0  0
734  7766  7765  5247  5248  0  0  0  0
995  10284  10283  7765  7766  0  0  0  0
213  2731  2730  212  213  0  0  0  0
474  5249  5248  2730  2731  0  0  0  0
735  7767  7766  5248  5249  0  0  0  0
996  10285  10284  7766  7767  0  0  0  0
214  2732  2731  213  214  0  0  0  0
475  5250  5249  2731  2732  0  0  0  0
736  7768  7767  5249  5250  0  0  0  0
997  10286  10285  7767  7768  0  0  0  0
215  2733  2732  214  215  0  0  0  0
476  5251  5250  2732  2733  0  0  0  0
737  7769  7768  5250  5251  0  0  0  0
998  10287  10286  7768  7769  0  0  0  0
216  2734  2733  215  216  0  0  0  0
477  5252  5251  2733  2734  0  0  0  0
738  7770  7769  5251  5252  0  0  0  0
999  10288  10287  7769  7770  0  0  0  0
217  2735  2734  216  217  0  0  0  0
478  5253  5252  2734  2735  0  0  0  0
739  7771  7770  5252  5253  0  0  0  0
1000  10289  10288  7770  7771  0  0  0  0
218  2736  2735  217  218  0  0  0  0
479  5254  5253  2735  2736  0  0  0  0
740  7772  7771  5253  5254  0  0  0  0
1001  10290  10289  7771  7772  0  0  0  0
219  2737  2736  218  219  0  0  0  0
480  5255  5254  2736  2737  0  0  0  0
741  7773  7772  5254  5255  0  0  0  0
1002  10291  10290  7772  7773  0  0  0  0
220  2738  2737  219  220  0  0  0  0
481  5256  5255  2737  2738  0  0  0  0
742  7774  7773  5255  5256  0  0  0  0
1003  10292  10291  7773  7774  0  0  0  0
221  2739  2738  220  221  0  0  0  0
482  5257  5256  2738  2739  0  0  0  0
743  7775  7774  5256  5257  0  0  0  0
1004  10293  10292  7774  7775  0  0  0  0
222  2740  2739  221  222  0  0  0  0
483  5258  5257  2739  2740  0  0  0  0
744  7776  7775  5257  5258  0  0  0  0
1005  10294  10293  7775  7776  0  0  0  0
223  2741  2740  222  223  0  0  0  0
484  5259  5258  2740  2741  0  0  0  0
745  7777  7776  5258  5259  0  0  0  0
1006  10295  10294  7776  7777  0  0  0  0
224  2742  2741  223  224  0  0  0  0
485  5260  5259  2741  2742  0  0  0  0
746  7778  7777  5259  5260  0  0  0  0
1007  10296  10295  7777  7778  0  0  0  0
225  2743  2742  224  225  0  0  0  0
486  5261  5260  2742  2743  0  0  0  0
747  7779  7778  5260  5261  0  0  0  0
1008  10297  10296  7778  7779  0  0  0  0
226  2744  2743  225  226  0  0  0  0
487  5262  5261  2743  2744  0  0  0  0
748  7780  7779  5261  5262  0  0  0  0
1009  10298  10297  7779  7780  0  0  0  0
227  2745  2744  226  227  0  0  0  0
488  5263  5262  2744  2745  0  0  0  0
749  7781  7780  5262  5263  0  0  0  0
1010  10299  10298  7780  7781  0  0  0  0
228  2746  2745  227  228  0  0  0  0
489  5264  5263  2745  2746  0  0  0  0
750  7782  7781  5263  5264  0  0  0  0
1011  10300  10299  7781  7782  0  0  0  0
229  2747  2746  228  229  0  0  0  0
490  5265  5264  2746  2747  0  0  0  0
751  7783  7782  5264  5265  0  0  0  0
1012  10301  10300  7782  7783  0  0  0  0
230  2575  2747  229  57  0  0  0  0
491  5093  5265  2747  2575  0  0  0  0
752  7611  7783  5265  5093  0  0  0  0
1013  10129  10301  7783  7611  0  0  0  0
231  2748  2649  131  230  0  0  0  0
492  5266  5167  2649  2748  0  0  0  0
753  7784  7685  5167  5266  0  0  0  0
1014  10302  10203  7685  7784  0  0  0  0
232  2749  2748  230  231  0  0  0  0
493  5267  5266  2748  2749  0  0  0  0
754  7785  7784  5266  5267  0  0  0  0
1015  10303  10302  7784  7785  0  0  0  0
233  2750  2749  231  232  0  0  0  0
494  5268  5267  2749  2750  0  0  0  0
755  7786  7785  5267  5268  0  0  0  0
1016  10304  10303  7785  7786  0  0  0  0
234  2751  2750  232  233  0  0  0  0
495  5269  5268  2750  2751  0  0  0  0
756  7787  7786  5268  5269  0  0  0  0
1017  10305  10304  7786  7787  0  0  0  0
235  2752  2751  233  234  0  0  0  0
496  5270  5269  2751  2752  0  0  0  0
757  7788  7787  5269  5270  0  0  0  0
1018  10306  10305  7787  7788  0  0  0  0
236  2753  2752  234  235  0  0  0  0
497  5271  5270  2752  2753  0  0  0  0
758  7789  7788  5270  5271  0  0  0  0
1019  10307  10306  7788  7789  0  0  0  0
237  2754  2753  235  236  0  0  0  0
498  5272  5271  2753  2754  0  0  0  0
759  7790  7789  5271  5272  0  0  0  0
1020  10308  10307  7789  7790  0  0  0  0
238  2755  2754  236  237  0  0  0  0
499  5273  5272  2754  2755  0  0  0  0
760  7791  7790  5272  5273  0  0  0  0
1021  10309  10308  7790  7791  0  0  0  0
239  2756  2755  237  238  0  0  0  0
500  5274  5273  2755  2756  0  0  0  0
761  7792  7791  5273  5274  0  0  0  0
1022  10310  10309  7791  7792  0  0  0  0
240  2757  2756  238  239  0  0  0  0
501  5275  5274  2756  2757  0  0  0  0
762  7793  7792  5274  5275  0  0  0  0
1023  10311  10310  7792  7793  0  0  0  0
241  2758  2757  239  240  0  0  0  0
502  5276  5275  2757  2758  0  0  0  0
763  7794  7793  5275  5276  0  0  0  0
1024  10312  10311  7793  7794  0  0  0  0
242  2759  2758  240  241  0  0  0  0
503  5277  5276  2758  2759  0  0  0  0
764  7795  7794  5276  5277  0  0  0  0
1025  10313  10312  7794  7795  0  0  0  0
243  2760  2759  241  242  0  0  0  0
504  5278  5277  2759  2760  0  0  0  0
765  7796  7795  5277  5278  0  0  0  0
1026  10314  10313  7795  7796  0  0  0  0
244  2761  2760  242  243  0  0  0  0
505  5279  5278  2760  2761  0  0  0  0
766  7797  7796  5278  5279  0  0  0  0
1027  10315  10314  7796  7797  0  0  0  0
245  2762  2761  243  244  0  0  0  0
506  5280  5279  2761  2762  0  0  0  0
767  7798  7797  5279  5280  0  0  0  0
1028  10316  10315  7797  7798  0  0  0  0
246  2763  2762  244  245  0  0  0  0
507  5281  5280  2762  2763  0  0  0  0
768  7799  7798  5280  5281  0  0  0  0
1029  10317  10316  7798  7799  0  0  0  0
247  2764  2763  245  246  0  0  0  0
508  5282  5281  2763  2764  0  0  0  0
769  7800  7799  5281  5282  0  0  0  0
1030  10318  10317  7799  7800  0  0  0  0
248  2765  2764  246  247  0  0  0  0
509  5283  5282  2764  2765  0  0  0  0
770  7801  7800  5282  5283  0  0  0  0
1031  10319  10318  7800  7801  0  0  0  0
249  2766  2765  247  248  0  0  0  0
510  5284  5283  2765  2766  0  0  0  0
771  7802  7801  5283  5284  0  0  0  0
1032  10320  10319  7801  7802  0  0  0  0
250  2767  2766  248  249  0  0  0  0
511  5285  5284  2766  2767  0  0  0  0
772  7803  7802  5284  5285  0  0  0  0
1033  10321  10320  7802  7803  0  0  0  0
251  2768  2767  249  250  0  0  0  0
512  5286  5285  2767  2768  0  0  0  0
773  7804  7803  5285  5286  0  0  0  0
1034  10322  10321  7803  7804  0  0  0  0
252  2769  2768  250  251  0  0  0  0
513  5287  5286  2768  2769  0  0  0  0
774  7805  7804  5286  5287  0  0  0  0
1035  10323  10322  7804  7805  0  0  0  0
253  2770  2769  251  252  0  0  0  0
514  5288  5287  2769  2770  0  0  0  0
775  7806  7805  5287  5288  0  0  0  0
1036  10324  10323  7805  7806  0  0  0  0
254  2771  2770  252  253  0  0  0  0
515  5289  5288  2770  2771  0  0  0  0
776  7807  7806  5288  5289  0  0  0  0
1037  10325  10324  7806  7807  0  0  0  0
255  2772  2771  253  254  0  0  0  0
516  5290  5289  2771  2772  0  0  0  0
777  7808  7807  5289  5290  0  0  0  0
1038  10326  10325  7807  7808  0  0  0  0
256  2773  2772  254  255  0  0  0  0
517  5291  5290  2772  2773  0  0  0  0
778  7809  7808  5290  5291  0  0  0  0
1039  10327  10326  7808  7809  0  0  0  0
257  2774  2773  255  256  0  0  0  0
518  5292  5291  2773  2774  0  0  0  0
779  7810  7809  5291  5292  0  0  0  0
1040  10328  10327  7809  7810  0  0  0  0
258  2775  2774  256  257  0  0  0  0
519  5293  5292  2774  2775  0  0  0  0
780  7811  7810  5292  5293  0  0  0  0
1041  10329  10328  7810  7811  0  0  0  0
259  2776  2775  257  258  0  0  0  0
520  5294  5293  2775  2776  0  0  0  0
781  7812  7811  5293  5294  0  0  0  0
1042  10330  10329  7811  7812  0  0  0  0
260  2777  2776  258  259  0  0  0  0
521  5295  5294  2776  2777  0  0  0  0
782  7813  7812  5294  5295  0  0  0  0
1043  10331  10330  7812  7813  0  0  0  0
261  2588  2777  259  70  0  0  0  0
522  5106  5295  2777  2588  0  0  0  0
783  7624  7813  5295  5106  0  0  0  0
1044  10142  10331  7813  7624  0  0  0  0
