10240  -2.79994359e-01  1.12154834e-01
1  -2.44760000e+00  -2.13552402e-02
2  -2.40758295e+00  -1.20042161e-02
3  -2.36716393e+00  -4.59438554e-03
4  -2.32643087e+00  8.40051992e-04
5  -2.28549922e+00  4.51082256e-03
6  -2.24442616e+00  5.89304745e-03
7  -2.20333368e+00  5.58548335e-03
8  -2.16226536e+00  4.05115276e-03
9  -2.12128459e+00  9.77836922e-04
10  -2.08040000e+00  -3.18846381e-03
11  -2.02408159e+00  -1.12029235e-02
12  -1.98457998e+00  -1.80321871e-02
13  -1.94526293e+00  -2.58537075e-02
14  -1.90618857e+00  -3.48094522e-02
15  -1.86728806e+00  -4.44955132e-02
16  -1.82856480e+00  -5.48671711e-02
17  -1.79005548e+00  -6.60075132e-02
18  -1.75175999e+00  -7.78614826e-02
19  -1.71370283e+00  -9.04592757e-02
20  -1.67582618e+00  -1.03591327e-01
21  -1.63808370e+00  -1.17103543e-01
22  -1.60051380e+00  -1.31087413e-01
23  -1.56309531e+00  -1.45473226e-01
24  -1.52576903e+00  -1.60096820e-01
25  -1.48855467e+00  -1.75003069e-01
26  -1.45146481e+00  -1.90216334e-01
27  -1.41448228e+00  -2.05688736e-01
28  -1.37757031e+00  -2.21328676e-01
29  -1.34071725e+00  -2.37107068e-01
30  -1.30392790e+00  -2.53033618e-01
31  -1.26716324e+00  -2.69017064e-01
32  -1.23040305e+00  -2.85010797e-01
33  -1.19363299e+00  -3.00981796e-01
34  -1.15683884e+00  -3.16897248e-01
35  -1.12005241e+00  -3.32830532e-01
36  -1.08325919e+00  -3.48748135e-01
37  -1.04643746e+00  -3.64599547e-01
38  -1.00954115e+00  -3.80276676e-01
39  -9.72586856e-01  -3.95816606e-01
40  -9.35558778e-01  -4.11179536e-01
41  -8.98450020e-01  -4.26346780e-01
42  -8.61223331e-01  -4.41222261e-01
43  -8.23834643e-01  -4.55684732e-01
44  -7.86332294e-01  -4.69850134e-01
45  -7.48726355e-01  -4.83739001e-01
46  -7.10943531e-01  -4.97138976e-01
47  -6.72998997e-01  -5.10070986e-01
48  -6.34909157e-01  -5.22568160e-01
49  -5.96677205e-01  -5.34627375e-01
50  -5.58236242e-01  -5.46002937e-01
51  -5.19637986e-01  -5.56826647e-01
52  -4.80885363e-01  -5.67084429e-01
53  -4.41968447e-01  -5.76704285e-01
54  -4.02892241e-01  -5.85657041e-01
55  -3.47000000e-01  -5.97334950e-01
56  -3.07544534e-01  -6.04484628e-01
57  -2.67970702e-01  -6.10941980e-01
58  -2.28277959e-01  -6.16616165e-01
59  -1.88459302e-01  -6.21350591e-01
60  -1.48537502e-01  -6.25123613e-01
61  -1.08535618e-01  -6.27886230e-01
62  -6.84817371e-02  -6.29725022e-01
63  -2.83967489e-02  -6.30722658e-01
64  1.17007198e-02  -6.30947450e-01
65  5.17941314e-02  -6.30250965e-01
66  9.18458106e-02  -6.28297472e-01
67  1.31848795e-01  -6.25533226e-01
68  1.71770929e-01  -6.21803431e-01
69  2.11591852e-01  -6.17109829e-01
70  2.51300000e-01  -6.11535363e-01
71  2.96911846e-01  -6.03992613e-01
72  3.36463374e-01  -5.96410621e-01
73  3.75810655e-01  -5.87831845e-01
74  4.14912075e-01  -5.78188255e-01
75  4.53795878e-01  -5.67699557e-01
76  4.92441925e-01  -5.56364443e-01
77  5.30819881e-01  -5.44153124e-01
78  5.68914717e-01  -5.31084949e-01
79  6.06561335e-01  -5.16777462e-01
80  6.43880747e-01  -5.01636716e-01
81  6.80867010e-01  -4.85700102e-01
82  7.17403343e-01  -4.68759874e-01
83  7.53396193e-01  -4.50694325e-01
84  7.88874726e-01  -4.31639561e-01
85  8.23754420e-01  -4.11511811e-01
86  8.63800000e-01  -3.86396803e-01
87  8.95850574e-01  -3.65028844e-01
88  9.26867669e-01  -3.42185575e-01
89  9.57142554e-01  -3.18372728e-01
90  9.86418944e-01  -2.93341431e-01
91  1.01454327e+00  -2.67023175e-01
92  1.04140174e+00  -2.39412795e-01
93  1.06658955e+00  -2.10280562e-01
94  1.08954933e+00  -1.79364450e-01
95  1.11002002e+00  -1.46753104e-01
96  1.12714863e+00  -1.12276528e-01
97  1.13977683e+00  -7.59125111e-02
98  1.14815873e+00  -3.83292122e-02
99  1.15180000e+00  0.00000000e+00
100  1.14848599e+00  3.82436861e-02
101  1.14106255e+00  7.59059171e-02
102  1.12917668e+00  1.12378136e-01
103  1.11251519e+00  1.46938069e-01
104  1.09257225e+00  1.79737973e-01
105  1.06960281e+00  2.10495806e-01
106  1.04471582e+00  2.39723886e-01
107  1.01774602e+00  2.67043965e-01
108  9.89375252e-01  2.92911673e-01
109  9.59514383e-01  3.17042330e-01
110  9.28564468e-01  3.39761069e-01
111  8.96680820e-01  3.61148820e-01
112  8.63800000e-01  3.80973629e-01
113  8.23359379e-01  4.03258260e-01
114  7.88120959e-01  4.20897202e-01
115  7.52342052e-01  4.37416745e-01
116  7.16081783e-01  4.52851252e-01
117  6.79284029e-01  4.66957531e-01
118  6.42143310e-01  4.80137761e-01
119  6.04639573e-01  4.92247151e-01
120  5.66836619e-01  5.03387241e-01
121  5.28807858e-01  5.13730767e-01
122  4.90514279e-01  5.23045445e-01
123  4.52005378e-01  5.31427627e-01
124  4.13301919e-01  5.38859471e-01
125  3.74454164e-01  5.45492821e-01
126  3.35473067e-01  5.51287259e-01
127  2.96381205e-01  5.56277455e-01
128  2.51300000e-01  5.60956803e-01
129  2.11459800e-01  5.64219824e-01
130  1.71568070e-01  5.66772526e-01
131  1.31636683e-01  5.68600684e-01
132  9.16783402e-02  5.69738417e-01
133  5.17077070e-02  5.70335588e-01
134  1.17325743e-02  5.70350126e-01
135  -2.82343707e-02  5.69598908e-01
136  -6.81870480e-02  5.68291002e-01
137  -1.08119943e-01  5.66476612e-01
138  -1.48027870e-01  5.64168957e-01
139  -1.87903686e-01  5.61352083e-01
140  -2.27746792e-01  5.58106839e-01
141  -2.67542922e-01  5.54339576e-01
142  -3.07292917e-01  5.50110791e-01
143  -3.47000000e-01  5.45491293e-01
144  -4.02262779e-01  5.38413644e-01
145  -4.40810376e-01  5.33074012e-01
146  -4.79296762e-01  5.27311220e-01
147  -5.17734794e-01  5.21234891e-01
148  -5.56131139e-01  5.14900009e-01
149  -5.94482918e-01  5.08298991e-01
150  -6.32779884e-01  5.01387541e-01
151  -6.71019706e-01  4.94169602e-01
152  -7.09203861e-01  4.86661039e-01
153  -7.47334228e-01  4.78882417e-01
154  -7.85416709e-01  4.70872650e-01
155  -8.23471510e-01  4.62732701e-01
156  -8.61492179e-01  4.54435028e-01
157  -8.99459304e-01  4.45895309e-01
158  -9.37365736e-01  4.37090176e-01
159  -9.75236886e-01  4.28134538e-01
160  -1.01307388e+00  4.19035656e-01
161  -1.05085736e+00  4.09716866e-01
162  -1.08860875e+00  4.00268913e-01
163  -1.12633895e+00  3.90736729e-01
164  -1.16404237e+00  3.81099326e-01
165  -1.20169488e+00  3.71264650e-01
166  -1.23932315e+00  3.61337662e-01
167  -1.27694083e+00  3.51370595e-01
168  -1.31453183e+00  3.41303812e-01
169  -1.35208077e+00  3.31080842e-01
170  -1.38961770e+00  3.20813845e-01
171  -1.42712370e+00  3.10434549e-01
172  -1.46462604e+00  3.00041913e-01
173  -1.50212758e+00  2.89646398e-01
174  -1.53961943e+00  2.79216035e-01
175  -1.57709268e+00  2.68718963e-01
176  -1.61455837e+00  2.58194995e-01
177  -1.65200266e+00  2.47595116e-01
178  -1.68944482e+00  2.36987708e-01
179  -1.72687457e+00  2.26336628e-01
180  -1.76429459e+00  2.15651391e-01
181  -1.80171703e+00  2.04974637e-01
182  -1.83912956e+00  1.94263279e-01
183  -1.87653163e+00  1.83515596e-01
184  -1.91396694e+00  1.72884055e-01
185  -1.95140883e+00  1.62275711e-01
186  -1.98884686e+00  1.51653730e-01
187  -2.02629044e+00  1.41051360e-01
188  -2.08040000e+00  1.25719510e-01
189  -2.11713165e+00  1.15322964e-01
190  -2.15387798e+00  1.04978442e-01
191  -2.19063189e+00  9.46608627e-02
192  -2.22740030e+00  8.43950714e-02
193  -2.26416619e+00  7.41202281e-02
194  -2.30089906e+00  6.37280360e-02
195  -2.33761466e+00  5.32749130e-02
196  -2.37430512e+00  4.27340306e-02
197  -2.41096897e+00  3.21009222e-02
198  -3.07301594e-01  5.10297155e-01
199  -3.07310270e-01  4.70483520e-01
200  -3.07318947e-01  4.30669885e-01
201  -3.07327623e-01  3.90856250e-01
202  -3.07336299e-01  3.51042615e-01
203  -3.07344976e-01  3.11228980e-01
204  -3.07353652e-01  2.71415345e-01
205  -3.07362329e-01  2.31601709e-01
206  -3.07371005e-01  1.91788074e-01
207  -3.07379682e-01  1.51974439e-01
208  -3.07388358e-01  1.12160804e-01
209  -3.07397035e-01  7.23471689e-02
210  -3.07405711e-01  3.25335338e-02
211  -3.07414387e-01  -7.28010135e-03
212  -3.07423064e-01  -4.70937365e-02
213  -3.07431740e-01  -8.69073716e-02
214  -3.07440417e-01  -1.26721007e-01
215  -3.07449093e-01  -1.66534642e-01
216  -3.07457770e-01  -2.06348277e-01
217  -3.07466446e-01  -2.46161912e-01
218  -3.07475122e-01  -2.85975547e-01
219  -3.07483799e-01  -3.25789182e-01
220  -3.07492475e-01  -3.65602818e-01
221  -3.07501152e-01  -4.05416453e-01
222  -3.07509828e-01  -4.45230088e-01
223  -3.07518505e-01  -4.85043723e-01
224  -3.07527181e-01  -5.24857358e-01
225  -3.07535857e-01  -5.64670993e-01
226  2.11464202e-01  5.24842169e-01
227  2.11468604e-01  4.85464513e-01
228  2.11473006e-01  4.46086858e-01
229  2.11477407e-01  4.06709203e-01
230  2.11481809e-01  3.67331548e-01
231  2.11486211e-01  3.27953893e-01
232  2.11490612e-01  2.88576238e-01
233  2.11495014e-01  2.49198583e-01
234  2.11499416e-01  2.09820928e-01
235  2.11503818e-01  1.70443273e-01
236  2.11508219e-01  1.31065618e-01
237  2.11512621e-01  9.16879626e-02
238  2.11517023e-01  5.23103075e-02
239  2.11521424e-01  1.29326524e-02
240  2.11525826e-01  -2.64450027e-02
241  2.11530228e-01  -6.58226578e-02
242  2.11534630e-01  -1.05200313e-01
243  2.11539031e-01  -1.44577968e-01
244  2.11543433e-01  -1.83955623e-01
245  2.11547835e-01  -2.23333278e-01
246  2.11552236e-01  -2.62710933e-01
247  2.11556638e-01  -3.02088588e-01
248  2.11561040e-01  -3.41466243e-01
249  2.11565442e-01  -3.80843898e-01
250  2.11569843e-01  -4.20221554e-01
251  2.11574245e-01  -4.59599209e-01
252  2.11578647e-01  -4.98976864e-01
10282  2.38963843e-01  -4.20218492e-01
254  2.11587450e-01  -5.77732174e-01
10283  2.38968245e-01  -4.59596147e-01
2743  2.12700818e-01  1.70443407e-01
10284  2.38972647e-01  -4.98973802e-01
10285  2.38977048e-01  -5.38351457e-01
10286  2.38981450e-01  -5.77729112e-01
10245  -2.80037741e-01  -8.69133415e-02
10241  -2.80003036e-01  7.23411990e-02
10242  -2.80011712e-01  3.25275642e-02
10243  -2.80020388e-01  -7.28607127e-03
10246  -2.80046418e-01  -1.26726977e-01
10244  -2.80029065e-01  -4.70997064e-02
2509  -2.44645937e+00  -2.05752319e-02
2510  -2.40768495e+00  -1.15147299e-02
2511  -2.36724209e+00  -4.10053298e-03
2512  -2.32648627e+00  1.33697286e-03
2513  -2.28552997e+00  5.00987604e-03
2514  -2.24443270e+00  6.39300469e-03
2515  -2.20332247e+00  6.08535776e-03
2516  -2.16223733e+00  4.55036621e-03
2517  -2.12124055e+00  1.47589321e-03
2518  -2.08033942e+00  -2.69214712e-03
2519  -2.02400377e+00  -1.07090166e-02
2520  -1.98448861e+00  -1.75406073e-02
2521  -1.94515829e+00  -2.53647796e-02
2522  -1.90607231e+00  -3.43231566e-02
2523  -1.86716297e+00  -4.40114135e-02
2524  -1.82843064e+00  -5.43855064e-02
2525  -1.78991208e+00  -6.55285192e-02
2526  -1.75160750e+00  -7.73853048e-02
2527  -1.71354237e+00  -8.99857230e-02
2528  -1.67566002e+00  -1.03119744e-01
2529  -1.63791222e+00  -1.16633867e-01
2530  -1.60033688e+00  -1.30619761e-01
2531  -1.56291440e+00  -1.45007102e-01
2532  -1.52558488e+00  -1.59631968e-01
2533  -1.48836684e+00  -1.74539691e-01
2534  -1.45127345e+00  -1.89754403e-01
2535  -1.41428826e+00  -2.05227916e-01
2536  -1.37737438e+00  -2.20868664e-01
2537  -1.34051953e+00  -2.36647821e-01
2538  -1.30372890e+00  -2.52574923e-01
2539  -1.26696383e+00  -2.68558551e-01
2540  -1.23020371e+00  -2.84552251e-01
2541  -1.19343414e+00  -3.00523038e-01
2542  -1.15664023e+00  -3.16438388e-01
2543  -1.11985378e+00  -3.32371678e-01
2544  -1.08306107e+00  -3.48289060e-01
2545  -1.04624084e+00  -3.64139828e-01
2546  -1.00934648e+00  -3.79816131e-01
2547  -9.72394140e-01  -3.95355238e-01
2548  -9.35368386e-01  -4.10717204e-01
2549  -8.98262667e-01  -4.25883208e-01
2550  -8.61040371e-01  -4.40756938e-01
2551  -8.23656112e-01  -4.55217692e-01
2552  -7.86157341e-01  -4.69381742e-01
2553  -7.48556174e-01  -4.83268854e-01
2554  -7.10779315e-01  -4.96666712e-01
2555  -6.72840410e-01  -5.09596802e-01
2556  -6.34756015e-01  -5.22092190e-01
2557  -5.96531056e-01  -5.34149211e-01
2558  -5.58097798e-01  -5.45522486e-01
2559  -5.19506510e-01  -5.56344243e-01
2560  -4.80761395e-01  -5.66600041e-01
2561  -4.41852620e-01  -5.76217886e-01
2562  -4.02785275e-01  -5.85168617e-01
2563  -3.46904285e-01  -5.96844197e-01
2564  -3.06347468e-01  -6.04183378e-01
2565  -2.67895059e-01  -6.10447735e-01
2566  -2.28213059e-01  -6.16120395e-01
2567  -1.88406258e-01  -6.20853413e-01
2568  -1.48496751e-01  -6.24625276e-01
2569  -1.08506927e-01  -6.27387054e-01
2570  -6.84640511e-02  -6.29225335e-01
2571  -2.83891270e-02  -6.30222716e-01
2572  1.16977789e-02  -6.30447459e-01
2573  5.17776080e-02  -6.29751238e-01
2574  9.18163958e-02  -6.27798338e-01
2575  1.31808302e-01  -6.25034868e-01
2576  1.71718405e-01  -6.21306197e-01
2577  2.12788778e-01  -6.16451143e-01
2578  2.51224451e-01  -6.11041104e-01
2579  2.96823983e-01  -6.03500393e-01
2580  3.36363043e-01  -5.95920791e-01
2581  3.75697525e-01  -5.87344812e-01
2582  4.14787095e-01  -5.77704127e-01
2583  4.53660399e-01  -5.67218262e-01
2584  4.92295751e-01  -5.55886287e-01
2585  5.30662949e-01  -5.43678390e-01
2586  5.68744760e-01  -5.30614721e-01
2587  6.06378523e-01  -5.16312081e-01
2588  6.43687822e-01  -5.01175435e-01
2589  6.80662904e-01  -4.85243659e-01
2590  7.17186010e-01  -4.68309578e-01
2591  7.53165736e-01  -4.50250603e-01
2592  7.88631456e-01  -4.31202732e-01
2593  8.23496595e-01  -4.11083412e-01
2594  8.63528466e-01  -3.85976959e-01
2595  8.95563565e-01  -3.64619423e-01
2596  9.26564822e-01  -3.41787726e-01
2597  9.56825467e-01  -3.17986133e-01
2598  9.86085579e-01  -2.92968781e-01
2599  1.01419316e+00  -2.66666216e-01
2600  1.04103327e+00  -2.39074820e-01
2601  1.06619946e+00  -2.09967784e-01
2602  1.08913657e+00  -1.79082267e-01
2603  1.10958385e+00  -1.46508655e-01
2604  1.12668765e+00  -1.12082892e-01
2605  1.13929587e+00  -7.57758541e-02
2606  1.14766489e+00  -3.82509981e-02
2607  1.15130000e+00  2.06910731e-06
2608  1.14799019e+00  3.81735520e-02
2609  1.14057870e+00  7.57798800e-02
2610  1.12871274e+00  1.12191686e-01
2611  1.11207586e+00  1.46699339e-01
2612  1.09215786e+00  1.79458188e-01
2613  1.06921196e+00  2.10183984e-01
2614  1.04434731e+00  2.39385950e-01
2615  1.01739955e+00  2.66683470e-01
2616  9.89049535e-01  2.92532320e-01
2617  9.59209233e-01  3.16646244e-01
2618  9.28277199e-01  3.39351830e-01
2619  8.96412387e-01  3.60726986e-01
2620  8.63550212e-01  3.80540494e-01
2621  8.23126775e-01  4.02815660e-01
2622  7.87904232e-01  4.20446614e-01
2623  7.52139319e-01  4.36959690e-01
2624  7.15894352e-01  4.52387712e-01
2625  6.79110919e-01  4.66488454e-01
2626  6.41982868e-01  4.79664202e-01
2627  6.04492077e-01  4.91769401e-01
2628  5.66700330e-01  5.02906174e-01
2629  5.28683144e-01  5.13246570e-01
2630  4.90402011e-01  5.22558212e-01
2631  4.51905055e-01  5.30937795e-01
2632  4.13212691e-01  5.38367497e-01
2633  3.74375322e-01  5.44999076e-01
2634  3.35404649e-01  5.50791962e-01
2635  2.96323734e-01  5.55780769e-01
2636  2.51253779e-01  5.60458944e-01
2637  2.12656866e-01  5.63631181e-01
2638  1.71540670e-01  5.66273277e-01
2639  1.31618133e-01  5.68101028e-01
2640  9.16674899e-02  5.69238535e-01
2641  5.17038813e-02  5.69835603e-01
2642  1.17371818e-02  5.69850147e-01
2643  -2.82214925e-02  5.69099074e-01
2644  -6.81675206e-02  5.67791383e-01
2645  -1.08094163e-01  5.65977277e-01
2646  -1.47995821e-01  5.63669985e-01
2647  -1.87865774e-01  5.60853522e-01
2648  -2.27702935e-01  5.57608766e-01
2649  -2.67492914e-01  5.53842083e-01
2650  -3.06095998e-01  5.49740988e-01
2651  -3.46939350e-01  5.44994985e-01
2652  -4.02196717e-01  5.37918027e-01
2653  -4.40739051e-01  5.32579125e-01
2654  -4.79220705e-01  5.26817039e-01
2655  -5.17655062e-01  5.20741289e-01
2656  -5.56048036e-01  5.14406963e-01
2657  -5.94396111e-01  5.07806584e-01
2658  -6.32689113e-01  5.00895849e-01
2659  -6.70925099e-01  4.93678634e-01
2660  -7.09105653e-01  4.86170779e-01
2661  -7.47232801e-01  4.78392813e-01
2662  -7.85312961e-01  4.70383532e-01
2663  -8.23365912e-01  4.62243979e-01
2664  -8.61384012e-01  4.53946868e-01
2665  -8.99347877e-01  4.45407883e-01
2666  -9.37251638e-01  4.36603368e-01
2667  -9.75120901e-01  4.27648177e-01
2668  -1.01295556e+00  4.18549857e-01
2669  -1.05073680e+00  4.09231618e-01
2670  -1.08848682e+00  3.99784008e-01
2671  -1.12621580e+00  3.90252132e-01
2672  -1.16391728e+00  3.80615227e-01
2673  -1.20156793e+00  3.70781035e-01
2674  -1.23919535e+00  3.60854271e-01
2675  -1.27681213e+00  3.50887443e-01
2676  -1.31440149e+00  3.40821101e-01
2677  -1.35194914e+00  3.30598480e-01
2678  -1.38948507e+00  3.20331758e-01
2679  -1.42699026e+00  3.09952685e-01
2680  -1.46449249e+00  2.99560077e-01
2681  -1.50199379e+00  2.89164630e-01
2682  -1.53948499e+00  2.78734448e-01
2683  -1.57695764e+00  2.68237545e-01
2684  -1.61442267e+00  2.57713762e-01
2685  -1.65186642e+00  2.47114035e-01
2686  -1.68930825e+00  2.36506720e-01
2687  -1.72673750e+00  2.25855782e-01
2688  -1.76415736e+00  2.15170592e-01
2689  -1.80157963e+00  2.04493886e-01
2690  -1.83899170e+00  1.93782659e-01
2691  -1.87639429e+00  1.83034829e-01
2692  -1.91383049e+00  1.72403033e-01
2693  -1.95127244e+00  1.61794672e-01
2694  -1.98871051e+00  1.51172680e-01
2695  -2.02615417e+00  1.40570286e-01
2696  -2.08026376e+00  1.25238429e-01
2697  -2.11699582e+00  1.14841767e-01
2698  -2.15374267e+00  1.04497100e-01
2699  -2.19049709e+00  9.41793758e-02
2700  -2.22726578e+00  8.39135062e-02
2701  -2.26403084e+00  7.36388950e-02
2702  -2.30076255e+00  6.32470327e-02
2703  -2.33747717e+00  5.27941871e-02
2704  -2.37416645e+00  4.22536434e-02
2705  -2.41067595e+00  3.16957786e-02
2706  -3.06104594e-01  5.10296894e-01
2707  -3.06113270e-01  4.70483259e-01
2708  -3.06121947e-01  4.30669624e-01
2709  -3.06130623e-01  3.90855989e-01
2710  -3.06139299e-01  3.51042354e-01
2711  -3.06147976e-01  3.11228719e-01
2712  -3.06156652e-01  2.71415084e-01
2713  -3.06165329e-01  2.31601448e-01
2714  -3.06174005e-01  1.91787813e-01
2715  -3.06182682e-01  1.51974178e-01
2716  -3.06191358e-01  1.12160543e-01
2717  -3.06200035e-01  7.23469080e-02
2718  -3.06208711e-01  3.25332730e-02
2719  -3.06217387e-01  -7.28036221e-03
2720  -3.06226064e-01  -4.70939974e-02
2721  -3.06234740e-01  -8.69076325e-02
2722  -3.06243417e-01  -1.26721268e-01
2723  -3.06252093e-01  -1.66534903e-01
2724  -3.06260770e-01  -2.06348538e-01
2725  -3.06269446e-01  -2.46162173e-01
2726  -3.06278122e-01  -2.85975808e-01
2727  -3.06286799e-01  -3.25789443e-01
2728  -3.06295475e-01  -3.65603079e-01
2729  -3.06304152e-01  -4.05416714e-01
2730  -3.06312828e-01  -4.45230349e-01
2731  -3.06321505e-01  -4.85043984e-01
2732  -3.06330181e-01  -5.24857619e-01
2733  -3.06338857e-01  -5.64671254e-01
10252  -2.80098476e-01  -3.65608788e-01
2735  2.12665604e-01  4.85464647e-01
2736  2.12670006e-01  4.46086992e-01
2737  2.12674407e-01  4.06709337e-01
2738  2.12678809e-01  3.67331682e-01
2739  2.12683211e-01  3.27954027e-01
2740  2.12687612e-01  2.88576372e-01
2741  2.12692014e-01  2.49198717e-01
2742  2.12696416e-01  2.09821062e-01
2734  2.12661202e-01  5.24842303e-01
2744  2.12705219e-01  1.31065752e-01
2745  2.12709621e-01  9.16880964e-02
2746  2.12714023e-01  5.23104413e-02
2747  2.12718424e-01  1.29327862e-02
2748  2.12722826e-01  -2.64448689e-02
2749  2.12727228e-01  -6.58225240e-02
2750  2.12731630e-01  -1.05200179e-01
2751  2.12736031e-01  -1.44577834e-01
2752  2.12740433e-01  -1.83955489e-01
2753  2.12744835e-01  -2.23333144e-01
2754  2.12749236e-01  -2.62710799e-01
2755  2.12753638e-01  -3.02088454e-01
2756  2.12758040e-01  -3.41466109e-01
2757  2.12762442e-01  -3.80843764e-01
2758  2.12766843e-01  -4.20221420e-01
2759  2.12771245e-01  -4.59599075e-01
2760  2.12775647e-01  -4.98976730e-01
2761  2.12780048e-01  -5.38354385e-01
2762  2.12784450e-01  -5.77732040e-01
10253  -2.80107153e-01  -4.05422423e-01
10254  -2.80115829e-01  -4.45236058e-01
10255  -2.80124506e-01  -4.85049693e-01
10248  -2.80063771e-01  -2.06354247e-01
10256  -2.80133182e-01  -5.24863328e-01
10257  -2.80141858e-01  -5.64676963e-01
10262  2.38875809e-01  3.67334610e-01
5262  2.25249236e-01  -2.62709402e-01
5264  2.25258040e-01  -3.41464712e-01
10258  2.38858202e-01  5.24845231e-01
5266  2.25266843e-01  -4.20220023e-01
10263  2.38880211e-01  3.27956955e-01
10261  2.38871407e-01  4.06712265e-01
10259  2.38862604e-01  4.85467575e-01
10276  2.38937433e-01  -1.83952561e-01
5017  -2.44144742e+00  -1.71478756e-02
5018  -2.40813312e+00  -9.36392740e-03
5019  -2.36758555e+00  -1.93054484e-03
5020  -2.32672972e+00  3.52044314e-03
5021  -2.28566509e+00  7.20271706e-03
5022  -2.24446143e+00  8.58981682e-03
5023  -2.20327324e+00  8.28180592e-03
5024  -2.16211414e+00  6.74391008e-03
5025  -2.12104701e+00  3.66435254e-03
5026  -2.08007324e+00  -5.11331599e-04
5027  -2.02366183e+00  -8.53878955e-03
5028  -1.98408710e+00  -1.53806058e-02
5029  -1.94469850e+00  -2.32164305e-02
5030  -1.90556146e+00  -3.21863737e-02
5031  -1.86661333e+00  -4.18842792e-02
5032  -1.82784114e+00  -5.22690715e-02
5033  -1.78928196e+00  -6.34238198e-02
5034  -1.75093743e+00  -7.52929794e-02
5035  -1.71283730e+00  -8.79049323e-02
5036  -1.67492991e+00  -1.01047609e-01
5037  -1.63715876e+00  -1.14570108e-01
5038  -1.59955948e+00  -1.28564898e-01
5039  -1.56211949e+00  -1.42958951e-01
5040  -1.52477570e+00  -1.57589410e-01
5041  -1.48754150e+00  -1.72503608e-01
5042  -1.45043260e+00  -1.87724677e-01
5043  -1.41343572e+00  -2.03203072e-01
5044  -1.37651346e+00  -2.18847370e-01
5045  -1.33965076e+00  -2.34629890e-01
5046  -1.30285452e+00  -2.50559420e-01
5047  -1.26608760e+00  -2.66543847e-01
5048  -1.22932783e+00  -2.82537398e-01
5049  -1.19256040e+00  -2.98507254e-01
5050  -1.15576752e+00  -3.14422157e-01
5051  -1.11898102e+00  -3.30355472e-01
5052  -1.08219055e+00  -3.46271885e-01
5053  -1.04537690e+00  -3.62119823e-01
5054  -1.00849107e+00  -3.77792496e-01
5055  -9.71547345e-01  -3.93327987e-01
5056  -9.34531803e-01  -4.08685718e-01
5057  -8.97439438e-01  -4.23846273e-01
5058  -8.60236445e-01  -4.38712308e-01
5059  -8.22871647e-01  -4.53165516e-01
5060  -7.85388598e-01  -4.67323625e-01
5061  -7.47808396e-01  -4.81203028e-01
5062  -7.10057750e-01  -4.94591585e-01
5063  -6.72143576e-01  -5.07513240e-01
5064  -6.34083107e-01  -5.20000778e-01
5065  -5.95888878e-01  -5.32048160e-01
5066  -5.57489472e-01  -5.43411385e-01
5067  -5.18928803e-01  -5.54224558e-01
5068  -4.80216682e-01  -5.64471638e-01
5069  -4.41343677e-01  -5.74080648e-01
5070  -4.02315267e-01  -5.83022480e-01
5071  -3.46483715e-01  -5.94687827e-01
5072  -2.93847451e-01  -6.04106266e-01
5073  -2.67562685e-01  -6.08276022e-01
5074  -2.27927888e-01  -6.13941981e-01
5075  -1.88173185e-01  -6.18668811e-01
5076  -1.48317694e-01  -6.22435585e-01
5077  -1.08380857e-01  -6.25193674e-01
5078  -6.83863390e-02  -6.27029710e-01
5079  -2.83556361e-02  -6.28025971e-01
5080  1.16848565e-02  -6.28250497e-01
5081  5.17050044e-02  -6.27555438e-01
5082  9.16871474e-02  -6.25605143e-01
5083  1.31630378e-01  -6.22845085e-01
5084  1.71487617e-01  -6.19121353e-01
5085  2.25288350e-01  -6.12622078e-01
5086  2.50892486e-01  -6.08869328e-01
5087  2.96437913e-01  -6.01337581e-01
5088  3.35922186e-01  -5.93768477e-01
5089  3.75200432e-01  -5.85204786e-01
5090  4.14237932e-01  -5.75576868e-01
5091  4.53065102e-01  -5.65103449e-01
5092  4.91653465e-01  -5.53785269e-01
5093  5.29973389e-01  -5.41592409e-01
5094  5.67997968e-01  -5.28548538e-01
5095  6.05575249e-01  -5.14267194e-01
5096  6.42840112e-01  -4.99148567e-01
5097  6.79766061e-01  -4.83238046e-01
5098  7.16231050e-01  -4.66330977e-01
5099  7.52153106e-01  -4.48300888e-01
5100  7.87562526e-01  -4.29283305e-01
5101  8.22363710e-01  -4.09201025e-01
5102  8.62335345e-01  -3.84132163e-01
5103  8.94302446e-01  -3.62820426e-01
5104  9.25234111e-01  -3.40039579e-01
5105  9.55432188e-01  -3.16287432e-01
5106  9.84620773e-01  -2.91331359e-01
5107  1.01265475e+00  -2.65097739e-01
5108  1.03941419e+00  -2.37589758e-01
5109  1.06448541e+00  -2.08593435e-01
5110  1.08732289e+00  -1.77842355e-01
5111  1.10766732e+00  -1.45434549e-01
5112  1.12466209e+00  -1.11232055e-01
5113  1.13718252e+00  -7.51753830e-02
5114  1.14549493e+00  -3.79073254e-02
5115  1.14910302e+00  1.11607648e-05
5116  1.14581166e+00  3.78653829e-02
5117  1.13845264e+00  7.52260730e-02
5118  1.12667421e+00  1.11372426e-01
5119  1.11014546e+00  1.45650360e-01
5120  1.09033702e+00  1.78228813e-01
5121  1.06749454e+00  2.08813840e-01
5122  1.04272808e+00  2.37901057e-01
5123  1.01587715e+00  2.65099454e-01
5124  9.87618336e-01  2.90865443e-01
5125  9.57868407e-01  3.14905844e-01
5126  9.27014942e-01  3.37553632e-01
5127  8.95232895e-01  3.58873447e-01
5128  8.62452646e-01  3.78637297e-01
5129  8.22104711e-01  4.00870873e-01
5130  7.86951931e-01  4.18466732e-01
5131  7.51248508e-01  4.34951391e-01
5132  7.15070780e-01  4.50350916e-01
5133  6.78350275e-01  4.64427331e-01
5134  6.41277884e-01  4.77583383e-01
5135  6.03843980e-01  4.89670168e-01
5136  5.66101474e-01  5.00792367e-01
5137  5.28135153e-01  5.11119010e-01
5138  4.89908703e-01  5.20417311e-01
5139  4.51464233e-01  5.28785474e-01
5140  4.12820625e-01  5.36205763e-01
5141  3.74028892e-01  5.42829561e-01
5142  3.35104020e-01  5.48615628e-01
5143  2.96071205e-01  5.53598330e-01
5144  2.51050684e-01  5.58271351e-01
5145  2.25157214e-01  5.60516557e-01
5146  1.71420275e-01  5.64079579e-01
5147  1.31536626e-01  5.65905541e-01
5148  9.16198139e-02  5.67042052e-01
5149  5.16870714e-02  5.67638667e-01
5150  1.17574269e-02  5.67653241e-01
5151  -2.81649057e-02  5.66902803e-01
5152  -6.80817172e-02  5.65596060e-01
5153  -1.07980887e-01  5.63783199e-01
5154  -1.47854997e-01  5.61477503e-01
5155  -1.87699187e-01  5.58662847e-01
5156  -2.27510227e-01  5.55420234e-01
5157  -2.67273177e-01  5.51656099e-01
5158  -2.93596176e-01  5.48922379e-01
5159  -3.46672855e-01  5.42814208e-01
5160  -4.01906439e-01  5.35740288e-01
5161  -4.40425649e-01  5.30404594e-01
5162  -4.78886508e-01  5.24645605e-01
5163  -5.17304717e-01  5.18572403e-01
5164  -5.55682882e-01  5.12240521e-01
5165  -5.94014682e-01  5.05642948e-01
5166  -6.32290266e-01  4.98735356e-01
5167  -6.70509396e-01  4.91521321e-01
5168  -7.08674127e-01  4.84016575e-01
5169  -7.46787129e-01  4.76241491e-01
5170  -7.84857091e-01  4.68234348e-01
5171  -8.22901914e-01  4.60096535e-01
5172  -8.60908729e-01  4.51801894e-01
5173  -8.98858269e-01  4.43266133e-01
5174  -9.36750291e-01  4.34464336e-01
5175  -9.74611262e-01  4.25511104e-01
5176  -1.01243567e+00  4.16415256e-01
5177  -1.05020706e+00  4.07099441e-01
5178  -1.08795105e+00  3.97653336e-01
5179  -1.12567469e+00  3.88122812e-01
5180  -1.16336762e+00  3.78488095e-01
5181  -1.20101010e+00  3.68656032e-01
5182  -1.23863378e+00  3.58730252e-01
5183  -1.27624662e+00  3.48764471e-01
5184  -1.31382875e+00  3.38700067e-01
5185  -1.35137076e+00  3.28478980e-01
5186  -1.38890227e+00  3.18213467e-01
5187  -1.42640391e+00  3.07835373e-01
5188  -1.46390569e+00  2.97442892e-01
5189  -1.50140593e+00  2.87047740e-01
5190  -1.53889426e+00  2.76618357e-01
5191  -1.57636426e+00  2.66122192e-01
5192  -1.61382639e+00  2.55599227e-01
5193  -1.65126779e+00  2.45000164e-01
5194  -1.68870817e+00  2.34393260e-01
5195  -1.72613523e+00  2.23742947e-01
5196  -1.76355436e+00  2.13057964e-01
5197  -1.80097589e+00  2.02381468e-01
5198  -1.83838596e+00  1.91670814e-01
5199  -1.87579080e+00  1.80922340e-01
5200  -1.91323094e+00  1.70289424e-01
5201  -1.95067316e+00  1.59680986e-01
5202  -1.98811140e+00  1.49058946e-01
5203  -2.02555543e+00  1.38456449e-01
5204  -2.07966512e+00  1.23124560e-01
5205  -2.11639898e+00  1.12727390e-01
5206  -2.15314810e+00  1.02382082e-01
5207  -2.18990479e+00  9.20637223e-02
5208  -2.22667471e+00  8.17975088e-02
5209  -2.26343614e+00  7.15239172e-02
5210  -2.30016271e+00  6.11335040e-02
5211  -2.33687306e+00  5.06818775e-02
5212  -2.37355716e+00  4.01428220e-02
5213  -2.40938844e+00  2.99155774e-02
5214  -2.93604594e-01  5.10294170e-01
5215  -2.93613270e-01  4.70480535e-01
5216  -2.93621947e-01  4.30666900e-01
5217  -2.93630623e-01  3.90853265e-01
5218  -2.93639299e-01  3.51039630e-01
5219  -2.93647976e-01  3.11225995e-01
5220  -2.93656652e-01  2.71412360e-01
5221  -2.93665329e-01  2.31598724e-01
5222  -2.93674005e-01  1.91785089e-01
5223  -2.93682682e-01  1.51971454e-01
5224  -2.93691358e-01  1.12157819e-01
5225  -2.93700035e-01  7.23441839e-02
5226  -2.93708711e-01  3.25305490e-02
5227  -2.93717387e-01  -7.28308631e-03
5228  -2.93726064e-01  -4.70967215e-02
5229  -2.93734740e-01  -8.69103566e-02
5230  -2.93743417e-01  -1.26723992e-01
5231  -2.93752093e-01  -1.66537627e-01
5232  -2.93760770e-01  -2.06351262e-01
5233  -2.93769446e-01  -2.46164897e-01
5234  -2.93778122e-01  -2.85978532e-01
5235  -2.93786799e-01  -3.25792167e-01
5236  -2.93795475e-01  -3.65605803e-01
5237  -2.93804152e-01  -4.05419438e-01
5238  -2.93812828e-01  -4.45233073e-01
5239  -2.93821505e-01  -4.85046708e-01
5240  -2.93830181e-01  -5.24860343e-01
5241  -2.93838857e-01  -5.64673978e-01
5242  2.25161202e-01  5.24843700e-01
5243  2.25165604e-01  4.85466044e-01
5244  2.25170006e-01  4.46088389e-01
5245  2.25174407e-01  4.06710734e-01
5246  2.25178809e-01  3.67333079e-01
5247  2.25183211e-01  3.27955424e-01
5248  2.25187612e-01  2.88577769e-01
5249  2.25192014e-01  2.49200114e-01
5250  2.25196416e-01  2.09822459e-01
5251  2.25200818e-01  1.70444804e-01
5252  2.25205219e-01  1.31067149e-01
5253  2.25209621e-01  9.16894938e-02
5254  2.25214023e-01  5.23118385e-02
5255  2.25218424e-01  1.29341834e-02
5256  2.25222826e-01  -2.64434715e-02
5257  2.25227228e-01  -6.58211266e-02
5258  2.25231630e-01  -1.05198782e-01
5259  2.25236031e-01  -1.44576437e-01
5260  2.25240433e-01  -1.83954092e-01
5261  2.25244835e-01  -2.23331747e-01
10268  2.38902219e-01  1.31068680e-01
5263  2.25253638e-01  -3.02087057e-01
10247  -2.80055094e-01  -1.66540612e-01
5265  2.25262442e-01  -3.80842367e-01
10249  -2.80072447e-01  -2.46167882e-01
5267  2.25271245e-01  -4.59597678e-01
5268  2.25275647e-01  -4.98975333e-01
5269  2.25280048e-01  -5.38352988e-01
5270  2.25284450e-01  -5.77730643e-01
10269  2.38906621e-01  9.16910250e-02
10278  2.38946236e-01  -2.62707871e-01
10270  2.38911023e-01  5.23133695e-02
10251  -2.80089800e-01  -3.25795152e-01
10271  2.38915424e-01  1.29357144e-02
10272  2.38919826e-01  -2.64419403e-02
10265  2.38889014e-01  2.49201645e-01
10266  2.38893416e-01  2.09823990e-01
10273  2.38924228e-01  -6.58195954e-02
10260  2.38867006e-01  4.46089920e-01
10274  2.38928630e-01  -1.05197251e-01
10279  2.38950638e-01  -3.02085526e-01
10280  2.38955040e-01  -3.41463181e-01
10250  -2.80081123e-01  -2.85981517e-01
10275  2.38933031e-01  -1.44574906e-01
7525  -2.43826734e+00  -1.49732125e-02
7526  -2.40841748e+00  -7.99923981e-03
7527  -2.36780347e+00  -5.53683900e-04
7528  -2.32688419e+00  4.90585851e-03
7529  -2.28575082e+00  8.59407817e-03
7530  -2.24447966e+00  9.98369762e-03
7531  -2.20324199e+00  9.67545578e-03
7532  -2.16203598e+00  8.13571717e-03
7533  -2.12092422e+00  5.05293347e-03
7534  -2.07990435e+00  8.72399325e-04
7535  -2.01852135e+00  2.40867263e-02
7536  -1.97805126e+00  1.70911873e-02
7537  -1.93778641e+00  9.08019034e-03
7538  -1.89788173e+00  -6.36312913e-05
7539  -1.85835040e+00  -9.90658680e-03
7540  -1.81897902e+00  -2.04522251e-02
7541  -1.77980925e+00  -3.17833945e-02
7542  -1.74086423e+00  -4.38385775e-02
7543  -1.70223787e+00  -5.66239338e-02
7544  -1.66395395e+00  -6.98967319e-02
7545  -1.62583174e+00  -8.35451596e-02
7546  -1.58787268e+00  -9.76736764e-02
7547  -1.55016937e+00  -1.12168636e-01
7548  -1.51261119e+00  -1.26883166e-01
7549  -1.47513407e+00  -1.41894716e-01
7550  -1.43779197e+00  -1.57211349e-01
7551  -1.40061937e+00  -1.72763132e-01
7552  -1.36357108e+00  -1.88460802e-01
7553  -1.32659033e+00  -2.04293873e-01
7554  -1.28970965e+00  -2.20259894e-01
7555  -1.25291506e+00  -2.36256342e-01
7556  -1.21616041e+00  -2.52247664e-01
7557  -1.17942523e+00  -2.68203524e-01
7558  -1.14264789e+00  -2.84111694e-01
7559  -1.10586050e+00  -3.00045393e-01
7560  -1.06910375e+00  -3.15947235e-01
7561  -1.03238913e+00  -3.31752629e-01
7562  -9.95631628e-01  -3.47370737e-01
7563  -9.58817292e-01  -3.62851856e-01
7564  -9.21955256e-01  -3.78145920e-01
7565  -8.85063654e-01  -3.93224569e-01
7566  -8.48150841e-01  -4.07974921e-01
7567  -8.11078603e-01  -4.22314700e-01
7568  -7.73831913e-01  -4.36383492e-01
7569  -7.36566890e-01  -4.50146992e-01
7570  -6.99210301e-01  -4.63395726e-01
7571  -6.61667922e-01  -4.76190573e-01
7572  -6.23967129e-01  -4.88560107e-01
7573  -5.86234869e-01  -5.00462580e-01
7574  -5.48344383e-01  -5.11674716e-01
7575  -5.10244007e-01  -5.22358854e-01
7576  -4.72027884e-01  -5.32474883e-01
7577  -4.33692613e-01  -5.41951067e-01
7578  -3.95249531e-01  -5.50759124e-01
7579  -3.39673038e-01  -5.59767793e-01
7580  -2.81340052e-01  -5.70158250e-01
7581  -2.62180244e-01  -5.73107522e-01
7582  -2.23309859e-01  -5.78664965e-01
7583  -1.84398812e-01  -5.83291584e-01
7584  -1.45418049e-01  -5.86975944e-01
7585  -1.06339296e-01  -5.89674297e-01
7586  -6.71278762e-02  -5.91473974e-01
7587  -2.78132889e-02  -5.92452105e-01
7588  1.14755927e-02  -5.92673112e-01
7589  5.05292678e-02  -5.91996871e-01
7590  8.95941108e-02  -5.90088763e-01
7591  1.28749093e-01  -5.87383947e-01
7592  1.67750247e-01  -5.83740198e-01
7593  2.37784160e-01  -5.75135425e-01
7594  2.45516693e-01  -5.73699811e-01
7595  2.90634035e-01  -5.68823526e-01
7596  3.29294692e-01  -5.61412255e-01
7597  3.67727524e-01  -5.53033302e-01
7598  4.05982245e-01  -5.43597306e-01
7599  4.44115873e-01  -5.33310996e-01
7600  4.81997824e-01  -5.22200187e-01
7601  5.19607085e-01  -5.10233383e-01
7602  5.56771271e-01  -4.97487146e-01
7603  5.93499445e-01  -4.83525956e-01
7604  6.30096282e-01  -4.68678194e-01
7605  6.66283614e-01  -4.53087218e-01
7606  7.01874921e-01  -4.36586224e-01
7607  7.36930011e-01  -4.18990375e-01
7608  7.71493064e-01  -4.00428130e-01
7609  8.21644893e-01  -4.08006647e-01
7610  8.61578308e-01  -3.82961637e-01
7611  8.93502264e-01  -3.61678960e-01
7612  9.24389774e-01  -3.38930377e-01
7613  9.54548151e-01  -3.15209604e-01
7614  9.83691351e-01  -2.90292412e-01
7615  1.01167863e+00  -2.64102538e-01
7616  1.03838689e+00  -2.36647484e-01
7617  1.06339784e+00  -2.07721409e-01
7618  1.08617211e+00  -1.77055630e-01
7619  1.10645127e+00  -1.44753026e-01
7620  1.12337687e+00  -1.10692198e-01
7621  1.13584160e+00  -7.47943832e-02
7622  1.14411809e+00  -3.76892646e-02
7623  1.14770904e+00  1.69294360e-05
7624  1.14442938e+00  3.76698490e-02
7625  1.13710366e+00  7.48746815e-02
7626  1.12538076e+00  1.10852604e-01
7627  1.10892062e+00  1.44984780e-01
7628  1.08918170e+00  1.77448772e-01
7629  1.06640484e+00  2.07944482e-01
7630  1.04170068e+00  2.36958891e-01
7631  1.01491118e+00  2.64094394e-01
7632  9.86710238e-01  2.89807807e-01
7633  9.57017650e-01  3.13801558e-01
7634  9.26214037e-01  3.36412673e-01
7635  8.94484505e-01  3.57697374e-01
7636  8.61756238e-01  3.77429716e-01
7637  8.06739791e-01  3.71634457e-01
7638  7.72635782e-01  3.88702716e-01
7639  7.37856744e-01  4.04760176e-01
7640  7.02689829e-01  4.19731300e-01
7641  6.66915334e-01  4.33441997e-01
7642  6.30679704e-01  4.46301961e-01
7643  5.94100984e-01  4.58111923e-01
7644  5.57098746e-01  4.69015022e-01
7645  5.19897068e-01  4.79134908e-01
7646  4.82492700e-01  4.88232661e-01
7647  4.44837266e-01  4.96429144e-01
7648  4.06926608e-01  5.03707927e-01
7649  3.68820930e-01  5.10214750e-01
7650  3.30584603e-01  5.15898298e-01
7651  2.92274885e-01  5.20789235e-01
7652  2.47997513e-01  5.25384775e-01
7653  2.37661304e-01  5.23931978e-01
7654  1.69470615e-01  5.28555039e-01
7655  1.30216704e-01  5.30352033e-01
7656  9.08477533e-02  5.31472430e-01
7657  5.14148524e-02  5.32061708e-01
7658  1.20852752e-02  5.32076751e-01
7659  -2.72485452e-02  5.31336606e-01
7660  -6.66922261e-02  5.30045203e-01
7661  -1.06146500e-01  5.28252521e-01
7662  -1.45574515e-01  5.25972666e-01
7663  -1.85001494e-01  5.23187271e-01
7664  -2.24389534e-01  5.19979363e-01
7665  -2.63714777e-01  5.16256497e-01
7666  -2.81103674e-01  5.14515615e-01
7667  -3.42666575e-01  5.10030088e-01
7668  -3.97542634e-01  5.03001840e-01
7669  -4.35714211e-01  4.97714364e-01
7670  -4.73862458e-01  4.92001958e-01
7671  -5.12037908e-01  4.85967043e-01
7672  -5.50193441e-01  4.79671904e-01
7673  -5.88280571e-01  4.73116516e-01
7674  -6.26294312e-01  4.66256173e-01
7675  -6.64260039e-01  4.59089942e-01
7676  -7.02186897e-01  4.51631939e-01
7677  -7.40087246e-01  4.43900180e-01
7678  -7.78003892e-01  4.35925178e-01
7679  -8.15926526e-01  4.27813525e-01
7680  -8.53763679e-01  4.19556010e-01
7681  -8.91497874e-01  4.11068721e-01
7682  -9.29213427e-01  4.02307774e-01
7683  -9.66949745e-01  3.93384014e-01
7684  -1.00462004e+00  3.84325310e-01
7685  -1.04224332e+00  3.75045929e-01
7686  -1.07989676e+00  3.65622457e-01
7687  -1.11754000e+00  3.56112257e-01
7688  -1.15510455e+00  3.46510440e-01
7689  -1.19262417e+00  3.36710376e-01
7690  -1.23019168e+00  3.26799395e-01
7691  -1.26774517e+00  3.16849362e-01
7692  -1.30521870e+00  3.06814085e-01
7693  -1.34267577e+00  2.96616053e-01
7694  -1.38014094e+00  2.86368721e-01
7695  -1.41758928e+00  2.76005340e-01
7696  -1.45508418e+00  2.65614766e-01
7697  -1.49256840e+00  2.55224056e-01
7698  -1.53001363e+00  2.44806672e-01
7699  -1.56744392e+00  2.34321622e-01
7700  -1.60486242e+00  2.23810928e-01
7701  -1.64226841e+00  2.13221870e-01
7702  -1.67968707e+00  2.02621127e-01
7703  -1.71708109e+00  1.91980210e-01
7704  -1.75448933e+00  1.81298334e-01
7705  -1.79189978e+00  1.70625005e-01
7706  -1.82927974e+00  1.59922971e-01
7707  -1.86671844e+00  1.49164803e-01
7708  -1.90421773e+00  1.38515050e-01
7709  -1.94166401e+00  1.27905462e-01
7710  -1.97910478e+00  1.17282703e-01
7711  -2.01655430e+00  1.06678650e-01
7712  -2.07928529e+00  1.21783306e-01
7713  -2.11602029e+00  1.11385814e-01
7714  -2.15277085e+00  1.01040100e-01
7715  -2.18952898e+00  9.07213368e-02
7716  -2.22629968e+00  8.04549051e-02
7717  -2.26305879e+00  7.01819604e-02
7718  -2.29978211e+00  5.97924666e-02
7719  -2.33648974e+00  4.93416137e-02
7720  -2.37317056e+00  3.88035025e-02
7721  -2.40857151e+00  2.87860369e-02
7722  -2.81104595e-01  5.10291446e-01
7723  -2.81113271e-01  4.70477811e-01
7724  -2.81121948e-01  4.30664176e-01
7725  -2.81130624e-01  3.90850541e-01
7726  -2.81139300e-01  3.51036906e-01
7727  -2.81147977e-01  3.11223271e-01
7728  -2.81156653e-01  2.71409636e-01
7729  -2.81165330e-01  2.31596000e-01
7730  -2.81174006e-01  1.91782365e-01
7731  -2.81182683e-01  1.51968730e-01
7732  -2.81191359e-01  1.12155095e-01
7733  -2.81200036e-01  7.23414598e-02
7734  -2.81208712e-01  3.25278251e-02
7735  -2.81217388e-01  -7.28581041e-03
7736  -2.81226065e-01  -4.70994456e-02
7737  -2.81234741e-01  -8.69130807e-02
7738  -2.81243418e-01  -1.26726716e-01
7739  -2.81252094e-01  -1.66540351e-01
7740  -2.81260771e-01  -2.06353986e-01
7741  -2.81269447e-01  -2.46167621e-01
7742  -2.81278123e-01  -2.85981256e-01
7743  -2.81286800e-01  -3.25794891e-01
7744  -2.81295476e-01  -3.65608527e-01
7745  -2.81304153e-01  -4.05422162e-01
7746  -2.81312829e-01  -4.45235797e-01
7747  -2.81321506e-01  -4.85049432e-01
7748  -2.81330182e-01  -5.24863067e-01
7749  -2.81338858e-01  -5.64676702e-01
7750  2.37661202e-01  5.24845098e-01
7751  2.37665604e-01  4.85467442e-01
7752  2.37670006e-01  4.46089786e-01
7753  2.37674407e-01  4.06712131e-01
7754  2.37678809e-01  3.67334477e-01
7755  2.37683211e-01  3.27956821e-01
7756  2.37687612e-01  2.88579166e-01
7757  2.37692014e-01  2.49201512e-01
7758  2.37696416e-01  2.09823857e-01
7759  2.37700818e-01  1.70446201e-01
7760  2.37705219e-01  1.31068546e-01
7761  2.37709621e-01  9.16908911e-02
7762  2.37714023e-01  5.23132357e-02
7763  2.37718424e-01  1.29355806e-02
7764  2.37722826e-01  -2.64420742e-02
7765  2.37727228e-01  -6.58197293e-02
7766  2.37731630e-01  -1.05197385e-01
7767  2.37736031e-01  -1.44575040e-01
7768  2.37740433e-01  -1.83952694e-01
7769  2.37744835e-01  -2.23330350e-01
7770  2.37749236e-01  -2.62708005e-01
7771  2.37753638e-01  -3.02085659e-01
7772  2.37758040e-01  -3.41463314e-01
7773  2.37762442e-01  -3.80840970e-01
10264  2.38884612e-01  2.88579300e-01
7775  2.37771245e-01  -4.59596280e-01
7776  2.37775647e-01  -4.98973936e-01
7777  2.37780048e-01  -5.38351591e-01
7778  2.37784450e-01  -5.77729245e-01
10281  2.38959442e-01  -3.80840836e-01
253  2.11583048e-01  -5.38354519e-01
10277  2.38941835e-01  -2.23330216e-01
7774  2.37766843e-01  -4.20218626e-01
10267  2.38897818e-01  1.70446335e-01
10033  -2.43325540e+00  -1.15458561e-02
10034  -2.40886565e+00  -5.84843733e-03
10035  -2.36814692e+00  1.61630425e-03
10036  -2.32712764e+00  7.08932879e-03
10037  -2.28588594e+00  1.07869192e-02
10038  -2.24450839e+00  1.21805097e-02
10039  -2.20319275e+00  1.18719039e-02
10040  -2.16191280e+00  1.03292610e-02
10041  -2.12073068e+00  7.24139280e-03
10042  -2.07963817e+00  3.05321485e-03
10043  -2.01817941e+00  2.62569533e-02
10044  -1.97764976e+00  1.92511888e-02
10045  -1.93732662e+00  1.12285395e-02
10046  -1.89737088e+00  2.07315159e-03
10047  -1.85780075e+00  -7.77945255e-03
10048  -1.81838952e+00  -1.83357902e-02
10049  -1.77917913e+00  -2.96786950e-02
10050  -1.74019417e+00  -4.17462522e-02
10051  -1.70153280e+00  -5.45431432e-02
10052  -1.66322384e+00  -6.78245968e-02
10053  -1.62507827e+00  -8.14814012e-02
10054  -1.58709529e+00  -9.56188135e-02
10055  -1.54937446e+00  -1.10120485e-01
10056  -1.51180201e+00  -1.24840608e-01
10057  -1.47430873e+00  -1.39858634e-01
10058  -1.43695112e+00  -1.55181623e-01
10059  -1.39976684e+00  -1.70738288e-01
10060  -1.36271016e+00  -1.86439508e-01
10061  -1.32572156e+00  -2.02275942e-01
10062  -1.28883526e+00  -2.18244391e-01
10063  -1.25203883e+00  -2.34241638e-01
10064  -1.21528452e+00  -2.50232812e-01
10065  -1.17855149e+00  -2.66187740e-01
10066  -1.14177518e+00  -2.82095463e-01
10067  -1.10498773e+00  -2.98029188e-01
10068  -1.06823322e+00  -3.13930060e-01
10069  -1.03152519e+00  -3.29732624e-01
10070  -9.94776226e-01  -3.45347103e-01
10071  -9.57970497e-01  -3.60824605e-01
10072  -9.21118673e-01  -3.76114433e-01
10073  -8.84240426e-01  -3.91187634e-01
10074  -8.47346915e-01  -4.05930291e-01
10075  -8.10294138e-01  -4.20262524e-01
10076  -7.73063170e-01  -4.34325376e-01
10077  -7.35819113e-01  -4.48081166e-01
10078  -6.98488736e-01  -4.61320599e-01
10079  -6.60971088e-01  -4.74107011e-01
10080  -6.23294221e-01  -4.86468695e-01
10081  -5.85592690e-01  -4.98361529e-01
10082  -5.47736058e-01  -5.09563615e-01
10083  -5.09666300e-01  -5.20239169e-01
10084  -4.71483171e-01  -5.30346480e-01
10085  -4.33183669e-01  -5.39813829e-01
10086  -3.94779523e-01  -5.48612988e-01
10087  -3.39252468e-01  -5.57611424e-01
10088  -2.80142611e-01  -5.68135094e-01
10089  -2.61847869e-01  -5.70935809e-01
10090  -2.23024688e-01  -5.76486551e-01
10091  -1.84165739e-01  -5.81106982e-01
10092  -1.45238991e-01  -5.84786253e-01
10093  -1.06213226e-01  -5.87480917e-01
10094  -6.70501641e-02  -5.89278349e-01
10095  -2.77797981e-02  -5.90255361e-01
10096  1.14626703e-02  -5.90476150e-01
10097  5.04566641e-02  -5.89801070e-01
10098  8.94648623e-02  -5.87895568e-01
10099  1.28571168e-01  -5.85194164e-01
10100  1.67519459e-01  -5.81555353e-01
10101  2.38980895e-01  -5.72765678e-01
10102  2.45184729e-01  -5.71528036e-01
10103  2.90247965e-01  -5.66660713e-01
10104  3.28853835e-01  -5.59259941e-01
10105  3.67230432e-01  -5.50893276e-01
10106  4.05433083e-01  -5.41470047e-01
10107  4.43520577e-01  -5.31196184e-01
10108  4.81355538e-01  -5.20099169e-01
10109  5.18917525e-01  -5.08147402e-01
10110  5.56024479e-01  -4.95420964e-01
10111  5.92696171e-01  -4.81481070e-01
10112  6.29248572e-01  -4.66651326e-01
10113  6.65386771e-01  -4.51081606e-01
10114  7.00919961e-01  -4.34607624e-01
10115  7.35917381e-01  -4.17040659e-01
10116  7.70424134e-01  -3.98508703e-01
10117  8.20512008e-01  -4.06124260e-01
10118  8.60385187e-01  -3.81116841e-01
10119  8.92241146e-01  -3.59879964e-01
10120  9.23059063e-01  -3.37182230e-01
10121  9.53154872e-01  -3.13510904e-01
10122  9.82226544e-01  -2.88654990e-01
10123  1.01014023e+00  -2.62534061e-01
10124  1.03676781e+00  -2.35162423e-01
10125  1.06168379e+00  -2.06347061e-01
10126  1.08435843e+00  -1.75815718e-01
10127  1.10453474e+00  -1.43678919e-01
10128  1.12135131e+00  -1.09841362e-01
10129  1.13372825e+00  -7.41939121e-02
10130  1.14194814e+00  -3.73455919e-02
10131  1.14551205e+00  2.60210935e-05
10132  1.14225086e+00  3.73616799e-02
10133  1.13497760e+00  7.43208745e-02
10134  1.12334222e+00  1.10033344e-01
10135  1.10699022e+00  1.43935801e-01
10136  1.08736086e+00  1.76219397e-01
10137  1.06468742e+00  2.06574338e-01
10138  1.04008145e+00  2.35473999e-01
10139  1.01338878e+00  2.62510378e-01
10140  9.85279040e-01  2.88140930e-01
10141  9.55676823e-01  3.12061158e-01
10142  9.24951779e-01  3.34614476e-01
10143  8.93305013e-01  3.55843835e-01
10144  8.60658672e-01  3.75526519e-01
10145  8.05717727e-01  3.69689671e-01
10146  7.71683481e-01  3.86722834e-01
10147  7.36965933e-01  4.02751877e-01
10148  7.01866257e-01  4.17694504e-01
10149  6.66154690e-01  4.31380874e-01
10150  6.29974720e-01  4.44221142e-01
10151  5.93452886e-01  4.56012690e-01
10152  5.56499891e-01  4.66901214e-01
10153  5.19349076e-01  4.77007348e-01
10154  4.81999393e-01  4.86091761e-01
10155  4.44396444e-01  4.94276823e-01
10156  4.06534542e-01  5.01546193e-01
10157  3.68474500e-01  5.08045235e-01
10158  3.30283974e-01  5.13721964e-01
10159  2.92022356e-01  5.18606796e-01
10160  2.47794418e-01  5.23197182e-01
10161  2.38858560e-01  5.21641813e-01
10162  1.69350220e-01  5.26361340e-01
10163  1.30135196e-01  5.28156546e-01
10164  9.08000773e-02  5.29275947e-01
10165  5.13980424e-02  5.29864773e-01
10166  1.21055204e-02  5.29879844e-01
10167  -2.71919584e-02  5.29140335e-01
10168  -6.66064228e-02  5.27849879e-01
10169  -1.06033224e-01  5.26058443e-01
10170  -1.45433691e-01  5.23780184e-01
10171  -1.84834907e-01  5.20996595e-01
10172  -2.24196826e-01  5.17790831e-01
10173  -2.63495040e-01  5.14070513e-01
10174  -2.79907127e-01  5.12438281e-01
10175  -3.42400080e-01  5.07849311e-01
10176  -3.97252357e-01  5.00824101e-01
10177  -4.35400810e-01  4.95539832e-01
10178  -4.73528262e-01  4.89830525e-01
10179  -5.11687563e-01  4.83798157e-01
10180  -5.49828287e-01  4.77505462e-01
10181  -5.87899142e-01  4.70952880e-01
10182  -6.25895465e-01  4.64095680e-01
10183  -6.63844336e-01  4.56932629e-01
10184  -7.01755370e-01  4.49477735e-01
10185  -7.39641574e-01  4.41748859e-01
10186  -7.77548022e-01  4.33775995e-01
10187  -8.15462528e-01  4.25666081e-01
10188  -8.53288395e-01  4.17411036e-01
10189  -8.91008265e-01  4.08926971e-01
10190  -9.28712080e-01  4.00168742e-01
10191  -9.66440107e-01  3.91246942e-01
10192  -1.00410014e+00  3.82190709e-01
10193  -1.04171358e+00  3.72913751e-01
10194  -1.07936100e+00  3.63491784e-01
10195  -1.11699888e+00  3.53982937e-01
10196  -1.15455490e+00  3.44383308e-01
10197  -1.19206635e+00  3.34585372e-01
10198  -1.22963012e+00  3.24675376e-01
10199  -1.26717966e+00  3.14726391e-01
10200  -1.30464597e+00  3.04693052e-01
10201  -1.34209739e+00  2.94496553e-01
10202  -1.37955814e+00  2.84250430e-01
10203  -1.41700293e+00  2.73888028e-01
10204  -1.45449738e+00  2.63497580e-01
10205  -1.49198053e+00  2.53107166e-01
10206  -1.52942290e+00  2.42690581e-01
10207  -1.56685054e+00  2.32206270e-01
10208  -1.60426614e+00  2.21696392e-01
10209  -1.64166978e+00  2.11108000e-01
10210  -1.67908699e+00  2.00507666e-01
10211  -1.71647882e+00  1.89867375e-01
10212  -1.75388633e+00  1.79185705e-01
10213  -1.79129604e+00  1.68512587e-01
10214  -1.82867400e+00  1.57811126e-01
10215  -1.86611495e+00  1.47052314e-01
10216  -1.90361818e+00  1.36401441e-01
10217  -1.94106472e+00  1.25791775e-01
10218  -1.97850566e+00  1.15168969e-01
10219  -2.01595555e+00  1.04564813e-01
10220  -2.07868665e+00  1.19669437e-01
10221  -2.11542345e+00  1.09271436e-01
10222  -2.15217628e+00  9.89250817e-02
10223  -2.18893668e+00  8.86056834e-02
10224  -2.22570861e+00  7.83389076e-02
10225  -2.26246408e+00  6.80669826e-02
10226  -2.29918227e+00  5.76789379e-02
10227  -2.33588563e+00  4.72293041e-02
10228  -2.37256126e+00  3.66926811e-02
10229  -2.40728400e+00  2.70058357e-02
10230  -2.79907595e-01  5.10291185e-01
10231  -2.79916271e-01  4.70477550e-01
10232  -2.79924948e-01  4.30663915e-01
10233  -2.79933624e-01  3.90850280e-01
10234  -2.79942300e-01  3.51036645e-01
10235  -2.79950977e-01  3.11223010e-01
10236  -2.79959653e-01  2.71409375e-01
10237  -2.79968330e-01  2.31595739e-01
10238  -2.79977006e-01  1.91782104e-01
10239  -2.79985683e-01  1.51968469e-01
