1  -1.43650000e+00  -6.24877500e-03
2  -1.41511886e+00  -2.60144987e-03
3  -1.39369779e+00  8.01920283e-04
4  -1.37223729e+00  3.94790651e-03
5  -1.35073144e+00  6.76779446e-03
6  -1.32920420e+00  9.41919987e-03
7  -1.30762193e+00  1.15742462e-02
8  -1.28600809e+00  1.33872720e-02
9  -1.26435793e+00  1.46894489e-02
10  -1.24268523e+00  1.55472428e-02
11  -1.22100000e+00  1.59414324e-02
12  -1.19006155e+00  1.56357491e-02
13  -1.16767014e+00  1.49284455e-02
14  -1.14529861e+00  1.37109483e-02
15  -1.12294657e+00  1.21767325e-02
16  -1.10064667e+00  1.00265546e-02
17  -1.07837480e+00  7.58863590e-03
18  -1.05616433e+00  4.65139967e-03
19  -1.03400902e+00  1.31860271e-03
20  -1.01191070e+00  -2.36998588e-03
21  -9.89882499e-01  -6.45673096e-03
22  -9.67922987e-01  -1.08999563e-02
23  -9.46025191e-01  -1.56387743e-02
24  -9.24193549e-01  -2.06744164e-02
25  -9.02420277e-01  -2.59565115e-02
26  -8.80729173e-01  -3.15657239e-02
27  -8.59081129e-01  -3.73397780e-02
28  -8.37475962e-01  -4.32713000e-02
29  -8.15922422e-01  -4.93885587e-02
30  -7.94415206e-01  -5.56671484e-02
31  -7.72939410e-01  -6.20523485e-02
32  -7.51483814e-01  -6.85050340e-02
33  -7.30047781e-01  -7.50223848e-02
34  -7.08635459e-01  -8.16173493e-02
35  -6.87233983e-01  -8.82474259e-02
36  -6.65833823e-01  -9.48817495e-02
37  -6.44430328e-01  -1.01505270e-01
38  -6.23013936e-01  -1.08087007e-01
39  -6.01583741e-01  -1.14623647e-01
40  -5.80130826e-01  -1.21084966e-01
41  -5.58650215e-01  -1.27453924e-01
42  -5.37144161e-01  -1.33736475e-01
43  -5.15600309e-01  -1.39887662e-01
44  -4.94022437e-01  -1.45918501e-01
45  -4.72403647e-01  -1.51801444e-01
46  -4.50749249e-01  -1.57551746e-01
47  -4.29052788e-01  -1.63140343e-01
48  -4.07317834e-01  -1.68578201e-01
49  -3.85551181e-01  -1.73887996e-01
50  -3.63714839e-01  -1.78902107e-01
51  -3.33300000e-01  -1.85542472e-01
52  -3.11862579e-01  -1.89974234e-01
53  -2.90380624e-01  -1.94187052e-01
54  -2.68850859e-01  -1.98148378e-01
55  -2.47283511e-01  -2.01896165e-01
56  -2.25677852e-01  -2.05417191e-01
57  -2.04017816e-01  -2.08590024e-01
58  -1.82327208e-01  -2.11545585e-01
59  -1.60605570e-01  -2.14257113e-01
60  -1.38851850e-01  -2.16705854e-01
61  -1.17072108e-01  -2.18911955e-01
62  -9.52672194e-02  -2.20849557e-01
63  -7.34428693e-02  -2.22550577e-01
64  -5.15999288e-02  -2.24000144e-01
65  -2.97364525e-02  -2.25100800e-01
66  -7.86094782e-03  -2.25919062e-01
67  1.40224354e-02  -2.26479416e-01
68  3.59113068e-02  -2.26767481e-01
69  5.78024797e-02  -2.26747572e-01
70  7.96901449e-02  -2.26363390e-01
71  1.01569938e-01  -2.25676645e-01
72  1.23438852e-01  -2.24702952e-01
73  1.45292632e-01  -2.23433314e-01
74  1.67125185e-01  -2.21834846e-01
75  1.88932931e-01  -2.19925553e-01
76  2.10700000e-01  -2.17599491e-01
77  2.34798003e-01  -2.14635689e-01
78  2.56005286e-01  -2.11668521e-01
79  2.77161949e-01  -2.08362218e-01
80  2.98266052e-01  -2.04733484e-01
81  3.19306995e-01  -2.00757254e-01
82  3.40272355e-01  -1.96397213e-01
83  3.61166641e-01  -1.91709743e-01
84  3.81968896e-01  -1.86628429e-01
85  4.02667245e-01  -1.81140457e-01
86  4.23240105e-01  -1.75197988e-01
87  4.43693655e-01  -1.68858833e-01
88  4.64000453e-01  -1.62063100e-01
89  4.84156099e-01  -1.54832937e-01
90  5.07000000e-01  -1.46055566e-01
91  5.26576983e-01  -1.37740224e-01
92  5.45934976e-01  -1.28931466e-01
93  5.64948342e-01  -1.19400118e-01
94  5.83545498e-01  -1.09081993e-01
95  6.01575319e-01  -9.78051698e-02
96  6.18828784e-01  -8.53736769e-02
97  6.35160638e-01  -7.17603674e-02
98  6.50264257e-01  -5.67963176e-02
99  6.63307125e-01  -4.00367164e-02
100  6.72489766e-01  -2.09216855e-02
101  6.76000000e-01  0.00000000e+00
102  6.72816764e-01  2.11113439e-02
103  6.63170641e-01  4.01162871e-02
104  6.49727748e-01  5.67369248e-02
105  6.34305934e-01  7.15576797e-02
106  6.17661487e-01  8.49956048e-02
107  6.00309480e-01  9.75111947e-02
108  5.82459817e-01  1.09308688e-01
109  5.64074884e-01  1.20251873e-01
110  5.45318319e-01  1.30545789e-01
111  5.26267111e-01  1.40285521e-01
112  5.07000000e-01  1.49591682e-01
113  4.84250739e-01  1.59684399e-01
114  4.64151757e-01  1.68027970e-01
115  4.43880221e-01  1.75944972e-01
116  4.23473030e-01  1.83505545e-01
117  4.02932888e-01  1.90697043e-01
118  3.82254627e-01  1.97480819e-01
119  3.61469787e-01  2.03931745e-01
120  3.40594523e-01  2.10083439e-01
121  3.19615624e-01  2.15870516e-01
122  2.98545998e-01  2.21318918e-01
123  2.77388419e-01  2.26413314e-01
124  2.56165966e-01  2.31234132e-01
125  2.34895534e-01  2.35835602e-01
126  2.10700000e-01  2.40604455e-01
127  1.89205027e-01  2.44577526e-01
128  1.67639626e-01  2.48149319e-01
129  1.46026604e-01  2.51419273e-01
130  1.24377527e-01  2.54440446e-01
131  1.02694275e-01  2.57203691e-01
132  8.09771746e-02  2.59687480e-01
133  5.92265694e-02  2.61863720e-01
134  3.74411545e-02  2.63657826e-01
135  1.56333276e-02  2.65146629e-01
136  -6.19100290e-03  2.66372327e-01
137  -2.80281552e-02  2.67341941e-01
138  -4.98802373e-02  2.67899712e-01
139  -7.17376922e-02  2.68153597e-01
140  -9.35957600e-02  2.68113150e-01
141  -1.15452288e-01  2.67786218e-01
142  -1.37302934e-01  2.67174570e-01
143  -1.59142527e-01  2.66256048e-01
144  -1.80970381e-01  2.65098657e-01
145  -2.02785831e-01  2.63717551e-01
146  -2.24584826e-01  2.62096228e-01
147  -2.46366056e-01  2.60254829e-01
148  -2.68130281e-01  2.58224621e-01
149  -2.89875311e-01  2.55993483e-01
150  -3.11601024e-01  2.53581654e-01
151  -3.33300000e-01  2.50943994e-01
152  -3.63902914e-01  2.46924329e-01
153  -3.85951293e-01  2.43856854e-01
154  -4.07968347e-01  2.40570795e-01
155  -4.29968521e-01  2.37173764e-01
156  -4.51948373e-01  2.33648531e-01
157  -4.73907084e-01  2.29993228e-01
158  -4.95845831e-01  2.26219618e-01
159  -5.17764516e-01  2.22331404e-01
160  -5.39670573e-01  2.18372639e-01
161  -5.61564227e-01  2.14345706e-01
162  -5.83437533e-01  2.10209680e-01
163  -6.05279509e-01  2.05912262e-01
164  -6.27105934e-01  2.01535523e-01
165  -6.48926781e-01  1.97131037e-01
166  -6.70712487e-01  1.92555927e-01
167  -6.92495692e-01  1.87968902e-01
168  -7.14266844e-01  1.83325374e-01
169  -7.36017447e-01  1.78586164e-01
170  -7.57767109e-01  1.73842634e-01
171  -7.79491348e-01  1.68984265e-01
172  -8.01210246e-01  1.64101836e-01
173  -8.22930716e-01  1.59226449e-01
174  -8.44637531e-01  1.54290558e-01
175  -8.66323405e-01  1.49263494e-01
176  -8.88017061e-01  1.44270136e-01
177  -9.09702972e-01  1.39243409e-01
178  -9.31373814e-01  1.34151907e-01
179  -9.53038957e-01  1.29036246e-01
180  -9.74688474e-01  1.23854828e-01
181  -9.96340876e-01  1.18685464e-01
182  -1.01798707e+00  1.13490180e-01
183  -1.03961993e+00  1.08239716e-01
184  -1.06123970e+00  1.02935596e-01
185  -1.08284785e+00  9.75843124e-02
186  -1.10445905e+00  9.22454289e-02
187  -1.12607237e+00  8.69151393e-02
188  -1.14767301e+00  8.15335651e-02
189  -1.16927333e+00  7.61507374e-02
190  -1.19087139e+00  7.07588538e-02
191  -1.22100000e+00  6.32072205e-02
192  -1.24261854e+00  5.77711029e-02
193  -1.26422924e+00  5.23038756e-02
194  -1.28582606e+00  4.67821161e-02
195  -1.30742096e+00  4.12528264e-02
196  -1.32899298e+00  3.56350528e-02
197  -1.35055930e+00  2.99953043e-02
198  -1.37212098e+00  2.43379022e-02
199  -1.39363806e+00  1.85132793e-02
200  -1.41510375e+00  1.25028418e-02
201  -3.11614102e-01  2.31403860e-01
202  -3.11627179e-01  2.09226065e-01
203  -3.11640257e-01  1.87048271e-01
204  -3.11653335e-01  1.64870477e-01
205  -3.11666413e-01  1.42692682e-01
206  -3.11679490e-01  1.20514888e-01
207  -3.11692568e-01  9.83370934e-02
208  -3.11705646e-01  7.61592990e-02
209  -3.11718724e-01  5.39815046e-02
210  -3.11731801e-01  3.18037101e-02
211  -3.11744879e-01  9.62591573e-03
212  -3.11757957e-01  -1.25518787e-02
213  -3.11771034e-01  -3.47296731e-02
214  -3.11784112e-01  -5.69074675e-02
215  -3.11797190e-01  -7.90852619e-02
216  -3.11810268e-01  -1.01263056e-01
217  -3.11823345e-01  -1.23440851e-01
218  -3.11836423e-01  -1.45618645e-01
219  -3.11849501e-01  -1.67796440e-01
220  1.89192070e-01  2.22458332e-01
221  1.89179113e-01  2.00339138e-01
222  1.89166156e-01  1.78219943e-01
223  1.89153199e-01  1.56100749e-01
224  1.89140242e-01  1.33981555e-01
225  1.89127285e-01  1.11862361e-01
226  1.89114328e-01  8.97431664e-02
227  1.89101371e-01  6.76239722e-02
228  1.89088414e-01  4.55047780e-02
229  1.89075457e-01  2.33855837e-02
230  1.89062500e-01  1.26638952e-03
231  1.89049543e-01  -2.08528047e-02
232  1.89036586e-01  -4.29719989e-02
233  1.89023629e-01  -6.50911932e-02
234  1.89010672e-01  -8.72103874e-02
235  1.88997715e-01  -1.09329582e-01
236  1.88984758e-01  -1.31448776e-01
237  1.88971801e-01  -1.53567970e-01
238  1.88958844e-01  -1.75687164e-01
239  1.88945888e-01  -1.97806359e-01
2479  -1.43483940e+00  -5.45827773e-03
2480  -1.41520013e+00  -2.10809863e-03
2481  -1.39377328e+00  1.29618865e-03
2482  -1.37230606e+00  4.44315528e-03
2483  -1.35079450e+00  7.26380156e-03
2484  -1.32925960e+00  9.91612082e-03
2485  -1.30766767e+00  1.20721498e-02
2486  -1.28604400e+00  1.38859809e-02
2487  -1.26438283e+00  1.51888286e-02
2488  -1.24269966e+00  1.60470345e-02
2489  -1.22100207e+00  1.64414281e-02
2490  -1.19005119e+00  1.61356417e-02
2491  -1.16764866e+00  1.54279839e-02
2492  -1.14526790e+00  1.42100046e-02
2493  -1.12290545e+00  1.26750390e-02
2494  -1.10059547e+00  1.05239265e-02
2495  -1.07831482e+00  8.08502493e-03
2496  -1.05609436e+00  5.14648000e-03
2497  -1.03393067e+00  1.81242565e-03
2498  -1.01182393e+00  -1.87757177e-03
2499  -9.89787314e-01  -5.96587482e-03
2500  -9.67820528e-01  -1.04105668e-02
2501  -9.45916122e-01  -1.51508154e-02
2502  -9.24078419e-01  -2.01878519e-02
2503  -9.02298744e-01  -2.54715065e-02
2504  -8.80602154e-01  -3.10821269e-02
2505  -8.58950513e-01  -3.68571399e-02
2506  -8.37341516e-01  -4.27897148e-02
2507  -8.15784105e-01  -4.89080711e-02
2508  -7.94273900e-01  -5.51875313e-02
2509  -7.72796161e-01  -6.15733080e-02
2510  -7.51339091e-01  -6.80264369e-02
2511  -7.29901470e-01  -7.45442707e-02
2512  -7.08487891e-01  -8.11396218e-02
2513  -6.87085975e-01  -8.77698343e-02
2514  -6.65685889e-01  -9.44041352e-02
2515  -6.44282980e-01  -1.01027474e-01
2516  -6.22867558e-01  -1.07608914e-01
2517  -6.01438706e-01  -1.14145144e-01
2518  -5.79987662e-01  -1.20605900e-01
2519  -5.58509046e-01  -1.26974267e-01
2520  -5.37005421e-01  -1.33256109e-01
2521  -5.15464377e-01  -1.39406494e-01
2522  -4.93889499e-01  -1.45436497e-01
2523  -4.72273840e-01  -1.51318588e-01
2524  -4.50622725e-01  -1.57068019e-01
2525  -4.28929750e-01  -1.62655718e-01
2526  -4.07197908e-01  -1.68092796e-01
2527  -3.85435981e-01  -1.73401448e-01
2528  -3.63605562e-01  -1.78414194e-01
2529  -3.33196061e-01  -1.85053395e-01
2530  -3.10362456e-01  -1.89766339e-01
2531  -2.90287273e-01  -1.93695844e-01
2532  -2.68762818e-01  -1.97656190e-01
2533  -2.47200497e-01  -2.01403104e-01
2534  -2.25601404e-01  -2.04923070e-01
2535  -2.03947828e-01  -2.08094947e-01
2536  -1.82262487e-01  -2.11049792e-01
2537  -1.60546637e-01  -2.13760598e-01
2538  -1.38798690e-01  -2.16208688e-01
2539  -1.17024785e-01  -2.18414199e-01
2540  -9.52256643e-02  -2.20351287e-01
2541  -7.34068879e-02  -2.22051873e-01
2542  -5.15708039e-02  -2.23500993e-01
2543  -2.97145376e-02  -2.24601280e-01
2544  -7.84520324e-03  -2.25419310e-01
2545  1.40321249e-02  -2.25979510e-01
2546  3.59143693e-02  -2.26267490e-01
2547  5.77978647e-02  -2.26247593e-01
2548  7.96779142e-02  -2.25863540e-01
2549  1.01550975e-01  -2.25177005e-01
2550  1.23413232e-01  -2.24203609e-01
2551  1.45259876e-01  -2.22934388e-01
2552  1.67085125e-01  -2.21336453e-01
2553  1.90433311e-01  -2.19277364e-01
2554  2.10642917e-01  -2.17102760e-01
2555  2.34732843e-01  -2.14139953e-01
2556  2.55932042e-01  -2.11173915e-01
2557  2.77080981e-01  -2.07868817e-01
2558  2.98177262e-01  -2.04241431e-01
2559  3.19209667e-01  -2.00266818e-01
2560  3.40166725e-01  -1.95908498e-01
2561  3.61052588e-01  -1.91222925e-01
2562  3.81845496e-01  -1.86143896e-01
2563  4.02533789e-01  -1.80658596e-01
2564  4.23096713e-01  -1.74718990e-01
2565  4.43540298e-01  -1.68382932e-01
2566  4.63836693e-01  -1.61590678e-01
2567  4.83982009e-01  -1.54364223e-01
2568  5.06812568e-01  -1.45592026e-01
2569  5.26375685e-01  -1.37282535e-01
2570  5.45719358e-01  -1.28480347e-01
2571  5.64714967e-01  -1.18957923e-01
2572  5.83291554e-01  -1.08651282e-01
2573  6.01296455e-01  -9.73901579e-02
2574  6.18522378e-01  -8.49785626e-02
2575  6.34824304e-01  -7.13903954e-02
2576  6.49890234e-01  -5.64644943e-02
2577  6.62882064e-01  -3.97734228e-02
2578  6.72013149e-01  -2.07705694e-02
2579  6.75493715e-01  4.19608242e-06
2580  6.72340546e-01  2.09589736e-02
2581  6.62751013e-01  3.98444191e-02
2582  6.49359418e-01  5.63987928e-02
2583  6.33975353e-01  7.11825583e-02
2584  6.17358084e-01  8.45981796e-02
2585  6.00025328e-01  9.70997856e-02
2586  5.82194028e-01  1.08885184e-01
2587  5.63826697e-01  1.19817819e-01
2588  5.45084213e-01  1.30103981e-01
2589  5.26044564e-01  1.39837779e-01
2590  5.06789857e-01  1.49137986e-01
2591  4.84053491e-01  1.59224950e-01
2592  4.63964949e-01  1.67564178e-01
2593  4.43702415e-01  1.75477655e-01
2594  4.23303558e-01  1.83035142e-01
2595  4.02772338e-01  1.90223520e-01
2596  3.82102588e-01  1.97004495e-01
2597  3.61325011e-01  2.03453164e-01
2598  3.40457370e-01  2.09602618e-01
2599  3.19486551e-01  2.15387463e-01
2600  2.98424882e-01  2.20833809e-01
2601  2.77274515e-01  2.25926461e-01
2602  2.56057726e-01  2.30745988e-01
2603  2.34794325e-01  2.35345952e-01
2604  2.10606215e-01  2.40113329e-01
2605  1.90704576e-01  2.43807164e-01
2606  1.67561376e-01  2.47655480e-01
2607  1.45954651e-01  2.50924477e-01
2608  1.24311369e-01  2.53944842e-01
2609  1.02634263e-01  2.56707306e-01
2610  8.09238766e-02  2.59190329e-01
2611  5.91811594e-02  2.61365786e-01
2612  3.74036070e-02  2.63159238e-01
2613  1.56022810e-02  2.64647594e-01
2614  -6.21611132e-03  2.65872958e-01
2615  -2.80456247e-02  2.66842246e-01
2616  -4.98895203e-02  2.67399798e-01
2617  -7.17401333e-02  2.67653603e-01
2618  -9.35915582e-02  2.67613168e-01
2619  -1.15441553e-01  2.67286333e-01
2620  -1.37285433e-01  2.66674876e-01
2621  -1.59118784e-01  2.65756612e-01
2622  -1.80941348e-01  2.64599501e-01
2623  -2.02751492e-01  2.63218732e-01
2624  -2.24545223e-01  2.61597799e-01
2625  -2.46321776e-01  2.59756794e-01
2626  -2.68081544e-01  2.57727002e-01
2627  -2.89822210e-01  2.55496311e-01
2628  -3.10101218e-01  2.53252685e-01
2629  -3.33237274e-01  2.50447944e-01
2630  -3.63835907e-01  2.46428839e-01
2631  -3.85879939e-01  2.43361972e-01
2632  -4.07893293e-01  2.40076460e-01
2633  -4.29890780e-01  2.36679845e-01
2634  -4.51867732e-01  2.33155077e-01
2635  -4.73823654e-01  2.29500238e-01
2636  -4.95759785e-01  2.25727078e-01
2637  -5.17676391e-01  2.21839231e-01
2638  -5.39580890e-01  2.17880748e-01
2639  -5.61472553e-01  2.13854182e-01
2640  -5.83342821e-01  2.09718732e-01
2641  -6.05182094e-01  2.05421844e-01
2642  -6.27007317e-01  2.01045345e-01
2643  -6.48825935e-01  1.96641312e-01
2644  -6.70609592e-01  1.92066629e-01
2645  -6.92392029e-01  1.87479766e-01
2646  -7.14161471e-01  1.82836604e-01
2647  -7.35910952e-01  1.78097637e-01
2648  -7.57659275e-01  1.73354401e-01
2649  -7.79381954e-01  1.68496379e-01
2650  -8.01100661e-01  1.63613993e-01
2651  -8.22820531e-01  1.58738741e-01
2652  -8.44525642e-01  1.53803238e-01
2653  -8.66210871e-01  1.48776322e-01
2654  -8.87904531e-01  1.43782964e-01
2655  -9.09589340e-01  1.38756493e-01
2656  -9.31259183e-01  1.33665225e-01
2657  -9.52923316e-01  1.28549803e-01
2658  -9.74572230e-01  1.23368528e-01
2659  -9.96224476e-01  1.18199202e-01
2660  -1.01786976e+00  1.13004137e-01
2661  -1.03950140e+00  1.07753969e-01
2662  -1.06112003e+00  1.02450127e-01
2663  -1.08272779e+00  9.70989397e-02
2664  -1.10433923e+00  9.17599979e-02
2665  -1.12595207e+00  8.64298269e-02
2666  -1.14755212e+00  8.10483993e-02
2667  -1.16915233e+00  7.56656005e-02
2668  -1.19075006e+00  7.02737993e-02
2669  -1.22087825e+00  6.27222695e-02
2670  -1.24249626e+00  5.72862861e-02
2671  -1.26410600e+00  5.18193021e-02
2672  -1.28570212e+00  4.62977201e-02
2673  -1.30729595e+00  4.07687073e-02
2674  -1.32886673e+00  3.51512552e-02
2675  -1.35043260e+00  2.95116229e-02
2676  -1.37199221e+00  2.38547690e-02
2677  -1.39350533e+00  1.80312191e-02
2678  -1.41486566e+00  1.20631703e-02
2679  -3.10114102e-01  2.31402976e-01
2680  -3.10127179e-01  2.09225181e-01
2681  -3.10140257e-01  1.87047386e-01
2682  -3.10153335e-01  1.64869592e-01
2683  -3.10166413e-01  1.42691798e-01
2684  -3.10179490e-01  1.20514004e-01
2685  -3.10192568e-01  9.83362089e-02
2686  -3.10205646e-01  7.61584145e-02
2687  -3.10218724e-01  5.39806201e-02
2688  -3.10231801e-01  3.18028256e-02
2689  -3.10244879e-01  9.62503120e-03
2690  -3.10257957e-01  -1.25527632e-02
2691  -3.10271034e-01  -3.47305576e-02
2692  -3.10284112e-01  -5.69083520e-02
2693  -3.10297190e-01  -7.90861464e-02
2694  -3.10310268e-01  -1.01263940e-01
2695  -3.10323345e-01  -1.23441735e-01
2696  -3.10336423e-01  -1.45619530e-01
2697  -3.10349501e-01  -1.67797325e-01
2698  1.90692070e-01  2.22457453e-01
2699  1.90679113e-01  2.00338259e-01
2700  1.90666156e-01  1.78219064e-01
2701  1.90653199e-01  1.56099870e-01
2702  1.90640242e-01  1.33980676e-01
2703  1.90627285e-01  1.11861482e-01
2704  1.90614328e-01  8.97422877e-02
2705  1.90601371e-01  6.76230935e-02
2706  1.90588414e-01  4.55038993e-02
2707  1.90575457e-01  2.33847050e-02
2708  1.90562500e-01  1.26551085e-03
2709  1.90549543e-01  -2.08536834e-02
2710  1.90536586e-01  -4.29728776e-02
2711  1.90523629e-01  -6.50920719e-02
2712  1.90510672e-01  -8.72112661e-02
2713  1.90497715e-01  -1.09330461e-01
2714  1.90484758e-01  -1.31449655e-01
2715  1.90471801e-01  -1.53568849e-01
2716  1.90458844e-01  -1.75688043e-01
2717  1.90445888e-01  -1.97807238e-01
4957  -1.42653643e+00  -1.50579139e-03
4958  -1.41560647e+00  3.58657545e-04
4959  -1.39415073e+00  3.76753051e-03
4960  -1.37264988e+00  6.91939910e-03
4961  -1.35110982e+00  9.74383707e-03
4962  -1.32953662e+00  1.24007256e-02
4963  -1.30789636e+00  1.45616679e-02
4964  -1.28622355e+00  1.63795252e-02
4965  -1.26450732e+00  1.76857272e-02
4966  -1.24277182e+00  1.85459929e-02
4967  -1.22101244e+00  1.89414066e-02
4968  -1.18999937e+00  1.86351046e-02
4969  -1.16754126e+00  1.79256759e-02
4970  -1.14511438e+00  1.67052860e-02
4971  -1.12269987e+00  1.51665715e-02
4972  -1.10033948e+00  1.30107858e-02
4973  -1.07801490e+00  1.05669701e-02
4974  -1.05574452e+00  7.62188167e-03
4975  -1.03353891e+00  4.28154034e-03
4976  -1.01139010e+00  5.84498763e-04
4977  -9.89311387e-01  -3.51159415e-03
4978  -9.67308230e-01  -7.96361941e-03
4979  -9.45370776e-01  -1.27110208e-02
4980  -9.23502767e-01  -1.77550293e-02
4981  -9.01691081e-01  -2.30464817e-02
4982  -8.79967057e-01  -2.86641418e-02
4983  -8.58297434e-01  -3.44439497e-02
4984  -8.36669286e-01  -4.03817889e-02
4985  -8.15092518e-01  -4.65056333e-02
4986  -7.93567368e-01  -5.27894460e-02
4987  -7.72079918e-01  -5.91781055e-02
4988  -7.50615474e-01  -6.56334516e-02
4989  -7.29169915e-01  -7.21537001e-02
4990  -7.07750048e-01  -7.87509844e-02
4991  -6.86345938e-01  -8.53818762e-02
4992  -6.64946216e-01  -9.20160639e-02
4993  -6.43546241e-01  -9.86384964e-02
4994  -6.22135666e-01  -1.05218446e-01
4995  -6.00713530e-01  -1.11752631e-01
4996  -5.79271840e-01  -1.18210571e-01
4997  -5.57803200e-01  -1.24575979e-01
4998  -5.36311721e-01  -1.30854281e-01
4999  -5.14784720e-01  -1.37000654e-01
5000  -4.93224808e-01  -1.43026480e-01
5001  -4.71624802e-01  -1.48904307e-01
5002  -4.49990104e-01  -1.54649385e-01
5003  -4.28314562e-01  -1.60232591e-01
5004  -4.06598280e-01  -1.65665772e-01
5005  -3.84859980e-01  -1.70968708e-01
5006  -3.63059179e-01  -1.75974632e-01
5007  -3.32676363e-01  -1.82608008e-01
5008  -3.01654985e-01  -1.88969944e-01
5009  -2.89820515e-01  -1.91239803e-01
5010  -2.68322611e-01  -1.95195252e-01
5011  -2.46785427e-01  -1.98937802e-01
5012  -2.25219164e-01  -2.02452464e-01
5013  -2.03597887e-01  -2.05619559e-01
5014  -1.81938879e-01  -2.08570824e-01
5015  -1.60251969e-01  -2.11278025e-01
5016  -1.38532891e-01  -2.13722858e-01
5017  -1.16788171e-01  -2.15925422e-01
5018  -9.50178890e-02  -2.17859936e-01
5019  -7.32269809e-02  -2.19558355e-01
5020  -5.14251791e-02  -2.21005238e-01
5021  -2.96049630e-02  -2.22103683e-01
5022  -7.76648032e-03  -2.22920550e-01
5023  1.40805723e-02  -2.23479979e-01
5024  3.59296819e-02  -2.23767537e-01
5025  5.77747900e-02  -2.23747700e-01
5026  7.96167609e-02  -2.23364288e-01
5027  1.01456158e-01  -2.22678803e-01
5028  1.23285130e-01  -2.21706893e-01
5029  1.45096099e-01  -2.20439758e-01
5030  1.66884823e-01  -2.18844490e-01
5031  1.99142280e-01  -2.15919094e-01
5032  2.10357500e-01  -2.14619106e-01
5033  2.34407040e-01  -2.11661273e-01
5034  2.55565823e-01  -2.08700884e-01
5035  2.76676144e-01  -2.05401814e-01
5036  2.97733313e-01  -2.01781165e-01
5037  3.18723025e-01  -1.97814640e-01
5038  3.39638572e-01  -1.93464924e-01
5039  3.60482322e-01  -1.88788834e-01
5040  3.81228496e-01  -1.83721230e-01
5041  4.01866511e-01  -1.78249294e-01
5042  4.22379751e-01  -1.72324003e-01
5043  4.42773511e-01  -1.66003429e-01
5044  4.63017891e-01  -1.59228568e-01
5045  4.83111557e-01  -1.52020655e-01
5046  5.05875408e-01  -1.43274326e-01
5047  5.25369196e-01  -1.34994090e-01
5048  5.44641266e-01  -1.26224750e-01
5049  5.63548094e-01  -1.16746949e-01
5050  5.82021832e-01  -1.06497725e-01
5051  5.99902135e-01  -9.53150986e-02
5052  6.16990348e-01  -8.30029910e-02
5053  6.33142632e-01  -6.95405356e-02
5054  6.48020118e-01  -5.48053775e-02
5055  6.60756762e-01  -3.84569547e-02
5056  6.69630063e-01  -2.00149887e-02
5057  6.72962292e-01  2.51764945e-05
5058  6.69959458e-01  2.01971222e-02
5059  6.60652872e-01  3.84850793e-02
5060  6.47517770e-01  5.47081328e-02
5061  6.32322447e-01  6.93069510e-02
5062  6.15841071e-01  8.26110537e-02
5063  5.98604566e-01  9.50427402e-02
5064  5.80865081e-01  1.06767661e-01
5065  5.62585759e-01  1.17647548e-01
5066  5.43913682e-01  1.27894941e-01
5067  5.24931827e-01  1.37599071e-01
5068  5.05739140e-01  1.46869508e-01
5069  4.83067253e-01  1.56927705e-01
5070  4.63030911e-01  1.65245219e-01
5071  4.42813384e-01  1.73141071e-01
5072  4.22456199e-01  1.80683125e-01
5073  4.01969589e-01  1.87855907e-01
5074  3.81342394e-01  1.94622877e-01
5075  3.60601132e-01  2.01060258e-01
5076  3.39771606e-01  2.07198511e-01
5077  3.18841186e-01  2.12972198e-01
5078  2.97819300e-01  2.18408263e-01
5079  2.76704995e-01  2.23492196e-01
5080  2.55516526e-01  2.28305271e-01
5081  2.34288283e-01  2.32897704e-01
5082  2.10137288e-01  2.37657702e-01
5083  1.99409197e-01  2.39743890e-01
5084  1.67170125e-01  2.45186285e-01
5085  1.45594888e-01  2.48450499e-01
5086  1.23980579e-01  2.51466823e-01
5087  1.02334202e-01  2.54225378e-01
5088  8.06573867e-02  2.56704573e-01
5089  5.89541097e-02  2.58876118e-01
5090  3.72158694e-02  2.60666297e-01
5091  1.54470478e-02  2.62152418e-01
5092  -6.34165344e-03  2.63376112e-01
5093  -2.81329722e-02  2.64343773e-01
5094  -4.99359355e-02  2.64900229e-01
5095  -7.17523389e-02  2.65153633e-01
5096  -9.35705492e-02  2.65113256e-01
5097  -1.15387880e-01  2.64786909e-01
5098  -1.37197929e-01  2.64176408e-01
5099  -1.59000070e-01  2.63259432e-01
5100  -1.80796182e-01  2.62103719e-01
5101  -2.02579798e-01  2.60724634e-01
5102  -2.24347206e-01  2.59105653e-01
5103  -2.46100375e-01  2.57266617e-01
5104  -2.67837857e-01  2.55238907e-01
5105  -2.89556703e-01  2.53010449e-01
5106  -3.01395103e-01  2.51748201e-01
5107  -3.32923647e-01  2.47967695e-01
5108  -3.63500869e-01  2.43951391e-01
5109  -3.85523168e-01  2.40887560e-01
5110  -4.07518021e-01  2.37604786e-01
5111  -4.29502076e-01  2.34210248e-01
5112  -4.51464525e-01  2.30687806e-01
5113  -4.73406502e-01  2.27035287e-01
5114  -4.95329555e-01  2.23264375e-01
5115  -5.17235764e-01  2.19378368e-01
5116  -5.39132474e-01  2.15421292e-01
5117  -5.61014183e-01  2.11396562e-01
5118  -5.82869259e-01  2.07263994e-01
5119  -6.04695018e-01  2.02969751e-01
5120  -6.26514232e-01  1.98594454e-01
5121  -6.48321707e-01  1.94192690e-01
5122  -6.70095118e-01  1.89620138e-01
5123  -6.91873711e-01  1.85034087e-01
5124  -7.13634608e-01  1.80392751e-01
5125  -7.35378475e-01  1.75655001e-01
5126  -7.57120105e-01  1.70913234e-01
5127  -7.78834986e-01  1.66056947e-01
5128  -8.00552738e-01  1.61174775e-01
5129  -8.22269605e-01  1.56300200e-01
5130  -8.43966199e-01  1.51366637e-01
5131  -8.65648202e-01  1.46340465e-01
5132  -8.87341880e-01  1.41347101e-01
5133  -9.09021178e-01  1.36321910e-01
5134  -9.30686028e-01  1.31231813e-01
5135  -9.52345112e-01  1.26117586e-01
5136  -9.73991011e-01  1.20937030e-01
5137  -9.95642478e-01  1.15767890e-01
5138  -1.01728321e+00  1.10573919e-01
5139  -1.03890873e+00  1.05325235e-01
5140  -1.06052171e+00  1.00022781e-01
5141  -1.08212752e+00  9.46720759e-02
5142  -1.10374013e+00  8.93328429e-02
5143  -1.12535058e+00  8.40032649e-02
5144  -1.14694768e+00  7.86225703e-02
5145  -1.16854730e+00  7.32399158e-02
5146  -1.19014338e+00  6.78485267e-02
5147  -1.22026951e+00  6.02975142e-02
5148  -1.24188485e+00  5.48622023e-02
5149  -1.26348979e+00  4.93964347e-02
5150  -1.28508243e+00  4.38757404e-02
5151  -1.30667087e+00  3.83481119e-02
5152  -1.32823546e+00  3.27322674e-02
5153  -1.34979911e+00  2.70932160e-02
5154  -1.37134835e+00  2.14391028e-02
5155  -1.39284166e+00  1.56209179e-02
5156  -1.41367518e+00  9.86481302e-03
5157  -3.01407104e-01  2.31397841e-01
5158  -3.01420181e-01  2.09220046e-01
5159  -3.01433259e-01  1.87042252e-01
5160  -3.01446337e-01  1.64864458e-01
5161  -3.01459415e-01  1.42686663e-01
5162  -3.01472492e-01  1.20508869e-01
5163  -3.01485570e-01  9.83310744e-02
5164  -3.01498648e-01  7.61532800e-02
5165  -3.01511726e-01  5.39754859e-02
5166  -3.01524803e-01  3.17976914e-02
5167  -3.01537881e-01  9.61989678e-03
5168  -3.01550959e-01  -1.25578974e-02
5169  -3.01564036e-01  -3.47356918e-02
5170  -3.01577114e-01  -5.69134865e-02
5171  -3.01590192e-01  -7.90912809e-02
5172  -3.01603270e-01  -1.01269075e-01
5173  -3.01616347e-01  -1.23446870e-01
5174  -3.01629425e-01  -1.45624664e-01
5175  -3.01642503e-01  -1.67802459e-01
5176  1.99399068e-01  2.22452353e-01
5177  1.99386111e-01  2.00333159e-01
5178  1.99373154e-01  1.78213964e-01
5179  1.99360197e-01  1.56094770e-01
5180  1.99347240e-01  1.33975576e-01
5181  1.99334283e-01  1.11856382e-01
5182  1.99321326e-01  8.97371873e-02
5183  1.99308369e-01  6.76179931e-02
5184  1.99295412e-01  4.54987989e-02
5185  1.99282455e-01  2.33796046e-02
5186  1.99269498e-01  1.26041046e-03
5187  1.99256541e-01  -2.08587838e-02
5188  1.99243584e-01  -4.29779780e-02
5189  1.99230627e-01  -6.50971723e-02
5190  1.99217670e-01  -8.72163665e-02
5191  1.99204713e-01  -1.09335561e-01
5192  1.99191756e-01  -1.31454755e-01
5193  1.99178799e-01  -1.53573949e-01
5194  1.99165842e-01  -1.75693143e-01
5195  1.99152886e-01  -1.97812338e-01
7435  -1.41989404e+00  1.65619768e-03
7436  -1.41593154e+00  2.33206249e-03
7437  -1.39445269e+00  5.74460400e-03
7438  -1.37292494e+00  8.90039416e-03
7439  -1.35136207e+00  1.17278655e-02
7440  -1.32975824e+00  1.43884094e-02
7441  -1.30807931e+00  1.65532823e-02
7442  -1.28636718e+00  1.83743606e-02
7443  -1.26460691e+00  1.96832460e-02
7444  -1.24282955e+00  2.05451596e-02
7445  -1.22102074e+00  2.09413894e-02
7446  -1.18961340e+00  3.72521042e-02
7447  -1.16674131e+00  3.65294852e-02
7448  -1.14397084e+00  3.52911400e-02
7449  -1.12116858e+00  3.37245022e-02
7450  -1.09843277e+00  3.15339085e-02
7451  -1.07578103e+00  2.90534903e-02
7452  -1.05313879e+00  2.60596634e-02
7453  -1.03062096e+00  2.26724942e-02
7454  -1.00815876e+00  1.89229849e-02
7455  -9.85766493e-01  1.47688701e-02
7456  -9.63492436e-01  1.02622237e-02
7457  -9.41308821e-01  5.46154550e-03
7458  -9.19215086e-01  3.65606219e-04
7459  -8.97164964e-01  -4.98392641e-03
7460  -8.75236599e-01  -1.06540220e-02
7461  -8.53433036e-01  -1.64695434e-02
7462  -8.31662250e-01  -2.24465937e-02
7463  -8.09941302e-01  -2.86113153e-02
7464  -7.88304840e-01  -3.49275471e-02
7465  -7.66745049e-01  -4.13376791e-02
7466  -7.45225686e-01  -4.78095400e-02
7467  -7.23721003e-01  -5.43477741e-02
7468  -7.02254304e-01  -6.09594572e-02
7469  -6.80833839e-01  -6.75954090e-02
7470  -6.59436841e-01  -7.42287530e-02
7471  -6.38058717e-01  -8.08444324e-02
7472  -6.16684245e-01  -8.74132880e-02
7473  -5.95312131e-01  -9.39322345e-02
7474  -5.73940117e-01  -1.00369205e-01
7475  -5.52545779e-01  -1.06712576e-01
7476  -5.31144769e-01  -1.12964500e-01
7477  -5.09722359e-01  -1.19080996e-01
7478  -4.88273924e-01  -1.25075703e-01
7479  -4.66790512e-01  -1.30921780e-01
7480  -4.45278093e-01  -1.36634430e-01
7481  -4.23732393e-01  -1.42184174e-01
7482  -4.02132005e-01  -1.47588327e-01
7483  -3.80569693e-01  -1.52848689e-01
7484  -3.58989501e-01  -1.57803794e-01
7485  -3.24776966e-01  -1.45438134e-01
7486  -2.92926162e-01  -1.51964930e-01
7487  -2.82725805e-01  -1.53907979e-01
7488  -2.61631466e-01  -1.57788988e-01
7489  -2.40476361e-01  -1.61465203e-01
7490  -2.19409110e-01  -1.64899258e-01
7491  -1.98278792e-01  -1.67993674e-01
7492  -1.77020050e-01  -1.70890523e-01
7493  -1.55773028e-01  -1.73542907e-01
7494  -1.34492748e-01  -1.75938242e-01
7495  -1.13191633e-01  -1.78096003e-01
7496  -9.18597036e-02  -1.79991402e-01
7497  -7.04923939e-02  -1.81656877e-01
7498  -4.92116831e-02  -1.83069761e-01
7499  -2.79394299e-02  -1.84140201e-01
7500  -6.56989202e-03  -1.84939394e-01
7501  1.48169730e-02  -1.85487115e-01
7502  3.61624328e-02  -1.85768250e-01
7503  5.74240531e-02  -1.85749318e-01
7504  7.86872308e-02  -1.85375658e-01
7505  1.00014944e-01  -1.84706143e-01
7506  1.21337981e-01  -1.83756812e-01
7507  1.42606675e-01  -1.82521389e-01
7508  1.63840244e-01  -1.80966653e-01
7509  2.07872143e-01  -1.76891497e-01
7510  2.06019163e-01  -1.76867565e-01
7511  2.31980335e-01  -1.93199076e-01
7512  2.52838074e-01  -1.90280758e-01
7513  2.73660750e-01  -1.87026585e-01
7514  2.94426605e-01  -1.83456118e-01
7515  3.15098324e-01  -1.79549832e-01
7516  3.35704682e-01  -1.75264206e-01
7517  3.56234757e-01  -1.70658754e-01
7518  3.76632836e-01  -1.65676243e-01
7519  3.96896355e-01  -1.60303843e-01
7520  4.17039536e-01  -1.54485176e-01
7521  4.37062174e-01  -1.48279933e-01
7522  4.56919127e-01  -1.41634628e-01
7523  4.76628085e-01  -1.34564818e-01
7524  5.05125680e-01  -1.41420167e-01
7525  5.24564005e-01  -1.33163334e-01
7526  5.43778792e-01  -1.24420272e-01
7527  5.62614595e-01  -1.14978170e-01
7528  5.81006055e-01  -1.04774879e-01
7529  5.98786679e-01  -9.36550511e-02
7530  6.15764723e-01  -8.14225338e-02
7531  6.31797295e-01  -6.80606477e-02
7532  6.46524026e-01  -5.34780842e-02
7533  6.59056519e-01  -3.74037803e-02
7534  6.67723594e-01  -1.94105242e-02
7535  6.70937154e-01  4.19608242e-05
7536  6.68054587e-01  1.95876411e-02
7537  6.58974359e-01  3.73976074e-02
7538  6.46044451e-01  5.33556049e-02
7539  6.31000122e-01  6.78064652e-02
7540  6.14627460e-01  8.10213530e-02
7541  5.97467956e-01  9.33971038e-02
7542  5.79801924e-01  1.05073643e-01
7543  5.61593009e-01  1.15911332e-01
7544  5.42977257e-01  1.26127709e-01
7545  5.24041637e-01  1.35808104e-01
7546  5.04898567e-01  1.45054725e-01
7547  4.75721357e-01  1.39816906e-01
7548  4.56073817e-01  1.47972683e-01
7549  4.36191525e-01  1.55737261e-01
7550  4.16144725e-01  1.63164365e-01
7551  3.95990391e-01  1.70220975e-01
7552  3.75680163e-01  1.76883633e-01
7553  3.55209390e-01  1.83236937e-01
7554  3.34663764e-01  1.89291764e-01
7555  3.14034246e-01  1.94982341e-01
7556  2.93308684e-01  2.00341831e-01
7557  2.72462983e-01  2.05360815e-01
7558  2.51485454e-01  2.10125829e-01
7559  2.30519075e-01  2.14662169e-01
7560  2.06644537e-01  2.19367203e-01
7561  2.08092709e-01  1.99643497e-01
7562  1.61223109e-01  2.07654525e-01
7563  1.40126487e-01  2.10846023e-01
7564  1.18952574e-01  2.13800935e-01
7565  9.77732727e-02  2.16500083e-01
7566  7.66067402e-02  2.18921081e-01
7567  5.55029530e-02  2.21033159e-01
7568  3.43622588e-02  2.22773594e-01
7569  1.30875031e-02  2.24225745e-01
7570  -8.24989357e-03  2.25424055e-01
7571  -2.94606535e-02  2.26366974e-01
7572  -5.06414461e-02  2.26906779e-01
7573  -7.19378643e-02  2.27154086e-01
7574  -9.32512121e-02  2.27114598e-01
7575  -1.14572047e-01  2.26795668e-01
7576  -1.35867863e-01  2.26199693e-01
7577  -1.57195619e-01  2.25302299e-01
7578  -1.78589657e-01  2.24167835e-01
7579  -1.99970046e-01  2.22814356e-01
7580  -2.21337353e-01  2.21225041e-01
7581  -2.42735086e-01  2.19415925e-01
7582  -2.64133819e-01  2.17419863e-01
7583  -2.85521002e-01  2.15225358e-01
7584  -2.92710066e-01  2.14502066e-01
7585  -3.30587623e-01  2.29493804e-01
7586  -3.61005376e-01  2.25498365e-01
7587  -3.82865797e-01  2.22457149e-01
7588  -4.04722848e-01  2.19194772e-01
7589  -4.26606855e-01  2.15815701e-01
7590  -4.48461280e-01  2.12310588e-01
7591  -4.70299388e-01  2.08675344e-01
7592  -4.92125028e-01  2.04921185e-01
7593  -5.13953802e-01  2.01048874e-01
7594  -5.35792496e-01  1.97102280e-01
7595  -5.57600062e-01  1.93091223e-01
7596  -5.79341979e-01  1.88980123e-01
7597  -6.01067080e-01  1.84705587e-01
7598  -6.22841536e-01  1.80339237e-01
7599  -6.44566016e-01  1.75954367e-01
7600  -6.66263109e-01  1.71397697e-01
7601  -6.88013077e-01  1.66817689e-01
7602  -7.09710317e-01  1.62189960e-01
7603  -7.31412375e-01  1.57461274e-01
7604  -7.53104148e-01  1.52730447e-01
7605  -7.74760949e-01  1.47887086e-01
7606  -7.96471588e-01  1.43006510e-01
7607  -8.18166091e-01  1.38136973e-01
7608  -8.39799243e-01  1.33217860e-01
7609  -8.61457217e-01  1.28197221e-01
7610  -8.83151032e-01  1.23203826e-01
7611  -9.04789279e-01  1.18188166e-01
7612  -9.26416941e-01  1.13106788e-01
7613  -9.48038413e-01  1.08001460e-01
7614  -9.69661857e-01  1.02826258e-01
7615  -9.91307525e-01  9.76585047e-02
7616  -1.01291433e+00  9.24726886e-02
7617  -1.03449433e+00  8.72350520e-02
7618  -1.05606515e+00  8.19429395e-02
7619  -1.07765641e+00  7.65958240e-02
7620  -1.09927781e+00  7.12544219e-02
7621  -1.12087040e+00  6.59292604e-02
7622  -1.14244553e+00  6.05540255e-02
7623  -1.16404084e+00  5.51724461e-02
7624  -1.18562463e+00  4.97841263e-02
7625  -1.21978252e+00  5.83577101e-02
7626  -1.24139573e+00  5.29229352e-02
7627  -1.26299682e+00  4.74581407e-02
7628  -1.28458668e+00  4.19381566e-02
7629  -1.30617081e+00  3.64116356e-02
7630  -1.32773045e+00  3.07970772e-02
7631  -1.34929232e+00  2.51584905e-02
7632  -1.37083326e+00  1.95065699e-02
7633  -1.39231073e+00  1.36926769e-02
7634  -1.41272280e+00  8.10612716e-03
7635  -2.92700105e-01  2.31392707e-01
7636  -2.92713182e-01  2.09214912e-01
7637  -2.92726260e-01  1.87037118e-01
7638  -2.92739338e-01  1.64859324e-01
7639  -2.92752416e-01  1.42681529e-01
7640  -2.92765493e-01  1.20503735e-01
7641  -2.92778571e-01  9.83259400e-02
7642  -2.92791649e-01  7.61481456e-02
7643  -2.92804727e-01  5.39703517e-02
7644  -2.92817804e-01  3.17925572e-02
7645  -2.92830882e-01  9.61476236e-03
7646  -2.92843960e-01  -1.25630316e-02
7647  -2.92857037e-01  -3.47408260e-02
7648  -2.92870115e-01  -5.69186209e-02
7649  -2.92883193e-01  -7.90964153e-02
7650  -2.92896271e-01  -1.01274209e-01
7651  -2.92909348e-01  -1.23452004e-01
7652  -2.92922426e-01  -1.45629798e-01
7653  -2.92935504e-01  -1.67807593e-01
7654  2.08106067e-01  2.22447253e-01
7655  2.08093110e-01  2.00328059e-01
7656  2.08080153e-01  1.78208864e-01
7657  2.08067196e-01  1.56089670e-01
7658  2.08054239e-01  1.33970476e-01
7659  2.08041282e-01  1.11851282e-01
7660  2.08028325e-01  8.97320869e-02
7661  2.08015368e-01  6.76128927e-02
7662  2.08002411e-01  4.54936985e-02
7663  2.07989454e-01  2.33745042e-02
7664  2.07976497e-01  1.25531006e-03
7665  2.07963540e-01  -2.08638842e-02
7666  2.07950583e-01  -4.29830784e-02
7667  2.07937626e-01  -6.51022727e-02
7668  2.07924669e-01  -8.72214669e-02
7669  2.07911712e-01  -1.09340661e-01
7670  2.07898755e-01  -1.31459855e-01
7671  2.07885798e-01  -1.53579049e-01
7672  2.07872841e-01  -1.75698243e-01
7673  2.07859885e-01  -1.97817438e-01
9913  -1.41159106e+00  5.60868401e-03
9914  -1.41633789e+00  4.79881867e-03
9915  -1.39483014e+00  8.21594586e-03
9916  -1.37326877e+00  1.13766380e-02
9917  -1.35167739e+00  1.42079010e-02
9918  -1.33003525e+00  1.68730142e-02
9919  -1.30830800e+00  1.90428004e-02
9920  -1.28654673e+00  2.08679049e-02
9921  -1.26473140e+00  2.21801446e-02
9922  -1.24290170e+00  2.30441181e-02
9923  -1.22103111e+00  2.34413679e-02
9924  -1.18956159e+00  3.97515671e-02
9925  -1.16663391e+00  3.90271772e-02
9926  -1.14381732e+00  3.77864214e-02
9927  -1.12096299e+00  3.62160347e-02
9928  -1.09817678e+00  3.40207678e-02
9929  -1.07548111e+00  3.15354354e-02
9930  -1.05278895e+00  2.85350651e-02
9931  -1.03022920e+00  2.51416089e-02
9932  -1.00772493e+00  2.13850555e-02
9933  -9.85290567e-01  1.72231507e-02
9934  -9.62980139e-01  1.27091711e-02
9935  -9.40763475e-01  7.90134012e-03
9936  -9.18639435e-01  2.79842878e-03
9937  -8.96557301e-01  -2.55890154e-03
9938  -8.74601502e-01  -8.23603693e-03
9939  -8.52779957e-01  -1.40563532e-02
9940  -8.30990020e-01  -2.00386678e-02
9941  -8.09249715e-01  -2.62088774e-02
9942  -7.87598308e-01  -3.25294617e-02
9943  -7.66028805e-01  -3.89424766e-02
9944  -7.44502069e-01  -4.54165547e-02
9945  -7.22989449e-01  -5.19572035e-02
9946  -7.01516462e-01  -5.85708198e-02
9947  -6.80093802e-01  -6.52074509e-02
9948  -6.58697169e-01  -7.18406817e-02
9949  -6.37321978e-01  -7.84554544e-02
9950  -6.15952354e-01  -8.50228205e-02
9951  -5.94586956e-01  -9.15397211e-02
9952  -5.73224296e-01  -9.79738760e-02
9953  -5.51839933e-01  -1.04314289e-01
9954  -5.30451069e-01  -1.10562672e-01
9955  -5.09042701e-01  -1.16675156e-01
9956  -4.87609233e-01  -1.22665685e-01
9957  -4.66141475e-01  -1.28507500e-01
9958  -4.44645472e-01  -1.34215796e-01
9959  -4.23117205e-01  -1.39761047e-01
9960  -4.01532376e-01  -1.45161303e-01
9961  -3.79993692e-01  -1.50415950e-01
9962  -3.58443118e-01  -1.55364231e-01
9963  -3.24257269e-01  -1.42992748e-01
9964  -2.91424836e-01  -1.49717113e-01
9965  -2.82259047e-01  -1.51451938e-01
9966  -2.61191260e-01  -1.55328049e-01
9967  -2.40061291e-01  -1.58999900e-01
9968  -2.19026869e-01  -1.62428653e-01
9969  -1.97928851e-01  -1.65518287e-01
9970  -1.76696442e-01  -1.68411556e-01
9971  -1.55478361e-01  -1.71060334e-01
9972  -1.34226949e-01  -1.73452411e-01
9973  -1.12955018e-01  -1.75607226e-01
9974  -9.16519282e-02  -1.77500051e-01
9975  -7.03124869e-02  -1.79163359e-01
9976  -4.90660583e-02  -1.80574006e-01
9977  -2.78298554e-02  -1.81642603e-01
9978  -6.49116910e-03  -1.82440634e-01
9979  1.48654204e-02  -1.82987585e-01
9980  3.61777454e-02  -1.83268297e-01
9981  5.74009784e-02  -1.83249425e-01
9982  7.86260775e-02  -1.82876406e-01
9983  9.99201274e-02  -1.82207942e-01
9984  1.21209879e-01  -1.81260097e-01
9985  1.42442897e-01  -1.80026759e-01
9986  1.63639943e-01  -1.78474690e-01
9987  2.09373700e-01  -1.74233768e-01
9988  2.05733746e-01  -1.74383911e-01
9989  2.31654532e-01  -1.90720396e-01
9990  2.52471855e-01  -1.87807727e-01
9991  2.73255912e-01  -1.84559581e-01
9992  2.93982656e-01  -1.80995852e-01
9993  3.14611683e-01  -1.77097654e-01
9994  3.35176530e-01  -1.72820631e-01
9995  3.55664491e-01  -1.68224663e-01
9996  3.76015836e-01  -1.63253577e-01
9997  3.96229077e-01  -1.57894541e-01
9998  4.16322575e-01  -1.52090188e-01
9999  4.36295388e-01  -1.45900430e-01
10000  4.56100325e-01  -1.39272518e-01
10001  4.75757634e-01  -1.32221249e-01
10002  5.04188521e-01  -1.39102467e-01
10003  5.23557517e-01  -1.30874889e-01
10004  5.42700700e-01  -1.22164675e-01
10005  5.61447722e-01  -1.12767196e-01
10006  5.79736333e-01  -1.02621323e-01
10007  5.97392359e-01  -9.15799917e-02
10008  6.14232693e-01  -7.94469622e-02
10009  6.30115624e-01  -6.62107878e-02
10010  6.44653911e-01  -5.18189675e-02
10011  6.56931217e-01  -3.60873123e-02
10012  6.65340509e-01  -1.86549436e-02
10013  6.68405730e-01  6.29412364e-05
10014  6.65673498e-01  1.88257897e-02
10015  6.56876218e-01  3.60382675e-02
10016  6.44202803e-01  5.16649449e-02
10017  6.29347217e-01  6.59308580e-02
10018  6.13110446e-01  7.90342271e-02
10019  5.96047195e-01  9.13400584e-02
10020  5.78472977e-01  1.02956121e-01
10021  5.60352072e-01  1.13741061e-01
10022  5.41806727e-01  1.23918669e-01
10023  5.22928900e-01  1.33569395e-01
10024  5.03847850e-01  1.42786247e-01
10025  4.74735119e-01  1.37519661e-01
10026  4.55139779e-01  1.45653724e-01
10027  4.35302494e-01  1.53400677e-01
10028  4.15297366e-01  1.60812349e-01
10029  3.95187642e-01  1.67853361e-01
10030  3.74919969e-01  1.74502015e-01
10031  3.54485511e-01  1.80844031e-01
10032  3.33978000e-01  1.86887658e-01
10033  3.13388881e-01  1.92567076e-01
10034  2.92703103e-01  1.97916285e-01
10035  2.71893463e-01  2.02926550e-01
10036  2.50944255e-01  2.07685111e-01
10037  2.30013033e-01  2.12213921e-01
10038  2.06175610e-01  2.16911576e-01
10039  2.09591068e-01  1.96842875e-01
10040  1.60831858e-01  2.05185331e-01
10041  1.39766724e-01  2.08372044e-01
10042  1.18621784e-01  2.11322916e-01
10043  9.74732116e-02  2.14018155e-01
10044  7.63402503e-02  2.16435325e-01
10045  5.52759032e-02  2.18543491e-01
10046  3.41745212e-02  2.20280653e-01
10047  1.29322699e-02  2.21730569e-01
10048  -8.37543568e-03  2.22927209e-01
10049  -2.95480010e-02  2.23868500e-01
10050  -5.06878612e-02  2.24407210e-01
10051  -7.19500699e-02  2.24654115e-01
10052  -9.32302030e-02  2.24614686e-01
10053  -1.14518374e-01  2.24296244e-01
10054  -1.35780358e-01  2.23701225e-01
10055  -1.57076905e-01  2.22805119e-01
10056  -1.78444491e-01  2.21672054e-01
10057  -1.99798351e-01  2.20320259e-01
10058  -2.21139336e-01  2.18732896e-01
10059  -2.42513686e-01  2.16925748e-01
10060  -2.63890132e-01  2.14931768e-01
10061  -2.85255495e-01  2.12739497e-01
10062  -2.91211447e-01  2.12159483e-01
10063  -3.30273996e-01  2.27013554e-01
10064  -3.60670338e-01  2.23020917e-01
10065  -3.82509026e-01  2.19982738e-01
10066  -4.04347576e-01  2.16723098e-01
10067  -4.26218151e-01  2.13346104e-01
10068  -4.48058073e-01  2.09843317e-01
10069  -4.69882236e-01  2.06210393e-01
10070  -4.91694798e-01  2.02458482e-01
10071  -5.13513175e-01  1.98588010e-01
10072  -5.35344080e-01  1.94642824e-01
10073  -5.57141692e-01  1.90633603e-01
10074  -5.78868417e-01  1.86525385e-01
10075  -6.00580004e-01  1.82253494e-01
10076  -6.22348450e-01  1.77888346e-01
10077  -6.44061788e-01  1.73505744e-01
10078  -6.65748635e-01  1.68951207e-01
10079  -6.87494760e-01  1.64372010e-01
10080  -7.09183454e-01  1.59746108e-01
10081  -7.30879899e-01  1.55018639e-01
10082  -7.52564978e-01  1.50289280e-01
10083  -7.74213981e-01  1.45447654e-01
10084  -7.95923665e-01  1.40567293e-01
10085  -8.17615166e-01  1.35698432e-01
10086  -8.39239799e-01  1.30781259e-01
10087  -8.60894548e-01  1.25761363e-01
10088  -8.82588382e-01  1.20767964e-01
10089  -9.04221117e-01  1.15753583e-01
10090  -9.25843786e-01  1.10673376e-01
10091  -9.47460209e-01  1.05569243e-01
10092  -9.69080638e-01  1.00394759e-01
10093  -9.90725527e-01  9.52271926e-02
10094  -1.01232778e+00  9.00424713e-02
10095  -1.03390167e+00  8.48063179e-02
10096  -1.05546682e+00  7.95155938e-02
10097  -1.07705614e+00  7.41689603e-02
10098  -1.09867871e+00  6.88272669e-02
10099  -1.12026890e+00  6.35026984e-02
10100  -1.14184108e+00  5.81281964e-02
10101  -1.16343582e+00  5.27467615e-02
10102  -1.18501796e+00  4.73588538e-02
10103  -1.21917379e+00  5.59329549e-02
10104  -1.24078432e+00  5.04988513e-02
10105  -1.26238061e+00  4.50352733e-02
10106  -1.28396699e+00  3.95161768e-02
10107  -1.30554574e+00  3.39910401e-02
10108  -1.32709918e+00  2.83780894e-02
10109  -1.34865883e+00  2.27400836e-02
10110  -1.37018940e+00  1.70909038e-02
10111  -1.39164707e+00  1.12823758e-02
10112  -1.41153233e+00  5.90776984e-03
10113  -2.91200106e-01  2.31391823e-01
10114  -2.91213183e-01  2.09214028e-01
10115  -2.91226261e-01  1.87036233e-01
10116  -2.91239339e-01  1.64858439e-01
10117  -2.91252417e-01  1.42680645e-01
10118  -2.91265494e-01  1.20502851e-01
10119  -2.91278572e-01  9.83250555e-02
10120  -2.91291650e-01  7.61472611e-02
10121  -2.91304728e-01  5.39694672e-02
10122  -2.91317805e-01  3.17916727e-02
10123  -2.91330883e-01  9.61387782e-03
10124  -2.91343961e-01  -1.25639161e-02
10125  -2.91357038e-01  -3.47417105e-02
10126  -2.91370116e-01  -5.69195054e-02
10127  -2.91383194e-01  -7.90972998e-02
10128  -2.91396272e-01  -1.01275093e-01
10129  -2.91409349e-01  -1.23452888e-01
10130  -2.91422427e-01  -1.45630683e-01
10131  -2.91435505e-01  -1.67808478e-01
10132  2.09606066e-01  2.22446374e-01
10133  2.09593109e-01  2.00327180e-01
10134  2.09580152e-01  1.78207985e-01
10135  2.09567195e-01  1.56088791e-01
10136  2.09554238e-01  1.33969597e-01
10137  2.09541281e-01  1.11850403e-01
10138  2.09528324e-01  8.97312083e-02
10139  2.09515367e-01  6.76120141e-02
10140  2.09502410e-01  4.54928199e-02
10141  2.09489453e-01  2.33736256e-02
10142  2.09476496e-01  1.25443139e-03
10143  2.09463539e-01  -2.08647628e-02
10144  2.09450582e-01  -4.29839570e-02
10145  2.09437625e-01  -6.51031513e-02
10146  2.09424668e-01  -8.72223455e-02
10147  2.09411711e-01  -1.09341540e-01
10148  2.09398754e-01  -1.31460734e-01
10149  2.09385797e-01  -1.53579928e-01
10150  2.09372840e-01  -1.75699122e-01
10151  2.09359884e-01  -1.97818317e-01
