1  2440  2439  1  2  0  0  0  0
222  4878  4877  2439  2440  0  0  0  0
443  7316  7315  4877  4878  0  0  0  0
664  9754  9753  7315  7316  0  0  0  0
2  2441  2440  2  3  0  0  0  0
223  4879  4878  2440  2441  0  0  0  0
444  7317  7316  4878  4879  0  0  0  0
665  9755  9754  7316  7317  0  0  0  0
3  2442  2441  3  4  0  0  0  0
224  4880  4879  2441  2442  0  0  0  0
445  7318  7317  4879  4880  0  0  0  0
666  9756  9755  7317  7318  0  0  0  0
4  2443  2442  4  5  0  0  0  0
225  4881  4880  2442  2443  0  0  0  0
446  7319  7318  4880  4881  0  0  0  0
667  9757  9756  7318  7319  0  0  0  0
5  2444  2443  5  6  0  0  0  0
226  4882  4881  2443  2444  0  0  0  0
447  7320  7319  4881  4882  0  0  0  0
668  9758  9757  7319  7320  0  0  0  0
6  2445  2444  6  7  0  0  0  0
227  4883  4882  2444  2445  0  0  0  0
448  7321  7320  4882  4883  0  0  0  0
669  9759  9758  7320  7321  0  0  0  0
7  2446  2445  7  8  0  0  0  0
228  4884  4883  2445  2446  0  0  0  0
449  7322  7321  4883  4884  0  0  0  0
670  9760  9759  7321  7322  0  0  0  0
8  2447  2446  8  9  0  0  0  0
229  4885  4884  2446  2447  0  0  0  0
450  7323  7322  4884  4885  0  0  0  0
671  9761  9760  7322  7323  0  0  0  0
9  2448  2447  9  10  0  0  0  0
230  4886  4885  2447  2448  0  0  0  0
451  7324  7323  4885  4886  0  0  0  0
672  9762  9761  7323  7324  0  0  0  0
10  2449  2448  10  11  0  0  0  0
231  4887  4886  2448  2449  0  0  0  0
452  7325  7324  4886  4887  0  0  0  0
673  9763  9762  7324  7325  0  0  0  0
11  2450  2449  11  12  0  0  0  0
232  4888  4887  2449  2450  0  0  0  0
453  7326  7325  4887  4888  0  0  0  0
674  9764  9763  7325  7326  0  0  0  0
12  2451  2450  12  13  0  0  0  0
233  4889  4888  2450  2451  0  0  0  0
454  7327  7326  4888  4889  0  0  0  0
675  9765  9764  7326  7327  0  0  0  0
13  2452  2451  13  14  0  0  0  0
234  4890  4889  2451  2452  0  0  0  0
455  7328  7327  4889  4890  0  0  0  0
676  9766  9765  7327  7328  0  0  0  0
14  2453  2452  14  15  0  0  0  0
235  4891  4890  2452  2453  0  0  0  0
456  7329  7328  4890  4891  0  0  0  0
677  9767  9766  7328  7329  0  0  0  0
15  2454  2453  15  16  0  0  0  0
236  4892  4891  2453  2454  0  0  0  0
457  7330  7329  4891  4892  0  0  0  0
678  9768  9767  7329  7330  0  0  0  0
16  2455  2454  16  17  0  0  0  0
237  4893  4892  2454  2455  0  0  0  0
458  7331  7330  4892  4893  0  0  0  0
679  9769  9768  7330  7331  0  0  0  0
17  2456  2455  17  18  0  0  0  0
238  4894  4893  2455  2456  0  0  0  0
459  7332  7331  4893  4894  0  0  0  0
680  9770  9769  7331  7332  0  0  0  0
18  2457  2456  18  19  0  0  0  0
239  4895  4894  2456  2457  0  0  0  0
460  7333  7332  4894  4895  0  0  0  0
681  9771  9770  7332  7333  0  0  0  0
19  2458  2457  19  20  0  0  0  0
240  4896  4895  2457  2458  0  0  0  0
461  7334  7333  4895  4896  0  0  0  0
682  9772  9771  7333  7334  0  0  0  0
20  2459  2458  20  21  0  0  0  0
241  4897  4896  2458  2459  0  0  0  0
462  7335  7334  4896  4897  0  0  0  0
683  9773  9772  7334  7335  0  0  0  0
21  2460  2459  21  22  0  0  0  0
242  4898  4897  2459  2460  0  0  0  0
463  7336  7335  4897  4898  0  0  0  0
684  9774  9773  7335  7336  0  0  0  0
22  2461  2460  22  23  0  0  0  0
243  4899  4898  2460  2461  0  0  0  0
464  7337  7336  4898  4899  0  0  0  0
685  9775  9774  7336  7337  0  0  0  0
23  2462  2461  23  24  0  0  0  0
244  4900  4899  2461  2462  0  0  0  0
465  7338  7337  4899  4900  0  0  0  0
686  9776  9775  7337  7338  0  0  0  0
24  2463  2462  24  25  0  0  0  0
245  4901  4900  2462  2463  0  0  0  0
466  7339  7338  4900  4901  0  0  0  0
687  9777  9776  7338  7339  0  0  0  0
25  2464  2463  25  26  0  0  0  0
246  4902  4901  2463  2464  0  0  0  0
467  7340  7339  4901  4902  0  0  0  0
688  9778  9777  7339  7340  0  0  0  0
26  2465  2464  26  27  0  0  0  0
247  4903  4902  2464  2465  0  0  0  0
468  7341  7340  4902  4903  0  0  0  0
689  9779  9778  7340  7341  0  0  0  0
27  2466  2465  27  28  0  0  0  0
248  4904  4903  2465  2466  0  0  0  0
469  7342  7341  4903  4904  0  0  0  0
690  9780  9779  7341  7342  0  0  0  0
28  2467  2466  28  29  0  0  0  0
249  4905  4904  2466  2467  0  0  0  0
470  7343  7342  4904  4905  0  0  0  0
691  9781  9780  7342  7343  0  0  0  0
29  2468  2467  29  30  0  0  0  0
250  4906  4905  2467  2468  0  0  0  0
471  7344  7343  4905  4906  0  0  0  0
692  9782  9781  7343  7344  0  0  0  0
30  2469  2468  30  31  0  0  0  0
251  4907  4906  2468  2469  0  0  0  0
472  7345  7344  4906  4907  0  0  0  0
693  9783  9782  7344  7345  0  0  0  0
31  2470  2469  31  32  0  0  0  0
252  4908  4907  2469  2470  0  0  0  0
473  7346  7345  4907  4908  0  0  0  0
694  9784  9783  7345  7346  0  0  0  0
32  2471  2470  32  33  0  0  0  0
253  4909  4908  2470  2471  0  0  0  0
474  7347  7346  4908  4909  0  0  0  0
695  9785  9784  7346  7347  0  0  0  0
33  2472  2471  33  34  0  0  0  0
254  4910  4909  2471  2472  0  0  0  0
475  7348  7347  4909  4910  0  0  0  0
696  9786  9785  7347  7348  0  0  0  0
34  2473  2472  34  35  0  0  0  0
255  4911  4910  2472  2473  0  0  0  0
476  7349  7348  4910  4911  0  0  0  0
697  9787  9786  7348  7349  0  0  0  0
35  2474  2473  35  36  0  0  0  0
256  4912  4911  2473  2474  0  0  0  0
477  7350  7349  4911  4912  0  0  0  0
698  9788  9787  7349  7350  0  0  0  0
36  2475  2474  36  37  0  0  0  0
257  4913  4912  2474  2475  0  0  0  0
478  7351  7350  4912  4913  0  0  0  0
699  9789  9788  7350  7351  0  0  0  0
37  2476  2475  37  38  0  0  0  0
258  4914  4913  2475  2476  0  0  0  0
479  7352  7351  4913  4914  0  0  0  0
700  9790  9789  7351  7352  0  0  0  0
38  2477  2476  38  39  0  0  0  0
259  4915  4914  2476  2477  0  0  0  0
480  7353  7352  4914  4915  0  0  0  0
701  9791  9790  7352  7353  0  0  0  0
39  2478  2477  39  40  0  0  0  0
260  4916  4915  2477  2478  0  0  0  0
481  7354  7353  4915  4916  0  0  0  0
702  9792  9791  7353  7354  0  0  0  0
40  2479  2478  40  41  0  0  0  0
261  4917  4916  2478  2479  0  0  0  0
482  7355  7354  4916  4917  0  0  0  0
703  9793  9792  7354  7355  0  0  0  0
41  2480  2479  41  42  0  0  0  0
262  4918  4917  2479  2480  0  0  0  0
483  7356  7355  4917  4918  0  0  0  0
704  9794  9793  7355  7356  0  0  0  0
42  2481  2480  42  43  0  0  0  0
263  4919  4918  2480  2481  0  0  0  0
484  7357  7356  4918  4919  0  0  0  0
705  9795  9794  7356  7357  0  0  0  0
43  2482  2481  43  44  0  0  0  0
264  4920  4919  2481  2482  0  0  0  0
485  7358  7357  4919  4920  0  0  0  0
706  9796  9795  7357  7358  0  0  0  0
44  2483  2482  44  45  0  0  0  0
265  4921  4920  2482  2483  0  0  0  0
486  7359  7358  4920  4921  0  0  0  0
707  9797  9796  7358  7359  0  0  0  0
45  2484  2483  45  46  0  0  0  0
266  4922  4921  2483  2484  0  0  0  0
487  7360  7359  4921  4922  0  0  0  0
708  9798  9797  7359  7360  0  0  0  0
46  2485  2484  46  47  0  0  0  0
267  4923  4922  2484  2485  0  0  0  0
488  7361  7360  4922  4923  0  0  0  0
709  9799  9798  7360  7361  0  0  0  0
47  2486  2485  47  48  0  0  0  0
268  4924  4923  2485  2486  0  0  0  0
489  7362  7361  4923  4924  0  0  0  0
710  9800  9799  7361  7362  0  0  0  0
48  2487  2486  48  49  0  0  0  0
269  4925  4924  2486  2487  0  0  0  0
490  7363  7362  4924  4925  0  0  0  0
711  9801  9800  7362  7363  0  0  0  0
49  2488  2487  49  50  0  0  0  0
270  4926  4925  2487  2488  0  0  0  0
491  7364  7363  4925  4926  0  0  0  0
712  9802  9801  7363  7364  0  0  0  0
50  2489  2488  50  51  0  0  0  0
271  4927  4926  2488  2489  0  0  0  0
492  7365  7364  4926  4927  0  0  0  0
713  9803  9802  7364  7365  0  0  0  0
51  2490  2489  51  52  0  0  0  0
272  4928  4927  2489  2490  0  0  0  0
493  7366  7365  4927  4928  0  0  0  0
714  9804  9803  7365  7366  0  0  0  0
52  2491  2490  52  53  0  0  0  0
273  4929  4928  2490  2491  0  0  0  0
494  7367  7366  4928  4929  0  0  0  0
715  9805  9804  7366  7367  0  0  0  0
53  2492  2491  53  54  0  0  0  0
274  4930  4929  2491  2492  0  0  0  0
495  7368  7367  4929  4930  0  0  0  0
716  9806  9805  7367  7368  0  0  0  0
54  2493  2492  54  55  0  0  0  0
275  4931  4930  2492  2493  0  0  0  0
496  7369  7368  4930  4931  0  0  0  0
717  9807  9806  7368  7369  0  0  0  0
55  2494  2493  55  56  0  0  0  0
276  4932  4931  2493  2494  0  0  0  0
497  7370  7369  4931  4932  0  0  0  0
718  9808  9807  7369  7370  0  0  0  0
56  2495  2494  56  57  0  0  0  0
277  4933  4932  2494  2495  0  0  0  0
498  7371  7370  4932  4933  0  0  0  0
719  9809  9808  7370  7371  0  0  0  0
57  2496  2495  57  58  0  0  0  0
278  4934  4933  2495  2496  0  0  0  0
499  7372  7371  4933  4934  0  0  0  0
720  9810  9809  7371  7372  0  0  0  0
58  2497  2496  58  59  0  0  0  0
279  4935  4934  2496  2497  0  0  0  0
500  7373  7372  4934  4935  0  0  0  0
721  9811  9810  7372  7373  0  0  0  0
59  2498  2497  59  60  0  0  0  0
280  4936  4935  2497  2498  0  0  0  0
501  7374  7373  4935  4936  0  0  0  0
722  9812  9811  7373  7374  0  0  0  0
60  2499  2498  60  61  0  0  0  0
281  4937  4936  2498  2499  0  0  0  0
502  7375  7374  4936  4937  0  0  0  0
723  9813  9812  7374  7375  0  0  0  0
61  2500  2499  61  62  0  0  0  0
282  4938  4937  2499  2500  0  0  0  0
503  7376  7375  4937  4938  0  0  0  0
724  9814  9813  7375  7376  0  0  0  0
62  2501  2500  62  63  0  0  0  0
283  4939  4938  2500  2501  0  0  0  0
504  7377  7376  4938  4939  0  0  0  0
725  9815  9814  7376  7377  0  0  0  0
63  2502  2501  63  64  0  0  0  0
284  4940  4939  2501  2502  0  0  0  0
505  7378  7377  4939  4940  0  0  0  0
726  9816  9815  7377  7378  0  0  0  0
64  2503  2502  64  65  0  0  0  0
285  4941  4940  2502  2503  0  0  0  0
506  7379  7378  4940  4941  0  0  0  0
727  9817  9816  7378  7379  0  0  0  0
65  2504  2503  65  66  0  0  0  0
286  4942  4941  2503  2504  0  0  0  0
507  7380  7379  4941  4942  0  0  0  0
728  9818  9817  7379  7380  0  0  0  0
66  2505  2504  66  67  0  0  0  0
287  4943  4942  2504  2505  0  0  0  0
508  7381  7380  4942  4943  0  0  0  0
729  9819  9818  7380  7381  0  0  0  0
67  2506  2505  67  68  0  0  0  0
288  4944  4943  2505  2506  0  0  0  0
509  7382  7381  4943  4944  0  0  0  0
730  9820  9819  7381  7382  0  0  0  0
68  2507  2506  68  69  0  0  0  0
289  4945  4944  2506  2507  0  0  0  0
510  7383  7382  4944  4945  0  0  0  0
731  9821  9820  7382  7383  0  0  0  0
69  2508  2507  69  70  0  0  0  0
290  4946  4945  2507  2508  0  0  0  0
511  7384  7383  4945  4946  0  0  0  0
732  9822  9821  7383  7384  0  0  0  0
70  2509  2508  70  71  0  0  0  0
291  4947  4946  2508  2509  0  0  0  0
512  7385  7384  4946  4947  0  0  0  0
733  9823  9822  7384  7385  0  0  0  0
71  2510  2509  71  72  0  0  0  0
292  4948  4947  2509  2510  0  0  0  0
513  7386  7385  4947  4948  0  0  0  0
734  9824  9823  7385  7386  0  0  0  0
72  2511  2510  72  73  0  0  0  0
293  4949  4948  2510  2511  0  0  0  0
514  7387  7386  4948  4949  0  0  0  0
735  9825  9824  7386  7387  0  0  0  0
73  2512  2511  73  74  0  0  0  0
294  4950  4949  2511  2512  0  0  0  0
515  7388  7387  4949  4950  0  0  0  0
736  9826  9825  7387  7388  0  0  0  0
74  2513  2512  74  75  0  0  0  0
295  4951  4950  2512  2513  0  0  0  0
516  7389  7388  4950  4951  0  0  0  0
737  9827  9826  7388  7389  0  0  0  0
75  2514  2513  75  76  0  0  0  0
296  4952  4951  2513  2514  0  0  0  0
517  7390  7389  4951  4952  0  0  0  0
738  9828  9827  7389  7390  0  0  0  0
76  2515  2514  76  77  0  0  0  0
297  4953  4952  2514  2515  0  0  0  0
518  7391  7390  4952  4953  0  0  0  0
739  9829  9828  7390  7391  0  0  0  0
77  2516  2515  77  78  0  0  0  0
298  4954  4953  2515  2516  0  0  0  0
519  7392  7391  4953  4954  0  0  0  0
740  9830  9829  7391  7392  0  0  0  0
78  2517  2516  78  79  0  0  0  0
299  4955  4954  2516  2517  0  0  0  0
520  7393  7392  4954  4955  0  0  0  0
741  9831  9830  7392  7393  0  0  0  0
79  2518  2517  79  80  0  0  0  0
300  4956  4955  2517  2518  0  0  0  0
521  7394  7393  4955  4956  0  0  0  0
742  9832  9831  7393  7394  0  0  0  0
80  2519  2518  80  81  0  0  0  0
301  4957  4956  2518  2519  0  0  0  0
522  7395  7394  4956  4957  0  0  0  0
743  9833  9832  7394  7395  0  0  0  0
81  2520  2519  81  82  0  0  0  0
302  4958  4957  2519  2520  0  0  0  0
523  7396  7395  4957  4958  0  0  0  0
744  9834  9833  7395  7396  0  0  0  0
82  2521  2520  82  83  0  0  0  0
303  4959  4958  2520  2521  0  0  0  0
524  7397  7396  4958  4959  0  0  0  0
745  9835  9834  7396  7397  0  0  0  0
83  2522  2521  83  84  0  0  0  0
304  4960  4959  2521  2522  0  0  0  0
525  7398  7397  4959  4960  0  0  0  0
746  9836  9835  7397  7398  0  0  0  0
84  2523  2522  84  85  0  0  0  0
305  4961  4960  2522  2523  0  0  0  0
526  7399  7398  4960  4961  0  0  0  0
747  9837  9836  7398  7399  0  0  0  0
85  2524  2523  85  86  0  0  0  0
306  4962  4961  2523  2524  0  0  0  0
527  7400  7399  4961  4962  0  0  0  0
748  9838  9837  7399  7400  0  0  0  0
86  2525  2524  86  87  0  0  0  0
307  4963  4962  2524  2525  0  0  0  0
528  7401  7400  4962  4963  0  0  0  0
749  9839  9838  7400  7401  0  0  0  0
87  2526  2525  87  88  0  0  0  0
308  4964  4963  2525  2526  0  0  0  0
529  7402  7401  4963  4964  0  0  0  0
750  9840  9839  7401  7402  0  0  0  0
88  2527  2526  88  89  0  0  0  0
309  4965  4964  2526  2527  0  0  0  0
530  7403  7402  4964  4965  0  0  0  0
751  9841  9840  7402  7403  0  0  0  0
89  2528  2527  89  90  0  0  0  0
310  4966  4965  2527  2528  0  0  0  0
531  7404  7403  4965  4966  0  0  0  0
752  9842  9841  7403  7404  0  0  0  0
90  2529  2528  90  91  0  0  0  0
311  4967  4966  2528  2529  0  0  0  0
532  7405  7404  4966  4967  0  0  0  0
753  9843  9842  7404  7405  0  0  0  0
91  2530  2529  91  92  0  0  0  0
312  4968  4967  2529  2530  0  0  0  0
533  7406  7405  4967  4968  0  0  0  0
754  9844  9843  7405  7406  0  0  0  0
92  2531  2530  92  93  0  0  0  0
313  4969  4968  2530  2531  0  0  0  0
534  7407  7406  4968  4969  0  0  0  0
755  9845  9844  7406  7407  0  0  0  0
93  2532  2531  93  94  0  0  0  0
314  4970  4969  2531  2532  0  0  0  0
535  7408  7407  4969  4970  0  0  0  0
756  9846  9845  7407  7408  0  0  0  0
94  2533  2532  94  95  0  0  0  0
315  4971  4970  2532  2533  0  0  0  0
536  7409  7408  4970  4971  0  0  0  0
757  9847  9846  7408  7409  0  0  0  0
95  2534  2533  95  96  0  0  0  0
316  4972  4971  2533  2534  0  0  0  0
537  7410  7409  4971  4972  0  0  0  0
758  9848  9847  7409  7410  0  0  0  0
96  2535  2534  96  97  0  0  0  0
317  4973  4972  2534  2535  0  0  0  0
538  7411  7410  4972  4973  0  0  0  0
759  9849  9848  7410  7411  0  0  0  0
97  2536  2535  97  98  0  0  0  0
318  4974  4973  2535  2536  0  0  0  0
539  7412  7411  4973  4974  0  0  0  0
760  9850  9849  7411  7412  0  0  0  0
98  2537  2536  98  99  0  0  0  0
319  4975  4974  2536  2537  0  0  0  0
540  7413  7412  4974  4975  0  0  0  0
761  9851  9850  7412  7413  0  0  0  0
99  2538  2537  99  100  0  0  0  0
320  4976  4975  2537  2538  0  0  0  0
541  7414  7413  4975  4976  0  0  0  0
762  9852  9851  7413  7414  0  0  0  0
100  2539  2538  100  101  0  0  0  0
321  4977  4976  2538  2539  0  0  0  0
542  7415  7414  4976  4977  0  0  0  0
763  9853  9852  7414  7415  0  0  0  0
101  2540  2539  101  102  0  0  0  0
322  4978  4977  2539  2540  0  0  0  0
543  7416  7415  4977  4978  0  0  0  0
764  9854  9853  7415  7416  0  0  0  0
102  2541  2540  102  103  0  0  0  0
323  4979  4978  2540  2541  0  0  0  0
544  7417  7416  4978  4979  0  0  0  0
765  9855  9854  7416  7417  0  0  0  0
103  2542  2541  103  104  0  0  0  0
324  4980  4979  2541  2542  0  0  0  0
545  7418  7417  4979  4980  0  0  0  0
766  9856  9855  7417  7418  0  0  0  0
104  2543  2542  104  105  0  0  0  0
325  4981  4980  2542  2543  0  0  0  0
546  7419  7418  4980  4981  0  0  0  0
767  9857  9856  7418  7419  0  0  0  0
105  2544  2543  105  106  0  0  0  0
326  4982  4981  2543  2544  0  0  0  0
547  7420  7419  4981  4982  0  0  0  0
768  9858  9857  7419  7420  0  0  0  0
106  2545  2544  106  107  0  0  0  0
327  4983  4982  2544  2545  0  0  0  0
548  7421  7420  4982  4983  0  0  0  0
769  9859  9858  7420  7421  0  0  0  0
107  2546  2545  107  108  0  0  0  0
328  4984  4983  2545  2546  0  0  0  0
549  7422  7421  4983  4984  0  0  0  0
770  9860  9859  7421  7422  0  0  0  0
108  2547  2546  108  109  0  0  0  0
329  4985  4984  2546  2547  0  0  0  0
550  7423  7422  4984  4985  0  0  0  0
771  9861  9860  7422  7423  0  0  0  0
109  2548  2547  109  110  0  0  0  0
330  4986  4985  2547  2548  0  0  0  0
551  7424  7423  4985  4986  0  0  0  0
772  9862  9861  7423  7424  0  0  0  0
110  2549  2548  110  111  0  0  0  0
331  4987  4986  2548  2549  0  0  0  0
552  7425  7424  4986  4987  0  0  0  0
773  9863  9862  7424  7425  0  0  0  0
111  2550  2549  111  112  0  0  0  0
332  4988  4987  2549  2550  0  0  0  0
553  7426  7425  4987  4988  0  0  0  0
774  9864  9863  7425  7426  0  0  0  0
112  2551  2550  112  113  0  0  0  0
333  4989  4988  2550  2551  0  0  0  0
554  7427  7426  4988  4989  0  0  0  0
775  9865  9864  7426  7427  0  0  0  0
113  2552  2551  113  114  0  0  0  0
334  4990  4989  2551  2552  0  0  0  0
555  7428  7427  4989  4990  0  0  0  0
776  9866  9865  7427  7428  0  0  0  0
114  2553  2552  114  115  0  0  0  0
335  4991  4990  2552  2553  0  0  0  0
556  7429  7428  4990  4991  0  0  0  0
777  9867  9866  7428  7429  0  0  0  0
115  2554  2553  115  116  0  0  0  0
336  4992  4991  2553  2554  0  0  0  0
557  7430  7429  4991  4992  0  0  0  0
778  9868  9867  7429  7430  0  0  0  0
116  2555  2554  116  117  0  0  0  0
337  4993  4992  2554  2555  0  0  0  0
558  7431  7430  4992  4993  0  0  0  0
779  9869  9868  7430  7431  0  0  0  0
117  2556  2555  117  118  0  0  0  0
338  4994  4993  2555  2556  0  0  0  0
559  7432  7431  4993  4994  0  0  0  0
780  9870  9869  7431  7432  0  0  0  0
118  2557  2556  118  119  0  0  0  0
339  4995  4994  2556  2557  0  0  0  0
560  7433  7432  4994  4995  0  0  0  0
781  9871  9870  7432  7433  0  0  0  0
119  2558  2557  119  120  0  0  0  0
340  4996  4995  2557  2558  0  0  0  0
561  7434  7433  4995  4996  0  0  0  0
782  9872  9871  7433  7434  0  0  0  0
120  2559  2558  120  121  0  0  0  0
341  4997  4996  2558  2559  0  0  0  0
562  7435  7434  4996  4997  0  0  0  0
783  9873  9872  7434  7435  0  0  0  0
121  2560  2559  121  122  0  0  0  0
342  4998  4997  2559  2560  0  0  0  0
563  7436  7435  4997  4998  0  0  0  0
784  9874  9873  7435  7436  0  0  0  0
122  2561  2560  122  123  0  0  0  0
343  4999  4998  2560  2561  0  0  0  0
564  7437  7436  4998  4999  0  0  0  0
785  9875  9874  7436  7437  0  0  0  0
123  2562  2561  123  124  0  0  0  0
344  5000  4999  2561  2562  0  0  0  0
565  7438  7437  4999  5000  0  0  0  0
786  9876  9875  7437  7438  0  0  0  0
124  2563  2562  124  125  0  0  0  0
345  5001  5000  2562  2563  0  0  0  0
566  7439  7438  5000  5001  0  0  0  0
787  9877  9876  7438  7439  0  0  0  0
125  2564  2563  125  126  0  0  0  0
346  5002  5001  2563  2564  0  0  0  0
567  7440  7439  5001  5002  0  0  0  0
788  9878  9877  7439  7440  0  0  0  0
126  2565  2564  126  127  0  0  0  0
347  5003  5002  2564  2565  0  0  0  0
568  7441  7440  5002  5003  0  0  0  0
789  9879  9878  7440  7441  0  0  0  0
127  2566  2565  127  128  0  0  0  0
348  5004  5003  2565  2566  0  0  0  0
569  7442  7441  5003  5004  0  0  0  0
790  9880  9879  7441  7442  0  0  0  0
128  2567  2566  128  129  0  0  0  0
349  5005  5004  2566  2567  0  0  0  0
570  7443  7442  5004  5005  0  0  0  0
791  9881  9880  7442  7443  0  0  0  0
129  2568  2567  129  130  0  0  0  0
350  5006  5005  2567  2568  0  0  0  0
571  7444  7443  5005  5006  0  0  0  0
792  9882  9881  7443  7444  0  0  0  0
130  2569  2568  130  131  0  0  0  0
351  5007  5006  2568  2569  0  0  0  0
572  7445  7444  5006  5007  0  0  0  0
793  9883  9882  7444  7445  0  0  0  0
131  2570  2569  131  132  0  0  0  0
352  5008  5007  2569  2570  0  0  0  0
573  7446  7445  5007  5008  0  0  0  0
794  9884  9883  7445  7446  0  0  0  0
132  2571  2570  132  133  0  0  0  0
353  5009  5008  2570  2571  0  0  0  0
574  7447  7446  5008  5009  0  0  0  0
795  9885  9884  7446  7447  0  0  0  0
133  2572  2571  133  134  0  0  0  0
354  5010  5009  2571  2572  0  0  0  0
575  7448  7447  5009  5010  0  0  0  0
796  9886  9885  7447  7448  0  0  0  0
134  2573  2572  134  135  0  0  0  0
355  5011  5010  2572  2573  0  0  0  0
576  7449  7448  5010  5011  0  0  0  0
797  9887  9886  7448  7449  0  0  0  0
135  2574  2573  135  136  0  0  0  0
356  5012  5011  2573  2574  0  0  0  0
577  7450  7449  5011  5012  0  0  0  0
798  9888  9887  7449  7450  0  0  0  0
136  2575  2574  136  137  0  0  0  0
357  5013  5012  2574  2575  0  0  0  0
578  7451  7450  5012  5013  0  0  0  0
799  9889  9888  7450  7451  0  0  0  0
137  2576  2575  137  138  0  0  0  0
358  5014  5013  2575  2576  0  0  0  0
579  7452  7451  5013  5014  0  0  0  0
800  9890  9889  7451  7452  0  0  0  0
138  2577  2576  138  139  0  0  0  0
359  5015  5014  2576  2577  0  0  0  0
580  7453  7452  5014  5015  0  0  0  0
801  9891  9890  7452  7453  0  0  0  0
139  2578  2577  139  140  0  0  0  0
360  5016  5015  2577  2578  0  0  0  0
581  7454  7453  5015  5016  0  0  0  0
802  9892  9891  7453  7454  0  0  0  0
140  2579  2578  140  141  0  0  0  0
361  5017  5016  2578  2579  0  0  0  0
582  7455  7454  5016  5017  0  0  0  0
803  9893  9892  7454  7455  0  0  0  0
141  2580  2579  141  142  0  0  0  0
362  5018  5017  2579  2580  0  0  0  0
583  7456  7455  5017  5018  0  0  0  0
804  9894  9893  7455  7456  0  0  0  0
142  2581  2580  142  143  0  0  0  0
363  5019  5018  2580  2581  0  0  0  0
584  7457  7456  5018  5019  0  0  0  0
805  9895  9894  7456  7457  0  0  0  0
143  2582  2581  143  144  0  0  0  0
364  5020  5019  2581  2582  0  0  0  0
585  7458  7457  5019  5020  0  0  0  0
806  9896  9895  7457  7458  0  0  0  0
144  2583  2582  144  145  0  0  0  0
365  5021  5020  2582  2583  0  0  0  0
586  7459  7458  5020  5021  0  0  0  0
807  9897  9896  7458  7459  0  0  0  0
145  2584  2583  145  146  0  0  0  0
366  5022  5021  2583  2584  0  0  0  0
587  7460  7459  5021  5022  0  0  0  0
808  9898  9897  7459  7460  0  0  0  0
146  2585  2584  146  147  0  0  0  0
367  5023  5022  2584  2585  0  0  0  0
588  7461  7460  5022  5023  0  0  0  0
809  9899  9898  7460  7461  0  0  0  0
147  2586  2585  147  148  0  0  0  0
368  5024  5023  2585  2586  0  0  0  0
589  7462  7461  5023  5024  0  0  0  0
810  9900  9899  7461  7462  0  0  0  0
148  2587  2586  148  149  0  0  0  0
369  5025  5024  2586  2587  0  0  0  0
590  7463  7462  5024  5025  0  0  0  0
811  9901  9900  7462  7463  0  0  0  0
149  2588  2587  149  150  0  0  0  0
370  5026  5025  2587  2588  0  0  0  0
591  7464  7463  5025  5026  0  0  0  0
812  9902  9901  7463  7464  0  0  0  0
150  2589  2588  150  151  0  0  0  0
371  5027  5026  2588  2589  0  0  0  0
592  7465  7464  5026  5027  0  0  0  0
813  9903  9902  7464  7465  0  0  0  0
151  2590  2589  151  152  0  0  0  0
372  5028  5027  2589  2590  0  0  0  0
593  7466  7465  5027  5028  0  0  0  0
814  9904  9903  7465  7466  0  0  0  0
152  2591  2590  152  153  0  0  0  0
373  5029  5028  2590  2591  0  0  0  0
594  7467  7466  5028  5029  0  0  0  0
815  9905  9904  7466  7467  0  0  0  0
153  2592  2591  153  154  0  0  0  0
374  5030  5029  2591  2592  0  0  0  0
595  7468  7467  5029  5030  0  0  0  0
816  9906  9905  7467  7468  0  0  0  0
154  2593  2592  154  155  0  0  0  0
375  5031  5030  2592  2593  0  0  0  0
596  7469  7468  5030  5031  0  0  0  0
817  9907  9906  7468  7469  0  0  0  0
155  2594  2593  155  156  0  0  0  0
376  5032  5031  2593  2594  0  0  0  0
597  7470  7469  5031  5032  0  0  0  0
818  9908  9907  7469  7470  0  0  0  0
156  2595  2594  156  157  0  0  0  0
377  5033  5032  2594  2595  0  0  0  0
598  7471  7470  5032  5033  0  0  0  0
819  9909  9908  7470  7471  0  0  0  0
157  2596  2595  157  158  0  0  0  0
378  5034  5033  2595  2596  0  0  0  0
599  7472  7471  5033  5034  0  0  0  0
820  9910  9909  7471  7472  0  0  0  0
158  2597  2596  158  159  0  0  0  0
379  5035  5034  2596  2597  0  0  0  0
600  7473  7472  5034  5035  0  0  0  0
821  9911  9910  7472  7473  0  0  0  0
159  2598  2597  159  160  0  0  0  0
380  5036  5035  2597  2598  0  0  0  0
601  7474  7473  5035  5036  0  0  0  0
822  9912  9911  7473  7474  0  0  0  0
160  2599  2598  160  161  0  0  0  0
381  5037  5036  2598  2599  0  0  0  0
602  7475  7474  5036  5037  0  0  0  0
823  9913  9912  7474  7475  0  0  0  0
161  2600  2599  161  162  0  0  0  0
382  5038  5037  2599  2600  0  0  0  0
603  7476  7475  5037  5038  0  0  0  0
824  9914  9913  7475  7476  0  0  0  0
162  2601  2600  162  163  0  0  0  0
383  5039  5038  2600  2601  0  0  0  0
604  7477  7476  5038  5039  0  0  0  0
825  9915  9914  7476  7477  0  0  0  0
163  2602  2601  163  164  0  0  0  0
384  5040  5039  2601  2602  0  0  0  0
605  7478  7477  5039  5040  0  0  0  0
826  9916  9915  7477  7478  0  0  0  0
164  2603  2602  164  165  0  0  0  0
385  5041  5040  2602  2603  0  0  0  0
606  7479  7478  5040  5041  0  0  0  0
827  9917  9916  7478  7479  0  0  0  0
165  2604  2603  165  166  0  0  0  0
386  5042  5041  2603  2604  0  0  0  0
607  7480  7479  5041  5042  0  0  0  0
828  9918  9917  7479  7480  0  0  0  0
166  2605  2604  166  167  0  0  0  0
387  5043  5042  2604  2605  0  0  0  0
608  7481  7480  5042  5043  0  0  0  0
829  9919  9918  7480  7481  0  0  0  0
167  2606  2605  167  168  0  0  0  0
388  5044  5043  2605  2606  0  0  0  0
609  7482  7481  5043  5044  0  0  0  0
830  9920  9919  7481  7482  0  0  0  0
168  2607  2606  168  169  0  0  0  0
389  5045  5044  2606  2607  0  0  0  0
610  7483  7482  5044  5045  0  0  0  0
831  9921  9920  7482  7483  0  0  0  0
169  2608  2607  169  170  0  0  0  0
390  5046  5045  2607  2608  0  0  0  0
611  7484  7483  5045  5046  0  0  0  0
832  9922  9921  7483  7484  0  0  0  0
170  2609  2608  170  171  0  0  0  0
391  5047  5046  2608  2609  0  0  0  0
612  7485  7484  5046  5047  0  0  0  0
833  9923  9922  7484  7485  0  0  0  0
171  2610  2609  171  172  0  0  0  0
392  5048  5047  2609  2610  0  0  0  0
613  7486  7485  5047  5048  0  0  0  0
834  9924  9923  7485  7486  0  0  0  0
172  2611  2610  172  173  0  0  0  0
393  5049  5048  2610  2611  0  0  0  0
614  7487  7486  5048  5049  0  0  0  0
835  9925  9924  7486  7487  0  0  0  0
173  2612  2611  173  174  0  0  0  0
394  5050  5049  2611  2612  0  0  0  0
615  7488  7487  5049  5050  0  0  0  0
836  9926  9925  7487  7488  0  0  0  0
174  2613  2612  174  175  0  0  0  0
395  5051  5050  2612  2613  0  0  0  0
616  7489  7488  5050  5051  0  0  0  0
837  9927  9926  7488  7489  0  0  0  0
175  2614  2613  175  176  0  0  0  0
396  5052  5051  2613  2614  0  0  0  0
617  7490  7489  5051  5052  0  0  0  0
838  9928  9927  7489  7490  0  0  0  0
176  2615  2614  176  177  0  0  0  0
397  5053  5052  2614  2615  0  0  0  0
618  7491  7490  5052  5053  0  0  0  0
839  9929  9928  7490  7491  0  0  0  0
177  2616  2615  177  178  0  0  0  0
398  5054  5053  2615  2616  0  0  0  0
619  7492  7491  5053  5054  0  0  0  0
840  9930  9929  7491  7492  0  0  0  0
178  2617  2616  178  179  0  0  0  0
399  5055  5054  2616  2617  0  0  0  0
620  7493  7492  5054  5055  0  0  0  0
841  9931  9930  7492  7493  0  0  0  0
179  2618  2617  179  180  0  0  0  0
400  5056  5055  2617  2618  0  0  0  0
621  7494  7493  5055  5056  0  0  0  0
842  9932  9931  7493  7494  0  0  0  0
180  2619  2618  180  181  0  0  0  0
401  5057  5056  2618  2619  0  0  0  0
622  7495  7494  5056  5057  0  0  0  0
843  9933  9932  7494  7495  0  0  0  0
181  2620  2619  181  182  0  0  0  0
402  5058  5057  2619  2620  0  0  0  0
623  7496  7495  5057  5058  0  0  0  0
844  9934  9933  7495  7496  0  0  0  0
182  2621  2620  182  183  0  0  0  0
403  5059  5058  2620  2621  0  0  0  0
624  7497  7496  5058  5059  0  0  0  0
845  9935  9934  7496  7497  0  0  0  0
183  2622  2621  183  184  0  0  0  0
404  5060  5059  2621  2622  0  0  0  0
625  7498  7497  5059  5060  0  0  0  0
846  9936  9935  7497  7498  0  0  0  0
184  2623  2622  184  185  0  0  0  0
405  5061  5060  2622  2623  0  0  0  0
626  7499  7498  5060  5061  0  0  0  0
847  9937  9936  7498  7499  0  0  0  0
185  2624  2623  185  186  0  0  0  0
406  5062  5061  2623  2624  0  0  0  0
627  7500  7499  5061  5062  0  0  0  0
848  9938  9937  7499  7500  0  0  0  0
186  2625  2624  186  187  0  0  0  0
407  5063  5062  2624  2625  0  0  0  0
628  7501  7500  5062  5063  0  0  0  0
849  9939  9938  7500  7501  0  0  0  0
187  2626  2625  187  188  0  0  0  0
408  5064  5063  2625  2626  0  0  0  0
629  7502  7501  5063  5064  0  0  0  0
850  9940  9939  7501  7502  0  0  0  0
188  2627  2626  188  189  0  0  0  0
409  5065  5064  2626  2627  0  0  0  0
630  7503  7502  5064  5065  0  0  0  0
851  9941  9940  7502  7503  0  0  0  0
189  2628  2627  189  190  0  0  0  0
410  5066  5065  2627  2628  0  0  0  0
631  7504  7503  5065  5066  0  0  0  0
852  9942  9941  7503  7504  0  0  0  0
190  2629  2628  190  191  0  0  0  0
411  5067  5066  2628  2629  0  0  0  0
632  7505  7504  5066  5067  0  0  0  0
853  9943  9942  7504  7505  0  0  0  0
191  2630  2629  191  192  0  0  0  0
412  5068  5067  2629  2630  0  0  0  0
633  7506  7505  5067  5068  0  0  0  0
854  9944  9943  7505  7506  0  0  0  0
192  2631  2630  192  193  0  0  0  0
413  5069  5068  2630  2631  0  0  0  0
634  7507  7506  5068  5069  0  0  0  0
855  9945  9944  7506  7507  0  0  0  0
193  2632  2631  193  194  0  0  0  0
414  5070  5069  2631  2632  0  0  0  0
635  7508  7507  5069  5070  0  0  0  0
856  9946  9945  7507  7508  0  0  0  0
194  2633  2632  194  195  0  0  0  0
415  5071  5070  2632  2633  0  0  0  0
636  7509  7508  5070  5071  0  0  0  0
857  9947  9946  7508  7509  0  0  0  0
195  2634  2633  195  196  0  0  0  0
416  5072  5071  2633  2634  0  0  0  0
637  7510  7509  5071  5072  0  0  0  0
858  9948  9947  7509  7510  0  0  0  0
196  2635  2634  196  197  0  0  0  0
417  5073  5072  2634  2635  0  0  0  0
638  7511  7510  5072  5073  0  0  0  0
859  9949  9948  7510  7511  0  0  0  0
197  2636  2635  197  198  0  0  0  0
418  5074  5073  2635  2636  0  0  0  0
639  7512  7511  5073  5074  0  0  0  0
860  9950  9949  7511  7512  0  0  0  0
198  2637  2636  198  199  0  0  0  0
419  5075  5074  2636  2637  0  0  0  0
640  7513  7512  5074  5075  0  0  0  0
861  9951  9950  7512  7513  0  0  0  0
199  2638  2637  199  200  0  0  0  0
420  5076  5075  2637  2638  0  0  0  0
641  7514  7513  5075  5076  0  0  0  0
862  9952  9951  7513  7514  0  0  0  0
200  2439  2638  200  1  0  0  0  0
421  4877  5076  2638  2439  0  0  0  0
642  7315  7514  5076  4877  0  0  0  0
863  9753  9952  7514  7315  0  0  0  0
201  2639  2604  166  201  0  0  0  0
422  5077  5042  2604  2639  0  0  0  0
643  7515  7480  5042  5077  0  0  0  0
864  9953  9918  7480  7515  0  0  0  0
202  2640  2639  201  202  0  0  0  0
423  5078  5077  2639  2640  0  0  0  0
644  7516  7515  5077  5078  0  0  0  0
865  9954  9953  7515  7516  0  0  0  0
203  2641  2640  202  203  0  0  0  0
424  5079  5078  2640  2641  0  0  0  0
645  7517  7516  5078  5079  0  0  0  0
866  9955  9954  7516  7517  0  0  0  0
204  2642  2641  203  204  0  0  0  0
425  5080  5079  2641  2642  0  0  0  0
646  7518  7517  5079  5080  0  0  0  0
867  9956  9955  7517  7518  0  0  0  0
205  2643  2642  204  205  0  0  0  0
426  5081  5080  2642  2643  0  0  0  0
647  7519  7518  5080  5081  0  0  0  0
868  9957  9956  7518  7519  0  0  0  0
206  2644  2643  205  206  0  0  0  0
427  5082  5081  2643  2644  0  0  0  0
648  7520  7519  5081  5082  0  0  0  0
869  9958  9957  7519  7520  0  0  0  0
207  2645  2644  206  207  0  0  0  0
428  5083  5082  2644  2645  0  0  0  0
649  7521  7520  5082  5083  0  0  0  0
870  9959  9958  7520  7521  0  0  0  0
208  2646  2645  207  208  0  0  0  0
429  5084  5083  2645  2646  0  0  0  0
650  7522  7521  5083  5084  0  0  0  0
871  9960  9959  7521  7522  0  0  0  0
209  2647  2646  208  209  0  0  0  0
430  5085  5084  2646  2647  0  0  0  0
651  7523  7522  5084  5085  0  0  0  0
872  9961  9960  7522  7523  0  0  0  0
210  2648  2647  209  210  0  0  0  0
431  5086  5085  2647  2648  0  0  0  0
652  7524  7523  5085  5086  0  0  0  0
873  9962  9961  7523  7524  0  0  0  0
211  2474  2648  210  36  0  0  0  0
432  4912  5086  2648  2474  0  0  0  0
653  7350  7524  5086  4912  0  0  0  0
874  9788  9962  7524  7350  0  0  0  0
212  2649  2551  113  211  0  0  0  0
433  5087  4989  2551  2649  0  0  0  0
654  7525  7427  4989  5087  0  0  0  0
875  9963  9865  7427  7525  0  0  0  0
213  2650  2649  211  212  0  0  0  0
434  5088  5087  2649  2650  0  0  0  0
655  7526  7525  5087  5088  0  0  0  0
876  9964  9963  7525  7526  0  0  0  0
214  2651  2650  212  213  0  0  0  0
435  5089  5088  2650  2651  0  0  0  0
656  7527  7526  5088  5089  0  0  0  0
877  9965  9964  7526  7527  0  0  0  0
215  2652  2651  213  214  0  0  0  0
436  5090  5089  2651  2652  0  0  0  0
657  7528  7527  5089  5090  0  0  0  0
878  9966  9965  7527  7528  0  0  0  0
216  2653  2652  214  215  0  0  0  0
437  5091  5090  2652  2653  0  0  0  0
658  7529  7528  5090  5091  0  0  0  0
879  9967  9966  7528  7529  0  0  0  0
217  2654  2653  215  216  0  0  0  0
438  5092  5091  2653  2654  0  0  0  0
659  7530  7529  5091  5092  0  0  0  0
880  9968  9967  7529  7530  0  0  0  0
218  2655  2654  216  217  0  0  0  0
439  5093  5092  2654  2655  0  0  0  0
660  7531  7530  5092  5093  0  0  0  0
881  9969  9968  7530  7531  0  0  0  0
219  2656  2655  217  218  0  0  0  0
440  5094  5093  2655  2656  0  0  0  0
661  7532  7531  5093  5094  0  0  0  0
882  9970  9969  7531  7532  0  0  0  0
220  2657  2656  218  219  0  0  0  0
441  5095  5094  2656  2657  0  0  0  0
662  7533  7532  5094  5095  0  0  0  0
883  9971  9970  7532  7533  0  0  0  0
221  2527  2657  219  89  0  0  0  0
442  4965  5095  2657  2527  0  0  0  0
663  7403  7533  5095  4965  0  0  0  0
884  9841  9971  7533  7403  0  0  0  0
