1  3  0  0.575976
222  5  0  0.575458
443  1  0  0.574641
664  5  0  0.571669
2  3  0  -0.811317
223  5  0  -0.811269
444  1  0  -0.811238
665  5  0  -0.811207
3  3  0  -2.05051
224  5  0  -2.05045
445  1  0  -2.0504
666  5  0  -2.05036
4  3  0  -3.04928
225  5  0  -3.04924
446  1  0  -3.04922
667  5  0  -3.0492
5  3  0  -3.89757
226  5  0  -3.89755
447  1  0  -3.89754
668  5  0  -3.89753
6  3  0  -4.66434
227  5  0  -4.66431
448  1  0  -4.66429
669  5  0  -4.66428
7  3  0  -5.28812
228  5  0  -5.28812
449  1  0  -5.28811
670  5  0  -5.28811
8  3  0  -5.8974
229  5  0  -5.89738
450  1  0  -5.89737
671  5  0  -5.89736
9  3  0  -6.38651
230  5  0  -6.38651
451  1  0  -6.3865
672  5  0  -6.3865
10  3  0  -6.82604
231  5  0  -6.82604
452  1  0  -6.82604
673  5  0  -6.82603
11  3  0  -7.23163
232  5  0  -7.23162
453  1  0  -7.23162
674  5  0  -7.23161
12  3  0  -7.55844
233  5  0  -7.55844
454  1  0  -7.55844
675  5  0  -7.55844
13  3  0  -7.86225
234  5  0  -7.86225
455  1  0  -7.86225
676  5  0  -7.86225
14  3  0  -8.14095
235  5  0  -8.14094
456  1  0  -8.14094
677  5  0  -8.14094
15  3  0  -8.36657
236  5  0  -8.36657
457  1  0  -8.36657
678  5  0  -8.36656
16  3  0  -8.53789
237  5  0  -8.53789
458  1  0  -8.53789
679  5  0  -8.53788
17  3  0  -8.69005
238  5  0  -8.69005
459  1  0  -8.69005
680  5  0  -8.69005
18  3  0  -8.81925
239  5  0  -8.81925
460  1  0  -8.81924
681  5  0  -8.81924
19  3  0  -8.89656
240  5  0  -8.89656
461  1  0  -8.89656
682  5  0  -8.89656
20  3  0  -8.97302
241  5  0  -8.97302
462  1  0  -8.97302
683  5  0  -8.97302
21  3  0  -9.02656
242  5  0  -9.02656
463  1  0  -9.02655
684  5  0  -9.02655
22  3  0  -9.03951
243  5  0  -9.03951
464  1  0  -9.03951
685  5  0  -9.03951
23  3  0  -9.03419
244  5  0  -9.03419
465  1  0  -9.03419
686  5  0  -9.03419
24  3  0  -9.02304
245  5  0  -9.02304
466  1  0  -9.02304
687  5  0  -9.02304
25  3  0  -8.99508
246  5  0  -8.99508
467  1  0  -8.99508
688  5  0  -8.99508
26  3  0  -8.93051
247  5  0  -8.93052
468  1  0  -8.93052
689  5  0  -8.93052
27  3  0  -8.85576
248  5  0  -8.85576
469  1  0  -8.85576
690  5  0  -8.85576
28  3  0  -8.76703
249  5  0  -8.76703
470  1  0  -8.76703
691  5  0  -8.76703
29  3  0  -8.65528
250  5  0  -8.65528
471  1  0  -8.65528
692  5  0  -8.65528
30  3  0  -8.53344
251  5  0  -8.53344
472  1  0  -8.53344
693  5  0  -8.53344
31  3  0  -8.40591
252  5  0  -8.40591
473  1  0  -8.40591
694  5  0  -8.40591
32  3  0  -8.25805
253  5  0  -8.25805
474  1  0  -8.25805
695  5  0  -8.25805
33  3  0  -8.06883
254  5  0  -8.06883
475  1  0  -8.06883
696  5  0  -8.06883
34  3  0  -7.8851
255  5  0  -7.8851
476  1  0  -1.42009
697  5  0  4.88806
35  3  0  -7.6801
256  5  0  -7.67836
477  6  0  -7.67852
698  5  0  -7.67754
36  3  0  -7.50437
257  5  0  -7.50248
478  6  0  -7.50267
699  5  0  -7.50155
37  3  0  -7.30007
258  5  0  -7.30007
479  6  0  -7.30008
700  5  0  -7.30009
38  3  0  -7.0404
259  5  0  -7.0404
480  6  0  -7.04039
701  5  0  -7.04038
39  3  0  -6.81711
260  5  0  -6.81711
481  6  0  -6.81711
702  5  0  -6.81712
40  3  0  -6.58899
261  5  0  -6.58899
482  6  0  -6.589
703  5  0  -6.589
41  3  0  -6.32853
262  5  0  -6.32853
483  6  0  -6.32853
704  5  0  -6.32853
42  3  0  -6.05037
263  5  0  -6.05037
484  6  0  -6.05038
705  5  0  -6.05038
43  3  0  -5.75382
264  5  0  -5.75381
485  6  0  -5.7538
706  5  0  -5.75379
44  3  0  -5.51061
265  5  0  -5.51061
486  6  0  -5.51062
707  5  0  -5.51062
45  3  0  -5.24404
266  5  0  -5.24405
487  6  0  -5.24405
708  5  0  -5.24406
46  3  0  -4.94166
267  5  0  -4.94166
488  6  0  -4.94166
709  5  0  -4.94167
47  3  0  -4.61901
268  5  0  -4.61901
489  6  0  -4.619
710  5  0  -4.61899
48  3  0  -4.33442
269  5  0  -4.33442
490  6  0  -4.33443
711  5  0  -4.33443
49  3  0  -4.04017
270  5  0  -4.04017
491  6  0  -4.0402
712  5  0  -4.04022
50  3  0  -3.6563
271  5  0  -3.6563
492  6  0  -3.65628
713  5  0  -3.65626
51  3  0  -3.33605
272  5  0  -3.33605
493  6  0  -3.33605
714  5  0  -3.33605
52  3  0  -3.01823
273  5  0  -3.01823
494  6  0  -3.01823
715  5  0  -3.01824
53  3  0  -2.68767
274  5  0  -2.68768
495  6  0  -2.6877
716  5  0  -2.68772
54  3  0  -2.2799
275  5  0  -2.2799
496  6  0  -2.27989
717  5  0  -2.27988
55  3  0  -1.89287
276  5  0  -1.89287
497  6  0  -1.89286
718  5  0  -1.89285
56  3  0  -1.53755
277  5  0  -1.53755
498  6  0  -1.53754
719  5  0  -1.53754
57  3  0  -1.19366
278  5  0  -1.19366
499  6  0  -1.19366
720  5  0  -1.19365
58  3  0  -0.872903
279  5  0  -0.872918
500  6  0  -0.872967
721  5  0  -0.873016
59  3  0  -0.393056
280  5  0  -0.39304
501  6  0  -0.392986
722  5  0  -0.392932
60  3  0  -0.0932091
281  5  0  -0.0932096
502  6  0  -0.0932112
723  5  0  -0.0932128
61  3  0  0.213479
282  5  0  0.213479
503  6  0  0.21348
724  5  0  0.21348
62  3  0  0.517531
283  5  0  0.517527
504  6  0  0.517515
725  5  0  0.517502
63  3  0  0.870826
284  5  0  0.87083
505  6  0  0.870843
726  5  0  0.870856
64  3  0  1.17173
285  5  0  1.17172
506  6  0  1.17171
727  5  0  1.17169
65  3  0  1.54406
286  5  0  1.54405
507  6  0  1.54405
728  5  0  1.54405
66  3  0  1.91835
287  5  0  1.91835
508  6  0  1.91835
729  5  0  1.91834
67  3  0  2.3004
288  5  0  2.3004
509  6  0  2.3004
730  5  0  2.30041
68  3  0  2.67162
289  5  0  2.67162
510  6  0  2.67162
731  5  0  2.67162
69  3  0  3.03751
290  5  0  3.0375
511  6  0  3.03748
732  5  0  3.03745
70  3  0  3.49303
291  5  0  3.49304
512  6  0  3.49304
733  5  0  3.49305
71  3  0  3.92494
292  5  0  3.92494
513  6  0  3.92494
734  5  0  3.92494
72  3  0  4.34853
293  5  0  4.34853
514  6  0  4.34852
735  5  0  4.34851
73  3  0  4.79873
294  5  0  4.79873
515  6  0  4.79872
736  5  0  4.79871
74  3  0  5.27548
295  5  0  5.27548
516  6  0  5.27547
737  5  0  5.27546
75  3  0  5.77846
296  5  0  5.77846
517  6  0  5.77845
738  5  0  5.77845
76  3  0  6.29696
297  5  0  6.29696
518  6  0  6.29693
739  5  0  6.2969
77  3  0  6.88037
298  5  0  6.88036
519  6  0  6.88034
740  5  0  6.88031
78  3  0  7.51586
299  5  0  7.51586
520  6  0  7.51587
741  5  0  7.51588
79  3  0  8.13752
300  5  0  8.13751
521  6  0  8.13749
742  5  0  8.13747
80  3  0  8.80135
301  5  0  8.80134
522  6  0  8.80131
743  5  0  8.80128
81  3  0  9.52426
302  5  0  9.52425
523  6  0  9.52422
744  5  0  9.5242
82  3  0  10.2952
303  5  0  10.2952
524  1  0  2.28844
745  5  0  -5.43879
83  3  0  11.1104
304  5  0  11.1104
525  1  0  11.1103
746  5  0  11.1103
84  3  0  10.6338
305  5  0  7.79151
526  1  0  6.12447
747  5  0  4.56825
85  3  0  -166.345
306  5  0  -163.488
527  1  0  -161.815
748  5  0  -160.257
86  3  0  -168.861
307  5  0  -168.861
528  1  0  -168.861
749  5  0  -168.861
87  3  0  -171.183
308  5  0  -174.042
529  1  0  -175.715
750  5  0  -177.275
88  3  0  11.8158
309  5  0  14.4642
530  1  0  15.9135
751  5  0  17.1346
89  3  0  11.1844
310  5  0  11.2048
531  1  0  11.2206
752  5  0  11.2458
90  3  0  12.1759
311  5  0  12.1759
532  1  0  12.1759
753  5  0  12.1759
91  3  0  13.2001
312  5  0  13.2
533  1  0  13.2
754  5  0  13.2
92  3  0  14.3734
313  5  0  14.3733
534  1  0  14.3733
755  5  0  14.3732
93  3  0  15.8854
314  5  0  15.8854
535  1  0  15.8854
756  5  0  15.8854
94  3  0  17.3971
315  5  0  17.3968
536  1  0  17.3967
757  5  0  17.3965
95  3  0  19.5014
316  5  0  19.5012
537  1  0  19.5011
758  5  0  19.5009
96  3  0  21.9842
317  5  0  21.9835
538  1  0  21.9831
759  5  0  21.9826
97  3  0  25.3925
318  5  0  25.3905
539  1  0  25.3893
760  5  0  25.388
98  3  0  30.6219
319  5  0  30.6143
540  1  0  30.6093
761  5  0  30.6043
99  3  0  40.072
320  5  0  40.0099
541  1  0  39.9689
762  5  0  39.9271
100  3  0  64.3849
321  5  0  64.4622
542  1  0  64.5148
763  5  0  64.5701
101  3  0  108.764
322  5  0  108.717
543  1  0  108.684
764  5  0  108.651
102  3  0  128.095
323  5  0  128.131
544  1  0  128.154
765  5  0  128.178
103  3  0  136.946
324  5  0  136.952
545  1  0  136.955
766  5  0  136.959
104  3  0  142.357
325  5  0  142.359
546  1  0  142.36
767  5  0  142.362
105  3  0  146.01
326  5  0  146.011
547  1  0  146.011
768  5  0  146.012
106  3  0  148.75
327  5  0  148.75
548  1  0  148.75
769  5  0  148.75
107  3  0  151.206
328  5  0  151.206
549  1  0  151.206
770  5  0  151.206
108  3  0  153.031
329  5  0  153.031
550  1  0  153.031
771  5  0  153.031
109  3  0  154.886
330  5  0  154.886
551  1  0  154.886
772  5  0  154.886
110  3  0  156.428
331  5  0  156.428
552  1  0  156.428
773  5  0  156.428
111  3  0  157.866
332  5  0  157.866
553  1  0  157.866
774  5  0  157.866
112  3  0  159.162
333  5  0  159.132
554  1  0  159.108
775  5  0  159.071
113  3  0  160.435
334  5  0  160.409
555  1  0  160.392
776  5  0  160.369
114  3  0  160
335  5  0  156.5
556  1  0  154.045
777  5  0  151.416
115  3  0  -16.9025
336  5  0  -13.5003
557  1  0  -11.124
778  5  0  -8.58684
116  3  0  -19.5682
337  5  0  -19.5683
558  1  0  -19.5683
779  5  0  -19.5684
117  3  0  -22.4241
338  5  0  -25.8229
559  1  0  -28.1963
780  5  0  -30.7299
118  3  0  160.639
339  5  0  164.055
560  1  0  166.447
781  5  0  169.006
119  3  0  160.454
340  5  0  160.454
561  1  0  160.454
782  5  0  160.454
120  3  0  161.588
341  5  0  161.588
562  1  0  161.588
783  5  0  161.588
121  3  0  162.666
342  5  0  162.666
563  6  0  170.44
784  5  0  177.964
122  3  0  163.709
343  5  0  163.709
564  6  0  163.709
785  5  0  163.709
123  3  0  164.704
344  5  0  164.704
565  6  0  164.704
786  5  0  164.704
124  3  0  165.663
345  5  0  165.663
566  6  0  165.663
787  5  0  165.663
125  3  0  166.649
346  5  0  166.649
567  6  0  166.649
788  5  0  166.649
126  3  0  167.603
347  5  0  167.603
568  6  0  167.603
789  5  0  167.604
127  3  0  168.469
348  5  0  168.469
569  6  0  168.469
790  5  0  168.469
128  3  0  169.316
349  5  0  169.316
570  6  0  169.316
791  5  0  169.316
129  3  0  170.134
350  5  0  170.134
571  6  0  170.134
792  5  0  170.134
130  3  0  170.92
351  5  0  170.92
572  6  0  170.92
793  5  0  170.92
131  3  0  171.716
352  5  0  171.716
573  6  0  171.716
794  5  0  171.716
132  3  0  172.475
353  5  0  172.475
574  6  0  172.475
795  5  0  172.475
133  3  0  173.297
354  5  0  173.297
575  6  0  173.297
796  5  0  173.297
134  3  0  173.965
355  5  0  173.965
576  6  0  173.965
797  5  0  173.965
135  3  0  174.755
356  5  0  174.755
577  6  0  174.755
798  5  0  174.755
136  3  0  175.539
357  5  0  175.539
578  6  0  175.539
799  5  0  175.539
137  3  0  176.26
358  5  0  176.26
579  6  0  176.26
800  5  0  176.26
138  3  0  176.932
359  5  0  176.932
580  6  0  176.932
801  5  0  176.932
139  3  0  177.608
360  5  0  177.608
581  6  0  177.608
802  5  0  177.608
140  3  0  178.347
361  5  0  178.347
582  6  0  178.347
803  5  0  178.347
141  3  0  178.998
362  5  0  178.998
583  6  0  178.998
804  5  0  178.998
142  3  0  179.853
363  5  0  179.853
584  6  0  179.853
805  5  0  179.852
143  3  0  -179.165
364  5  0  -179.165
585  6  0  -179.165
806  5  0  -179.165
144  3  0  -178.076
365  5  0  -178.076
586  6  0  -178.076
807  5  0  -178.076
145  3  0  -176.815
366  5  0  -176.815
587  6  0  -176.815
808  5  0  -176.815
146  3  0  -175.882
367  5  0  -175.882
588  6  0  -175.882
809  5  0  -175.882
147  3  0  -175.068
368  5  0  -175.068
589  6  0  -175.068
810  5  0  -175.068
148  3  0  -174.389
369  5  0  -174.389
590  6  0  -174.389
811  5  0  -174.389
149  3  0  -173.734
370  5  0  -173.734
591  6  0  -173.734
812  5  0  -173.734
150  3  0  -173.17
371  5  0  -173.17
592  6  0  -173.17
813  5  0  -173.17
151  3  0  -172.661
372  5  0  -172.661
593  6  0  -172.661
814  5  0  -172.661
152  3  0  -172.263
373  5  0  -172.263
594  6  0  -172.263
815  5  0  -172.263
153  3  0  -171.894
374  5  0  -171.894
595  6  0  -171.894
816  5  0  -171.894
154  3  0  -171.503
375  5  0  -171.503
596  6  0  -171.503
817  5  0  -171.503
155  3  0  -171.17
376  5  0  -171.17
597  6  0  -171.17
818  5  0  -171.17
156  3  0  -170.873
377  5  0  -170.873
598  6  0  -170.873
819  5  0  -170.873
157  3  0  -170.626
378  5  0  -170.626
599  6  0  -170.626
820  5  0  -170.626
158  3  0  -170.397
379  5  0  -170.397
600  6  0  -170.397
821  5  0  -170.397
159  3  0  -170.111
380  5  0  -170.111
601  6  0  -170.111
822  5  0  -170.111
160  3  0  -169.915
381  5  0  -169.915
602  6  0  -169.915
823  5  0  -169.915
161  3  0  -169.726
382  5  0  -169.726
603  6  0  -169.726
824  5  0  -169.726
162  3  0  -169.544
383  5  0  -169.544
604  6  0  -169.544
825  5  0  -169.544
163  3  0  -169.357
384  5  0  -169.357
605  6  0  -169.357
826  5  0  -169.357
164  3  0  -169.181
385  5  0  -169.181
606  6  0  -169.181
827  5  0  -169.18
165  3  0  -169.053
386  5  0  -169.054
607  6  0  -169.053
828  5  0  -169.053
166  3  0  -168.935
387  5  0  -168.936
608  6  0  -176.592
829  5  0  176.025
167  3  0  -168.794
388  5  0  -168.794
609  1  0  -168.794
830  5  0  -168.794
168  3  0  -168.686
389  5  0  -168.686
610  1  0  -168.686
831  5  0  -168.686
169  3  0  -168.542
390  5  0  -168.542
611  1  0  -168.542
832  5  0  -168.542
170  3  0  -168.467
391  5  0  -168.467
612  1  0  -168.467
833  5  0  -168.467
171  3  0  -168.372
392  5  0  -168.372
613  1  0  -168.372
834  5  0  -168.372
172  3  0  -168.297
393  5  0  -168.297
614  1  0  -168.297
835  5  0  -168.297
173  3  0  -168.246
394  5  0  -168.246
615  1  0  -168.246
836  5  0  -168.246
174  3  0  -168.158
395  5  0  -168.158
616  1  0  -168.158
837  5  0  -168.158
175  3  0  -168.082
396  5  0  -168.082
617  1  0  -168.082
838  5  0  -168.082
176  3  0  -168.057
397  5  0  -168.057
618  1  0  -168.057
839  5  0  -168.057
177  3  0  -168.007
398  5  0  -168.007
619  1  0  -168.007
840  5  0  -168.007
178  3  0  -167.965
399  5  0  -167.965
620  1  0  -167.965
841  5  0  -167.965
179  3  0  -167.929
400  5  0  -167.929
621  1  0  -167.929
842  5  0  -167.929
180  3  0  -167.902
401  5  0  -167.902
622  1  0  -167.902
843  5  0  -167.902
181  3  0  -167.897
402  5  0  -167.897
623  1  0  -167.897
844  5  0  -167.897
182  3  0  -167.883
403  5  0  -167.883
624  1  0  -167.883
845  5  0  -167.883
183  3  0  -167.861
404  5  0  -167.861
625  1  0  -167.861
846  5  0  -167.861
184  3  0  -167.856
405  5  0  -167.856
626  1  0  -167.856
847  5  0  -167.856
185  3  0  -167.872
406  5  0  -167.872
627  1  0  -167.872
848  5  0  -167.872
186  3  0  -167.913
407  5  0  -167.913
628  1  0  -167.913
849  5  0  -167.913
187  3  0  -167.918
408  5  0  -167.918
629  1  0  -167.918
850  5  0  -167.918
188  3  0  -167.967
409  5  0  -167.967
630  1  0  -167.967
851  5  0  -167.967
189  3  0  -168.027
410  5  0  -168.027
631  1  0  -168.027
852  5  0  -168.027
190  3  0  -168.083
411  5  0  -168.083
632  1  0  -168.083
853  5  0  -168.083
191  3  0  -168.156
412  5  0  -168.156
633  1  0  -168.156
854  5  0  -168.156
192  3  0  -168.216
413  5  0  -168.216
634  1  0  -168.216
855  5  0  -168.216
193  3  0  -168.332
414  5  0  -168.332
635  1  0  -168.332
856  5  0  -168.332
194  3  0  -168.436
415  5  0  -168.436
636  1  0  -168.436
857  5  0  -168.436
195  3  0  -168.546
416  5  0  -168.546
637  1  0  -168.546
858  5  0  -168.546
196  3  0  -168.716
417  5  0  -168.716
638  1  0  -168.716
859  5  0  -168.716
197  3  0  -168.893
418  5  0  -168.893
639  1  0  -168.893
860  5  0  -168.893
198  3  0  -169.081
419  5  0  -169.081
640  1  0  -169.081
861  5  0  -169.081
199  3  0  -169.335
420  5  0  -169.35
641  1  0  -169.359
862  5  0  -169.369
200  3  0  -158.43
421  5  0  -158.402
642  1  0  -158.361
863  5  0  -158.24
201  2  0  -90.1007
422  2  0  -90.1007
643  1  0  -90.1007
864  2  0  -90.1007
202  2  0  -90.1007
423  2  0  -90.1007
644  1  0  -90.1007
865  2  0  -90.1007
203  2  0  -90.1007
424  2  0  -90.1007
645  1  0  -90.1007
866  2  0  -90.1007
204  2  0  -90.1007
425  2  0  -90.1007
646  1  0  -90.1007
867  2  0  -90.1007
205  2  0  -90.1007
426  2  0  -90.1007
647  1  0  -90.1007
868  2  0  -90.1007
206  2  0  -90.1007
427  2  0  -90.1007
648  1  0  -90.1007
869  2  0  -90.1007
207  2  0  -90.1007
428  2  0  -90.1007
649  1  0  -90.1007
870  2  0  -90.1007
208  2  0  -90.1007
429  2  0  -90.1007
650  1  0  -90.1007
871  2  0  -90.1007
209  2  0  -90.1007
430  2  0  -90.1007
651  1  0  -90.1007
872  2  0  -90.1007
210  2  0  -90.1007
431  2  0  -90.1007
652  1  0  -90.1007
873  2  0  -90.1007
211  2  0  -90.1007
432  2  0  -90.1007
653  1  0  -90.1007
874  2  0  -90.1007
212  2  0  -94.7081
433  2  0  -94.7081
654  1  0  -94.7081
875  2  0  -94.7081
213  2  0  -94.7081
434  2  0  -94.7081
655  1  0  -94.7081
876  2  0  -94.7081
214  2  0  -94.7081
435  2  0  -94.7081
656  1  0  -94.7081
877  2  0  -94.7081
215  2  0  -94.7081
436  2  0  -94.7081
657  1  0  -94.7081
878  2  0  -94.7081
216  2  0  -94.7081
437  2  0  -94.7081
658  1  0  -94.7081
879  2  0  -94.7081
217  2  0  -94.7081
438  2  0  -94.7081
659  1  0  -94.7081
880  2  0  -94.7081
218  2  0  -94.7081
439  2  0  -94.7081
660  1  0  -94.7081
881  2  0  -94.7081
219  2  0  -94.7081
440  2  0  -94.7081
661  1  0  -94.7081
882  2  0  -94.7081
220  2  0  -94.7081
441  2  0  -94.7081
662  1  0  -94.7081
883  2  0  -94.7081
221  2  0  -94.7081
442  2  0  -94.7081
663  1  0  -94.7081
884  2  0  -94.7081
