1  -6.29600000e-01  -9.45579600e-04
2  -6.20602609e-01  -8.55107143e-04
3  -6.11605652e-01  -9.82517621e-04
4  -6.02613492e-01  -1.30447353e-03
5  -5.93628297e-01  -1.78311946e-03
6  -5.84651126e-01  -2.39474031e-03
7  -5.75682920e-01  -3.12644310e-03
8  -5.66723205e-01  -3.95573678e-03
9  -5.57772820e-01  -4.88025933e-03
10  -5.48830620e-01  -5.88115665e-03
11  -5.39896352e-01  -6.95062256e-03
12  -5.30969873e-01  -8.08330630e-03
13  -5.22050000e-01  -9.26688696e-03
14  -5.10653804e-01  -1.08405880e-02
15  -5.01282241e-01  -1.21811929e-02
16  -4.91916019e-01  -1.35586930e-02
17  -4.82553955e-01  -1.49641924e-02
18  -4.73195655e-01  -1.63945508e-02
19  -4.63840605e-01  -1.78460071e-02
20  -4.54487519e-01  -1.93100865e-02
21  -4.45136396e-01  -2.07866450e-02
22  -4.35786656e-01  -2.22719408e-02
23  -4.26437252e-01  -2.37593499e-02
24  -4.17087710e-01  -2.52458907e-02
25  -4.07737878e-01  -2.67306129e-02
26  -3.98387324e-01  -2.82107726e-02
27  -3.89035107e-01  -2.96803941e-02
28  -3.79680981e-01  -3.11378116e-02
29  -3.70324610e-01  -3.25807421e-02
30  -3.60965448e-01  -3.40054192e-02
31  -3.51603278e-01  -3.54101920e-02
32  -3.42238003e-01  -3.67941219e-02
33  -3.32869182e-01  -3.81538802e-02
34  -3.23495925e-01  -3.94826898e-02
35  -3.12100000e-01  -4.10609851e-02
36  -3.02896195e-01  -4.23022812e-02
37  -2.93688627e-01  -4.35153456e-02
38  -2.84476770e-01  -4.46954226e-02
39  -2.75259653e-01  -4.58337401e-02
40  -2.66038189e-01  -4.69361267e-02
41  -2.56812409e-01  -4.80017893e-02
42  -2.47581875e-01  -4.90255015e-02
43  -2.38346468e-01  -5.00043917e-02
44  -2.29106139e-01  -5.09354660e-02
45  -2.19861950e-01  -5.18273080e-02
46  -2.10613687e-01  -5.26761341e-02
47  -2.01361069e-01  -5.34761403e-02
48  -1.92104100e-01  -5.42240301e-02
49  -1.82843572e-01  -5.49259280e-02
50  -1.73579524e-01  -5.55802592e-02
51  -1.64311288e-01  -5.61725115e-02
52  -1.55039908e-01  -5.67129486e-02
53  -1.45765684e-01  -5.72019488e-02
54  -1.36488808e-01  -5.76374342e-02
55  -1.27209019e-01  -5.80068884e-02
56  -1.17926978e-01  -5.83136494e-02
57  -1.08643221e-01  -5.85628412e-02
58  -9.93581295e-02  -5.87563091e-02
59  -9.00720651e-02  -5.88977923e-02
60  -8.07851466e-02  -5.89615041e-02
61  -7.14980388e-02  -5.89766124e-02
62  -6.22109962e-02  -5.89420096e-02
63  -5.29242566e-02  -5.88581234e-02
64  -4.36381949e-02  -5.87169761e-02
65  -3.43530033e-02  -5.85270619e-02
66  -2.50692773e-02  -5.82768156e-02
67  -1.57873844e-02  -5.79659275e-02
68  -6.50777871e-03  -5.75931553e-02
69  2.76925412e-03  -5.71602676e-02
70  1.20433438e-02  -5.66681435e-02
71  2.13132244e-02  -5.61023047e-02
72  3.05785723e-02  -5.54666052e-02
73  3.98389396e-02  -5.47624260e-02
74  4.90934484e-02  -5.39855093e-02
75  5.83411879e-02  -5.31316130e-02
76  6.75810888e-02  -5.21965672e-02
77  7.68121446e-02  -5.11779436e-02
78  8.60323156e-02  -5.00653845e-02
79  9.52395869e-02  -4.88506313e-02
80  1.04433128e-01  -4.75360535e-02
81  1.13610816e-01  -4.61150496e-02
82  1.22769850e-01  -4.45783653e-02
83  1.31907405e-01  -4.29185800e-02
84  1.41020447e-01  -4.11289479e-02
85  1.50100000e-01  -3.91765625e-02
86  1.41092279e-01  -4.11145910e-02
87  1.32311762e-01  -4.28434775e-02
88  1.23250000e-01  -4.44952586e-02
89  1.32353790e-01  -4.28356716e-02
90  1.41432163e-01  -4.10422182e-02
91  1.50477798e-01  -3.90904697e-02
92  1.59487014e-01  -3.69773625e-02
93  1.68450983e-01  -3.46802247e-02
94  1.77351192e-01  -3.21473810e-02
95  1.86181399e-01  -2.93806331e-02
96  1.94903874e-01  -2.62915804e-02
97  2.03483555e-01  -2.28278656e-02
98  2.11841275e-01  -1.88605115e-02
99  2.19799334e-01  -1.41493215e-02
100  2.26861090e-01  -8.20245080e-03
101  2.30800000e-01  0.00000000e+00
102  2.27808125e-01  8.79538124e-03
103  2.22042594e-01  1.61543843e-02
104  2.15202626e-01  2.25455591e-02
105  2.07788176e-01  2.82644674e-02
106  2.00023120e-01  3.35001467e-02
107  1.92015921e-01  3.83590515e-02
108  1.83807768e-01  4.28704846e-02
109  1.75459987e-01  4.71182661e-02
110  1.66978965e-01  5.10936369e-02
111  1.58394146e-01  5.48392137e-02
112  1.49717852e-01  5.83683568e-02
113  1.40962947e-01  6.16981633e-02
114  1.32136344e-01  6.48328458e-02
115  1.23250000e-01  6.77938437e-02
116  1.32349646e-01  6.47606393e-02
117  1.41132237e-01  6.16387870e-02
118  1.50100000e-01  5.82156000e-02
119  1.41153229e-01  6.16315111e-02
120  1.32128401e-01  6.48355345e-02
121  1.23041991e-01  6.78602911e-02
122  1.13900338e-01  7.07135500e-02
123  1.04708319e-01  7.33999491e-02
124  9.54710079e-02  7.59262645e-02
125  8.61927314e-02  7.82976947e-02
126  7.68750191e-02  8.05090956e-02
127  6.75217096e-02  8.25649804e-02
128  5.81383658e-02  8.44792771e-02
129  4.87278291e-02  8.62547688e-02
130  3.92929297e-02  8.78955866e-02
131  2.98363309e-02  8.94069280e-02
132  2.03595887e-02  9.07867947e-02
133  1.08654332e-02  9.20409276e-02
134  1.35419596e-03  9.31588186e-02
135  -8.16944906e-03  9.41655974e-02
136  -1.77059667e-02  9.50411245e-02
137  -2.72535872e-02  9.57859861e-02
138  -3.68097152e-02  9.64105925e-02
139  -4.63726522e-02  9.69231397e-02
140  -5.59409577e-02  9.73227544e-02
141  -6.55137105e-02  9.75990708e-02
142  -7.50889177e-02  9.77665237e-02
143  -8.46654603e-02  9.77911509e-02
144  -9.42404971e-02  9.76515943e-02
145  -1.03811666e-01  9.73299906e-02
146  -1.13373554e-01  9.67979374e-02
147  -1.22925515e-01  9.61103031e-02
148  -1.32466595e-01  9.52870084e-02
149  -1.41997253e-01  9.43507400e-02
150  -1.51516773e-01  9.33054806e-02
151  -1.61025561e-01  9.21666376e-02
152  -1.70523844e-01  9.09432608e-02
153  -1.80013330e-01  8.96539695e-02
154  -1.89494359e-01  8.83035802e-02
155  -1.98965997e-01  8.68885627e-02
156  -2.08429249e-01  8.54185832e-02
157  -2.17884728e-01  8.38994348e-02
158  -2.27333570e-01  8.23395709e-02
159  -2.36776128e-01  8.07419595e-02
160  -2.46210600e-01  7.90972526e-02
161  -2.55639388e-01  7.74203382e-02
162  -2.65062577e-01  7.57122407e-02
163  -2.74480285e-01  7.39741672e-02
164  -2.83892300e-01  7.22054744e-02
165  -2.93298812e-01  7.04077702e-02
166  -3.02701292e-01  6.85890846e-02
167  -3.12100000e-01  6.67510159e-02
168  -3.23500780e-01  6.44924148e-02
169  -3.32879526e-01  6.26160066e-02
170  -3.42253506e-01  6.07159302e-02
171  -3.51625010e-01  5.88036796e-02
172  -3.60993313e-01  5.68758299e-02
173  -3.70359089e-01  5.49357203e-02
174  -3.79723128e-01  5.29872444e-02
175  -3.89084180e-01  5.10244620e-02
176  -3.98442622e-01  4.90492775e-02
177  -4.07800182e-01  4.70699138e-02
178  -4.17156020e-01  4.50824348e-02
179  -4.26510399e-01  4.30880940e-02
180  -4.35863526e-01  4.10878912e-02
181  -4.45215708e-01  3.90832721e-02
182  -4.54567731e-01  3.70779150e-02
183  -4.63919264e-01  3.50702682e-02
184  -4.73270001e-01  3.30589180e-02
185  -4.82620564e-01  3.10467635e-02
186  -4.91971688e-01  2.90372146e-02
187  -5.01324261e-01  2.70344228e-02
188  -5.10676998e-01  2.50323974e-02
189  -5.22050000e-01  2.26081810e-02
190  -5.30993934e-01  2.07115578e-02
191  -5.39939697e-01  1.88235808e-02
192  -5.48887867e-01  1.69470428e-02
193  -5.57837988e-01  1.50798444e-02
194  -5.66791876e-01  1.32307999e-02
195  -5.75749096e-01  1.13979530e-02
196  -5.84709844e-01  9.58243562e-03
197  -5.93675908e-01  7.79337144e-03
198  -6.02647472e-01  6.03209658e-03
199  -6.11624769e-01  4.30028729e-03
200  -6.20609449e-01  2.60718347e-03
201  -3.02719010e-01  5.85080514e-02
202  -3.02736728e-01  4.84270181e-02
203  -3.02754447e-01  3.83459849e-02
204  -3.02772165e-01  2.82649516e-02
205  -3.02789884e-01  1.81839184e-02
206  -3.02807602e-01  8.10288510e-03
207  -3.02825321e-01  -1.97814815e-03
208  -3.02843039e-01  -1.20591814e-02
209  -3.02860758e-01  -2.21402147e-02
210  -3.02878476e-01  -3.22212479e-02
211  1.40102032e-01  5.12447798e-02
212  1.39241116e-01  4.07913963e-02
213  1.38380200e-01  3.03380129e-02
214  1.37519284e-01  1.98846294e-02
215  1.36658369e-01  9.43124588e-03
216  1.35797453e-01  -1.02213761e-03
217  1.34936537e-01  -1.14755211e-02
218  1.34075621e-01  -2.19289046e-02
219  1.33214705e-01  -3.23822881e-02
2439  -6.26905584e-01  -4.18460869e-04
2440  -6.20601583e-01  -3.55108196e-04
2441  -6.11593166e-01  -4.82673546e-04
2442  -6.02591247e-01  -8.04968611e-04
2443  -5.93598004e-01  -1.28403796e-03
2444  -5.84613802e-01  -1.89613531e-03
2445  -5.75639549e-01  -2.62832772e-03
2446  -5.66674476e-01  -3.45811692e-03
2447  -5.57719324e-01  -4.38312940e-03
2448  -5.48773097e-01  -5.38447657e-03
2449  -5.39835168e-01  -6.45438022e-03
2450  -5.30905518e-01  -7.58746514e-03
2451  -5.21982917e-01  -8.77140747e-03
2452  -5.10584204e-01  -1.03454559e-02
2453  -5.01210462e-01  -1.16863719e-02
2454  -4.91842527e-01  -1.30641236e-02
2455  -4.82479067e-01  -1.44698325e-02
2456  -4.73119553e-01  -1.59003762e-02
2457  -4.63763613e-01  -1.73519705e-02
2458  -4.54409864e-01  -1.88161536e-02
2459  -4.45058181e-01  -2.02928005e-02
2460  -4.35708154e-01  -2.17781418e-02
2461  -4.26358717e-01  -2.32655561e-02
2462  -4.17009246e-01  -2.47520857e-02
2463  -4.07659583e-01  -2.62367811e-02
2464  -3.98309427e-01  -2.77168777e-02
2465  -3.88957811e-01  -2.91864049e-02
2466  -3.79604390e-01  -3.06437126e-02
2467  -3.70248883e-01  -3.20865099e-02
2468  -3.60890729e-01  -3.35110337e-02
2469  -3.51529635e-01  -3.49156450e-02
2470  -3.42165549e-01  -3.62993994e-02
2471  -3.32798183e-01  -3.76589467e-02
2472  -3.23426538e-01  -3.89875278e-02
2473  -3.12032289e-01  -4.05655911e-02
2474  -3.02638868e-01  -4.18321615e-02
2475  -2.93624206e-01  -4.30195130e-02
2476  -2.84414361e-01  -4.41993328e-02
2477  -2.75199335e-01  -4.53373916e-02
2478  -2.65979827e-01  -4.64395445e-02
2479  -2.56756165e-01  -4.75049628e-02
2480  -2.47527967e-01  -4.85284161e-02
2481  -2.38295054e-01  -4.95070422e-02
2482  -2.29057068e-01  -5.04378798e-02
2483  -2.19815093e-01  -5.13295084e-02
2484  -2.10569302e-01  -5.21781080e-02
2485  -2.01319401e-01  -5.29778795e-02
2486  -1.92065073e-01  -5.37255555e-02
2487  -1.82807063e-01  -5.44272627e-02
2488  -1.73545967e-01  -5.50813865e-02
2489  -1.64280797e-01  -5.56734421e-02
2490  -1.55012196e-01  -5.62137171e-02
2491  -1.45740798e-01  -5.67025685e-02
2492  -1.36467140e-01  -5.71379039e-02
2493  -1.27190816e-01  -5.75072199e-02
2494  -1.17912012e-01  -5.78138734e-02
2495  -1.08631305e-01  -5.80629832e-02
2496  -9.93491129e-02  -5.82563904e-02
2497  -9.00665414e-02  -5.83978228e-02
2498  -8.07830248e-02  -5.84615086e-02
2499  -7.14985636e-02  -5.84766127e-02
2500  -6.22141858e-02  -5.84420198e-02
2501  -5.29303143e-02  -5.83581601e-02
2502  -4.36471068e-02  -5.82170555e-02
2503  -3.43648521e-02  -5.80272023e-02
2504  -2.50843826e-02  -5.77770438e-02
2505  -1.58057880e-02  -5.74662663e-02
2506  -6.52946641e-03  -5.70936259e-02
2507  2.74435363e-03  -5.66608880e-02
2508  1.20148643e-02  -5.61689552e-02
2509  2.12808800e-02  -5.56033520e-02
2510  3.05425038e-02  -5.49679078e-02
2511  3.97990695e-02  -5.42640182e-02
2512  4.90495479e-02  -5.34874403e-02
2513  5.82930307e-02  -5.26339375e-02
2514  6.75284973e-02  -5.16993408e-02
2515  7.67547742e-02  -5.06812459e-02
2516  8.59696653e-02  -4.95693251e-02
2517  9.51714984e-02  -4.83552890e-02
2518  1.04359487e-01  -4.70415062e-02
2519  1.13531196e-01  -4.56214297e-02
2520  1.22683802e-01  -4.40858252e-02
2521  1.31814547e-01  -4.24272782e-02
2522  1.40919711e-01  -4.06392007e-02
2523  1.50588820e-01  -3.90714214e-02
2524  1.41193165e-01  -4.16043072e-02
2525  1.32404893e-01  -4.33347275e-02
2526  1.22758106e-01  -4.45849252e-02
2527  1.32657829e-01  -4.22689936e-02
2528  1.41330979e-01  -4.05525634e-02
2529  1.50367977e-01  -3.86026794e-02
2530  1.59367859e-01  -3.64917679e-02
2531  1.68320483e-01  -3.41975554e-02
2532  1.77208002e-01  -3.16683229e-02
2533  1.86023166e-01  -2.89063313e-02
2534  1.94726786e-01  -2.58239912e-02
2535  2.03282670e-01  -2.23699955e-02
2536  2.11606466e-01  -1.84190767e-02
2537  2.19509953e-01  -1.37415736e-02
2538  2.26465877e-01  -7.89617200e-03
2539  2.30260865e-01  3.23344909e-05
2540  2.27368434e-01  8.55732362e-03
2541  2.21674015e-01  1.58165242e-02
2542  2.14878895e-01  2.21645101e-02
2543  2.07495577e-01  2.78590222e-02
2544  1.99753586e-01  3.30790154e-02
2545  1.91765753e-01  3.79261360e-02
2546  1.83573943e-01  4.24285279e-02
2547  1.75240474e-01  4.66690291e-02
2548  1.66772866e-01  5.06380898e-02
2549  1.58199961e-01  5.43784618e-02
2550  1.49534772e-01  5.79030809e-02
2551  1.41170166e-01  6.10892442e-02
2552  1.31973641e-01  6.43600588e-02
2553  1.23724351e-01  6.76357569e-02
2554  1.32512443e-01  6.52333942e-02
2555  1.41305136e-01  6.21079413e-02
2556  1.49632882e-01  5.83939281e-02
2557  1.40980403e-01  6.11623295e-02
2558  1.31965790e-01  6.43627156e-02
2559  1.22888537e-01  6.73844215e-02
2560  1.13755717e-01  7.02349220e-02
2561  1.04572234e-01  7.29188246e-02
2562  9.53431455e-02  7.54428897e-02
2563  8.60730900e-02  7.78122197e-02
2564  7.67636160e-02  8.00216642e-02
2565  6.74180639e-02  8.20758408e-02
2566  5.80420401e-02  8.39886435e-02
2567  4.86386425e-02  8.57627874e-02
2568  3.92106394e-02  8.74024048e-02
2569  2.97608535e-02  8.89126577e-02
2570  2.02908262e-02  9.02915455e-02
2571  1.08035096e-02  9.15447769e-02
2572  1.29873051e-03  9.26619045e-02
2573  -8.21858802e-03  9.36680179e-02
2574  -1.77482683e-02  9.45429171e-02
2575  -2.72893384e-02  9.52872659e-02
2576  -3.68394015e-02  9.59114746e-02
2577  -4.63964647e-02  9.64237071e-02
2578  -5.59586033e-02  9.68230659e-02
2579  -6.55252953e-02  9.70992050e-02
2580  -7.50939321e-02  9.72665488e-02
2581  -8.46624597e-02  9.72911599e-02
2582  -9.42284576e-02  9.71517393e-02
2583  -1.03789380e-01  9.68304875e-02
2584  -1.13341713e-01  9.62989523e-02
2585  -1.22886071e-01  9.56118614e-02
2586  -1.32420660e-01  9.47891229e-02
2587  -1.41945524e-01  9.38534231e-02
2588  -1.51459756e-01  9.28087421e-02
2589  -1.60963895e-01  9.16704549e-02
2590  -1.70458250e-01  9.04475820e-02
2591  -1.79944421e-01  8.91587408e-02
2592  -1.89422168e-01  8.78088192e-02
2593  -1.98890684e-01  8.63942673e-02
2594  -2.08351218e-01  8.49247096e-02
2595  -2.17804350e-01  8.34059376e-02
2596  -2.27251144e-01  8.18464117e-02
2597  -2.36691487e-01  8.02491756e-02
2598  -2.46123889e-01  7.86048287e-02
2599  -2.55551022e-01  7.69282086e-02
2600  -2.64972615e-01  7.52204005e-02
2601  -2.74388741e-01  7.34826189e-02
2602  -2.83799200e-01  7.17142186e-02
2603  -2.93204407e-01  6.99167635e-02
2604  -3.02445599e-01  6.81294464e-02
2605  -3.12003434e-01  6.62604295e-02
2606  -3.23403151e-01  6.40020388e-02
2607  -3.32780816e-01  6.21258471e-02
2608  -3.42153859e-01  6.02259603e-02
2609  -3.51524637e-01  5.83138579e-02
2610  -3.60892212e-01  5.63861579e-02
2611  -3.70257449e-01  5.44461600e-02
2612  -3.79620895e-01  5.24978075e-02
2613  -3.88981249e-01  5.05351714e-02
2614  -3.98339258e-01  4.85600783e-02
2615  -4.07696497e-01  4.65807826e-02
2616  -4.17051943e-01  4.45933867e-02
2617  -4.26405990e-01  4.25991168e-02
2618  -4.35758848e-01  4.05989715e-02
2619  -4.45110895e-01  3.85943812e-02
2620  -4.54462839e-01  3.65890411e-02
2621  -4.63814215e-01  3.45814280e-02
2622  -4.73164835e-01  3.25701031e-02
2623  -4.82515445e-01  3.05579385e-02
2624  -4.91866813e-01  2.85483370e-02
2625  -5.01219583e-01  2.65455031e-02
2626  -5.10572551e-01  2.45434283e-02
2627  -5.21946021e-01  2.21191121e-02
2628  -5.30890448e-01  2.02223843e-02
2629  -5.39836761e-01  1.83342914e-02
2630  -5.48785499e-01  1.64576342e-02
2631  -5.57736371e-01  1.45902792e-02
2632  -5.66691199e-01  1.27410407e-02
2633  -5.75649336e-01  1.09080062e-02
2634  -5.84611281e-01  9.09224661e-03
2635  -5.93578828e-01  7.30288653e-03
2636  -6.02551957e-01  5.54130440e-03
2637  -6.11531118e-01  3.80913603e-03
2638  -6.20470649e-01  2.12683521e-03
2639  -3.02462510e-01  5.85076006e-02
2640  -3.02480228e-01  4.84265673e-02
2641  -3.02497947e-01  3.83455341e-02
2642  -3.02515665e-01  2.82645008e-02
2643  -3.02533384e-01  1.81834676e-02
2644  -3.02551102e-01  8.10243427e-03
2645  -3.02568821e-01  -1.97859898e-03
2646  -3.02586539e-01  -1.20596322e-02
2647  -3.02604258e-01  -2.21406655e-02
2648  -3.02621976e-01  -3.22216987e-02
2649  1.40357667e-01  5.12237264e-02
2650  1.39496751e-01  4.07703428e-02
2651  1.38635835e-01  3.03169594e-02
2652  1.37774919e-01  1.98635760e-02
2653  1.36914004e-01  9.41019244e-03
2654  1.36053088e-01  -1.04319106e-03
2655  1.35192172e-01  -1.14965746e-02
2656  1.34331256e-01  -2.19499581e-02
2657  1.33470340e-01  -3.24033415e-02
4877  -6.24071059e-01  1.36068035e-04
4878  -6.20600503e-01  1.70890695e-04
4879  -6.11580031e-01  4.31624200e-05
4880  -6.02567845e-01  -2.79489436e-04
4881  -5.93566136e-01  -7.59004227e-04
4882  -5.84574538e-01  -1.37160286e-03
4883  -5.75593922e-01  -2.10431033e-03
4884  -5.66623214e-01  -2.93462083e-03
4885  -5.57663046e-01  -3.86014872e-03
4886  -5.48712583e-01  -4.86196912e-03
4887  -5.39770802e-01  -5.93233327e-03
4888  -5.30837817e-01  -7.06584024e-03
4889  -5.21912347e-01  -8.25016304e-03
4890  -5.10510984e-01  -9.82457695e-03
4891  -5.01134951e-01  -1.11658202e-02
4892  -4.91765213e-01  -1.25438366e-02
4893  -4.82400284e-01  -1.39497658e-02
4894  -4.73039494e-01  -1.53805046e-02
4895  -4.63682617e-01  -1.68322439e-02
4896  -4.54328171e-01  -1.82965362e-02
4897  -4.44975898e-01  -1.97732762e-02
4898  -4.35625570e-01  -2.12586653e-02
4899  -4.26276099e-01  -2.27460851e-02
4900  -4.16926702e-01  -2.42326027e-02
4901  -4.07577216e-01  -2.57172701e-02
4902  -3.98227480e-01  -2.71973004e-02
4903  -3.88876496e-01  -2.86667283e-02
4904  -3.79523816e-01  -3.01239205e-02
4905  -3.70169219e-01  -3.15665776e-02
4906  -3.60812125e-01  -3.29909401e-02
4907  -3.51452163e-01  -3.43953816e-02
4908  -3.42089327e-01  -3.57789513e-02
4909  -3.32723493e-01  -3.71382766e-02
4910  -3.23353542e-01  -3.84666174e-02
4911  -3.11961056e-01  -4.00444367e-02
4912  -3.02381495e-01  -4.13358179e-02
4913  -2.93556435e-01  -4.24978972e-02
4914  -2.84348707e-01  -4.36774462e-02
4915  -2.75135881e-01  -4.48152331e-02
4916  -2.65918431e-01  -4.59171400e-02
4917  -2.56696996e-01  -4.69823012e-02
4918  -2.47471256e-01  -4.80054822e-02
4919  -2.38240966e-01  -4.89838305e-02
4920  -2.29005445e-01  -4.99144191e-02
4921  -2.19765799e-01  -5.08058233e-02
4922  -2.10522609e-01  -5.16541846e-02
4923  -2.01275566e-01  -5.24537092e-02
4924  -1.92024017e-01  -5.32011603e-02
4925  -1.82768657e-01  -5.39026667e-02
4926  -1.73510665e-01  -5.45565725e-02
4927  -1.64248721e-01  -5.51484210e-02
4928  -1.54983044e-01  -5.56885256e-02
4929  -1.45714617e-01  -5.61772205e-02
4930  -1.36444345e-01  -5.66123981e-02
4931  -1.27171666e-01  -5.69815686e-02
4932  -1.17896268e-01  -5.72881091e-02
4933  -1.08618769e-01  -5.75371326e-02
4934  -9.93396275e-02  -5.77304759e-02
4935  -9.00607305e-02  -5.78718549e-02
4936  -8.07807927e-02  -5.79355133e-02
4937  -7.14991156e-02  -5.79506130e-02
4938  -6.22175413e-02  -5.79160305e-02
4939  -5.29366870e-02  -5.78321987e-02
4940  -4.36564820e-02  -5.76911391e-02
4941  -3.43773169e-02  -5.75013500e-02
4942  -2.51002734e-02  -5.72512839e-02
4943  -1.58251486e-02  -5.69406227e-02
4944  -6.55228187e-03  -5.65681209e-02
4945  2.71815832e-03  -5.61355407e-02
4946  1.19849039e-02  -5.56438092e-02
4947  2.12468537e-02  -5.50784537e-02
4948  3.05045598e-02  -5.44432782e-02
4949  3.97571262e-02  -5.37396931e-02
4950  4.90033646e-02  -5.29634717e-02
4951  5.82423694e-02  -5.21103829e-02
4952  6.74731710e-02  -5.11762586e-02
4953  7.66944206e-02  -5.01587198e-02
4954  8.59037571e-02  -4.90474706e-02
4955  9.50998692e-02  -4.78341890e-02
4956  1.04282017e-01  -4.65212425e-02
4957  1.13447435e-01  -4.51021415e-02
4958  1.22593279e-01  -4.35676731e-02
4959  1.31716861e-01  -4.19104287e-02
4960  1.40813737e-01  -4.01239866e-02
4961  1.51103059e-01  -3.89608130e-02
4962  1.41299298e-01  -4.21194887e-02
4963  1.32502868e-01  -4.38515224e-02
4964  1.22240633e-01  -4.46792544e-02
4965  1.32964081e-01  -4.16754304e-02
4966  1.41224534e-01  -4.00374465e-02
4967  1.50252446e-01  -3.80895240e-02
4968  1.59242508e-01  -3.59809224e-02
4969  1.68183196e-01  -3.36897874e-02
4970  1.77057367e-01  -3.11643537e-02
4971  1.85856704e-01  -2.84073657e-02
4972  1.94540488e-01  -2.53320873e-02
4973  2.03071338e-01  -2.18883162e-02
4974  2.11359447e-01  -1.79546872e-02
4975  2.19205523e-01  -1.33126227e-02
4976  2.26050113e-01  -7.57396671e-03
4977  2.29693694e-01  6.63503753e-05
4978  2.26905878e-01  8.30688700e-03
4979  2.21286270e-01  1.54610954e-02
4980  2.14538330e-01  2.17636466e-02
4981  2.07187763e-01  2.74324939e-02
4982  1.99470037e-01  3.26359853e-02
4983  1.91502576e-01  3.74707089e-02
4984  1.83327959e-01  4.19635894e-02
4985  1.75009546e-01  4.61964317e-02
4986  1.66556050e-01  5.01588542e-02
4987  1.57995679e-01  5.38937508e-02
4988  1.49342172e-01  5.74136106e-02
4989  1.41375171e-01  6.04534374e-02
4990  1.31802476e-01  6.38626868e-02
4991  1.24223368e-01  6.74694496e-02
4992  1.32683705e-01  6.57307323e-02
4993  1.41487027e-01  6.26014917e-02
4994  1.49141474e-01  5.85815293e-02
4995  1.40798591e-01  6.06687505e-02
4996  1.31794723e-01  6.38653101e-02
4997  1.22727103e-01  6.68838067e-02
4998  1.13603576e-01  6.97314054e-02
4999  1.04429072e-01  7.24126817e-02
5000  9.52086343e-02  7.49343794e-02
5001  8.59472273e-02  7.73015001e-02
5002  7.66464200e-02  7.95088864e-02
5003  6.73090287e-02  8.15612659e-02
5004  5.79407054e-02  8.34724969e-02
5005  4.85448182e-02  8.52452229e-02
5006  3.91240699e-02  8.68835775e-02
5007  2.96814514e-02  8.83926853e-02
5008  2.02184881e-02  8.97705434e-02
5009  1.07383661e-02  9.10228265e-02
5010  1.24038086e-03  9.21391509e-02
5011  -8.27028220e-03  9.31445643e-02
5012  -1.77927696e-02  9.40188030e-02
5013  -2.73269486e-02  9.47626122e-02
5014  -3.68706315e-02  9.53864025e-02
5015  -4.64215155e-02  9.58983039e-02
5016  -5.59771665e-02  9.62973935e-02
5017  -6.55374825e-02  9.65733462e-02
5018  -7.50992073e-02  9.67405753e-02
5019  -8.46593031e-02  9.67651694e-02
5020  -9.42157920e-02  9.66258918e-02
5021  -1.03765935e-01  9.63050103e-02
5022  -1.13308216e-01  9.57740199e-02
5023  -1.22844575e-01  9.50875007e-02
5024  -1.32372336e-01  9.42653474e-02
5025  -1.41891105e-01  9.33302457e-02
5026  -1.51399775e-01  9.22861732e-02
5027  -1.60899022e-01  9.11484707e-02
5028  -1.70389246e-01  8.99261279e-02
5029  -1.79871928e-01  8.86377601e-02
5030  -1.89346223e-01  8.72883307e-02
5031  -1.98811455e-01  8.58742685e-02
5032  -2.08269129e-01  8.44051546e-02
5033  -2.17719793e-01  8.28867786e-02
5034  -2.27164432e-01  8.13276082e-02
5035  -2.36602446e-01  7.97307669e-02
5036  -2.46032670e-01  7.80867988e-02
5037  -2.55458062e-01  7.64104883e-02
5038  -2.64877975e-01  7.47029845e-02
5039  -2.74292437e-01  7.29655101e-02
5040  -2.83701258e-01  7.11974174e-02
5041  -2.93105092e-01  6.94002244e-02
5042  -3.02189953e-01  6.76433119e-02
5043  -3.11901847e-01  6.57443325e-02
5044  -3.23300446e-01  6.34861632e-02
5045  -3.32676973e-01  6.16101993e-02
5046  -3.42049031e-01  5.97105119e-02
5047  -3.51419045e-01  5.77985654e-02
5048  -3.60785854e-01  5.58710231e-02
5049  -3.70150524e-01  5.39311425e-02
5050  -3.79513347e-01  5.19829198e-02
5051  -3.88872966e-01  5.00204377e-02
5052  -3.98230519e-01  4.80454407e-02
5053  -4.07587420e-01  4.60662166e-02
5054  -4.16942454e-01  4.40789082e-02
5055  -4.26296151e-01  4.20847129e-02
5056  -4.35648727e-01  4.00846279e-02
5057  -4.45000632e-01  3.80800681e-02
5058  -4.54352493e-01  3.60747458e-02
5059  -4.63703704e-01  3.40671680e-02
5060  -4.73054199e-01  3.20558698e-02
5061  -4.82404859e-01  3.00436945e-02
5062  -4.91756485e-01  2.80340378e-02
5063  -5.01109462e-01  2.60311595e-02
5064  -5.10462673e-01  2.40290327e-02
5065  -5.21836635e-01  2.16046117e-02
5066  -5.30781582e-01  1.97077737e-02
5067  -5.39728471e-01  1.78195590e-02
5068  -5.48677807e-01  1.59427764e-02
5069  -5.57629471e-01  1.40752566e-02
5070  -5.66585286e-01  1.22258140e-02
5071  -5.75544388e-01  1.03925822e-02
5072  -5.84507592e-01  8.57656776e-03
5073  -5.93476700e-01  6.78689641e-03
5074  -6.02451476e-01  5.02499103e-03
5075  -6.11432598e-01  3.29244490e-03
5076  -6.20324631e-01  1.62150884e-03
5077  -3.02206011e-01  5.85071498e-02
5078  -3.02223729e-01  4.84261164e-02
5079  -3.02241448e-01  3.83450832e-02
5080  -3.02259166e-01  2.82640499e-02
5081  -3.02276885e-01  1.81830167e-02
5082  -3.02294603e-01  8.10198345e-03
5083  -3.02312322e-01  -1.97904980e-03
5084  -3.02330040e-01  -1.20600831e-02
5085  -3.02347759e-01  -2.21411164e-02
5086  -3.02365477e-01  -3.22221496e-02
5087  1.40613301e-01  5.12026729e-02
5088  1.39752385e-01  4.07492894e-02
5089  1.38891469e-01  3.02959060e-02
5090  1.38030553e-01  1.98425225e-02
5091  1.37169638e-01  9.38913899e-03
5092  1.36308722e-01  -1.06424452e-03
5093  1.35447806e-01  -1.15176280e-02
5094  1.34586890e-01  -2.19710115e-02
5095  1.33725974e-01  -3.24243950e-02
7315  -6.23359734e-01  2.75227380e-04
7316  -6.20600232e-01  3.02890417e-04
7317  -6.11576734e-01  1.75121256e-04
7318  -6.02561973e-01  -1.47620137e-04
7319  -5.93558139e-01  -6.27246711e-04
7320  -5.84564684e-01  -1.23997114e-03
7321  -5.75582472e-01  -1.97280787e-03
7322  -5.66610350e-01  -2.80324918e-03
7323  -5.57648923e-01  -3.72890642e-03
7324  -5.48697397e-01  -4.73084558e-03
7325  -5.39754649e-01  -5.80132529e-03
7326  -5.30820827e-01  -6.93493818e-03
7327  -5.21894637e-01  -8.11935645e-03
7328  -5.10492610e-01  -9.69386208e-03
7329  -5.01116001e-01  -1.10351875e-02
7330  -4.91745811e-01  -1.24132703e-02
7331  -4.82380514e-01  -1.38192548e-02
7332  -4.73019403e-01  -1.52500425e-02
7333  -4.63662291e-01  -1.67018183e-02
7334  -4.54307670e-01  -1.81661380e-02
7335  -4.44955249e-01  -1.96429012e-02
7336  -4.35604846e-01  -2.11283023e-02
7337  -4.26255365e-01  -2.26157235e-02
7338  -4.16905988e-01  -2.41022382e-02
7339  -4.07556546e-01  -2.55868985e-02
7340  -3.98206916e-01  -2.70669121e-02
7341  -3.88856089e-01  -2.85363151e-02
7342  -3.79503596e-01  -2.99934784e-02
7343  -3.70149227e-01  -3.14361003e-02
7344  -3.60792399e-01  -3.28604223e-02
7345  -3.51432721e-01  -3.42648212e-02
7346  -3.42070199e-01  -3.56483445e-02
7347  -3.32704749e-01  -3.70076142e-02
7348  -3.23335224e-01  -3.83358947e-02
7349  -3.11590270e-01  -3.73316593e-02
7350  -3.02244672e-01  -3.85918364e-02
7351  -2.93203666e-01  -3.97827180e-02
7352  -2.84006956e-01  -4.09608583e-02
7353  -2.74805582e-01  -4.20972289e-02
7354  -2.65598841e-01  -4.31978558e-02
7355  -2.56389004e-01  -4.42616791e-02
7356  -2.47176055e-01  -4.52834425e-02
7357  -2.37959420e-01  -4.62603444e-02
7358  -2.28736731e-01  -4.71896372e-02
7359  -2.19509209e-01  -4.80798729e-02
7360  -2.10279557e-01  -4.89269938e-02
7361  -2.01047393e-01  -4.97252333e-02
7362  -1.91810305e-01  -5.04715136e-02
7363  -1.82568736e-01  -5.11719753e-02
7364  -1.73326907e-01  -5.18247458e-02
7365  -1.64081752e-01  -5.24155168e-02
7366  -1.54831295e-01  -5.29547340e-02
7367  -1.45578339e-01  -5.34426140e-02
7368  -1.36325689e-01  -5.38769704e-02
7369  -1.27071986e-01  -5.42453837e-02
7370  -1.17814316e-01  -5.45513359e-02
7371  -1.08553517e-01  -5.47999103e-02
7372  -9.92902527e-02  -5.49929212e-02
7373  -9.00304828e-02  -5.51340220e-02
7374  -8.07691740e-02  -5.51975380e-02
7375  -7.15019893e-02  -5.52126145e-02
7376  -6.22350076e-02  -5.51780862e-02
7377  -5.29698590e-02  -5.50943997e-02
7378  -4.37052834e-02  -5.49535740e-02
7379  -3.44422007e-02  -5.47641189e-02
7380  -2.51829900e-02  -5.45145337e-02
7381  -1.59259268e-02  -5.42044780e-02
7382  -6.67104370e-03  -5.38326978e-02
7383  2.58180325e-03  -5.34009381e-02
7384  1.18289503e-02  -5.29102543e-02
7385  2.10697358e-02  -5.23461885e-02
7386  3.03070489e-02  -5.17124114e-02
7387  3.95387975e-02  -5.10104118e-02
7388  4.87629657e-02  -5.02360457e-02
7389  5.79786607e-02  -4.93851120e-02
7390  6.71851797e-02  -4.84534466e-02
7391  7.63802605e-02  -4.74388030e-02
7392  8.55606840e-02  -4.63310493e-02
7393  9.47270163e-02  -4.51216948e-02
7394  1.03878759e-01  -4.38131016e-02
7395  1.13011435e-01  -4.23990789e-02
7396  1.22122079e-01  -4.08705238e-02
7397  1.31692347e-01  -4.17807250e-02
7398  1.40787143e-01  -3.99946934e-02
7399  1.51232108e-01  -3.89330557e-02
7400  1.41325932e-01  -4.22487737e-02
7401  1.32527454e-01  -4.39812124e-02
7402  1.22110773e-01  -4.47029264e-02
7403  1.33109874e-01  -4.15133830e-02
7404  1.41197821e-01  -3.99081777e-02
7405  1.50223453e-01  -3.79607473e-02
7406  1.59211051e-01  -3.58527254e-02
7407  1.68148744e-01  -3.35623627e-02
7408  1.77019565e-01  -3.10378823e-02
7409  1.85814931e-01  -2.82821501e-02
7410  1.94493737e-01  -2.52086438e-02
7411  2.03018304e-01  -2.17674385e-02
7412  2.11297457e-01  -1.78381484e-02
7413  2.19129127e-01  -1.32049773e-02
7414  2.25945777e-01  -7.49310911e-03
7415  2.29551363e-01  7.48866809e-05
7416  2.26789800e-01  8.24403979e-03
7417  2.21188965e-01  1.53719003e-02
7418  2.14452865e-01  2.16630497e-02
7419  2.07110517e-01  2.73254564e-02
7420  1.99398880e-01  3.25248067e-02
7421  1.91436531e-01  3.73564192e-02
7422  1.83266229e-01  4.18469128e-02
7423  1.74951594e-01  4.60778331e-02
7424  1.66501640e-01  5.00385898e-02
7425  1.57944414e-01  5.37721122e-02
7426  1.49293839e-01  5.72907778e-02
7427  1.41492483e-01  6.02696634e-02
7428  1.31759523e-01  6.37378710e-02
7429  1.24348596e-01  6.74277147e-02
7430  1.32726684e-01  6.58555396e-02
7431  1.41532672e-01  6.27253484e-02
7432  1.49018155e-01  5.86286079e-02
7433  1.40752965e-01  6.05448866e-02
7434  1.31751794e-01  6.37404860e-02
7435  1.22686592e-01  6.67581771e-02
7436  1.12811631e-01  6.71104385e-02
7437  1.03683867e-01  6.97780442e-02
7438  9.45084600e-02  7.22874189e-02
7439  8.52920711e-02  7.46430392e-02
7440  7.60363768e-02  7.68397121e-02
7441  6.67414649e-02  7.88827373e-02
7442  5.74132258e-02  8.07857872e-02
7443  4.80564322e-02  8.25511324e-02
7444  3.86734480e-02  8.41829139e-02
7445  2.92681373e-02  8.56860609e-02
7446  1.98419448e-02  8.70585591e-02
7447  1.03992727e-02  8.83059055e-02
7448  9.36652051e-04  8.94180496e-02
7449  -8.53936713e-03  9.04198189e-02
7450  -1.80244132e-02  9.12906195e-02
7451  -2.75227219e-02  9.20316203e-02
7452  -3.70331936e-02  9.26532326e-02
7453  -4.65519130e-02  9.31634108e-02
7454  -5.60737937e-02  9.35610991e-02
7455  -6.56009207e-02  9.38360812e-02
7456  -7.51266662e-02  9.40027130e-02
7457  -8.46428719e-02  9.40272187e-02
7458  -9.41498637e-02  9.38886856e-02
7459  -1.03643895e-01  9.35697314e-02
7460  -1.13133854e-01  9.30415775e-02
7461  -1.22628579e-01  9.23580338e-02
7462  -1.32120796e-01  9.15389263e-02
7463  -1.41607837e-01  9.06069383e-02
7464  -1.51087553e-01  8.95660333e-02
7465  -1.60561338e-01  8.84313741e-02
7466  -1.70030055e-01  8.72117908e-02
7467  -1.79494581e-01  8.59258876e-02
7468  -1.88950904e-01  8.45790195e-02
7469  -1.98399042e-01  8.31675067e-02
7470  -2.07841830e-01  8.17007028e-02
7471  -2.17279645e-01  8.01843882e-02
7472  -2.26713069e-01  7.86270685e-02
7473  -2.36138954e-01  7.70322823e-02
7474  -2.45557842e-01  7.53902857e-02
7475  -2.54974172e-01  7.37155866e-02
7476  -2.64385343e-01  7.20096673e-02
7477  -2.73791143e-01  7.02737916e-02
7478  -2.83191440e-01  6.85073004e-02
7479  -2.92588128e-01  6.67114715e-02
7480  -3.02062812e-01  6.48787336e-02
7481  -3.11876354e-01  6.56148177e-02
7482  -3.23274672e-01  6.33567040e-02
7483  -3.32650914e-01  6.14807972e-02
7484  -3.42022724e-01  5.95811598e-02
7485  -3.51392547e-01  5.76692525e-02
7486  -3.60759163e-01  5.57417497e-02
7487  -3.70123691e-01  5.38018986e-02
7488  -3.79486357e-01  5.18537085e-02
7489  -3.88845793e-01  4.98912650e-02
7490  -3.98203231e-01  4.79162921e-02
7491  -4.07560047e-01  4.59370859e-02
7492  -4.16914978e-01  4.39497995e-02
7493  -4.26268587e-01  4.19556229e-02
7494  -4.35621091e-01  3.99555531e-02
7495  -4.44972961e-01  3.79510009e-02
7496  -4.54324801e-01  3.59456831e-02
7497  -4.63675971e-01  3.39381142e-02
7498  -4.73026436e-01  3.19268227e-02
7499  -4.82377108e-01  2.99146447e-02
7500  -4.91728798e-01  2.79049741e-02
7501  -5.01081827e-01  2.59020847e-02
7502  -5.10435099e-01  2.38999449e-02
7503  -5.21809185e-01  2.14754975e-02
7504  -5.30754261e-01  1.95786319e-02
7505  -5.39701296e-01  1.76903866e-02
7506  -5.48650782e-01  1.58135726e-02
7507  -5.57602644e-01  1.39460114e-02
7508  -5.66558708e-01  1.20965175e-02
7509  -5.75518051e-01  1.02632362e-02
7510  -5.84481571e-01  8.44715786e-03
7511  -5.93451070e-01  6.65740840e-03
7512  -6.02426260e-01  4.89542190e-03
7513  -6.11407874e-01  3.16278097e-03
7514  -6.20287987e-01  1.49469690e-03
7515  -3.02074011e-01  5.85069178e-02
7516  -3.02091729e-01  4.84258844e-02
7517  -3.02109448e-01  3.83448512e-02
7518  -3.02127166e-01  2.82638179e-02
7519  -3.02144885e-01  1.81827847e-02
7520  -3.02162603e-01  8.10175144e-03
7521  -3.02180322e-01  -1.97928181e-03
7522  -3.02198040e-01  -1.20603151e-02
7523  -3.02215759e-01  -2.21413484e-02
7524  -3.02233477e-01  -3.22223816e-02
7525  1.40744856e-01  5.11918384e-02
7526  1.39883940e-01  4.07384549e-02
7527  1.39023024e-01  3.02850715e-02
7528  1.38162108e-01  1.98316880e-02
7529  1.37301193e-01  9.37830447e-03
7530  1.36440277e-01  -1.07507905e-03
7531  1.35579361e-01  -1.15284625e-02
7532  1.34718445e-01  -2.19818460e-02
7533  1.33857529e-01  -3.24352295e-02
9753  -6.20525208e-01  8.29756284e-04
9754  -6.20599152e-01  8.28889309e-04
9755  -6.11563599e-01  7.00957222e-04
9756  -6.02538571e-01  3.77859038e-04
9757  -5.93526271e-01  -1.02212976e-04
9758  -5.84525420e-01  -7.15438685e-04
9759  -5.75536846e-01  -1.44879049e-03
9760  -5.66559087e-01  -2.27975309e-03
9761  -5.57592645e-01  -3.20592573e-03
9762  -5.48636883e-01  -4.20833813e-03
9763  -5.39690283e-01  -5.27927835e-03
9764  -5.30753126e-01  -6.41331328e-03
9765  -5.21824066e-01  -7.59811203e-03
9766  -5.10419390e-01  -9.17298312e-03
9767  -5.01040490e-01  -1.05146358e-02
9768  -4.91668497e-01  -1.18929833e-02
9769  -4.82301732e-01  -1.32991881e-02
9770  -4.72939344e-01  -1.47301708e-02
9771  -4.63581295e-01  -1.61820917e-02
9772  -4.54225977e-01  -1.76465206e-02
9773  -4.44872967e-01  -1.91233769e-02
9774  -4.35522262e-01  -2.06088258e-02
9775  -4.26172747e-01  -2.20962525e-02
9776  -4.16823444e-01  -2.35827553e-02
9777  -4.07474179e-01  -2.50673874e-02
9778  -3.98124968e-01  -2.65473347e-02
9779  -3.88774774e-01  -2.80166385e-02
9780  -3.79423022e-01  -2.94736863e-02
9781  -3.70069563e-01  -3.09161680e-02
9782  -3.60713794e-01  -3.23403287e-02
9783  -3.51355249e-01  -3.37445578e-02
9784  -3.41993977e-01  -3.51278964e-02
9785  -3.32630059e-01  -3.64869441e-02
9786  -3.23262228e-01  -3.78149843e-02
9787  -3.11519037e-01  -3.68105048e-02
9788  -3.01730859e-01  -3.81296781e-02
9789  -2.93135895e-01  -3.92611022e-02
9790  -2.83941302e-01  -4.04389718e-02
9791  -2.74742128e-01  -4.15750703e-02
9792  -2.65537445e-01  -4.26754513e-02
9793  -2.56329836e-01  -4.37390176e-02
9794  -2.47119343e-01  -4.47605086e-02
9795  -2.37905332e-01  -4.57371327e-02
9796  -2.28685108e-01  -4.66661765e-02
9797  -2.19459916e-01  -4.75561877e-02
9798  -2.10232864e-01  -4.84030704e-02
9799  -2.01003558e-01  -4.92010630e-02
9800  -1.91769248e-01  -4.99471183e-02
9801  -1.82530329e-01  -5.06473793e-02
9802  -1.73291606e-01  -5.12999318e-02
9803  -1.64049676e-01  -5.18904957e-02
9804  -1.54802143e-01  -5.24295425e-02
9805  -1.45552159e-01  -5.29172660e-02
9806  -1.36302894e-01  -5.33514645e-02
9807  -1.27052836e-01  -5.37197324e-02
9808  -1.17798572e-01  -5.40255715e-02
9809  -1.08540981e-01  -5.42740597e-02
9810  -9.92807672e-02  -5.44670067e-02
9811  -9.00246719e-02  -5.46080541e-02
9812  -8.07669419e-02  -5.46715427e-02
9813  -7.15025414e-02  -5.46866148e-02
9814  -6.22383631e-02  -5.46520969e-02
9815  -5.29762317e-02  -5.45684383e-02
9816  -4.37146587e-02  -5.44276576e-02
9817  -3.44546656e-02  -5.42382666e-02
9818  -2.51988807e-02  -5.39887737e-02
9819  -1.59452874e-02  -5.36788345e-02
9820  -6.69385916e-03  -5.33071929e-02
9821  2.55560794e-03  -5.28755908e-02
9822  1.17989898e-02  -5.23851082e-02
9823  2.10357095e-02  -5.18212902e-02
9824  3.02691049e-02  -5.11877818e-02
9825  3.94968542e-02  -5.04860867e-02
9826  4.87167824e-02  -4.97120771e-02
9827  5.79279993e-02  -4.88615574e-02
9828  6.71298534e-02  -4.79303644e-02
9829  7.63199068e-02  -4.69162770e-02
9830  8.54947759e-02  -4.58091948e-02
9831  9.46553872e-02  -4.46005947e-02
9832  1.03801289e-01  -4.32928378e-02
9833  1.12927675e-01  -4.18797907e-02
9834  1.22031556e-01  -4.03523717e-02
9835  1.31594661e-01  -4.12638755e-02
9836  1.40681169e-01  -3.94794793e-02
9837  1.51746347e-01  -3.88224473e-02
9838  1.41432064e-01  -4.27639552e-02
9839  1.32625429e-01  -4.44980074e-02
9840  1.21593300e-01  -4.47972556e-02
9841  1.33677585e-01  -4.08701654e-02
9842  1.41091376e-01  -3.93930608e-02
9843  1.50107922e-01  -3.74475919e-02
9844  1.59085701e-01  -3.53418798e-02
9845  1.68011457e-01  -3.30545946e-02
9846  1.76868929e-01  -3.05339132e-02
9847  1.85648469e-01  -2.77831845e-02
9848  1.94307440e-01  -2.47167399e-02
9849  2.02806973e-01  -2.12857591e-02
9850  2.11050438e-01  -1.73737590e-02
9851  2.18824697e-01  -1.27760264e-02
9852  2.25530013e-01  -7.17090382e-03
9853  2.28984192e-01  1.08902565e-04
9854  2.26327244e-01  7.99360317e-03
9855  2.20801220e-01  1.50164715e-02
9856  2.14112300e-01  2.12621861e-02
9857  2.06802702e-01  2.68989280e-02
9858  1.99115330e-01  3.20817766e-02
9859  1.91173354e-01  3.69009920e-02
9860  1.83020245e-01  4.13819743e-02
9861  1.74720666e-01  4.56052357e-02
9862  1.66284823e-01  4.95593543e-02
9863  1.57740132e-01  5.32874012e-02
9864  1.49101238e-01  5.68013075e-02
9865  1.41947292e-01  5.95420071e-02
9866  1.31588359e-01  6.32404991e-02
9867  1.24847613e-01  6.72614074e-02
9868  1.32897946e-01  6.63528777e-02
9869  1.41714562e-01  6.32188987e-02
9870  1.48526747e-01  5.88162091e-02
9871  1.40571153e-01  6.00513076e-02
9872  1.31580728e-01  6.32430805e-02
9873  1.22525158e-01  6.62575623e-02
9874  1.12659489e-01  6.66069219e-02
9875  1.03540705e-01  6.92719013e-02
9876  9.43739488e-02  7.17789086e-02
9877  8.51662084e-02  7.41323195e-02
9878  7.59191807e-02  7.63269343e-02
9879  6.66324296e-02  7.83681624e-02
9880  5.73118911e-02  8.02696406e-02
9881  4.79626079e-02  8.20335680e-02
9882  3.85868785e-02  8.36640867e-02
9883  2.91887351e-02  8.51660885e-02
9884  1.97696066e-02  8.65375570e-02
9885  1.03341291e-02  8.77839550e-02
9886  8.78302397e-04  8.88952960e-02
9887  -8.59106132e-03  8.98963653e-02
9888  -1.80689144e-02  9.07665053e-02
9889  -2.75603321e-02  9.15069666e-02
9890  -3.70644236e-02  9.21281605e-02
9891  -4.65769637e-02  9.26380076e-02
9892  -5.60923569e-02  9.30354268e-02
9893  -6.56131079e-02  9.33102225e-02
9894  -7.51319414e-02  9.34767394e-02
9895  -8.46397153e-02  9.35012282e-02
9896  -9.41371981e-02  9.33628381e-02
9897  -1.03620450e-01  9.30442542e-02
9898  -1.13100357e-01  9.25166451e-02
9899  -1.22587083e-01  9.18336731e-02
9900  -1.32072472e-01  9.10151508e-02
9901  -1.41553418e-01  9.00837609e-02
9902  -1.51027571e-01  8.90434644e-02
9903  -1.60496466e-01  8.79093899e-02
9904  -1.69961051e-01  8.66903367e-02
9905  -1.79422088e-01  8.54049069e-02
9906  -1.88874959e-01  8.40585309e-02
9907  -1.98319813e-01  8.26475079e-02
9908  -2.07759741e-01  8.11811477e-02
9909  -2.17195088e-01  7.96652292e-02
9910  -2.26626357e-01  7.81082650e-02
9911  -2.36049912e-01  7.65138736e-02
9912  -2.45466623e-01  7.48722558e-02
9913  -2.54881212e-01  7.31978663e-02
9914  -2.64290703e-01  7.14922514e-02
9915  -2.73694839e-01  6.97566828e-02
9916  -2.83093498e-01  6.79904992e-02
9917  -2.92488813e-01  6.61949325e-02
9918  -3.01550578e-01  6.44425045e-02
9919  -3.11774766e-01  6.50987208e-02
9920  -3.23171966e-01  6.28408284e-02
9921  -3.32547071e-01  6.09651493e-02
9922  -3.41917896e-01  5.90657115e-02
9923  -3.51286955e-01  5.71539600e-02
9924  -3.60652805e-01  5.52266148e-02
9925  -3.70016766e-01  5.32868811e-02
9926  -3.79378809e-01  5.13388208e-02
9927  -3.88737509e-01  4.93765313e-02
9928  -3.98094492e-01  4.74016545e-02
9929  -4.07450970e-01  4.54225199e-02
9930  -4.16805489e-01  4.34353209e-02
9931  -4.26158748e-01  4.14412189e-02
9932  -4.35510970e-01  3.94412096e-02
9933  -4.44862698e-01  3.74366877e-02
9934  -4.54214455e-01  3.54313878e-02
9935  -4.63565460e-01  3.34238542e-02
9936  -4.72915800e-01  3.14125894e-02
9937  -4.82266522e-01  2.94004008e-02
9938  -4.91618470e-01  2.73906748e-02
9939  -5.00971706e-01  2.53877411e-02
9940  -5.10325221e-01  2.33855493e-02
9941  -5.21699799e-01  2.09609970e-02
9942  -5.30645394e-01  1.90640214e-02
9943  -5.39593007e-01  1.71756542e-02
9944  -5.48543091e-01  1.52987148e-02
9945  -5.57495744e-01  1.34309888e-02
9946  -5.66452795e-01  1.15812908e-02
9947  -5.75413103e-01  9.74781222e-03
9948  -5.84377883e-01  7.93147902e-03
9949  -5.93348942e-01  6.14141828e-03
9950  -6.02325779e-01  4.37910853e-03
9951  -6.11309354e-01  2.64608985e-03
9952  -6.20141969e-01  9.89370528e-04
9953  -3.01561012e-01  5.85060162e-02
9954  -3.01578730e-01  4.84249828e-02
9955  -3.01596449e-01  3.83439496e-02
9956  -3.01614167e-01  2.82629163e-02
9957  -3.01631886e-01  1.81818831e-02
9958  -3.01649604e-01  8.10084979e-03
9959  -3.01667323e-01  -1.98018346e-03
9960  -3.01685041e-01  -1.20612167e-02
9961  -3.01702760e-01  -2.21422500e-02
9962  -3.01720478e-01  -3.22232832e-02
9963  1.41256125e-01  5.11497315e-02
9964  1.40395209e-01  4.06963480e-02
9965  1.39534293e-01  3.02429646e-02
9966  1.38673377e-01  1.97895811e-02
9967  1.37812462e-01  9.33619759e-03
9968  1.36951546e-01  -1.11718596e-03
9969  1.36090630e-01  -1.15705694e-02
9970  1.35229714e-01  -2.20239529e-02
9971  1.34368798e-01  -3.24773364e-02
