1  3  0  10.6496
243  5  0  10.6496
485  4  0  10.6494
727  5  0  10.6483
2  3  0  10.0886
244  5  0  10.0886
486  4  0  10.0885
728  5  0  10.0885
3  3  0  9.4372
245  5  0  9.43714
487  4  0  9.43706
729  5  0  9.43697
4  3  0  8.50272
246  5  0  8.50283
488  4  0  8.50298
730  5  0  8.50314
5  3  0  8.21979
247  5  0  8.21945
489  4  0  8.21895
731  5  0  8.21845
6  3  0  6.59083
248  5  0  6.59102
490  4  0  6.59131
732  5  0  6.59159
7  3  0  5.50021
249  5  0  5.5
491  4  0  5.49968
733  5  0  5.49937
8  3  0  3.8267
250  5  0  3.82686
492  4  0  3.82709
734  5  0  3.82731
9  3  0  2.5528
251  5  0  2.55272
493  4  0  2.55261
735  5  0  2.55249
10  3  0  1.06113
252  5  0  1.06101
494  4  0  1.06083
736  5  0  1.06064
11  3  0  -0.714788
253  5  0  -0.714661
495  1  0  15.9813
737  5  0  30.1144
12  3  0  -2.03708
254  5  0  -2.03721
496  1  0  -2.03828
738  5  0  -2.03932
13  3  0  -3.68903
255  5  0  -3.68875
497  1  0  -3.68631
739  5  0  -3.68393
14  3  0  -4.40261
256  5  0  -4.40301
498  1  0  -4.40649
740  5  0  -4.40989
15  3  0  -6.32324
257  5  0  -6.32283
499  1  0  -6.31931
741  5  0  -6.31588
16  3  0  -7.01302
258  5  0  -7.01329
500  1  0  -7.01568
742  5  0  -7.01802
17  3  0  -8.64253
259  5  0  -8.64233
501  1  0  -8.64061
743  5  0  -8.63894
18  3  0  -9.68589
260  5  0  -9.6859
502  1  0  -9.68598
744  5  0  -9.68607
19  3  0  -10.7651
261  5  0  -10.7652
503  1  0  -10.7654
745  5  0  -10.7656
20  3  0  -11.9314
262  5  0  -11.9313
504  1  0  -11.9308
746  5  0  -11.9302
21  3  0  -12.8505
263  5  0  -12.8505
505  1  0  -12.8503
747  5  0  -12.8502
22  3  0  -13.708
264  5  0  -13.7081
506  1  0  -13.7083
748  5  0  -13.7085
23  3  0  -14.6815
265  5  0  -14.6814
507  1  0  -14.6807
749  5  0  -14.68
24  3  0  -15.259
266  5  0  -15.2591
508  1  0  -15.2602
750  5  0  -15.2612
25  3  0  -16.3874
267  5  0  -16.3873
509  1  0  -16.3861
751  5  0  -16.3849
26  3  0  -16.8058
268  5  0  -16.8058
510  1  0  -16.8058
752  5  0  -16.8059
27  3  0  -17.2837
269  5  0  -17.2837
511  1  0  -17.2837
753  5  0  -17.2838
28  3  0  -17.8128
270  5  0  -17.8127
512  1  0  -17.8125
754  5  0  -17.8123
29  3  0  -18.113
271  5  0  -18.113
513  1  0  -18.1131
755  5  0  -18.1131
30  3  0  -18.5155
272  5  0  -18.5155
514  1  0  -18.5154
756  5  0  -18.5153
31  3  0  -18.7552
273  5  0  -18.7552
515  1  0  -18.7552
757  5  0  -18.7552
32  3  0  -18.9649
274  5  0  -18.9649
516  1  0  -18.9649
758  5  0  -18.9649
33  3  0  -19.1933
275  5  0  -19.1933
517  1  0  -19.1933
759  5  0  -19.1933
34  3  0  -19.3029
276  5  0  -19.3029
518  1  0  -19.3029
760  5  0  -19.3029
35  3  0  -19.3593
277  5  0  -19.3593
519  1  0  -19.3593
761  5  0  -19.3593
36  3  0  -19.3393
278  5  0  -19.3393
520  1  0  -19.3394
762  5  0  -19.3395
37  3  0  -19.0693
279  5  0  -19.0692
521  1  0  -19.0692
763  5  0  -19.0691
38  3  0  -18.9948
280  5  0  -18.9948
522  1  0  -18.9948
764  5  0  -18.9948
39  3  0  -18.8315
281  5  0  -18.8315
523  1  0  -18.8316
765  5  0  -18.8316
40  3  0  -18.5818
282  5  0  -18.5818
524  1  0  -18.5818
766  5  0  -18.5818
41  3  0  -18.3141
283  5  0  -18.3141
525  1  0  -18.3142
767  5  0  -18.3143
42  3  0  -17.8862
284  5  0  -17.8862
526  1  0  -17.8862
768  5  0  -17.8862
43  3  0  -17.4966
285  5  0  -17.4966
527  1  0  -17.4966
769  5  0  -17.4965
44  3  0  -17.137
286  5  0  -17.137
528  1  0  -17.137
770  5  0  -17.1369
45  3  0  -16.8184
287  5  0  -16.8184
529  1  0  -16.8185
771  5  0  -16.8186
46  3  0  -16.3733
288  5  0  -16.3733
530  1  0  -16.3735
772  5  0  -16.3736
47  3  0  -15.7777
289  5  0  -15.7777
531  1  0  -15.7774
773  5  0  -15.777
48  3  0  -15.4947
290  5  0  -15.4948
532  1  0  -15.4956
774  5  0  -15.4964
49  3  0  -14.6057
291  5  0  -14.6057
533  1  0  -14.6053
775  5  0  -14.6049
50  3  0  -13.9314
292  5  0  -13.9314
534  1  0  -13.931
776  5  0  -13.9306
51  3  0  -13.6068
293  5  0  -13.6069
535  1  0  -13.6079
777  5  0  -13.6088
52  3  0  -12.6322
294  5  0  -12.6322
536  1  0  -1.49401
778  5  0  8.9893
53  3  0  -11.9202
295  5  0  -11.8627
537  6  0  -11.818
779  5  0  -11.8067
54  3  0  -11.2663
296  5  0  -11.164
538  6  0  -10.9293
780  5  0  -10.791
55  3  0  -10.5216
297  5  0  -10.5217
539  6  0  -10.5232
781  5  0  -10.5247
56  3  0  -9.34172
298  5  0  -9.34158
540  6  0  -9.33964
782  5  0  -9.33765
57  3  0  -8.80481
299  5  0  -8.80483
541  6  0  -8.80512
783  5  0  -8.80542
58  3  0  -8.12897
300  5  0  -8.129
542  6  0  -8.12939
784  5  0  -8.12978
59  3  0  -7.30629
301  5  0  -7.30628
543  6  0  -7.30627
785  5  0  -7.30625
60  3  0  -6.48939
302  5  0  -6.48937
544  6  0  -6.489
786  5  0  -6.48862
61  3  0  -5.81333
303  5  0  -5.81334
545  6  0  -5.81353
787  5  0  -5.81373
62  3  0  -5.0616
304  5  0  -5.06162
546  6  0  -5.06189
788  5  0  -5.06218
63  3  0  -4.21186
305  5  0  -4.21187
547  6  0  -4.21207
789  5  0  -4.21228
64  3  0  -3.29775
306  5  0  -3.29774
548  6  0  -3.29764
790  5  0  -3.29753
65  3  0  -2.41644
307  5  0  -2.41644
549  6  0  -2.41646
791  5  0  -2.41649
66  3  0  -1.52674
308  5  0  -1.52674
550  6  0  -1.52671
792  5  0  -1.52668
67  3  0  -0.646521
309  5  0  -0.646508
551  6  0  -0.646324
793  5  0  -0.646135
68  3  0  0.172025
310  5  0  0.172009
552  6  0  0.171785
794  5  0  0.171554
69  3  0  1.06526
311  5  0  1.06521
553  6  0  1.06448
795  5  0  1.06373
70  3  0  2.16598
312  5  0  2.16605
554  6  0  2.167
796  5  0  2.16797
71  3  0  2.98552
313  5  0  2.98549
555  6  0  2.98517
797  5  0  2.98484
72  3  0  3.91003
314  5  0  3.91001
556  6  0  3.90976
798  5  0  3.90951
73  3  0  4.9192
315  5  0  4.99193
557  6  0  5.0795
799  5  0  5.11476
74  3  0  5.71119
316  5  0  5.84574
558  6  0  6.99901
800  5  0  -178.633
75  3  0  7.08068
317  5  0  7.08074
559  1  0  -6.50371
801  5  0  -19.0051
76  3  0  8.25576
318  5  0  8.25581
560  1  0  8.25623
802  5  0  8.25666
77  3  0  9.25606
319  5  0  9.25602
561  1  0  9.25563
803  5  0  9.25524
78  3  0  10.4183
320  5  0  10.4183
562  1  0  10.4186
804  5  0  10.419
79  3  0  11.4386
321  5  0  11.4385
563  1  0  11.4377
805  5  0  11.4369
80  3  0  12.7627
322  5  0  12.7628
564  1  0  12.7638
806  5  0  12.7648
81  3  0  13.6726
323  5  0  13.6725
565  1  0  13.6714
807  5  0  13.6702
82  3  0  15.032
324  5  0  15.0321
566  1  0  15.0325
808  5  0  15.0329
83  3  0  16.2555
325  5  0  16.2554
567  1  0  16.2545
809  5  0  16.2535
84  3  0  17.788
326  5  0  17.7881
568  1  0  17.7889
810  5  0  17.7898
85  3  0  19.0517
327  5  0  19.0516
569  1  0  19.0505
811  5  0  19.0493
86  3  0  20.6654
328  5  0  20.6655
570  1  0  20.6665
812  5  0  20.6676
87  3  0  21.9544
329  5  0  21.9543
571  1  0  21.954
813  5  0  21.9536
88  3  0  23.3669
330  5  0  23.3665
572  1  0  3.30668
814  5  0  -12.9658
89  3  0  25.7285
331  5  0  25.7289
573  4  0  25.7295
815  5  0  25.7301
90  3  0  27.2951
332  5  0  27.2946
574  4  0  27.294
816  5  0  27.2933
91  3  0  29.7501
333  5  0  29.7499
575  4  0  29.7496
817  5  0  29.7493
92  3  0  32.4739
334  5  0  32.4736
576  4  0  32.473
818  5  0  32.4725
93  3  0  35.6656
335  5  0  35.665
577  4  0  35.6641
819  5  0  35.6632
94  3  0  39.5077
336  5  0  39.5069
578  4  0  39.5057
820  5  0  39.5045
95  3  0  44.0788
337  5  0  44.0785
579  4  0  44.0779
821  5  0  44.0773
96  3  0  48.9577
338  5  0  48.9536
580  4  0  48.9474
822  5  0  48.941
97  3  0  56.4358
339  5  0  56.4259
581  4  0  56.4107
823  5  0  56.395
98  3  0  67.9709
340  5  0  67.9631
582  4  0  67.951
824  5  0  67.9384
99  3  0  81.8827
341  5  0  81.8718
583  4  0  81.8549
825  5  0  81.8371
100  3  0  98.5492
342  5  0  98.5869
584  4  0  98.6461
826  5  0  98.709
101  3  0  117.325
343  5  0  117.307
585  4  0  117.278
827  5  0  117.249
102  3  0  128.86
344  5  0  128.872
586  4  0  128.891
828  5  0  128.91
103  3  0  135.367
345  5  0  135.37
587  4  0  135.374
829  5  0  135.378
104  3  0  140.184
346  5  0  140.186
588  4  0  140.189
830  5  0  140.191
105  3  0  143.36
347  5  0  143.361
589  4  0  143.362
831  5  0  143.362
106  3  0  145.795
348  5  0  145.795
590  4  0  145.795
832  5  0  145.795
107  3  0  148.506
349  5  0  148.506
591  4  0  148.507
833  5  0  148.507
108  3  0  150.551
350  5  0  150.551
592  4  0  150.551
834  5  0  150.551
109  3  0  152.193
351  5  0  152.193
593  4  0  152.193
835  5  0  152.193
110  3  0  153.637
352  5  0  153.637
594  4  0  153.637
836  5  0  153.637
111  3  0  155.523
353  5  0  155.523
595  1  0  176.521
837  5  0  -166.777
112  3  0  156.874
354  5  0  156.874
596  1  0  156.874
838  5  0  156.874
113  3  0  158.215
355  5  0  158.215
597  1  0  158.216
839  5  0  158.218
114  3  0  159.157
356  5  0  159.157
598  1  0  159.157
840  5  0  159.157
115  3  0  160.183
357  5  0  160.183
599  1  0  160.183
841  5  0  160.182
116  3  0  161.442
358  5  0  161.442
600  1  0  161.443
842  5  0  161.444
117  3  0  162.27
359  5  0  162.27
601  1  0  162.27
843  5  0  162.27
118  3  0  163.156
360  5  0  163.156
602  1  0  163.155
844  5  0  163.155
119  3  0  164.191
361  5  0  164.191
603  1  0  164.191
845  5  0  164.191
120  3  0  165.225
362  5  0  165.225
604  1  0  165.226
846  5  0  165.226
121  3  0  166.176
363  5  0  166.176
605  1  0  166.177
847  5  0  166.177
122  3  0  166.923
364  5  0  166.923
606  1  0  166.924
848  5  0  166.924
123  3  0  167.486
365  5  0  167.486
607  1  0  167.485
849  5  0  167.485
124  3  0  168.356
366  5  0  168.356
608  1  0  168.355
850  5  0  168.355
125  3  0  169.546
367  5  0  169.546
609  1  0  169.547
851  5  0  169.547
126  3  0  170.425
368  5  0  170.261
610  6  0  -131.27
852  5  0  -78.9359
127  3  0  171.354
369  5  0  171.268
611  6  0  171.159
853  5  0  171.115
128  3  0  172.033
370  5  0  172.033
612  6  0  172.033
854  5  0  172.033
129  3  0  172.718
371  5  0  172.718
613  6  0  172.718
855  5  0  172.718
130  3  0  173.553
372  5  0  173.553
614  6  0  173.553
856  5  0  173.553
131  3  0  174.466
373  5  0  174.466
615  6  0  174.466
857  5  0  174.466
132  3  0  175.497
374  5  0  175.497
616  6  0  175.497
858  5  0  175.498
133  3  0  176.332
375  5  0  176.332
617  6  0  176.332
859  5  0  176.332
134  3  0  177.12
376  5  0  177.12
618  6  0  177.12
860  5  0  177.12
135  3  0  177.912
377  5  0  177.912
619  6  0  177.911
861  5  0  177.909
136  3  0  179.038
378  5  0  179.038
620  6  0  179.039
862  5  0  179.04
137  3  0  179.936
379  5  0  179.936
621  6  0  179.936
863  5  0  179.936
138  3  0  -179.127
380  5  0  -179.127
622  6  0  -179.127
864  5  0  -179.127
139  3  0  -178.304
381  5  0  -178.304
623  6  0  -178.304
865  5  0  -178.303
140  3  0  -177.781
382  5  0  -177.781
624  6  0  -177.782
866  5  0  -177.783
141  3  0  -176.863
383  5  0  -176.863
625  6  0  -176.862
867  5  0  -176.861
142  3  0  -176.26
384  5  0  -176.26
626  6  0  -176.26
868  5  0  -176.259
143  3  0  -175.713
385  5  0  -175.713
627  6  0  -175.713
869  5  0  -175.713
144  3  0  -175.129
386  5  0  -175.129
628  6  0  -175.129
870  5  0  -175.129
145  3  0  -174.498
387  5  0  -174.498
629  6  0  -174.497
871  5  0  -174.497
146  3  0  -174.08
388  5  0  -174.143
630  6  0  -174.355
872  5  0  -174.643
147  3  0  -173.686
389  5  0  -173.721
631  6  0  176.221
873  5  0  168.292
148  3  0  -173.092
390  5  0  -173.092
632  1  0  -173.092
874  5  0  -173.092
149  3  0  -172.351
391  5  0  -172.351
633  1  0  -172.35
875  5  0  -172.35
150  3  0  -172.112
392  5  0  -172.112
634  1  0  -172.112
876  5  0  -172.112
151  3  0  -171.764
393  5  0  -171.764
635  1  0  -171.764
877  5  0  -171.764
152  3  0  -171.347
394  5  0  -171.347
636  1  0  -171.347
878  5  0  -171.347
153  3  0  -171.151
395  5  0  -171.151
637  1  0  -171.151
879  5  0  -171.152
154  3  0  -170.697
396  5  0  -170.697
638  1  0  -170.697
880  5  0  -170.696
155  3  0  -170.38
397  5  0  -170.38
639  1  0  -170.38
881  5  0  -170.38
156  3  0  -170.133
398  5  0  -170.133
640  1  0  -170.133
882  5  0  -170.133
157  3  0  -169.837
399  5  0  -169.837
641  1  0  -169.837
883  5  0  -169.837
158  3  0  -169.63
400  5  0  -169.63
642  1  0  -169.63
884  5  0  -169.63
159  3  0  -169.463
401  5  0  -169.463
643  1  0  -169.463
885  5  0  -169.463
160  3  0  -169.346
402  5  0  -169.346
644  1  0  -169.347
886  5  0  -169.347
161  3  0  -168.835
403  5  0  -168.835
645  1  0  -168.834
887  5  0  -168.834
162  3  0  -168.659
404  5  0  -168.659
646  1  0  -168.659
888  5  0  -168.659
163  3  0  -168.526
405  5  0  -168.526
647  1  0  -168.526
889  5  0  -168.527
164  3  0  -168.04
406  5  0  -168.04
648  1  0  -168.04
890  5  0  -168.04
165  3  0  -167.987
407  5  0  -167.987
649  1  0  -167.987
891  5  0  -167.987
166  3  0  -167.896
408  5  0  -167.896
650  1  0  -167.896
892  5  0  -167.896
167  3  0  -167.773
409  5  0  -167.773
651  1  0  -167.773
893  5  0  -167.773
168  3  0  -167.609
410  5  0  -167.609
652  1  0  -167.609
894  5  0  -167.609
169  3  0  -167.421
411  5  0  -167.421
653  1  0  -167.421
895  5  0  -167.421
170  3  0  -167.309
412  5  0  -167.309
654  1  0  -167.309
896  5  0  -167.309
171  3  0  -167.231
413  5  0  -167.231
655  1  0  -167.231
897  5  0  -167.231
172  3  0  -167.16
414  5  0  -167.16
656  1  0  -167.16
898  5  0  -167.16
173  3  0  -167.008
415  5  0  -167.008
657  1  0  -167.008
899  5  0  -167.008
174  3  0  -166.967
416  5  0  -166.967
658  1  0  -166.967
900  5  0  -166.967
175  3  0  -166.872
417  5  0  -166.872
659  1  0  -166.872
901  5  0  -166.872
176  3  0  -166.773
418  5  0  -166.773
660  1  0  -166.773
902  5  0  -166.773
177  3  0  -166.707
419  5  0  -166.707
661  1  0  -166.707
903  5  0  -166.707
178  3  0  -166.578
420  5  0  -166.578
662  1  0  -166.578
904  5  0  -166.578
179  3  0  -166.519
421  5  0  -166.519
663  1  0  -166.519
905  5  0  -166.519
180  3  0  -166.43
422  5  0  -166.43
664  1  0  -166.43
906  5  0  -166.43
181  3  0  -166.325
423  5  0  -166.325
665  1  0  -166.325
907  5  0  -166.325
182  3  0  -166.256
424  5  0  -166.256
666  1  0  -166.256
908  5  0  -166.256
183  3  0  -166.148
425  5  0  -166.148
667  1  0  -166.148
909  5  0  -166.148
184  3  0  -166.075
426  5  0  -166.075
668  1  0  -166.075
910  5  0  -166.075
185  3  0  -166.077
427  5  0  -166.077
669  1  0  -166.077
911  5  0  -166.077
186  3  0  -166.068
428  5  0  -166.068
670  1  0  -166.068
912  5  0  -166.068
187  3  0  -166.037
429  5  0  -166.037
671  1  0  -166.037
913  5  0  -166.037
188  3  0  -165.925
430  5  0  -165.925
672  1  0  -165.925
914  5  0  -165.925
189  3  0  -165.869
431  5  0  -165.869
673  1  0  177.31
915  5  0  162.969
190  3  0  -165.928
432  5  0  -165.928
674  4  0  -165.928
916  5  0  -165.928
191  3  0  -165.93
433  5  0  -165.93
675  4  0  -165.93
917  5  0  -165.93
192  3  0  -165.561
434  5  0  -165.561
676  4  0  -165.561
918  5  0  -165.561
193  3  0  -165.795
435  5  0  -165.795
677  4  0  -165.795
919  5  0  -165.795
194  3  0  -165.534
436  5  0  -165.534
678  4  0  -165.534
920  5  0  -165.534
195  3  0  -165.419
437  5  0  -165.419
679  4  0  -165.419
921  5  0  -165.419
196  3  0  -165.381
438  5  0  -165.381
680  4  0  -165.381
922  5  0  -165.381
197  3  0  -164.938
439  5  0  -164.938
681  4  0  -164.938
923  5  0  -164.938
198  3  0  -164.394
440  5  0  -164.49
682  4  0  -164.638
924  5  0  -164.793
199  3  0  -137.218
441  5  0  -137.127
683  4  0  -136.889
925  5  0  -136.27
200  2  0  -90.0353
442  1  0  -90.0353
684  1  0  -90.0353
926  2  0  89.9647
201  2  0  -90.0353
443  1  0  -90.0353
685  1  0  -90.0353
927  2  0  -90.0353
202  2  0  -90.0353
444  1  0  -90.0353
686  1  0  -90.0353
928  2  0  -90.0353
203  2  0  -90.0353
445  1  0  -90.0353
687  1  0  -90.0353
929  2  0  -90.0353
204  2  0  -90.0353
446  1  0  -90.0353
688  1  0  -90.0353
930  2  0  -90.0353
205  2  0  -90.0353
447  1  0  -90.0353
689  1  0  -90.0353
931  2  0  -90.0353
206  2  0  -90.0353
448  1  0  -90.0353
690  1  0  -90.0353
932  2  0  -90.0353
207  2  0  -90.0353
449  1  0  -90.0353
691  1  0  -90.0353
933  2  0  -90.0353
208  2  0  -90.0353
450  1  0  -90.0353
692  1  0  -90.0353
934  2  0  -90.0353
209  2  0  -90.0353
451  1  0  -90.0353
693  1  0  -90.0353
935  2  0  -90.0353
210  2  0  -90.0353
452  1  0  -90.0353
694  1  0  -90.0353
936  2  0  -90.0353
211  2  0  -90.0353
453  1  0  -90.0353
695  1  0  -90.0353
937  2  0  -90.0353
212  2  0  -90.0353
454  1  0  -90.0353
696  1  0  -90.0353
938  2  0  -90.0353
213  2  0  -90.0353
455  1  0  -90.0353
697  1  0  -90.0353
939  2  0  -90.0353
214  2  0  -90.0353
456  1  0  -90.0353
698  1  0  -90.0353
940  2  0  -90.0353
215  2  0  -90.0353
457  1  0  -90.0353
699  1  0  -90.0353
941  2  0  -90.0353
216  2  0  -90.0353
458  1  0  -90.0353
700  1  0  -90.0353
942  2  0  -90.0353
217  2  0  -90.0353
459  1  0  -90.0353
701  1  0  -90.0353
943  2  0  -90.0353
218  2  0  -90.0353
460  1  0  -90.0353
702  1  0  -90.0353
944  2  0  -90.0353
219  2  0  -90.0353
461  1  0  -90.0353
703  1  0  -90.0353
945  2  0  -90.0353
220  2  0  -90.0353
462  1  0  -90.0353
704  1  0  -90.0353
946  2  0  89.9647
221  2  0  -90.0279
463  1  0  -90.0279
705  1  0  -90.0279
947  2  0  89.9721
222  2  0  -90.0279
464  1  0  -90.0279
706  1  0  -90.0279
948  2  0  -90.0279
223  2  0  -90.0279
465  1  0  -90.0279
707  1  0  -90.0279
949  2  0  -90.0279
224  2  0  -90.0279
466  1  0  -90.0279
708  1  0  -90.0279
950  2  0  -90.0279
225  2  0  -90.0279
467  1  0  -90.0279
709  1  0  -90.0279
951  2  0  -90.0279
226  2  0  -90.0279
468  1  0  -90.0279
710  1  0  -90.0279
952  2  0  -90.0279
227  2  0  -90.0279
469  1  0  -90.0279
711  1  0  -90.0279
953  2  0  -90.0279
228  2  0  -90.0279
470  1  0  -90.0279
712  1  0  -90.0279
954  2  0  -90.0279
229  2  0  -90.0279
471  1  0  -90.0279
713  1  0  -90.0279
955  2  0  -90.0279
230  2  0  -90.0279
472  1  0  -90.0279
714  1  0  -90.0279
956  2  0  -90.0279
231  2  0  -90.0279
473  1  0  -90.0279
715  1  0  -90.0279
957  2  0  -90.0279
232  2  0  -90.0279
474  1  0  -90.0279
716  1  0  -90.0279
958  2  0  -90.0279
233  2  0  -90.0279
475  1  0  -90.0279
717  1  0  -90.0279
959  2  0  -90.0279
234  2  0  -90.0279
476  1  0  -90.0279
718  1  0  -90.0279
960  2  0  -90.0279
235  2  0  -90.0279
477  1  0  -90.0279
719  1  0  -90.0279
961  2  0  -90.0279
236  2  0  -90.0279
478  1  0  -90.0279
720  1  0  -90.0279
962  2  0  -90.0279
237  2  0  -90.0279
479  1  0  -90.0279
721  1  0  -90.0279
963  2  0  -90.0279
238  2  0  -90.0279
480  1  0  -90.0279
722  1  0  -90.0279
964  2  0  -90.0279
239  2  0  -90.0279
481  1  0  -90.0279
723  1  0  -90.0279
965  2  0  -90.0279
240  2  0  -90.0279
482  1  0  -90.0279
724  1  0  -90.0279
966  2  0  -90.0279
241  2  0  -90.0279
483  1  0  -90.0279
725  1  0  -90.0279
967  2  0  -90.0279
242  2  0  -90.0279
484  1  0  -90.0279
726  1  0  -90.0279
968  2  0  89.9721
