1  -1.65140000e+00  -7.94119500e-03
2  -1.62684473e+00  -3.32378147e-03
3  -1.60224542e+00  1.05296433e-03
4  -1.57759821e+00  5.14973158e-03
5  -1.55288722e+00  8.84400735e-03
6  -1.52815837e+00  1.24162336e-02
7  -1.50333861e+00  1.52839390e-02
8  -1.47846849e+00  1.76787657e-02
9  -1.45353954e+00  1.93462026e-02
10  -1.42857934e+00  2.04590422e-02
11  -1.40360000e+00  2.09217257e-02
12  -1.36750942e+00  2.04714445e-02
13  -1.34169486e+00  1.95532610e-02
14  -1.31591504e+00  1.78910915e-02
15  -1.29015727e+00  1.59079905e-02
16  -1.26448305e+00  1.30629601e-02
17  -1.23884219e+00  9.90876540e-03
18  -1.21330353e+00  6.02700042e-03
19  -1.18783783e+00  1.68052369e-03
20  -1.16245984e+00  -3.14458719e-03
21  -1.13718467e+00  -8.48537529e-03
22  -1.11199796e+00  -1.42309983e-02
23  -1.08690051e+00  -2.03528256e-02
24  -1.06191000e+00  -2.69003309e-02
25  -1.03698658e+00  -3.36994351e-02
26  -1.01220247e+00  -4.09878923e-02
27  -9.87471800e-01  -4.84572309e-02
28  -9.62804725e-01  -5.61324575e-02
29  -9.38209060e-01  -6.40353091e-02
30  -9.13655082e-01  -7.20669346e-02
31  -8.89158210e-01  -8.02708488e-02
32  -8.64695866e-01  -8.85771860e-02
33  -8.40264046e-01  -9.69730017e-02
34  -8.15865874e-01  -1.05466168e-01
35  -7.91483987e-01  -1.14005961e-01
36  -7.67110521e-01  -1.22569772e-01
37  -7.42734107e-01  -1.31125051e-01
38  -7.18317595e-01  -1.39565355e-01
39  -6.93890136e-01  -1.47973919e-01
40  -6.69438893e-01  -1.56312812e-01
41  -6.44951457e-01  -1.64545085e-01
42  -6.20425827e-01  -1.72662844e-01
43  -5.95840558e-01  -1.80597146e-01
44  -5.71201642e-01  -1.88364149e-01
45  -5.46514425e-01  -1.95976389e-01
46  -5.21785348e-01  -2.03451192e-01
47  -4.96999296e-01  -2.10733559e-01
48  -4.72138450e-01  -2.17758020e-01
49  -4.47243235e-01  -2.24659609e-01
50  -4.22245327e-01  -2.31173737e-01
51  -3.97171113e-01  -2.37393586e-01
52  -3.72062021e-01  -2.43471271e-01
53  -3.36600000e-01  -2.51418923e-01
54  -3.11643644e-01  -2.56691281e-01
55  -2.86629926e-01  -2.61678493e-01
56  -2.61551801e-01  -2.66336230e-01
57  -2.36382775e-01  -2.70476646e-01
58  -2.11176370e-01  -2.74380967e-01
59  -1.85926565e-01  -2.77987572e-01
60  -1.60626457e-01  -2.81231412e-01
61  -1.35282609e-01  -2.84114228e-01
62  -1.09906990e-01  -2.86697753e-01
63  -8.45005128e-02  -2.88948056e-01
64  -5.90624390e-02  -2.90821403e-01
65  -3.35973750e-02  -2.92288707e-01
66  -8.11316786e-03  -2.93364135e-01
67  1.73838321e-02  -2.94043705e-01
68  4.28888626e-02  -2.94331515e-01
69  6.83958808e-02  -2.94254931e-01
70  9.38987504e-02  -2.93780716e-01
71  1.19387021e-01  -2.92816717e-01
72  1.44858917e-01  -2.91488246e-01
73  1.70305541e-01  -2.89748994e-01
74  1.95718887e-01  -2.87566951e-01
75  2.21100000e-01  -2.85034118e-01
76  2.50684717e-01  -2.81359281e-01
77  2.76720767e-01  -2.77581563e-01
78  3.02686894e-01  -2.73349887e-01
79  3.28561497e-01  -2.68592491e-01
80  3.54347313e-01  -2.63375077e-01
81  3.80005311e-01  -2.57563317e-01
82  4.05568170e-01  -2.51344680e-01
83  4.30975716e-01  -2.44521524e-01
84  4.56232252e-01  -2.37157273e-01
85  4.81282746e-01  -2.29120234e-01
86  5.06149233e-01  -2.20532903e-01
87  5.30764615e-01  -2.11248524e-01
88  5.55163678e-01  -2.01413246e-01
89  5.82800000e-01  -1.89472868e-01
90  6.06056251e-01  -1.78266172e-01
91  6.28994218e-01  -1.66429452e-01
92  6.51406195e-01  -1.53619905e-01
93  6.73182819e-01  -1.39760565e-01
94  6.94152552e-01  -1.24711311e-01
95  7.14067622e-01  -1.08290032e-01
96  7.32605495e-01  -9.03388185e-02
97  7.49548768e-01  -7.08763533e-02
98  7.63800729e-01  -4.93949694e-02
99  7.73461212e-01  -2.55177897e-02
100  7.77100000e-01  0.00000000e+00
101  7.73428827e-01  2.44385995e-02
102  7.62105571e-01  4.63511572e-02
103  7.46577660e-01  6.56238859e-02
104  7.28956389e-01  8.30209122e-02
105  7.09937129e-01  9.88762589e-02
106  6.90065342e-01  1.13655845e-01
107  6.69583020e-01  1.27578059e-01
108  6.48465316e-01  1.40516251e-01
109  6.26899132e-01  1.52692653e-01
110  6.04991729e-01  1.64246484e-01
111  5.82800000e-01  1.75244499e-01
112  5.56744794e-01  1.87106181e-01
113  5.33940095e-01  1.96845265e-01
114  5.10912093e-01  2.06048685e-01
115  4.87736015e-01  2.14872272e-01
116  4.64405664e-01  2.23279438e-01
117  4.40896870e-01  2.31171817e-01
118  4.17275441e-01  2.38723954e-01
119  3.93540735e-01  2.45909972e-01
120  3.69680206e-01  2.52666032e-01
121  3.45701550e-01  2.58990069e-01
122  3.21621003e-01  2.64915434e-01
123  2.97464748e-01  2.70526461e-01
124  2.73254738e-01  2.75900037e-01
125  2.48965460e-01  2.80905239e-01
126  2.21100000e-01  2.86046592e-01
127  1.96000725e-01  2.90273624e-01
128  1.70836965e-01  2.94093381e-01
129  1.45630173e-01  2.97621030e-01
130  1.20383618e-01  3.00846951e-01
131  9.50921450e-02  3.03704650e-01
132  6.97579909e-02  3.06159031e-01
133  4.43841288e-02  3.08157487e-01
134  1.89842820e-02  3.09785912e-01
135  -6.43554026e-03  3.11064735e-01
136  -3.18711208e-02  3.11992198e-01
137  -5.73203231e-02  3.12419583e-01
138  -8.27725760e-02  3.12448055e-01
139  -1.08220512e-01  3.12060415e-01
140  -1.33661938e-01  3.11307244e-01
141  -1.59095649e-01  3.10321896e-01
142  -1.84510084e-01  3.08929140e-01
143  -2.09908030e-01  3.07268775e-01
144  -2.35289315e-01  3.05366068e-01
145  -2.60650173e-01  3.03204713e-01
146  -2.85985531e-01  3.00764132e-01
147  -3.11301940e-01  2.98136392e-01
148  -3.36600000e-01  2.95334827e-01
149  -3.72142169e-01  2.91028530e-01
150  -3.97385802e-01  2.87638326e-01
151  -4.22615053e-01  2.84142854e-01
152  -4.47822304e-01  2.80494232e-01
153  -4.73002658e-01  2.76662326e-01
154  -4.98169765e-01  2.72744271e-01
155  -5.23304806e-01  2.68626765e-01
156  -5.48416837e-01  2.64370436e-01
157  -5.73510327e-01  2.60005712e-01
158  -5.98580945e-01  2.55511476e-01
159  -6.23635093e-01  2.50926588e-01
160  -6.48675841e-01  2.46268810e-01
161  -6.73707067e-01  2.41560072e-01
162  -6.98695153e-01  2.36628015e-01
163  -7.23668088e-01  2.31619373e-01
164  -7.48629283e-01  2.26552839e-01
165  -7.73546692e-01  2.21274847e-01
166  -7.98459131e-01  2.15973456e-01
167  -8.23363158e-01  2.10632755e-01
168  -8.48255616e-01  2.05238340e-01
169  -8.73132541e-01  1.99772728e-01
170  -8.97991399e-01  1.94225626e-01
171  -9.22839401e-01  1.88630023e-01
172  -9.47679791e-01  1.83000707e-01
173  -9.72513145e-01  1.77340404e-01
174  -9.97331423e-01  1.71614365e-01
175  -1.02214558e+00  1.65870495e-01
176  -1.04695013e+00  1.60085385e-01
177  -1.07174467e+00  1.54257405e-01
178  -1.09653253e+00  1.48401106e-01
179  -1.12130711e+00  1.42488872e-01
180  -1.14607557e+00  1.36551049e-01
181  -1.17083486e+00  1.30575084e-01
182  -1.19558307e+00  1.24553463e-01
183  -1.22032403e+00  1.18502094e-01
184  -1.24505358e+00  1.12404282e-01
185  -1.26977536e+00  1.06275019e-01
186  -1.29449734e+00  1.00146525e-01
187  -1.31921832e+00  9.40140500e-02
188  -1.34393599e+00  8.78681996e-02
189  -1.36864163e+00  8.16742524e-02
190  -1.40360000e+00  7.28732204e-02
191  -1.42844907e+00  6.66443782e-02
192  -1.45329843e+00  6.04166621e-02
193  -1.47810703e+00  5.40290916e-02
194  -1.50294157e+00  4.77425803e-02
195  -1.52774720e+00  4.13433093e-02
196  -1.55253994e+00  3.48939085e-02
197  -1.57732838e+00  2.84280124e-02
198  -1.60206603e+00  2.17707216e-02
199  -1.62673761e+00  1.48723725e-02
200  -3.11318212e-01  2.71716026e-01
201  -3.11334483e-01  2.45295661e-01
202  -3.11350755e-01  2.18875296e-01
203  -3.11367026e-01  1.92454930e-01
204  -3.11383298e-01  1.66034565e-01
205  -3.11399570e-01  1.39614200e-01
206  -3.11415841e-01  1.13193834e-01
207  -3.11432113e-01  8.67734690e-02
208  -3.11448384e-01  6.03531036e-02
209  -3.11464656e-01  3.39327383e-02
210  -3.11480928e-01  7.51237291e-03
211  -3.11497199e-01  -1.89079925e-02
212  -3.11513471e-01  -4.53283578e-02
213  -3.11529743e-01  -7.17487232e-02
214  -3.11546014e-01  -9.81690885e-02
215  -3.11562286e-01  -1.24589454e-01
216  -3.11578557e-01  -1.51009819e-01
217  -3.11594829e-01  -1.77430185e-01
218  -3.11611101e-01  -2.03850550e-01
219  -3.11627372e-01  -2.30270915e-01
220  1.95987914e-01  2.64008143e-01
221  1.95975103e-01  2.37742663e-01
222  1.95962293e-01  2.11477182e-01
223  1.95949482e-01  1.85211701e-01
224  1.95936671e-01  1.58946221e-01
225  1.95923860e-01  1.32680740e-01
226  1.95911049e-01  1.06415259e-01
227  1.95898238e-01  8.01497786e-02
228  1.95885428e-01  5.38842979e-02
229  1.95872617e-01  2.76188173e-02
230  1.95859806e-01  1.35333659e-03
231  1.95846995e-01  -2.49121441e-02
232  1.95834184e-01  -5.11776247e-02
233  1.95821374e-01  -7.74431054e-02
234  1.95808563e-01  -1.03708586e-01
235  1.95795752e-01  -1.29974067e-01
236  1.95782941e-01  -1.56239547e-01
237  1.95770130e-01  -1.82505028e-01
238  1.95757320e-01  -2.08770509e-01
239  1.95744509e-01  -2.35035989e-01
240  1.95731698e-01  -2.61301470e-01
2481  -1.64978549e+00  -7.12883704e-03
2482  -1.62693472e+00  -2.83194714e-03
2483  -1.60233021e+00  1.54572329e-03
2484  -1.57767617e+00  5.64361669e-03
2485  -1.55295993e+00  9.33869277e-03
2486  -1.52822281e+00  1.29120632e-02
2487  -1.50339127e+00  1.57811583e-02
2488  -1.47850914e+00  1.81771104e-02
2489  -1.45356736e+00  1.98454280e-02
2490  -1.42859511e+00  2.09587936e-02
2491  -1.40360151e+00  2.14217234e-02
2492  -1.36749741e+00  2.09713003e-02
2493  -1.34166989e+00  2.00526369e-02
2494  -1.31587976e+00  1.83898455e-02
2495  -1.29011054e+00  1.64058018e-02
2496  -1.26442499e+00  1.35595778e-02
2497  -1.23877409e+00  1.04041064e-02
2498  -1.21322390e+00  6.52061837e-03
2499  -1.18774907e+00  2.17258202e-03
2500  -1.16236145e+00  -2.65436259e-03
2501  -1.13707738e+00  -7.99702220e-03
2502  -1.11188311e+00  -1.37443673e-02
2503  -1.08677790e+00  -1.98680917e-02
2504  -1.06178084e+00  -2.64173008e-02
2505  -1.03685024e+00  -3.32183813e-02
2506  -1.01205965e+00  -4.05087225e-02
2507  -9.87325241e-01  -4.79791927e-02
2508  -9.62653971e-01  -5.56557257e-02
2509  -9.38054860e-01  -6.35596808e-02
2510  -9.13497968e-01  -7.15922609e-02
2511  -8.88998438e-01  -7.97970631e-02
2512  -8.64534237e-01  -8.81040306e-02
2513  -8.40100609e-01  -9.65004677e-02
2514  -8.15701044e-01  -1.04994118e-01
2515  -7.91318474e-01  -1.13534150e-01
2516  -7.66944858e-01  -1.22098014e-01
2517  -7.42569638e-01  -1.30652875e-01
2518  -7.18154547e-01  -1.39092687e-01
2519  -6.93728069e-01  -1.47500914e-01
2520  -6.69278531e-01  -1.55839225e-01
2521  -6.44793236e-01  -1.64070779e-01
2522  -6.20270488e-01  -1.72187587e-01
2523  -5.95688613e-01  -1.80120792e-01
2524  -5.71052815e-01  -1.87886812e-01
2525  -5.46368425e-01  -1.95498180e-01
2526  -5.21642539e-01  -2.02972020e-01
2527  -4.96860844e-01  -2.10253110e-01
2528  -4.72003686e-01  -2.17276524e-01
2529  -4.47113402e-01  -2.24176760e-01
2530  -4.22122093e-01  -2.30689161e-01
2531  -3.97052108e-01  -2.36907955e-01
2532  -3.71948529e-01  -2.42984322e-01
2533  -3.36493650e-01  -2.50930364e-01
2534  -3.10143519e-01  -2.56488848e-01
2535  -2.86535390e-01  -2.61187511e-01
2536  -2.61465564e-01  -2.65843723e-01
2537  -2.36303926e-01  -2.69982902e-01
2538  -2.11102751e-01  -2.73886416e-01
2539  -1.85859419e-01  -2.77492101e-01
2540  -1.60566407e-01  -2.80735031e-01
2541  -1.35229031e-01  -2.83617107e-01
2542  -1.09859610e-01  -2.86200003e-01
2543  -8.44600939e-02  -2.88449692e-01
2544  -5.90296956e-02  -2.90322476e-01
2545  -3.35724525e-02  -2.91789329e-01
2546  -8.09596591e-03  -2.92864431e-01
2547  1.73933142e-02  -2.93543795e-01
2548  4.28909330e-02  -2.93831519e-01
2549  6.83904822e-02  -2.93754960e-01
2550  9.38846533e-02  -2.93280915e-01
2551  1.19364551e-01  -2.92317222e-01
2552  1.44828848e-01  -2.90989151e-01
2553  1.70267105e-01  -2.89250473e-01
2554  1.97219200e-01  -2.86925539e-01
2555  2.21044355e-01  -2.84537224e-01
2556  2.50617999e-01  -2.80863752e-01
2557  2.76644654e-01  -2.77087390e-01
2558  3.02601470e-01  -2.72857238e-01
2559  3.28466706e-01  -2.68101559e-01
2560  3.54242498e-01  -2.62886187e-01
2561  3.79890986e-01  -2.57076563e-01
2562  4.05444228e-01  -2.50860285e-01
2563  4.30840888e-01  -2.44040046e-01
2564  4.56085885e-01  -2.36679176e-01
2565  4.81124757e-01  -2.28645851e-01
2566  5.05979383e-01  -2.20062636e-01
2567  5.30582909e-01  -2.10782710e-01
2568  5.54971042e-01  -2.00951845e-01
2569  5.82592275e-01  -1.89018060e-01
2570  6.05833060e-01  -1.77818751e-01
2571  6.28755465e-01  -1.65990138e-01
2572  6.51147838e-01  -1.53191826e-01
2573  6.72902717e-01  -1.39346387e-01
2574  6.93847571e-01  -1.24315096e-01
2575  7.13734399e-01  -1.07917255e-01
2576  7.32242696e-01  -8.99947594e-02
2577  7.49151042e-01  -7.05733448e-02
2578  7.63358419e-01  -4.91618134e-02
2579  7.72978411e-01  -2.53877761e-02
2580  7.76600003e-01  -1.86554372e-06
2581  7.72946661e-01  2.42825357e-02
2582  7.61686678e-01  4.60781585e-02
2583  7.46206745e-01  6.52885915e-02
2584  7.28620369e-01  8.26506544e-02
2585  7.09627732e-01  9.84834819e-02
2586  6.89775543e-01  1.13248394e-01
2587  6.69311802e-01  1.27158010e-01
2588  6.48211758e-01  1.40085312e-01
2589  6.26659571e-01  1.52253779e-01
2590  6.04764075e-01  1.63801317e-01
2591  5.82585374e-01  1.74792906e-01
2592  5.56543009e-01  1.86648707e-01
2593  5.33749115e-01  1.96383176e-01
2594  5.10730355e-01  2.05582883e-01
2595  4.87562303e-01  2.14403418e-01
2596  4.64241335e-01  2.22807214e-01
2597  4.40741168e-01  2.30696678e-01
2598  4.17126861e-01  2.38246540e-01
2599  3.93400176e-01  2.45430135e-01
2600  3.69548337e-01  2.52183735e-01
2601  3.45578057e-01  2.58505559e-01
2602  3.21504702e-01  2.64429148e-01
2603  2.97354012e-01  2.70038878e-01
2604  2.73150108e-01  2.75411107e-01
2605  2.48869637e-01  2.80414507e-01
2606  2.21013118e-01  2.85554198e-01
2607  1.97500361e-01  2.89527175e-01
2608  1.70764795e-01  2.93598617e-01
2609  1.45563836e-01  2.97125450e-01
2610  1.20323861e-01  3.00350535e-01
2611  9.50399671e-02  3.03207380e-01
2612  6.97142526e-02  3.05660948e-01
2613  4.43485035e-02  3.07658758e-01
2614  1.89557251e-02  3.09286728e-01
2615  -6.45721167e-03  3.10565205e-01
2616  -3.18844290e-02  3.11492375e-01
2617  -5.73248007e-02  3.11919603e-01
2618  -8.27690478e-02  3.11948067e-01
2619  -1.08209306e-01  3.11560541e-01
2620  -1.33644862e-01  3.10807536e-01
2621  -1.59072290e-01  3.09822442e-01
2622  -1.84480095e-01  3.08430040e-01
2623  -2.09873032e-01  3.06770001e-01
2624  -2.35249397e-01  3.04867664e-01
2625  -2.60604971e-01  3.02706760e-01
2626  -2.85935749e-01  3.00266616e-01
2627  -3.09802150e-01  2.97794403e-01
2628  -3.36542412e-01  2.94838154e-01
2629  -3.72078821e-01  2.90532559e-01
2630  -3.97318216e-01  2.87142915e-01
2631  -4.22544930e-01  2.83647796e-01
2632  -4.47748879e-01  2.79999653e-01
2633  -4.72926589e-01  2.76168146e-01
2634  -4.98090892e-01  2.72250531e-01
2635  -5.23222613e-01  2.68133567e-01
2636  -5.48332218e-01  2.63877648e-01
2637  -5.73423373e-01  2.59513331e-01
2638  -5.98491830e-01  2.55019482e-01
2639  -6.23544373e-01  2.50434887e-01
2640  -6.48583905e-01  2.45777335e-01
2641  -6.73612438e-01  2.41069108e-01
2642  -6.98597581e-01  2.36137628e-01
2643  -7.23569196e-01  2.31129250e-01
2644  -7.48527747e-01  2.26063257e-01
2645  -7.73442851e-01  2.20785749e-01
2646  -7.98354675e-01  2.15484489e-01
2647  -8.23257789e-01  2.10143984e-01
2648  -8.48149021e-01  2.04749835e-01
2649  -8.73024447e-01  1.99284552e-01
2650  -8.97882029e-01  1.93737734e-01
2651  -9.22729224e-01  1.88142313e-01
2652  -9.47568979e-01  1.82513141e-01
2653  -9.72401384e-01  1.76853055e-01
2654  -9.97218842e-01  1.71127204e-01
2655  -1.02203242e+00  1.65383469e-01
2656  -1.04683614e+00  1.59598551e-01
2657  -1.07162998e+00  1.53770735e-01
2658  -1.09641702e+00  1.47914632e-01
2659  -1.12119080e+00  1.42002589e-01
2660  -1.14595863e+00  1.36064916e-01
2661  -1.17071710e+00  1.30089149e-01
2662  -1.19546457e+00  1.24067708e-01
2663  -1.22020478e+00  1.18016522e-01
2664  -1.24493357e+00  1.11918899e-01
2665  -1.26965505e+00  1.05789710e-01
2666  -1.29437699e+00  9.96612242e-02
2667  -1.31909780e+00  9.35287915e-02
2668  -1.34381487e+00  8.73830914e-02
2669  -1.36851980e+00  8.11893222e-02
2670  -1.40347818e+00  7.23882878e-02
2671  -1.42832751e+00  6.61593804e-02
2672  -1.45317532e+00  5.99320554e-02
2673  -1.47798335e+00  5.35446310e-02
2674  -1.50281777e+00  4.72581488e-02
2675  -1.52762181e+00  4.08592868e-02
2676  -1.55241390e+00  3.44100548e-02
2677  -1.57720031e+00  2.79446920e-02
2678  -1.60193374e+00  2.12885394e-02
2679  -1.62649371e+00  1.44358929e-02
2680  -3.09818212e-01  2.71715102e-01
2681  -3.09834483e-01  2.45294737e-01
2682  -3.09850755e-01  2.18874372e-01
2683  -3.09867026e-01  1.92454006e-01
2684  -3.09883298e-01  1.66033641e-01
2685  -3.09899570e-01  1.39613276e-01
2686  -3.09915841e-01  1.13192910e-01
2687  -3.09932113e-01  8.67725452e-02
2688  -3.09948384e-01  6.03521798e-02
2689  -3.09964656e-01  3.39318145e-02
2690  -3.09980928e-01  7.51144911e-03
2691  -3.09997199e-01  -1.89089163e-02
2692  -3.10013471e-01  -4.53292816e-02
2693  -3.10029743e-01  -7.17496470e-02
2694  -3.10046014e-01  -9.81700123e-02
2695  -3.10062286e-01  -1.24590378e-01
2696  -3.10078557e-01  -1.51010743e-01
2697  -3.10094829e-01  -1.77431109e-01
2698  -3.10111101e-01  -2.03851474e-01
2699  -3.10127372e-01  -2.30271839e-01
2700  1.97487914e-01  2.64007411e-01
2701  1.97475103e-01  2.37741931e-01
2702  1.97462293e-01  2.11476450e-01
2703  1.97449482e-01  1.85210969e-01
2704  1.97436671e-01  1.58945489e-01
2705  1.97423860e-01  1.32680008e-01
2706  1.97411049e-01  1.06414527e-01
2707  1.97398238e-01  8.01490470e-02
2708  1.97385428e-01  5.38835663e-02
2709  1.97372617e-01  2.76180857e-02
2710  1.97359806e-01  1.35260496e-03
2711  1.97346995e-01  -2.49128757e-02
2712  1.97334184e-01  -5.11783563e-02
2713  1.97321374e-01  -7.74438370e-02
2714  1.97308563e-01  -1.03709318e-01
2715  1.97295752e-01  -1.29974799e-01
2716  1.97282941e-01  -1.56240279e-01
2717  1.97270130e-01  -1.82505760e-01
2718  1.97257320e-01  -2.08771241e-01
2719  1.97244509e-01  -2.35036721e-01
2720  1.97231698e-01  -2.61302202e-01
4961  -1.64171295e+00  -3.06704727e-03
4962  -1.62738470e+00  -3.72775478e-04
4963  -1.60275413e+00  4.00951809e-03
4964  -1.57806596e+00  8.11304225e-03
4965  -1.55332346e+00  1.18121199e-02
4966  -1.52854503e+00  1.53912112e-02
4967  -1.50365457e+00  1.82672546e-02
4968  -1.47871240e+00  2.06688340e-02
4969  -1.45370647e+00  2.23415548e-02
4970  -1.42867394e+00  2.34575504e-02
4971  -1.40360907e+00  2.39217120e-02
4972  -1.36743738e+00  2.34705795e-02
4973  -1.34154501e+00  2.25495163e-02
4974  -1.31570338e+00  2.08836154e-02
4975  -1.28987688e+00  1.88948585e-02
4976  -1.26413469e+00  1.60426662e-02
4977  -1.23843360e+00  1.28808113e-02
4978  -1.21282574e+00  8.98870814e-03
4979  -1.18730526e+00  4.63287364e-03
4980  -1.16186952e+00  -2.03239571e-04
4981  -1.13654093e+00  -5.55525672e-03
4982  -1.11130887e+00  -1.13112120e-02
4983  -1.08616485e+00  -1.74444222e-02
4984  -1.06113505e+00  -2.40021504e-02
4985  -1.03616857e+00  -3.08131123e-02
4986  -1.01134558e+00  -3.81128737e-02
4987  -9.86592446e-01  -4.55890020e-02
4988  -9.61900200e-01  -5.32720669e-02
4989  -9.37283858e-01  -6.11815393e-02
4990  -9.12712397e-01  -6.92188923e-02
4991  -8.88199577e-01  -7.74281348e-02
4992  -8.63726092e-01  -8.57382534e-02
4993  -8.39283425e-01  -9.41377975e-02
4994  -8.14876895e-01  -1.02633868e-01
4995  -7.90490907e-01  -1.11175097e-01
4996  -7.66116541e-01  -1.19739224e-01
4997  -7.41747295e-01  -1.28291996e-01
4998  -7.17339305e-01  -1.36729346e-01
4999  -6.92917732e-01  -1.45135886e-01
5000  -6.68476724e-01  -1.53471293e-01
5001  -6.44002129e-01  -1.61699250e-01
5002  -6.19493790e-01  -1.69811299e-01
5003  -5.94928888e-01  -1.77739025e-01
5004  -5.70308678e-01  -1.85500128e-01
5005  -5.45638427e-01  -1.93107133e-01
5006  -5.20928493e-01  -2.00576162e-01
5007  -4.96168585e-01  -2.07850866e-01
5008  -4.71329864e-01  -2.14869043e-01
5009  -4.46464238e-01  -2.21762513e-01
5010  -4.21505924e-01  -2.28266284e-01
5011  -3.96457083e-01  -2.34479798e-01
5012  -3.71381072e-01  -2.40549575e-01
5013  -3.35961898e-01  -2.48487571e-01
5014  -2.99712264e-01  -2.56078384e-01
5015  -2.86062708e-01  -2.58732604e-01
5016  -2.61034380e-01  -2.63381188e-01
5017  -2.35909683e-01  -2.67514184e-01
5018  -2.10734657e-01  -2.71413664e-01
5019  -1.85523692e-01  -2.75014746e-01
5020  -1.60266159e-01  -2.78253126e-01
5021  -1.34961143e-01  -2.81131501e-01
5022  -1.09622712e-01  -2.83711252e-01
5023  -8.42579994e-02  -2.85957874e-01
5024  -5.88659786e-02  -2.87827843e-01
5025  -3.34478399e-02  -2.89292436e-01
5026  -8.00995615e-03  -2.90365911e-01
5027  1.74407246e-02  -2.91044245e-01
5028  4.29012848e-02  -2.91331541e-01
5029  6.83634891e-02  -2.91255106e-01
5030  9.38141681e-02  -2.90781909e-01
5031  1.19252201e-01  -2.89819748e-01
5032  1.44678501e-01  -2.88493676e-01
5033  1.70074926e-01  -2.86757871e-01
5034  2.07651898e-01  -2.83446402e-01
5035  2.20766127e-01  -2.82052754e-01
5036  2.50284408e-01  -2.78386109e-01
5037  2.76264091e-01  -2.74616526e-01
5038  3.02174348e-01  -2.70393995e-01
5039  3.27992749e-01  -2.65646897e-01
5040  3.53718426e-01  -2.60441734e-01
5041  3.79319359e-01  -2.54642791e-01
5042  4.04824517e-01  -2.48438311e-01
5043  4.30166749e-01  -2.41632654e-01
5044  4.55354048e-01  -2.34288692e-01
5045  4.80334813e-01  -2.26273934e-01
5046  5.05130136e-01  -2.17711300e-01
5047  5.29674379e-01  -2.08453638e-01
5048  5.54007860e-01  -1.98644838e-01
5049  5.81553649e-01  -1.86744021e-01
5050  6.04717104e-01  -1.75581645e-01
5051  6.27561700e-01  -1.63793566e-01
5052  6.49856055e-01  -1.51051429e-01
5053  6.71502210e-01  -1.37275499e-01
5054  6.92322666e-01  -1.22334019e-01
5055  7.12068284e-01  -1.06053372e-01
5056  7.30428699e-01  -8.82744636e-02
5057  7.47162413e-01  -6.90583024e-02
5058  7.61146868e-01  -4.79960334e-02
5059  7.70564408e-01  -2.47377082e-02
5060  7.74100021e-01  -1.11932623e-05
5061  7.70535830e-01  2.35022170e-02
5062  7.59592210e-01  4.47131648e-02
5063  7.44352172e-01  6.36121193e-02
5064  7.26940272e-01  8.07993651e-02
5065  7.08080750e-01  9.65195967e-02
5066  6.88326547e-01  1.11211138e-01
5067  6.67955712e-01  1.25057768e-01
5068  6.46943966e-01  1.37930619e-01
5069  6.25461764e-01  1.50059409e-01
5070  6.03625806e-01  1.61575482e-01
5071  5.81512247e-01  1.72534943e-01
5072  5.55534084e-01  1.84361335e-01
5073  5.32794214e-01  1.94072729e-01
5074  5.09821668e-01  2.03253873e-01
5075  4.86693745e-01  2.12059147e-01
5076  4.63419689e-01  2.20446091e-01
5077  4.39962655e-01  2.28320985e-01
5078  4.16383958e-01  2.35859472e-01
5079  3.92697383e-01  2.43030952e-01
5080  3.68888993e-01  2.49772249e-01
5081  3.44960595e-01  2.56083011e-01
5082  3.20923197e-01  2.61997718e-01
5083  2.96800329e-01  2.67600961e-01
5084  2.72626956e-01  2.72966457e-01
5085  2.48390525e-01  2.77960846e-01
5086  2.20578708e-01  2.83092230e-01
5087  2.07929313e-01  2.85325733e-01
5088  1.70403946e-01  2.91124796e-01
5089  1.45232150e-01  2.94647551e-01
5090  1.20025075e-01  2.97868454e-01
5091  9.47790775e-02  3.00721030e-01
5092  6.94955611e-02  3.03170531e-01
5093  4.41703768e-02  3.05165112e-01
5094  1.88129407e-02  3.06790809e-01
5095  -6.56556870e-03  3.08067554e-01
5096  -3.19509701e-02  3.08993261e-01
5097  -5.73471888e-02  3.09419703e-01
5098  -8.27514069e-02  3.09448130e-01
5099  -1.08153277e-01  3.09061169e-01
5100  -1.33559481e-01  3.08308994e-01
5101  -1.58955496e-01  3.07325172e-01
5102  -1.84330150e-01  3.05934541e-01
5103  -2.09698043e-01  3.04276133e-01
5104  -2.35049805e-01  3.02375644e-01
5105  -2.60378964e-01  3.00216997e-01
5106  -2.85686836e-01  2.97779039e-01
5107  -2.99372008e-01  2.96398880e-01
5108  -3.36254470e-01  2.92354792e-01
5109  -3.71762084e-01  2.88052705e-01
5110  -3.96980288e-01  2.84665859e-01
5111  -4.22194317e-01  2.81172504e-01
5112  -4.47381753e-01  2.77526756e-01
5113  -4.72546245e-01  2.73697248e-01
5114  -4.97696527e-01  2.69781832e-01
5115  -5.22811648e-01  2.65667577e-01
5116  -5.47909122e-01  2.61413711e-01
5117  -5.72988601e-01  2.57051427e-01
5118  -5.98046254e-01  2.52559510e-01
5119  -6.23090771e-01  2.47976382e-01
5120  -6.48124226e-01  2.43319959e-01
5121  -6.73139293e-01  2.38614290e-01
5122  -6.98109721e-01  2.33685691e-01
5123  -7.23074737e-01  2.28678636e-01
5124  -7.48020065e-01  2.23615348e-01
5125  -7.72923649e-01  2.18340257e-01
5126  -7.97832394e-01  2.13039653e-01
5127  -8.22730943e-01  2.07700128e-01
5128  -8.47616044e-01  2.02307308e-01
5129  -8.72483977e-01  1.96843673e-01
5130  -8.97335180e-01  1.91298276e-01
5131  -9.22178340e-01  1.85703763e-01
5132  -9.47014920e-01  1.80075310e-01
5133  -9.71842578e-01  1.74416308e-01
5134  -9.96655935e-01  1.68691401e-01
5135  -1.02146661e+00  1.62948338e-01
5136  -1.04626621e+00  1.57164383e-01
5137  -1.07105656e+00  1.51337388e-01
5138  -1.09583945e+00  1.45482263e-01
5139  -1.12060923e+00  1.39571173e-01
5140  -1.14537394e+00  1.33634250e-01
5141  -1.17012830e+00  1.27659477e-01
5142  -1.19487206e+00  1.21638935e-01
5143  -1.21960854e+00  1.15588665e-01
5144  -1.24433350e+00  1.09491983e-01
5145  -1.26905347e+00  1.03363167e-01
5146  -1.29377526e+00  9.72347202e-02
5147  -1.31849522e+00  9.11024989e-02
5148  -1.34320927e+00  8.49575501e-02
5149  -1.36791065e+00  7.87646714e-02
5150  -1.40286907e+00  6.99636247e-02
5151  -1.42771970e+00  6.37343914e-02
5152  -1.45255976e+00  5.75090221e-02
5153  -1.47736492e+00  5.11223278e-02
5154  -1.50219878e+00  4.48359914e-02
5155  -1.52699487e+00  3.84391741e-02
5156  -1.55178371e+00  3.19907862e-02
5157  -1.57655997e+00  2.55280900e-02
5158  -1.60127230e+00  1.88776284e-02
5159  -1.62527423e+00  1.22534947e-02
5160  -2.99387214e-01  2.71708678e-01
5161  -2.99403485e-01  2.45288313e-01
5162  -2.99419757e-01  2.18867948e-01
5163  -2.99436028e-01  1.92447582e-01
5164  -2.99452300e-01  1.66027217e-01
5165  -2.99468572e-01  1.39606852e-01
5166  -2.99484843e-01  1.13186486e-01
5167  -2.99501115e-01  8.67661211e-02
5168  -2.99517386e-01  6.03457557e-02
5169  -2.99533658e-01  3.39253901e-02
5170  -2.99549930e-01  7.50502497e-03
5171  -2.99566201e-01  -1.89153404e-02
5172  -2.99582473e-01  -4.53357060e-02
5173  -2.99598745e-01  -7.17560711e-02
5174  -2.99615016e-01  -9.81764364e-02
5175  -2.99631288e-01  -1.24596802e-01
5176  -2.99647559e-01  -1.51017167e-01
5177  -2.99663831e-01  -1.77437533e-01
5178  -2.99680103e-01  -2.03857898e-01
5179  -2.99696374e-01  -2.30278263e-01
5180  2.07918913e-01  2.64002324e-01
5181  2.07906102e-01  2.37736844e-01
5182  2.07893292e-01  2.11471363e-01
5183  2.07880481e-01  1.85205882e-01
5184  2.07867670e-01  1.58940402e-01
5185  2.07854859e-01  1.32674921e-01
5186  2.07842048e-01  1.06409440e-01
5187  2.07829237e-01  8.01439595e-02
5188  2.07816427e-01  5.38784788e-02
5189  2.07803616e-01  2.76129980e-02
5190  2.07790805e-01  1.34751724e-03
5191  2.07777994e-01  -2.49179634e-02
5192  2.07765183e-01  -5.11834438e-02
5193  2.07752373e-01  -7.74489245e-02
5194  2.07739562e-01  -1.03714405e-01
5195  2.07726751e-01  -1.29979886e-01
5196  2.07713940e-01  -1.56245366e-01
5197  2.07701129e-01  -1.82510847e-01
5198  2.07688319e-01  -2.08776328e-01
5199  2.07675508e-01  -2.35041808e-01
5200  2.07662697e-01  -2.61307289e-01
7441  -1.63525492e+00  1.82384558e-04
7442  -1.62774467e+00  1.59456185e-03
7443  -1.60309328e+00  5.98055392e-03
7444  -1.57837779e+00  1.00885827e-02
7445  -1.55361429e+00  1.37908615e-02
7446  -1.52880281e+00  1.73745296e-02
7447  -1.50386520e+00  2.02561317e-02
7448  -1.47887500e+00  2.26622129e-02
7449  -1.45381775e+00  2.43384563e-02
7450  -1.42873700e+00  2.54565558e-02
7451  -1.40361511e+00  2.59217029e-02
7452  -1.36686606e+00  4.72567191e-02
7453  -1.34035657e+00  4.63128169e-02
7454  -1.31402469e+00  4.46173223e-02
7455  -1.28765309e+00  4.25837084e-02
7456  -1.26137189e+00  3.96747155e-02
7457  -1.23519310e+00  3.64521071e-02
7458  -1.20903635e+00  3.24780120e-02
7459  -1.18308146e+00  2.80479611e-02
7460  -1.15718772e+00  2.31245884e-02
7461  -1.13143540e+00  1.76835136e-02
7462  -1.10584368e+00  1.18456127e-02
7463  -1.08033037e+00  5.62212489e-03
7464  -1.05498891e+00  -1.01668117e-03
7465  -1.02968093e+00  -7.92168620e-03
7466  -1.00454955e+00  -1.53111009e-02
7467  -9.79618293e-01  -2.28410783e-02
7468  -9.54726412e-01  -3.05863089e-02
7469  -9.29946084e-01  -3.85482912e-02
7470  -9.05235962e-01  -4.66310690e-02
7471  -8.80596658e-01  -5.48825704e-02
7472  -8.56034815e-01  -6.32226787e-02
7473  -8.31506121e-01  -7.16517934e-02
7474  -8.07033304e-01  -8.01709004e-02
7475  -7.82614787e-01  -8.87235137e-02
7476  -7.58233285e-01  -9.72901453e-02
7477  -7.33920892e-01  -1.05823033e-01
7478  -7.09580491e-01  -1.14236955e-01
7479  -6.85205598e-01  -1.22627447e-01
7480  -6.60845761e-01  -1.30935205e-01
7481  -6.36473006e-01  -1.39128934e-01
7482  -6.12101806e-01  -1.47195698e-01
7483  -5.87698429e-01  -1.55071265e-01
7484  -5.63226579e-01  -1.62785580e-01
7485  -5.38690886e-01  -1.70351068e-01
7486  -5.14132772e-01  -1.77774297e-01
7487  -4.89580220e-01  -1.84988226e-01
7488  -4.64916971e-01  -1.91956565e-01
7489  -4.40286014e-01  -1.98785647e-01
7490  -4.15641721e-01  -2.05207273e-01
7491  -3.90794107e-01  -2.11370545e-01
7492  -3.65980462e-01  -2.17377603e-01
7493  -3.27879279e-01  -2.11357108e-01
7494  -2.89258692e-01  -2.19431993e-01
7495  -2.78877953e-01  -2.21418005e-01
7496  -2.54480382e-01  -2.25950650e-01
7497  -2.29917181e-01  -2.29989659e-01
7498  -2.05139621e-01  -2.33827821e-01
7499  -1.80420632e-01  -2.37358953e-01
7500  -1.55702380e-01  -2.40528175e-01
7501  -1.30889238e-01  -2.43350294e-01
7502  -1.06021862e-01  -2.45882244e-01
7503  -8.11861627e-02  -2.48082238e-01
7504  -5.63774808e-02  -2.49909412e-01
7505  -3.15537286e-02  -2.51339671e-01
7506  -6.70260777e-03  -2.52388407e-01
7507  1.81613626e-02  -2.53051078e-01
7508  4.30586329e-02  -2.53331866e-01
7509  6.79531942e-02  -2.53257321e-01
7510  9.27427919e-02  -2.52797015e-01
7511  1.17544478e-01  -2.51858140e-01
7512  1.42393229e-01  -2.50562455e-01
7513  1.67153808e-01  -2.48870313e-01
7514  2.18101987e-01  -2.44313044e-01
7515  2.16537074e-01  -2.44288815e-01
7516  2.47109556e-01  -2.54805881e-01
7517  2.72642192e-01  -2.51100814e-01
7518  2.98109350e-01  -2.46950816e-01
7519  3.23482012e-01  -2.42285388e-01
7520  3.48730720e-01  -2.37177391e-01
7521  3.73879070e-01  -2.31480104e-01
7522  3.98926607e-01  -2.25387899e-01
7523  4.23750833e-01  -2.18721022e-01
7524  4.48389009e-01  -2.11537976e-01
7525  4.72816754e-01  -2.03699930e-01
7526  4.97047676e-01  -1.95333171e-01
7527  5.21027719e-01  -1.86287400e-01
7528  5.44841067e-01  -1.76688591e-01
7529  5.80722748e-01  -1.84924789e-01
7530  6.03824340e-01  -1.73791960e-01
7531  6.26606689e-01  -1.62036309e-01
7532  6.48822629e-01  -1.49339112e-01
7533  6.70381804e-01  -1.35618788e-01
7534  6.91102742e-01  -1.20749158e-01
7535  7.10735392e-01  -1.04562266e-01
7536  7.28977502e-01  -8.68982270e-02
7537  7.45571509e-01  -6.78462685e-02
7538  7.59377627e-01  -4.70634093e-02
7539  7.68633206e-01  -2.42176538e-02
7540  7.72100035e-01  -1.86554372e-05
7541  7.68607166e-01  2.28779620e-02
7542  7.57916637e-01  4.36211699e-02
7543  7.42868514e-01  6.22709415e-02
7544  7.25596194e-01  7.93183338e-02
7545  7.06843164e-01  9.49484885e-02
7546  6.87167350e-01  1.09581334e-01
7547  6.66870840e-01  1.23377573e-01
7548  6.45929733e-01  1.36206864e-01
7549  6.24503519e-01  1.48303913e-01
7550  6.02715190e-01  1.59794813e-01
7551  5.80653745e-01  1.70728573e-01
7552  5.45931939e-01  1.62591960e-01
7553  5.23706229e-01  1.72083746e-01
7554  5.01173506e-01  1.81088221e-01
7555  4.78427500e-01  1.89748252e-01
7556  4.55599919e-01  1.97974820e-01
7557  4.32553399e-01  2.05711037e-01
7558  4.09313610e-01  2.13141263e-01
7559  3.86008761e-01  2.20197442e-01
7560  3.62613886e-01  2.26821652e-01
7561  3.39084077e-01  2.33027136e-01
7562  3.15388898e-01  2.38857312e-01
7563  2.91530825e-01  2.44398824e-01
7564  2.67648017e-01  2.49700237e-01
7565  2.43830713e-01  2.54608866e-01
7566  2.16444339e-01  2.59661186e-01
7567  2.18340731e-01  2.45175046e-01
7568  1.64919039e-01  2.53522725e-01
7569  1.40190527e-01  2.56983483e-01
7570  1.15483529e-01  2.60140820e-01
7571  9.08135562e-02  2.62928509e-01
7572  6.61714506e-02  2.65316201e-01
7573  4.14628521e-02  2.67261691e-01
7574  1.66426179e-02  2.68852837e-01
7575  -8.21259560e-03  2.70103264e-01
7576  -3.29623942e-02  2.71006723e-01
7577  -5.76874878e-02  2.71421227e-01
7578  -8.24832650e-02  2.71449076e-01
7579  -1.07301636e-01  2.71070713e-01
7580  -1.32261693e-01  2.70331162e-01
7581  -1.57180223e-01  2.69366663e-01
7582  -1.82050985e-01  2.68002952e-01
7583  -2.07038204e-01  2.66369336e-01
7584  -2.32016008e-01  2.64496942e-01
7585  -2.56943647e-01  2.62372597e-01
7586  -2.81903370e-01  2.59967858e-01
7587  -2.88963856e-01  2.59297343e-01
7588  -3.33514076e-01  2.68720133e-01
7589  -3.68747626e-01  2.64451436e-01
7590  -3.93764160e-01  2.61091225e-01
7591  -4.18857458e-01  2.57614655e-01
7592  -4.43887747e-01  2.53991702e-01
7593  -4.68926433e-01  2.50181215e-01
7594  -4.93943281e-01  2.46286726e-01
7595  -5.18900411e-01  2.42198255e-01
7596  -5.43882436e-01  2.37963921e-01
7597  -5.68850796e-01  2.33620989e-01
7598  -5.93805618e-01  2.29147464e-01
7599  -6.18773751e-01  2.24578301e-01
7600  -6.43749366e-01  2.19932624e-01
7601  -6.68636274e-01  2.15251292e-01
7602  -6.93466664e-01  2.10350120e-01
7603  -7.18368874e-01  2.05355649e-01
7604  -7.43188356e-01  2.00318107e-01
7605  -7.67982293e-01  1.95066026e-01
7606  -7.92861746e-01  1.89771660e-01
7607  -8.17716844e-01  1.84441459e-01
7608  -8.42543602e-01  1.79061294e-01
7609  -8.67340214e-01  1.73613336e-01
7610  -8.92130706e-01  1.68081466e-01
7611  -9.16935470e-01  1.62495593e-01
7612  -9.41741831e-01  1.56873987e-01
7613  -9.66524308e-01  1.51225299e-01
7614  -9.91298638e-01  1.45509378e-01
7615  -1.01608172e+00  1.39772709e-01
7616  -1.04084203e+00  1.33997917e-01
7617  -1.06559913e+00  1.28178731e-01
7618  -1.09034267e+00  1.22332916e-01
7619  -1.11507438e+00  1.16430900e-01
7620  -1.13980932e+00  1.10501117e-01
7621  -1.16452453e+00  1.04535795e-01
7622  -1.18923308e+00  9.85238165e-02
7623  -1.21393397e+00  9.24822567e-02
7624  -1.23862255e+00  8.63945400e-02
7625  -1.26332819e+00  8.02692716e-02
7626  -1.28804848e+00  7.41411966e-02
7627  -1.31276033e+00  6.80109872e-02
7628  -1.33744567e+00  6.18731890e-02
7629  -1.36211321e+00  5.56887845e-02
7630  -1.40238179e+00  6.80238942e-02
7631  -1.42723346e+00  6.17944002e-02
7632  -1.45206732e+00  5.55705954e-02
7633  -1.47687018e+00  4.91844852e-02
7634  -1.50170358e+00  4.28982655e-02
7635  -1.52649332e+00  3.65030839e-02
7636  -1.55127956e+00  3.00553714e-02
7637  -1.57604770e+00  2.35948084e-02
7638  -1.60074314e+00  1.69488996e-02
7639  -1.62429864e+00  1.05075762e-02
7640  -2.88956216e-01  2.71702254e-01
7641  -2.88972487e-01  2.45281889e-01
7642  -2.88988759e-01  2.18861524e-01
7643  -2.89005030e-01  1.92441158e-01
7644  -2.89021302e-01  1.66020793e-01
7645  -2.89037574e-01  1.39600428e-01
7646  -2.89053845e-01  1.13180062e-01
7647  -2.89070117e-01  8.67596969e-02
7648  -2.89086388e-01  6.03393315e-02
7649  -2.89102660e-01  3.39189658e-02
7650  -2.89118932e-01  7.49860084e-03
7651  -2.89135203e-01  -1.89217646e-02
7652  -2.89151475e-01  -4.53421303e-02
7653  -2.89167747e-01  -7.17624953e-02
7654  -2.89184018e-01  -9.81828606e-02
7655  -2.89200290e-01  -1.24603226e-01
7656  -2.89216561e-01  -1.51023591e-01
7657  -2.89232833e-01  -1.77443957e-01
7658  -2.89249105e-01  -2.03864322e-01
7659  -2.89265376e-01  -2.30284687e-01
7660  2.18349911e-01  2.63997236e-01
7661  2.18337100e-01  2.37731756e-01
7662  2.18324290e-01  2.11466275e-01
7663  2.18311479e-01  1.85200794e-01
7664  2.18298668e-01  1.58935314e-01
7665  2.18285857e-01  1.32669833e-01
7666  2.18273046e-01  1.06404352e-01
7667  2.18260235e-01  8.01388720e-02
7668  2.18247425e-01  5.38733913e-02
7669  2.18234614e-01  2.76079102e-02
7670  2.18221803e-01  1.34242952e-03
7671  2.18208992e-01  -2.49230512e-02
7672  2.18196181e-01  -5.11885313e-02
7673  2.18183371e-01  -7.74540120e-02
7674  2.18170560e-01  -1.03719493e-01
7675  2.18157749e-01  -1.29984974e-01
7676  2.18144938e-01  -1.56250454e-01
7677  2.18132127e-01  -1.82515935e-01
7678  2.18119317e-01  -2.08781416e-01
7679  2.18106506e-01  -2.35046896e-01
7680  2.18093695e-01  -2.61312377e-01
9921  -1.62718237e+00  4.24417434e-03
9922  -1.62819465e+00  4.05373351e-03
9923  -1.60351720e+00  8.44434872e-03
9924  -1.57876758e+00  1.25580083e-02
9925  -1.55397783e+00  1.62642886e-02
9926  -1.52912503e+00  1.98536775e-02
9927  -1.50412850e+00  2.27422280e-02
9928  -1.47907826e+00  2.51539365e-02
9929  -1.45395686e+00  2.68345831e-02
9930  -1.42881583e+00  2.79553126e-02
9931  -1.40362267e+00  2.84216914e-02
9932  -1.36680603e+00  4.97559982e-02
9933  -1.34023170e+00  4.88096963e-02
9934  -1.31384830e+00  4.71110922e-02
9935  -1.28741943e+00  4.50727650e-02
9936  -1.26108159e+00  4.21578040e-02
9937  -1.23485261e+00  3.89288120e-02
9938  -1.20863819e+00  3.49461018e-02
9939  -1.18263765e+00  3.05082527e-02
9940  -1.15669579e+00  2.55757114e-02
9941  -1.13089895e+00  2.01252791e-02
9942  -1.10526943e+00  1.42787679e-02
9943  -1.07971732e+00  8.04579436e-03
9944  -1.05434311e+00  1.39846922e-03
9945  -1.02899926e+00  -5.51641720e-03
9946  -1.00383547e+00  -1.29152520e-02
9947  -9.78885498e-01  -2.04508875e-02
9948  -9.53972641e-01  -2.82026501e-02
9949  -9.29175083e-01  -3.61701497e-02
9950  -9.04450391e-01  -4.42577004e-02
9951  -8.79797797e-01  -5.25136421e-02
9952  -8.55226670e-01  -6.08569015e-02
9953  -8.30688936e-01  -6.92891233e-02
9954  -8.06209155e-01  -7.78106507e-02
9955  -7.81787220e-01  -8.63644602e-02
9956  -7.57404968e-01  -9.49313551e-02
9957  -7.33098549e-01  -1.03462154e-01
9958  -7.08765249e-01  -1.11873614e-01
9959  -6.84395261e-01  -1.20262419e-01
9960  -6.60043953e-01  -1.28567273e-01
9961  -6.35681899e-01  -1.36757405e-01
9962  -6.11325109e-01  -1.44819411e-01
9963  -5.86938704e-01  -1.52689498e-01
9964  -5.62482442e-01  -1.60398896e-01
9965  -5.37960887e-01  -1.67960022e-01
9966  -5.13418726e-01  -1.75378438e-01
9967  -4.88887961e-01  -1.82585982e-01
9968  -4.64243149e-01  -1.89549084e-01
9969  -4.39636850e-01  -1.96371400e-01
9970  -4.15025552e-01  -2.02784396e-01
9971  -3.90199082e-01  -2.08942389e-01
9972  -3.65413005e-01  -2.14942857e-01
9973  -3.27347528e-01  -2.08914314e-01
9974  -2.87757310e-01  -2.17188100e-01
9975  -2.78405272e-01  -2.18963097e-01
9976  -2.54049198e-01  -2.23488115e-01
9977  -2.29522937e-01  -2.27520941e-01
9978  -2.04771527e-01  -2.31355068e-01
9979  -1.80084904e-01  -2.34881598e-01
9980  -1.55402131e-01  -2.38046271e-01
9981  -1.30621349e-01  -2.40864689e-01
9982  -1.05784964e-01  -2.43393493e-01
9983  -8.09840682e-02  -2.45590420e-01
9984  -5.62137639e-02  -2.47414779e-01
9985  -3.14291161e-02  -2.48842779e-01
9986  -6.61659801e-03  -2.49889887e-01
9987  1.82087730e-02  -2.50551528e-01
9988  4.30689848e-02  -2.50831888e-01
9989  6.79262011e-02  -2.50757467e-01
9990  9.26723066e-02  -2.50298009e-01
9991  1.17432128e-01  -2.49360666e-01
9992  1.42242883e-01  -2.48066980e-01
9993  1.66961629e-01  -2.46377710e-01
9994  2.19603280e-01  -2.41662943e-01
9995  2.16258847e-01  -2.41804345e-01
9996  2.46775965e-01  -2.52328237e-01
9997  2.72261629e-01  -2.48629949e-01
9998  2.97682228e-01  -2.44487573e-01
9999  3.23008055e-01  -2.39830726e-01
10000  3.48206647e-01  -2.34732939e-01
10001  3.73307443e-01  -2.29046332e-01
10002  3.98306896e-01  -2.22965925e-01
10003  4.23076694e-01  -2.16313630e-01
10004  4.47657172e-01  -2.09147492e-01
10005  4.72026810e-01  -2.01328014e-01
10006  4.96198428e-01  -1.92981835e-01
10007  5.20119190e-01  -1.83958329e-01
10008  5.43877886e-01  -1.74381584e-01
10009  5.79684121e-01  -1.82650750e-01
10010  6.02708385e-01  -1.71554854e-01
10011  6.25412924e-01  -1.59839738e-01
10012  6.47530846e-01  -1.47198716e-01
10013  6.68981296e-01  -1.33547900e-01
10014  6.89577837e-01  -1.18768081e-01
10015  7.09069277e-01  -1.02698382e-01
10016  7.27163506e-01  -8.51779313e-02
10017  7.43582880e-01  -6.63312261e-02
10018  7.57166077e-01  -4.58976293e-02
10019  7.66219202e-01  -2.35675858e-02
10020  7.69600052e-01  -2.79831558e-05
10021  7.66196335e-01  2.20976432e-02
10022  7.55822170e-01  4.22561763e-02
10023  7.41013941e-01  6.05944693e-02
10024  7.23916096e-01  7.74670446e-02
10025  7.05296181e-01  9.29846033e-02
10026  6.85718354e-01  1.07544078e-01
10027  6.65514750e-01  1.21277330e-01
10028  6.44661942e-01  1.34052170e-01
10029  6.23305712e-01  1.46109543e-01
10030  6.01576921e-01  1.57568978e-01
10031  5.79580617e-01  1.68470610e-01
10032  5.44923014e-01  1.60304589e-01
10033  5.22751328e-01  1.69773299e-01
10034  5.00264819e-01  1.78759211e-01
10035  4.77558942e-01  1.87403981e-01
10036  4.54778273e-01  1.95613698e-01
10037  4.31774887e-01  2.03335343e-01
10038  4.08570708e-01  2.10754194e-01
10039  3.85305968e-01  2.17798258e-01
10040  3.61954542e-01  2.24410166e-01
10041  3.38466614e-01  2.30604588e-01
10042  3.14807393e-01  2.36425882e-01
10043  2.90977143e-01  2.41960908e-01
10044  2.67124865e-01  2.47255587e-01
10045  2.43351600e-01  2.52155205e-01
10046  2.16009929e-01  2.57199217e-01
10047  2.19839379e-01  2.42403288e-01
10048  1.64558190e-01  2.51048904e-01
10049  1.39858841e-01  2.54505584e-01
10050  1.15184744e-01  2.57658738e-01
10051  9.05526666e-02  2.60442159e-01
10052  6.59527591e-02  2.62825785e-01
10053  4.12847255e-02  2.64768045e-01
10054  1.64998335e-02  2.66356918e-01
10055  -8.32095263e-03  2.67605614e-01
10056  -3.30289353e-02  2.68507609e-01
10057  -5.77098759e-02  2.68921327e-01
10058  -8.24656241e-02  2.68949138e-01
10059  -1.07245607e-01  2.68571341e-01
10060  -1.32176312e-01  2.67832620e-01
10061  -1.57063428e-01  2.66869392e-01
10062  -1.81901040e-01  2.65507453e-01
10063  -2.06863214e-01  2.63875468e-01
10064  -2.31816416e-01  2.62004922e-01
10065  -2.56717640e-01  2.59882834e-01
10066  -2.81654458e-01  2.57480280e-01
10067  -2.87465306e-01  2.56943748e-01
10068  -3.33226134e-01  2.66236771e-01
10069  -3.68430889e-01  2.61971582e-01
10070  -3.93426232e-01  2.58614170e-01
10071  -4.18506844e-01  2.55139363e-01
10072  -4.43520622e-01  2.51518805e-01
10073  -4.68546089e-01  2.47710317e-01
10074  -4.93548916e-01  2.43818027e-01
10075  -5.18489445e-01  2.39732265e-01
10076  -5.43459340e-01  2.35499983e-01
10077  -5.68416025e-01  2.31159084e-01
10078  -5.93360042e-01  2.26687493e-01
10079  -6.18320149e-01  2.22119797e-01
10080  -6.43289687e-01  2.17475248e-01
10081  -6.68163129e-01  2.12796473e-01
10082  -6.92978805e-01  2.07898184e-01
10083  -7.17874415e-01  2.02905035e-01
10084  -7.42680674e-01  1.97870198e-01
10085  -7.67463090e-01  1.92620534e-01
10086  -7.92339466e-01  1.87326824e-01
10087  -8.17189998e-01  1.81997603e-01
10088  -8.42010625e-01  1.76618767e-01
10089  -8.66799744e-01  1.71172456e-01
10090  -8.91583856e-01  1.65642008e-01
10091  -9.16384586e-01  1.60057043e-01
10092  -9.41187772e-01  1.54436157e-01
10093  -9.65965502e-01  1.48788553e-01
10094  -9.90735731e-01  1.43073575e-01
10095  -1.01551591e+00  1.37337577e-01
10096  -1.04027210e+00  1.31563749e-01
10097  -1.06502570e+00  1.25745384e-01
10098  -1.08976511e+00  1.19900546e-01
10099  -1.11449282e+00  1.13999484e-01
10100  -1.13922463e+00  1.08070452e-01
10101  -1.16393573e+00  1.02106122e-01
10102  -1.18864058e+00  9.60950435e-02
10103  -1.21333772e+00  9.00543989e-02
10104  -1.23802248e+00  8.39676241e-02
10105  -1.26272662e+00  7.78427285e-02
10106  -1.28744675e+00  7.17146926e-02
10107  -1.31215775e+00  6.55846946e-02
10108  -1.33684007e+00  5.94476478e-02
10109  -1.36150405e+00  5.32641336e-02
10110  -1.40177269e+00  6.55992311e-02
10111  -1.42662565e+00  5.93694113e-02
10112  -1.45145176e+00  5.31475620e-02
10113  -1.47625176e+00  4.67621820e-02
10114  -1.50108459e+00  4.04761080e-02
10115  -1.52586638e+00  3.40829712e-02
10116  -1.55064937e+00  2.76361028e-02
10117  -1.57540736e+00  2.11782065e-02
10118  -1.60008170e+00  1.45379886e-02
10119  -1.62307916e+00  8.32517812e-03
10120  -2.87456217e-01  2.71701330e-01
10121  -2.87472488e-01  2.45280965e-01
10122  -2.87488760e-01  2.18860600e-01
10123  -2.87505031e-01  1.92440234e-01
10124  -2.87521303e-01  1.66019869e-01
10125  -2.87537575e-01  1.39599504e-01
10126  -2.87553846e-01  1.13179138e-01
10127  -2.87570118e-01  8.67587731e-02
10128  -2.87586389e-01  6.03384077e-02
10129  -2.87602661e-01  3.39180420e-02
10130  -2.87618933e-01  7.49767703e-03
10131  -2.87635204e-01  -1.89226884e-02
10132  -2.87651476e-01  -4.53430541e-02
10133  -2.87667748e-01  -7.17634191e-02
10134  -2.87684019e-01  -9.81837844e-02
10135  -2.87700291e-01  -1.24604150e-01
10136  -2.87716562e-01  -1.51024515e-01
10137  -2.87732834e-01  -1.77444881e-01
10138  -2.87749106e-01  -2.03865246e-01
10139  -2.87765377e-01  -2.30285611e-01
10140  2.19849911e-01  2.63996504e-01
10141  2.19837100e-01  2.37731025e-01
10142  2.19824290e-01  2.11465544e-01
10143  2.19811479e-01  1.85200062e-01
10144  2.19798668e-01  1.58934582e-01
10145  2.19785857e-01  1.32669101e-01
10146  2.19773046e-01  1.06403620e-01
10147  2.19760235e-01  8.01381404e-02
10148  2.19747425e-01  5.38726597e-02
10149  2.19734614e-01  2.76071786e-02
10150  2.19721803e-01  1.34169789e-03
10151  2.19708992e-01  -2.49237828e-02
10152  2.19696181e-01  -5.11892629e-02
10153  2.19683371e-01  -7.74547436e-02
10154  2.19670560e-01  -1.03720225e-01
10155  2.19657749e-01  -1.29985706e-01
10156  2.19644938e-01  -1.56251186e-01
10157  2.19632127e-01  -1.82516666e-01
10158  2.19619317e-01  -2.08782147e-01
10159  2.19606506e-01  -2.35047628e-01
10160  2.19593695e-01  -2.61313109e-01
