1  -1.16420000e+00  -2.53322550e-03
2  -1.14684450e+00  -1.65327923e-03
3  -1.12947463e+00  -1.14319024e-03
4  -1.11209785e+00  -9.64362315e-04
5  -1.09472052e+00  -1.07345067e-03
6  -1.07734638e+00  -1.42736683e-03
7  -1.05997886e+00  -2.02456933e-03
8  -1.04261900e+00  -2.81385765e-03
9  -1.02527068e+00  -3.82367629e-03
10  -1.00793404e+00  -5.01963185e-03
11  -9.90610860e-01  -6.39667470e-03
12  -9.73304292e-01  -7.96894401e-03
13  -9.56012500e-01  -9.69591101e-03
14  -9.32841447e-01  -1.22117631e-02
15  -9.15826886e-01  -1.42172865e-02
16  -8.98829417e-01  -1.63628694e-02
17  -8.81844298e-01  -1.86043125e-02
18  -8.64872960e-01  -2.09475896e-02
19  -8.47916533e-01  -2.33964322e-02
20  -8.30971779e-01  -2.59250533e-02
21  -8.14039425e-01  -2.85349795e-02
22  -7.97121933e-01  -3.12399290e-02
23  -7.80216405e-01  -3.40189146e-02
24  -7.63315528e-01  -3.68260417e-02
25  -7.46424769e-01  -3.96933690e-02
26  -7.29543371e-01  -4.26152201e-02
27  -7.12666624e-01  -4.55639660e-02
28  -6.95792145e-01  -4.85256544e-02
29  -6.78922026e-01  -5.15120813e-02
30  -6.62059684e-01  -5.45421071e-02
31  -6.45195777e-01  -5.75634034e-02
32  -6.28328975e-01  -6.05685100e-02
33  -6.11459336e-01  -6.35576575e-02
34  -5.94587638e-01  -6.65351587e-02
35  -5.77711552e-01  -6.94876470e-02
36  -5.60830344e-01  -7.24106882e-02
37  -5.43942587e-01  -7.52957138e-02
38  -5.27049834e-01  -7.81513424e-02
39  -5.10148884e-01  -8.09577674e-02
40  -4.93239336e-01  -8.37120398e-02
41  -4.76318008e-01  -8.63931450e-02
42  -4.59385477e-01  -8.90024560e-02
43  -4.42445017e-01  -9.15597031e-02
44  -4.25495714e-01  -9.40575846e-02
45  -4.08529202e-01  -9.64360212e-02
46  -3.91551909e-01  -9.87358053e-02
47  -3.74565828e-01  -1.00969745e-01
48  -3.57568644e-01  -1.03118091e-01
49  -3.40558920e-01  -1.05164360e-01
50  -3.17400000e-01  -1.07826309e-01
51  -3.00245791e-01  -1.09670179e-01
52  -2.83079099e-01  -1.11395906e-01
53  -2.65900488e-01  -1.12998957e-01
54  -2.48711229e-01  -1.14481907e-01
55  -2.31513805e-01  -1.15867754e-01
56  -2.14308376e-01  -1.17151248e-01
57  -1.97091677e-01  -1.18272956e-01
58  -1.79868330e-01  -1.19286038e-01
59  -1.62638914e-01  -1.20190604e-01
60  -1.45401970e-01  -1.20940484e-01
61  -1.28160569e-01  -1.21578661e-01
62  -1.10915301e-01  -1.22096686e-01
63  -9.36667313e-02  -1.22496722e-01
64  -7.64159984e-02  -1.22791358e-01
65  -5.91633291e-02  -1.22926871e-01
66  -4.19102193e-02  -1.22956684e-01
67  -2.46571874e-02  -1.22888153e-01
68  -7.40475651e-03  -1.22720375e-01
69  9.84517324e-03  -1.22383335e-01
70  2.70912823e-02  -1.21892470e-01
71  4.43334589e-02  -1.21277850e-01
72  6.15708947e-02  -1.20542649e-01
73  7.88013994e-02  -1.19657749e-01
74  9.60244792e-02  -1.18638085e-01
75  1.13236672e-01  -1.17449997e-01
76  1.30437296e-01  -1.16105983e-01
77  1.47625896e-01  -1.14615553e-01
78  1.64800000e-01  -1.12966992e-01
79  1.84097174e-01  -1.10896397e-01
80  2.02139255e-01  -1.08763660e-01
81  2.20156322e-01  -1.06430133e-01
82  2.38141218e-01  -1.03860009e-01
83  2.56093659e-01  -1.01071880e-01
84  2.74009654e-01  -9.80590968e-02
85  2.93112500e-01  -9.45453179e-02
86  3.09731117e-01  -9.12300126e-02
87  3.26299492e-01  -8.76722636e-02
88  3.42805786e-01  -8.38363650e-02
89  3.59235209e-01  -7.96841077e-02
90  3.75577159e-01  -7.52012120e-02
91  3.91817866e-01  -7.03639940e-02
92  4.07918778e-01  -6.50813143e-02
93  4.23843126e-01  -5.92885670e-02
94  4.39523798e-01  -5.28683388e-02
95  4.54836134e-01  -4.56161117e-02
96  4.69632090e-01  -3.73656233e-02
97  4.83536682e-01  -2.76985525e-02
98  4.95412125e-01  -1.56823903e-02
99  5.01300000e-01  0.00000000e+00
100  4.96989423e-01  1.64788587e-02
101  4.87395524e-01  3.06118148e-02
102  4.75440942e-01  4.28556785e-02
103  4.62224318e-01  5.37369288e-02
104  4.48275772e-01  6.36684532e-02
105  4.33861741e-01  7.29132904e-02
106  4.19071272e-01  8.15435379e-02
107  4.03980468e-01  8.96384124e-02
108  3.88622908e-01  9.72155674e-02
109  3.73084028e-01  1.04414200e-01
110  3.57371691e-01  1.11225264e-01
111  3.41486632e-01  1.17624581e-01
112  3.25472652e-01  1.23694097e-01
113  3.09344380e-01  1.29452497e-01
114  2.93112500e-01  1.34912146e-01
115  2.74154251e-01  1.40896545e-01
116  2.56329206e-01  1.46152049e-01
117  2.38418989e-01  1.51110750e-01
118  2.20429031e-01  1.55770895e-01
119  2.02364841e-01  1.60135176e-01
120  1.84227013e-01  1.64181162e-01
121  1.64800000e-01  1.68223859e-01
122  1.47794779e-01  1.71482882e-01
123  1.30749727e-01  1.74528841e-01
124  1.13672022e-01  1.77383715e-01
125  9.65532376e-02  1.79983799e-01
126  7.94040800e-02  1.82376132e-01
127  6.22244387e-02  1.84537851e-01
128  4.50209983e-02  1.86499978e-01
129  2.77959741e-02  1.88260910e-01
130  1.05509149e-02  1.89815776e-01
131  -6.71197164e-03  1.91161364e-01
132  -2.39938760e-02  1.92235266e-01
133  -4.12848298e-02  1.93147342e-01
134  -5.85844107e-02  1.93873064e-01
135  -7.58916882e-02  1.94396207e-01
136  -9.32040586e-02  1.94711371e-01
137  -1.10518890e-01  1.94783855e-01
138  -1.27832180e-01  1.94596716e-01
139  -1.45140800e-01  1.94129195e-01
140  -1.62438038e-01  1.93340062e-01
141  -1.79719744e-01  1.92268758e-01
142  -1.96988591e-01  1.91007110e-01
143  -2.14243741e-01  1.89566800e-01
144  -2.31478479e-01  1.87899261e-01
145  -2.48694548e-01  1.86050920e-01
146  -2.65896647e-01  1.84075792e-01
147  -2.83084805e-01  1.81981804e-01
148  -3.00249645e-01  1.79705057e-01
149  -3.17400000e-01  1.77322269e-01
150  -3.40627858e-01  1.73908706e-01
151  -3.57700365e-01  1.71274147e-01
152  -3.74757880e-01  1.68543910e-01
153  -3.91801660e-01  1.65729574e-01
154  -4.08834955e-01  1.62852442e-01
155  -4.25856330e-01  1.59905283e-01
156  -4.42863253e-01  1.56875922e-01
157  -4.59861978e-01  1.53800902e-01
158  -4.76851907e-01  1.50677687e-01
159  -4.93826228e-01  1.47470594e-01
160  -5.10786716e-01  1.44191228e-01
161  -5.27740810e-01  1.40878924e-01
162  -5.44689647e-01  1.37539778e-01
163  -5.61627257e-01  1.34144130e-01
164  -5.78560959e-01  1.30729059e-01
165  -5.95485353e-01  1.27268406e-01
166  -6.12397714e-01  1.23749156e-01
167  -6.29311082e-01  1.20234755e-01
168  -6.46211044e-01  1.16656542e-01
169  -6.63108591e-01  1.13066858e-01
170  -6.80007210e-01  1.09482223e-01
171  -6.96897029e-01  1.05856337e-01
172  -7.13776285e-01  1.02181615e-01
173  -7.30659273e-01  9.85240820e-02
174  -7.47540200e-01  9.48571392e-02
175  -7.64412855e-01  9.11521994e-02
176  -7.81283575e-01  8.74384669e-02
177  -7.98147174e-01  8.36925381e-02
178  -8.15013321e-01  7.99580917e-02
179  -8.31879000e-01  7.62215294e-02
180  -8.48740374e-01  7.24656119e-02
181  -8.65596064e-01  6.86842632e-02
182  -8.82447984e-01  6.48861248e-02
183  -8.99302714e-01  6.11005645e-02
184  -9.16163786e-01  5.73433025e-02
185  -9.33017224e-01  5.35519080e-02
186  -9.56012500e-01  4.83947940e-02
187  -9.73351984e-01  4.45299674e-02
188  -9.90693105e-01  4.06724927e-02
189  -1.00803505e+00  3.68187236e-02
190  -1.02537386e+00  3.29509071e-02
191  -1.04272169e+00  2.91237528e-02
192  -1.06006815e+00  2.52903710e-02
193  -1.07741482e+00  2.14579506e-02
194  -1.09476920e+00  1.76606091e-02
195  -1.11213087e+00  1.38966985e-02
196  -1.12949239e+00  1.01321016e-02
197  -1.14685717e+00  6.38298405e-03
198  -3.00249404e-01  1.61619105e-01
199  -3.00249163e-01  1.43533153e-01
200  -3.00248922e-01  1.25447201e-01
201  -3.00248681e-01  1.07361248e-01
202  -3.00248441e-01  8.92752961e-02
203  -3.00248200e-01  7.11893439e-02
204  -3.00247959e-01  5.31033916e-02
205  -3.00247718e-01  3.50174394e-02
206  -3.00247477e-01  1.69314871e-02
207  -3.00247236e-01  -1.15446514e-03
208  -3.00246996e-01  -1.92404174e-02
209  -3.00246755e-01  -3.73263696e-02
210  -3.00246514e-01  -5.54123219e-02
211  -3.00246273e-01  -7.34982741e-02
212  -3.00246032e-01  -9.15842264e-02
213  1.47784223e-01  1.53601730e-01
214  1.47773668e-01  1.35720578e-01
215  1.47763113e-01  1.17839426e-01
216  1.47752558e-01  9.99582735e-02
217  1.47742003e-01  8.20771213e-02
218  1.47731448e-01  6.41959691e-02
219  1.47720892e-01  4.63148169e-02
220  1.47710337e-01  2.84336647e-02
221  1.47699782e-01  1.05525125e-02
222  1.47689227e-01  -7.32863975e-03
223  1.47678672e-01  -2.52097920e-02
224  1.47668117e-01  -4.30909442e-02
225  1.47657561e-01  -6.09720964e-02
226  1.47647006e-01  -7.88532486e-02
227  1.47636451e-01  -9.67344008e-02
2455  -1.16190648e+00  -1.91629859e-03
2456  -1.14686450e+00  -1.15367933e-03
2457  -1.12948454e+00  -6.43288488e-04
2458  -1.11209885e+00  -4.64363322e-04
2459  -1.09471386e+00  -5.73495042e-04
2460  -1.07733270e+00  -9.27554098e-04
2461  -1.05995891e+00  -1.52496736e-03
2462  -1.04259312e+00  -2.31452802e-03
2463  -1.02523895e+00  -3.32468430e-03
2464  -1.00789702e+00  -4.52100392e-03
2465  -9.90568430e-01  -5.89847825e-03
2466  -9.73256828e-01  -7.47120192e-03
2467  -9.55960669e-01  -9.19860468e-03
2468  -9.32785196e-01  -1.17149374e-02
2469  -9.15766311e-01  -1.37209693e-02
2470  -8.98765400e-01  -1.58669845e-02
2471  -8.81777396e-01  -1.81088086e-02
2472  -8.64803032e-01  -2.04525037e-02
2473  -8.47843900e-01  -2.29017358e-02
2474  -8.30896796e-01  -2.54307078e-02
2475  -8.13961869e-01  -2.80410311e-02
2476  -7.97041910e-01  -3.07463742e-02
2477  -7.80134891e-01  -3.35256039e-02
2478  -7.63232725e-01  -3.63329457e-02
2479  -7.46340292e-01  -3.92005571e-02
2480  -7.29457706e-01  -4.21226133e-02
2481  -7.12580378e-01  -4.50714606e-02
2482  -6.95705349e-01  -4.80332456e-02
2483  -6.78834233e-01  -5.10198493e-02
2484  -6.61971382e-01  -5.40499662e-02
2485  -6.45107838e-01  -5.70711973e-02
2486  -6.28241506e-01  -6.00762204e-02
2487  -6.11372269e-01  -6.30652965e-02
2488  -5.94501106e-01  -6.60427034e-02
2489  -5.77625815e-01  -6.89950527e-02
2490  -5.60745591e-01  -7.19179236e-02
2491  -5.43858818e-01  -7.48027810e-02
2492  -5.26967212e-01  -7.76582161e-02
2493  -5.10067741e-01  -8.04643955e-02
2494  -4.93160022e-01  -8.32183707e-02
2495  -4.76240809e-01  -8.58991407e-02
2496  -4.59310085e-01  -8.85081726e-02
2497  -4.42371251e-01  -9.10651744e-02
2498  -4.25424557e-01  -9.35626738e-02
2499  -4.08460936e-01  -9.59407034e-02
2500  -3.91485752e-01  -9.82402014e-02
2501  -3.74501880e-01  -1.00473851e-01
2502  -3.57507435e-01  -1.02621852e-01
2503  -3.40500512e-01  -1.04667783e-01
2504  -3.17344734e-01  -1.07329373e-01
2505  -2.99428797e-01  -1.09252455e-01
2506  -2.83030865e-01  -1.10898238e-01
2507  -2.65855771e-01  -1.12500961e-01
2508  -2.48669660e-01  -1.13983638e-01
2509  -2.31475126e-01  -1.15369252e-01
2510  -2.14273524e-01  -1.16652464e-01
2511  -1.97060744e-01  -1.17773914e-01
2512  -1.79840543e-01  -1.18786811e-01
2513  -1.62614941e-01  -1.19691179e-01
2514  -1.45381857e-01  -1.20440889e-01
2515  -1.28143815e-01  -1.21078942e-01
2516  -1.10901998e-01  -1.21596863e-01
2517  -9.36566654e-02  -1.21996823e-01
2518  -7.64097655e-02  -1.22291397e-01
2519  -5.91609335e-02  -1.22426877e-01
2520  -4.19107803e-02  -1.22456684e-01
2521  -2.46606115e-02  -1.22388165e-01
2522  -7.41207143e-03  -1.22220429e-01
2523  9.83317669e-03  -1.21883479e-01
2524  2.70752636e-02  -1.21392727e-01
2525  4.43138997e-02  -1.20778233e-01
2526  6.15474191e-02  -1.20043200e-01
2527  7.87738020e-02  -1.19158511e-01
2528  9.59924883e-02  -1.18139109e-01
2529  1.13199981e-01  -1.16951345e-01
2530  1.30396224e-01  -1.15607673e-01
2531  1.48443237e-01  -1.14038808e-01
2532  1.64749439e-01  -1.12469555e-01
2533  1.84041153e-01  -1.10399545e-01
2534  2.02077795e-01  -1.08267452e-01
2535  2.20088843e-01  -1.05934707e-01
2536  2.38067483e-01  -1.03365476e-01
2537  2.56013832e-01  -1.00578293e-01
2538  2.73922967e-01  -9.75666688e-02
2539  2.93018361e-01  -9.40542599e-02
2540  3.09629718e-01  -9.07404022e-02
2541  3.26190412e-01  -8.71843070e-02
2542  3.42687934e-01  -8.33504526e-02
2543  3.59107809e-01  -7.92006108e-02
2544  3.75439651e-01  -7.47204921e-02
2545  3.91668552e-01  -6.98868093e-02
2546  4.07755358e-01  -6.46087746e-02
2547  4.23662901e-01  -5.88221777e-02
2548  4.39321989e-01  -5.24108750e-02
2549  4.54607244e-01  -4.51715791e-02
2550  4.69367302e-01  -3.69414918e-02
2551  4.83214800e-01  -2.73159405e-02
2552  4.94990995e-01  -1.54128545e-02
2553  5.00800667e-01  2.58163145e-05
2554  4.96527453e-01  1.62691590e-02
2555  4.87008286e-01  3.02955128e-02
2556  4.75102666e-01  4.24874810e-02
2557  4.61920228e-01  5.33400289e-02
2558  4.47995718e-01  6.32542433e-02
2559  4.33600719e-01  7.24868308e-02
2560  4.18827063e-01  8.11072327e-02
2561  4.03751645e-01  8.91938450e-02
2562  3.88407189e-01  9.67644959e-02
2563  3.72879494e-01  1.03957948e-01
2564  3.57178826e-01  1.10763958e-01
2565  3.41304602e-01  1.17158893e-01
2566  3.25299979e-01  1.23224859e-01
2567  3.09180610e-01  1.28980078e-01
2568  2.92957537e-01  1.34436766e-01
2569  2.74008289e-01  1.40418324e-01
2570  2.56191794e-01  1.45671302e-01
2571  2.38289587e-01  1.50627785e-01
2572  2.20307625e-01  1.55285858e-01
2573  2.02251697e-01  1.59648146e-01
2574  1.84121648e-01  1.63692390e-01
2575  1.64702008e-01  1.67733555e-01
2576  1.48611390e-01  1.70823173e-01
2577  1.30664527e-01  1.74036154e-01
2578  1.13593259e-01  1.76889958e-01
2579  9.64811547e-02  1.79489022e-01
2580  7.93383262e-02  1.81880474e-01
2581  6.21648963e-02  1.84041409e-01
2582  4.49672422e-02  1.86002876e-01
2583  2.77480983e-02  1.87763207e-01
2584  1.05090367e-02  1.89317533e-01
2585  -6.74690567e-03  1.90662586e-01
2586  -2.40225503e-02  1.91736089e-01
2587  -4.13084774e-02  1.92647902e-01
2588  -5.86024426e-02  1.93373389e-01
2589  -7.59037920e-02  1.93896354e-01
2590  -9.32096557e-02  1.94211402e-01
2591  -1.10517234e-01  1.94283858e-01
2592  -1.27822727e-01  1.94096805e-01
2593  -1.45122655e-01  1.93629524e-01
2594  -1.62411176e-01  1.92840784e-01
2595  -1.79686059e-01  1.91769894e-01
2596  -1.96949579e-01  1.90508634e-01
2597  -2.14198868e-01  1.89068818e-01
2598  -2.31427715e-01  1.87401845e-01
2599  -2.48639343e-01  1.85553977e-01
2600  -2.65837896e-01  1.83579256e-01
2601  -2.83021699e-01  1.81485802e-01
2602  -2.99432640e-01  1.79311407e-01
2603  -3.17329247e-01  1.76827300e-01
2604  -3.40553380e-01  1.73414284e-01
2605  -3.57622725e-01  1.70780212e-01
2606  -3.74677638e-01  1.68050391e-01
2607  -3.91719292e-01  1.65236405e-01
2608  -4.08750665e-01  1.62359598e-01
2609  -4.25769837e-01  1.59412821e-01
2610  -4.42774910e-01  1.56383788e-01
2611  -4.59772276e-01  1.53309014e-01
2612  -4.76760294e-01  1.50186152e-01
2613  -4.93732355e-01  1.46979485e-01
2614  -5.10691321e-01  1.43700413e-01
2615  -5.27644550e-01  1.40388278e-01
2616  -5.44592180e-01  1.37049370e-01
2617  -5.61528692e-01  1.33653941e-01
2618  -5.78461453e-01  1.30239061e-01
2619  -5.95384339e-01  1.26778716e-01
2620  -6.12295922e-01  1.23259627e-01
2621  -6.29208437e-01  1.19745404e-01
2622  -6.46107310e-01  1.16167421e-01
2623  -6.63004764e-01  1.12577757e-01
2624  -6.79902859e-01  1.08993233e-01
2625  -6.96791374e-01  1.05367627e-01
2626  -7.13670172e-01  1.01693005e-01
2627  -7.30553272e-01  9.80354473e-02
2628  -7.47433513e-01  9.43686538e-02
2629  -7.64305491e-01  9.06638624e-02
2630  -7.81175618e-01  8.69502607e-02
2631  -7.98038917e-01  8.32043983e-02
2632  -8.14905200e-01  7.94699218e-02
2633  -8.31770568e-01  7.57334285e-02
2634  -8.48631294e-01  7.19776554e-02
2635  -8.65486373e-01  6.81964437e-02
2636  -8.82338232e-01  6.43983190e-02
2637  -8.99193554e-01  6.06126260e-02
2638  -9.16054541e-01  5.68553829e-02
2639  -9.32907646e-01  5.30640630e-02
2640  -9.55903404e-01  4.79068412e-02
2641  -9.73243311e-01  4.40419201e-02
2642  -9.90584588e-01  4.01844108e-02
2643  -1.00792639e+00  3.63306741e-02
2644  -1.02526557e+00  3.24627743e-02
2645  -1.04261389e+00  2.86355128e-02
2646  -1.05996027e+00  2.48021473e-02
2647  -1.07730745e+00  2.09696152e-02
2648  -1.09466279e+00  1.71720627e-02
2649  -1.11202492e+00  1.34080519e-02
2650  -1.12938665e+00  9.64341000e-03
2651  -1.14668866e+00  5.91223661e-03
2652  -2.99432404e-01  1.61619116e-01
2653  -2.99432163e-01  1.43533164e-01
2654  -2.99431922e-01  1.25447212e-01
2655  -2.99431681e-01  1.07361259e-01
2656  -2.99431441e-01  8.92753070e-02
2657  -2.99431200e-01  7.11893548e-02
2658  -2.99430959e-01  5.31034025e-02
2659  -2.99430718e-01  3.50174503e-02
2660  -2.99430477e-01  1.69314980e-02
2661  -2.99430236e-01  -1.15445428e-03
2662  -2.99429996e-01  -1.92404065e-02
2663  -2.99429755e-01  -3.73263587e-02
2664  -2.99429514e-01  -5.54123110e-02
2665  -2.99429273e-01  -7.34982632e-02
2666  -2.99429032e-01  -9.15842155e-02
2667  1.48601223e-01  1.53601248e-01
2668  1.48590668e-01  1.35720096e-01
2669  1.48580113e-01  1.17838944e-01
2670  1.48569558e-01  9.99577912e-02
2671  1.48559003e-01  8.20766390e-02
2672  1.48548448e-01  6.41954868e-02
2673  1.48537892e-01  4.63143346e-02
2674  1.48527337e-01  2.84331824e-02
2675  1.48516782e-01  1.05520302e-02
2676  1.48506227e-01  -7.32912201e-03
2677  1.48495672e-01  -2.52102743e-02
2678  1.48485117e-01  -4.30914265e-02
2679  1.48474561e-01  -6.09725787e-02
2680  1.48464006e-01  -7.88537309e-02
2681  1.48453451e-01  -9.67348831e-02
4909  -1.15670017e+00  -5.15874497e-04
4910  -1.14690990e+00  -1.95875718e-05
4911  -1.12950704e+00  4.91488489e-04
4912  -1.11210113e+00  6.70634393e-04
4913  -1.09469874e+00  5.61404235e-04
4914  -1.07730164e+00  2.07020803e-04
4915  -1.05991363e+00  -3.90870874e-04
4916  -1.04253436e+00  -1.18104977e-03
4917  -1.02516691e+00  -2.19197248e-03
4918  -1.00781300e+00  -3.38911852e-03
4919  -9.90472114e-01  -4.76757231e-03
4920  -9.73149085e-01  -6.34132737e-03
4921  -9.55843014e-01  -8.06971932e-03
4922  -9.32657505e-01  -1.05871431e-02
4923  -9.15628807e-01  -1.25943294e-02
4924  -8.98620082e-01  -1.47413258e-02
4925  -8.81625529e-01  -1.69840146e-02
4926  -8.64644294e-01  -1.93286588e-02
4927  -8.47679024e-01  -2.17787751e-02
4928  -8.30726584e-01  -2.43085434e-02
4929  -8.13785815e-01  -2.69197683e-02
4930  -7.96860258e-01  -2.96260049e-02
4931  -7.79949855e-01  -3.24057884e-02
4932  -7.63044762e-01  -3.52136178e-02
4933  -7.46148529e-01  -3.80818740e-02
4934  -7.29263246e-01  -4.10043958e-02
4935  -7.12384598e-01  -4.39534734e-02
4936  -6.95508321e-01  -4.69154777e-02
4937  -6.78634941e-01  -4.99024828e-02
4938  -6.61770936e-01  -5.29328062e-02
4939  -6.44908218e-01  -5.59538896e-02
4940  -6.28042950e-01  -5.89587229e-02
4941  -6.11174628e-01  -6.19476369e-02
4942  -5.94304679e-01  -6.49248298e-02
4943  -5.77431192e-01  -6.78768636e-02
4944  -5.60553203e-01  -7.07993478e-02
4945  -5.43668663e-01  -7.36838235e-02
4946  -5.26779660e-01  -7.65388193e-02
4947  -5.09883546e-01  -7.93444414e-02
4948  -4.92979978e-01  -8.20977417e-02
4949  -4.76065567e-01  -8.47777508e-02
4950  -4.59138946e-01  -8.73861493e-02
4951  -4.42203803e-01  -8.99425944e-02
4952  -4.25263031e-01  -9.24392263e-02
4953  -4.08305972e-01  -9.48163319e-02
4954  -3.91335574e-01  -9.71151807e-02
4955  -3.74356719e-01  -9.93481721e-02
4956  -3.57368490e-01  -1.01495388e-01
4957  -3.40367927e-01  -1.03540554e-01
4958  -3.17219280e-01  -1.06201327e-01
4959  -2.97841810e-01  -1.08276389e-01
4960  -2.82921372e-01  -1.09768532e-01
4961  -2.65754264e-01  -1.11370509e-01
4962  -2.48575297e-01  -1.12852567e-01
4963  -2.31387324e-01  -1.14237653e-01
4964  -2.14194410e-01  -1.15520225e-01
4965  -1.96990525e-01  -1.16641088e-01
4966  -1.79777466e-01  -1.17653565e-01
4967  -1.62560521e-01  -1.18557484e-01
4968  -1.45336200e-01  -1.19306807e-01
4969  -1.28105785e-01  -1.19944579e-01
4970  -1.10871800e-01  -1.20462265e-01
4971  -9.36338159e-02  -1.20862053e-01
4972  -7.63956167e-02  -1.21156485e-01
4973  -5.91554955e-02  -1.21291890e-01
4974  -4.19120539e-02  -1.21321685e-01
4975  -2.46683843e-02  -1.21253191e-01
4976  -7.42867630e-03  -1.21085550e-01
4977  9.80594451e-03  -1.20748806e-01
4978  2.70389010e-02  -1.20258309e-01
4979  4.42695003e-02  -1.19644101e-01
4980  6.14941294e-02  -1.18909452e-01
4981  7.87111558e-02  -1.18025241e-01
4982  9.59198690e-02  -1.17006435e-01
4983  1.13116693e-01  -1.15819405e-01
4984  1.30302991e-01  -1.14476509e-01
4985  1.50030995e-01  -1.12754043e-01
4986  1.64634666e-01  -1.11340373e-01
4987  1.83913986e-01  -1.09271692e-01
4988  2.01938281e-01  -1.07141059e-01
4989  2.19935664e-01  -1.04810091e-01
4990  2.37900105e-01  -1.02242885e-01
4991  2.55832626e-01  -9.94578518e-02
4992  2.73726187e-01  -9.64488572e-02
4993  2.92804667e-01  -9.29395583e-02
4994  3.09399543e-01  -8.96289867e-02
4995  3.25942801e-01  -8.60766457e-02
4996  3.42420409e-01  -8.22474314e-02
4997  3.58818611e-01  -7.81030728e-02
4998  3.75127509e-01  -7.36292578e-02
4999  3.91329609e-01  -6.88035999e-02
5000  4.07384393e-01  -6.35361094e-02
5001  4.23253791e-01  -5.77634740e-02
5002  4.38863882e-01  -5.13724322e-02
5003  4.54087663e-01  -4.41624902e-02
5004  4.68766235e-01  -3.59787132e-02
5005  4.82484128e-01  -2.64474113e-02
5006  4.94035030e-01  -1.48010081e-02
5007  4.99667181e-01  8.44193483e-05
5008  4.95478782e-01  1.57931407e-02
5009  4.86129257e-01  2.95775074e-02
5010  4.74334780e-01  4.16516726e-02
5011  4.61229945e-01  5.24390663e-02
5012  4.47359996e-01  6.23139869e-02
5013  4.33008201e-01  7.15187676e-02
5014  4.18272710e-01  8.01168200e-02
5015  4.03232218e-01  8.81846769e-02
5016  3.87917508e-01  9.57405637e-02
5017  3.72415201e-01  1.02922257e-01
5018  3.56741023e-01  1.09716794e-01
5019  3.40891394e-01  1.16101782e-01
5020  3.24908011e-01  1.22159690e-01
5021  3.08808853e-01  1.27907688e-01
5022  2.92605772e-01  1.33357652e-01
5023  2.73676954e-01  1.39332764e-01
5024  2.55879869e-01  1.44580005e-01
5025  2.37995844e-01  1.49531455e-01
5026  2.20032034e-01  1.54184825e-01
5027  2.01994859e-01  1.58542587e-01
5028  1.83882469e-01  1.62582877e-01
5029  1.64479567e-01  1.66620566e-01
5030  1.50197535e-01  1.69375178e-01
5031  1.30471122e-01  1.72917753e-01
5032  1.13414466e-01  1.75769128e-01
5033  9.63175265e-02  1.78365879e-01
5034  7.91890650e-02  1.80755332e-01
5035  6.20297352e-02  1.82914486e-01
5036  4.48452159e-02  1.84874455e-01
5037  2.76394203e-02  1.86633422e-01
5038  1.04139731e-02  1.88186521e-01
5039  -6.82620591e-03  1.89530360e-01
5040  -2.40876411e-02  1.90602957e-01
5041  -4.13621574e-02  1.91514172e-01
5042  -5.86433750e-02  1.92239128e-01
5043  -7.59312678e-02  1.92761686e-01
5044  -9.32223610e-02  1.93076473e-01
5045  -1.10513476e-01  1.93148864e-01
5046  -1.27801270e-01  1.92962008e-01
5047  -1.45081467e-01  1.92495272e-01
5048  -1.62350198e-01  1.91707423e-01
5049  -1.79609595e-01  1.90637473e-01
5050  -1.96861021e-01  1.89377094e-01
5051  -2.14097007e-01  1.87938398e-01
5052  -2.31312481e-01  1.86272710e-01
5053  -2.48514028e-01  1.84425916e-01
5054  -2.65704531e-01  1.82452118e-01
5055  -2.82878447e-01  1.80359879e-01
5056  -2.97845627e-01  1.78381486e-01
5057  -3.17168636e-01  1.75703722e-01
5058  -3.40384316e-01  1.72291946e-01
5059  -3.57446482e-01  1.69658979e-01
5060  -3.74495489e-01  1.66930102e-01
5061  -3.91532317e-01  1.64116912e-01
5062  -4.08559327e-01  1.61240842e-01
5063  -4.25573498e-01  1.58294932e-01
5064  -4.42574370e-01  1.55266645e-01
5065  -4.59568654e-01  1.52192429e-01
5066  -4.76552332e-01  1.49070366e-01
5067  -4.93519264e-01  1.45864668e-01
5068  -5.10474773e-01  1.42586262e-01
5069  -5.27426038e-01  1.39274510e-01
5070  -5.44370931e-01  1.35936143e-01
5071  -5.61304948e-01  1.32541213e-01
5072  -5.78235573e-01  1.29126764e-01
5073  -5.95155037e-01  1.25667120e-01
5074  -6.12064855e-01  1.22148397e-01
5075  -6.28975432e-01  1.18634579e-01
5076  -6.45871832e-01  1.15057117e-01
5077  -6.62769075e-01  1.11467497e-01
5078  -6.79665981e-01  1.07883227e-01
5079  -6.96551537e-01  1.04258257e-01
5080  -7.13429295e-01  1.00583859e-01
5081  -7.30312651e-01  9.69262465e-02
5082  -7.47191335e-01  9.32597920e-02
5083  -7.64061776e-01  8.95553373e-02
5084  -7.80930556e-01  8.58420326e-02
5085  -7.97793175e-01  8.20963208e-02
5086  -8.14659765e-01  7.83617762e-02
5087  -8.31524428e-01  7.46254393e-02
5088  -8.48383682e-01  7.08699941e-02
5089  -8.65237374e-01  6.70890934e-02
5090  -8.82089095e-01  6.32909998e-02
5091  -8.98945759e-01  5.95050056e-02
5092  -9.15806555e-01  5.57478053e-02
5093  -9.32658905e-01  5.19566548e-02
5094  -9.55655755e-01  4.67991883e-02
5095  -9.72996623e-01  4.29340527e-02
5096  -9.90338253e-01  3.90764648e-02
5097  -1.00767972e+00  3.52228016e-02
5098  -1.02501976e+00  3.13547130e-02
5099  -1.04236917e+00  2.75272079e-02
5100  -1.05971539e+00  2.36938797e-02
5101  -1.07706372e+00  1.98610938e-02
5102  -1.09442125e+00  1.60630623e-02
5103  -1.11178443e+00  1.22988242e-02
5104  -1.12914663e+00  8.53408007e-03
5105  -1.14630613e+00  4.84363994e-03
5106  -2.97845404e-01  1.61619137e-01
5107  -2.97845163e-01  1.43533185e-01
5108  -2.97844922e-01  1.25447233e-01
5109  -2.97844681e-01  1.07361280e-01
5110  -2.97844441e-01  8.92753281e-02
5111  -2.97844200e-01  7.11893759e-02
5112  -2.97843959e-01  5.31034236e-02
5113  -2.97843718e-01  3.50174714e-02
5114  -2.97843477e-01  1.69315191e-02
5115  -2.97843236e-01  -1.15443317e-03
5116  -2.97842996e-01  -1.92403854e-02
5117  -2.97842755e-01  -3.73263376e-02
5118  -2.97842514e-01  -5.54122899e-02
5119  -2.97842273e-01  -7.34982421e-02
5120  -2.97842032e-01  -9.15841944e-02
5121  1.50188223e-01  1.53600311e-01
5122  1.50177668e-01  1.35719159e-01
5123  1.50167113e-01  1.17838007e-01
5124  1.50156558e-01  9.99568545e-02
5125  1.50146003e-01  8.20757023e-02
5126  1.50135448e-01  6.41945500e-02
5127  1.50124892e-01  4.63133978e-02
5128  1.50114337e-01  2.84322457e-02
5129  1.50103782e-01  1.05510935e-02
5130  1.50093227e-01  -7.33005880e-03
5131  1.50082672e-01  -2.52112110e-02
5132  1.50072117e-01  -4.30923633e-02
5133  1.50061561e-01  -6.09735155e-02
5134  1.50051006e-01  -7.88546676e-02
5135  1.50040451e-01  -9.67358198e-02
7363  -1.14214088e+00  3.40037754e-03
7364  -1.14703685e+00  3.15187256e-03
7365  -1.12956996e+00  3.66486481e-03
7366  -1.11210750e+00  3.84462800e-03
7367  -1.09465645e+00  3.73512256e-03
7368  -1.07721477e+00  3.37983202e-03
7369  -1.05978701e+00  2.78060246e-03
7370  -1.04237006e+00  1.98869470e-03
7371  -1.02496547e+00  9.75628677e-04
7372  -1.00757802e+00  -2.23828410e-04
7373  -9.90202769e-01  -1.60502124e-03
7374  -9.72847785e-01  -3.18166057e-03
7375  -9.55513993e-01  -4.91281874e-03
7376  -9.32300420e-01  -7.43329358e-03
7377  -9.15244279e-01  -9.44370811e-03
7378  -8.98213702e-01  -1.15934484e-02
7379  -8.81200837e-01  -1.38385556e-02
7380  -8.64200390e-01  -1.61858536e-02
7381  -8.47217952e-01  -1.86384425e-02
7382  -8.30250589e-01  -2.11704380e-02
7383  -8.13293487e-01  -2.37841840e-02
7384  -7.96352271e-01  -2.64929193e-02
7385  -7.79432405e-01  -2.92742518e-02
7386  -7.62519128e-01  -3.20834445e-02
7387  -7.45612268e-01  -3.49535038e-02
7388  -7.28719444e-01  -3.78773277e-02
7389  -7.11837106e-01  -4.08270491e-02
7390  -6.94957339e-01  -4.37896667e-02
7391  -6.78077628e-01  -4.67777943e-02
7392  -6.61210393e-01  -4.98086954e-02
7393  -6.44349983e-01  -5.28293656e-02
7394  -6.27487693e-01  -5.58336683e-02
7395  -6.10621929e-01  -5.88221290e-02
7396  -5.93755376e-01  -6.17987233e-02
7397  -5.76886933e-01  -6.47498750e-02
7398  -5.60015193e-01  -6.76712779e-02
7399  -5.43136898e-01  -7.05546859e-02
7400  -5.26255174e-01  -7.34084533e-02
7401  -5.09368449e-01  -7.62125169e-02
7402  -4.92476489e-01  -7.89639301e-02
7403  -4.75575507e-01  -8.16418112e-02
7404  -4.58660359e-01  -8.42484382e-02
7405  -4.41735537e-01  -8.68033264e-02
7406  -4.24811327e-01  -8.92975325e-02
7407  -4.07872620e-01  -9.16720542e-02
7408  -3.90915606e-01  -9.39690873e-02
7409  -3.73950780e-01  -9.62002380e-02
7410  -3.56979935e-01  -9.83452614e-02
7411  -3.39997156e-01  -1.00388284e-01
7412  -3.15033282e-01  -8.65455104e-02
7413  -2.96255072e-01  -8.85577407e-02
7414  -2.81013507e-01  -9.00837715e-02
7415  -2.63985541e-01  -9.16727590e-02
7416  -2.46931062e-01  -9.31440357e-02
7417  -2.29857412e-01  -9.45199179e-02
7418  -2.12815879e-01  -9.57913277e-02
7419  -1.95766982e-01  -9.69019727e-02
7420  -1.78678375e-01  -9.79071290e-02
7421  -1.61612282e-01  -9.88032299e-02
7422  -1.44540646e-01  -9.95458149e-02
7423  -1.27443113e-01  -1.00178684e-01
7424  -1.10345617e-01  -1.00692266e-01
7425  -9.32356703e-02  -1.01089061e-01
7426  -7.61490789e-02  -1.01381022e-01
7427  -5.90607400e-02  -1.01515117e-01
7428  -4.19342448e-02  -1.01544697e-01
7429  -2.48038229e-02  -1.01476655e-01
7430  -7.71801069e-03  -1.01310667e-01
7431  9.33143278e-03  -1.00977499e-01
7432  2.64052960e-02  -1.00491461e-01
7433  4.34958553e-02  -9.98822391e-02
7434  6.05655739e-02  -9.91542626e-02
7435  7.76195672e-02  -9.82783894e-02
7436  9.46545020e-02  -9.72699567e-02
7437  1.11665420e-01  -9.60957255e-02
7438  1.28678431e-01  -9.47663453e-02
7439  1.51629804e-01  -9.27486491e-02
7440  1.62634786e-01  -9.16647482e-02
7441  1.83558367e-01  -1.06117677e-01
7442  2.01548132e-01  -1.03991129e-01
7443  2.19507304e-01  -1.01665130e-01
7444  2.37432036e-01  -9.91035879e-02
7445  2.55325887e-01  -9.63245641e-02
7446  2.73175897e-01  -9.33229243e-02
7447  2.92207075e-01  -8.98223223e-02
7448  3.08755864e-01  -8.65209402e-02
7449  3.25250362e-01  -8.29790975e-02
7450  3.41672284e-01  -7.91628594e-02
7451  3.58009876e-01  -7.50338345e-02
7452  3.74254611e-01  -7.05776477e-02
7453  3.90381762e-01  -6.57744313e-02
7454  4.06347001e-01  -6.05364274e-02
7455  4.22109723e-01  -5.48028347e-02
7456  4.37582799e-01  -4.84684521e-02
7457  4.52634667e-01  -4.13405974e-02
7458  4.67085363e-01  -3.32863263e-02
7459  4.80440820e-01  -2.40185903e-02
7460  4.91361697e-01  -1.30899946e-02
7461  4.96497415e-01  2.48301312e-04
7462  4.92546200e-01  1.44619670e-02
7463  4.83671071e-01  2.75696226e-02
7464  4.72187404e-01  3.93143548e-02
7465  4.59299584e-01  4.99195460e-02
7466  4.45582214e-01  5.96845827e-02
7467  4.31351236e-01  6.88116023e-02
7468  4.16722474e-01  7.73471549e-02
7469  4.01779652e-01  8.53625630e-02
7470  3.86548126e-01  9.28771620e-02
7471  3.71116817e-01  1.00025970e-01
7472  3.55516716e-01  1.06788424e-01
7473  3.39735867e-01  1.13145596e-01
7474  3.23811882e-01  1.19180969e-01
7475  3.07769242e-01  1.24908774e-01
7476  2.91622069e-01  1.30339937e-01
7477  2.72750384e-01  1.36297019e-01
7478  2.55007578e-01  1.41528222e-01
7479  2.37174398e-01  1.46465594e-01
7480  2.19261351e-01  1.51105811e-01
7481  2.01276619e-01  1.55450920e-01
7482  1.83213610e-01  1.59480152e-01
7483  1.63857514e-01  1.63508119e-01
7484  1.51772490e-01  1.48970361e-01
7485  1.27101114e-01  1.53429993e-01
7486  1.10299064e-01  1.56239049e-01
7487  9.34663599e-02  1.58795478e-01
7488  7.65882380e-02  1.61150092e-01
7489  5.96745963e-02  1.63278217e-01
7490  4.27189481e-02  1.65212087e-01
7491  2.57457418e-02  1.66947292e-01
7492  8.75752121e-03  1.68479012e-01
7493  -8.20798638e-03  1.69801690e-01
7494  -2.52218263e-02  1.70858506e-01
7495  -4.22975133e-02  1.71759303e-01
7496  -5.93566088e-02  1.72474993e-01
7497  -7.64100232e-02  1.72990482e-01
7498  -9.34437476e-02  1.73300713e-01
7499  -1.10447991e-01  1.73371972e-01
7500  -1.27427380e-01  1.73188543e-01
7501  -1.44363773e-01  1.72731299e-01
7502  -1.61287679e-01  1.71958986e-01
7503  -1.78277229e-01  1.70905404e-01
7504  -1.95317929e-01  1.69660386e-01
7505  -2.12322113e-01  1.68241203e-01
7506  -2.29304566e-01  1.66597903e-01
7507  -2.46330460e-01  1.64769829e-01
7508  -2.63380692e-01  1.62812121e-01
7509  -2.80382339e-01  1.60741031e-01
7510  -2.96258364e-01  1.58638524e-01
7511  -3.16719494e-01  1.72561661e-01
7512  -3.39911532e-01  1.69153356e-01
7513  -3.56953622e-01  1.66523478e-01
7514  -3.73986113e-01  1.63797242e-01
7515  -3.91009446e-01  1.60986276e-01
7516  -4.08024254e-01  1.58112268e-01
7517  -4.25024440e-01  1.55168782e-01
7518  -4.42013567e-01  1.52142581e-01
7519  -4.58999228e-01  1.49069925e-01
7520  -4.75970772e-01  1.45950100e-01
7521  -4.92923359e-01  1.42747109e-01
7522  -5.09869204e-01  1.39470566e-01
7523  -5.26814977e-01  1.36159887e-01
7524  -5.43752213e-01  1.32823031e-01
7525  -5.60679256e-01  1.29429496e-01
7526  -5.77603907e-01  1.26016254e-01
7527  -5.94513800e-01  1.22558569e-01
7528  -6.11418682e-01  1.19040868e-01
7529  -6.28323841e-01  1.15528181e-01
7530  -6.45213326e-01  1.11952178e-01
7531  -6.62109979e-01  1.08362684e-01
7532  -6.79003559e-01  1.04779121e-01
7533  -6.95880838e-01  1.01155929e-01
7534  -7.12755690e-01  9.74821612e-02
7535  -7.29639760e-01  9.38243933e-02
7536  -7.46514088e-01  9.01588869e-02
7537  -7.63380231e-01  8.64553740e-02
7538  -7.80245245e-01  8.27428996e-02
7539  -7.97105962e-01  7.89976092e-02
7540  -8.13973412e-01  7.52628738e-02
7541  -8.30836103e-01  7.15269745e-02
7542  -8.47691242e-01  6.77724463e-02
7543  -8.64541056e-01  6.39924151e-02
7544  -8.81392389e-01  6.01944086e-02
7545  -8.98252808e-01  5.64075719e-02
7546  -9.15113069e-01  5.26504916e-02
7547  -9.31963307e-01  4.88598146e-02
7548  -9.54963210e-01  4.37016637e-02
7549  -9.72306766e-01  3.98359285e-02
7550  -9.89649384e-01  3.59781208e-02
7551  -1.00698993e+00  3.21246632e-02
7552  -1.02433234e+00  2.82560463e-02
7553  -1.04168483e+00  2.44278603e-02
7554  -1.05903058e+00  2.05946359e-02
7555  -1.07638213e+00  1.67611405e-02
7556  -1.09374578e+00  1.29617697e-02
7557  -1.11111188e+00  9.19689581e-03
7558  -1.12847540e+00  5.43186581e-03
7559  -1.14523641e+00  1.85533522e-03
7560  -2.96258404e-01  1.61619158e-01
7561  -2.96258163e-01  1.43533206e-01
7562  -2.96257922e-01  1.25447254e-01
7563  -2.96257681e-01  1.07361301e-01
7564  -2.96257441e-01  8.92753492e-02
7565  -2.96257200e-01  7.11893971e-02
7566  -2.96256959e-01  5.31034448e-02
7567  -2.96256718e-01  3.50174926e-02
7568  -2.96256477e-01  1.69315403e-02
7569  -2.96256236e-01  -1.15441207e-03
7570  -2.96255996e-01  -1.92403643e-02
7571  -2.96255755e-01  -3.73263164e-02
7572  -2.96255514e-01  -5.54122687e-02
7573  -2.96255273e-01  -7.34982209e-02
7574  -2.96255032e-01  -9.15841732e-02
7575  1.51775222e-01  1.53599374e-01
7576  1.51764667e-01  1.35718222e-01
7577  1.51754112e-01  1.17837070e-01
7578  1.51743557e-01  9.99559177e-02
7579  1.51733002e-01  8.20747655e-02
7580  1.51722447e-01  6.41936132e-02
7581  1.51711891e-01  4.63124610e-02
7582  1.51701336e-01  2.84313089e-02
7583  1.51690781e-01  1.05501567e-02
7584  1.51680226e-01  -7.33099558e-03
7585  1.51669671e-01  -2.52121478e-02
7586  1.51659116e-01  -4.30933001e-02
7587  1.51648560e-01  -6.09744523e-02
7588  1.51638005e-01  -7.88556044e-02
7589  1.51627450e-01  -9.67367566e-02
9817  -1.13693458e+00  4.80080163e-03
9818  -1.14708224e+00  4.28596433e-03
9819  -1.12959246e+00  4.79964179e-03
9820  -1.11210978e+00  4.97962572e-03
9821  -1.09464133e+00  4.87002184e-03
9822  -1.07718371e+00  4.51440693e-03
9823  -1.05974173e+00  3.91469894e-03
9824  -1.04231130e+00  3.12217296e-03
9825  -1.02489344e+00  2.10834050e-03
9826  -1.00749399e+00  9.08056994e-04
9827  -9.90106453e-01  -4.74115295e-04
9828  -9.72740043e-01  -2.05178602e-03
9829  -9.55396337e-01  -3.78393337e-03
9830  -9.32172729e-01  -6.30549925e-03
9831  -9.15106775e-01  -8.31706817e-03
9832  -8.98068384e-01  -1.04677897e-02
9833  -8.81048970e-01  -1.27137617e-02
9834  -8.64041652e-01  -1.50620086e-02
9835  -8.47053076e-01  -1.75154818e-02
9836  -8.30080377e-01  -2.00482737e-02
9837  -8.13117434e-01  -2.26629212e-02
9838  -7.96170619e-01  -2.53725499e-02
9839  -7.79247369e-01  -2.81544364e-02
9840  -7.62331165e-01  -3.09641166e-02
9841  -7.45420504e-01  -3.38348207e-02
9842  -7.28524984e-01  -3.67591102e-02
9843  -7.11641327e-01  -3.97090619e-02
9844  -6.94760311e-01  -4.26718988e-02
9845  -6.77878337e-01  -4.56604277e-02
9846  -6.61009947e-01  -4.86915355e-02
9847  -6.44150363e-01  -5.17120578e-02
9848  -6.27289138e-01  -5.47161708e-02
9849  -6.10424288e-01  -5.77044694e-02
9850  -5.93558949e-01  -6.06808497e-02
9851  -5.76692309e-01  -6.36316859e-02
9852  -5.59822804e-01  -6.65527022e-02
9853  -5.42946742e-01  -6.94357284e-02
9854  -5.26067622e-01  -7.22890565e-02
9855  -5.09184254e-01  -7.50925628e-02
9856  -4.92296446e-01  -7.78433011e-02
9857  -4.75400265e-01  -8.05204213e-02
9858  -4.58489220e-01  -8.31264149e-02
9859  -4.41568089e-01  -8.56807463e-02
9860  -4.24649801e-01  -8.81740850e-02
9861  -4.07717656e-01  -9.05476827e-02
9862  -3.90765429e-01  -9.28440666e-02
9863  -3.73805619e-01  -9.50745590e-02
9864  -3.56840990e-01  -9.72187982e-02
9865  -3.39864570e-01  -9.92610546e-02
9866  -3.14907828e-01  -8.54174651e-02
9867  -2.95438086e-01  -8.75015902e-02
9868  -2.80904015e-01  -8.89540652e-02
9869  -2.63884034e-01  -9.05423072e-02
9870  -2.46836700e-01  -9.20129651e-02
9871  -2.29769610e-01  -9.33883191e-02
9872  -2.12736765e-01  -9.46590883e-02
9873  -1.95696763e-01  -9.57691469e-02
9874  -1.78615299e-01  -9.67738830e-02
9875  -1.61557863e-01  -9.76695353e-02
9876  -1.44494989e-01  -9.84117336e-02
9877  -1.27405082e-01  -9.90443217e-02
9878  -1.10315420e-01  -9.95576676e-02
9879  -9.32128207e-02  -9.99542915e-02
9880  -7.61349301e-02  -1.00246110e-01
9881  -5.90553020e-02  -1.00380130e-01
9882  -4.19355183e-02  -1.00409698e-01
9883  -2.48115957e-02  -1.00341682e-01
9884  -7.73461556e-03  -1.00175788e-01
9885  9.30420060e-03  -9.98428257e-02
9886  2.63689335e-02  -9.93570441e-02
9887  4.34514559e-02  -9.87481079e-02
9888  6.05122842e-02  -9.80205143e-02
9889  7.75569210e-02  -9.71451196e-02
9890  9.45818827e-02  -9.61372822e-02
9891  1.11582132e-01  -9.49637855e-02
9892  1.28585198e-01  -9.36351810e-02
9893  1.52447521e-01  -9.15342260e-02
9894  1.62520013e-01  -9.05355661e-02
9895  1.83431199e-01  -1.04989823e-01
9896  2.01408618e-01  -1.02864736e-01
9897  2.19354126e-01  -1.00540514e-01
9898  2.37264658e-01  -9.79809973e-02
9899  2.55144681e-01  -9.52041226e-02
9900  2.72979117e-01  -9.22051127e-02
9901  2.91993381e-01  -8.87076207e-02
9902  3.08525689e-01  -8.54095247e-02
9903  3.25002751e-01  -8.18714361e-02
9904  3.41404760e-01  -7.80598382e-02
9905  3.57720678e-01  -7.39362966e-02
9906  3.73942468e-01  -6.94864135e-02
9907  3.90042819e-01  -6.46912219e-02
9908  4.05976036e-01  -5.94637622e-02
9909  4.21700612e-01  -5.37441310e-02
9910  4.37124692e-01  -4.74300094e-02
9911  4.52115086e-01  -4.03315084e-02
9912  4.66484295e-01  -3.23235478e-02
9913  4.79710148e-01  -2.31500610e-02
9914  4.90405732e-01  -1.24781482e-02
9915  4.95363928e-01  3.06904346e-04
9916  4.91497529e-01  1.39859486e-02
9917  4.82792042e-01  2.68516172e-02
9918  4.71419518e-01  3.84785465e-02
9919  4.58609300e-01  4.90185834e-02
9920  4.44946491e-01  5.87443263e-02
9921  4.30758717e-01  6.78435391e-02
9922  4.16168121e-01  7.63567422e-02
9923  4.01260224e-01  8.43533950e-02
9924  3.86058445e-01  9.18532298e-02
9925  3.70652524e-01  9.89902787e-02
9926  3.55078913e-01  1.05741260e-01
9927  3.39322659e-01  1.12088485e-01
9928  3.23419914e-01  1.18115800e-01
9929  3.07397484e-01  1.23836383e-01
9930  2.91270303e-01  1.29260823e-01
9931  2.72419050e-01  1.35211458e-01
9932  2.54695653e-01  1.40436925e-01
9933  2.36880655e-01  1.45369264e-01
9934  2.18985760e-01  1.50004778e-01
9935  2.01019781e-01  1.54345362e-01
9936  1.82974431e-01  1.58370639e-01
9937  1.63635073e-01  1.62395130e-01
9938  1.52588719e-01  1.47664928e-01
9939  1.26907710e-01  1.52311593e-01
9940  1.10120271e-01  1.55118220e-01
9941  9.33027317e-02  1.57672335e-01
9942  7.64389768e-02  1.60024949e-01
9943  5.95394351e-02  1.62151293e-01
9944  4.25969218e-02  1.64083666e-01
9945  2.56370638e-02  1.65817508e-01
9946  8.66245761e-03  1.67348000e-01
9947  -8.28728662e-03  1.68669463e-01
9948  -2.52869171e-02  1.69725374e-01
9949  -4.23511933e-02  1.70625573e-01
9950  -5.93975412e-02  1.71340731e-01
9951  -7.64374990e-02  1.71855814e-01
9952  -9.34564530e-02  1.72165784e-01
9953  -1.10444233e-01  1.72236979e-01
9954  -1.27405922e-01  1.72053746e-01
9955  -1.44322584e-01  1.71597046e-01
9956  -1.61226701e-01  1.70825625e-01
9957  -1.78200765e-01  1.69772983e-01
9958  -1.95229371e-01  1.68528846e-01
9959  -2.12220252e-01  1.67110783e-01
9960  -2.29189332e-01  1.65468768e-01
9961  -2.46205145e-01  1.63641768e-01
9962  -2.63247327e-01  1.61684983e-01
9963  -2.80239088e-01  1.59615108e-01
9964  -2.95441350e-01  1.57604047e-01
9965  -3.16558883e-01  1.71438082e-01
9966  -3.39742467e-01  1.68031018e-01
9967  -3.56777378e-01  1.65402245e-01
9968  -3.73803964e-01  1.62676953e-01
9969  -3.90822471e-01  1.59866782e-01
9970  -4.07832916e-01  1.56993513e-01
9971  -4.24828101e-01  1.54050893e-01
9972  -4.41813028e-01  1.51025438e-01
9973  -4.58795606e-01  1.47953340e-01
9974  -4.75762810e-01  1.44834314e-01
9975  -4.92710268e-01  1.41632292e-01
9976  -5.09652656e-01  1.38356415e-01
9977  -5.26596466e-01  1.35046119e-01
9978  -5.43530963e-01  1.31709805e-01
9979  -5.60455512e-01  1.28316768e-01
9980  -5.77378028e-01  1.24903957e-01
9981  -5.94284498e-01  1.21446973e-01
9982  -6.11187616e-01  1.17929637e-01
9983  -6.28090836e-01  1.14417356e-01
9984  -6.44977848e-01  1.10841874e-01
9985  -6.61874291e-01  1.07252424e-01
9986  -6.78766681e-01  1.03669115e-01
9987  -6.95641001e-01  1.00046558e-01
9988  -7.12514813e-01  9.63730159e-02
9989  -7.29399139e-01  9.27151925e-02
9990  -7.46271909e-01  8.90500251e-02
9991  -7.63136516e-01  8.53468489e-02
9992  -7.80000183e-01  8.16346715e-02
9993  -7.96860219e-01  7.78895317e-02
9994  -8.13727978e-01  7.41547282e-02
9995  -8.30589962e-01  7.04189853e-02
9996  -8.47443631e-01  6.66647850e-02
9997  -8.64292057e-01  6.28850648e-02
9998  -8.81143252e-01  5.90870894e-02
9999  -8.98005014e-01  5.52999515e-02
10000  -9.14865083e-01  5.15429141e-02
10001  -9.31714566e-01  4.77524065e-02
10002  -9.54715561e-01  4.25940108e-02
10003  -9.72060078e-01  3.87280612e-02
10004  -9.89403049e-01  3.48701749e-02
10005  -1.00674326e+00  3.10167908e-02
10006  -1.02408653e+00  2.71479850e-02
10007  -1.04144012e+00  2.33195555e-02
10008  -1.05878570e+00  1.94863682e-02
10009  -1.07613839e+00  1.56526190e-02
10010  -1.09350424e+00  1.18527693e-02
10011  -1.11087139e+00  8.08766811e-03
10012  -1.12823538e+00  4.32253588e-03
10013  -1.14485388e+00  7.86738541e-04
10014  -2.95441404e-01  1.61619169e-01
10015  -2.95441163e-01  1.43533217e-01
10016  -2.95440922e-01  1.25447265e-01
10017  -2.95440681e-01  1.07361312e-01
10018  -2.95440441e-01  8.92753600e-02
10019  -2.95440200e-01  7.11894080e-02
10020  -2.95439959e-01  5.31034557e-02
10021  -2.95439718e-01  3.50175035e-02
10022  -2.95439477e-01  1.69315512e-02
10023  -2.95439236e-01  -1.15440121e-03
10024  -2.95438996e-01  -1.92403535e-02
10025  -2.95438755e-01  -3.73263055e-02
10026  -2.95438514e-01  -5.54122578e-02
10027  -2.95438273e-01  -7.34982100e-02
10028  -2.95438032e-01  -9.15841623e-02
10029  1.52592222e-01  1.53598892e-01
10030  1.52581667e-01  1.35717740e-01
10031  1.52571112e-01  1.17836588e-01
10032  1.52560557e-01  9.99554354e-02
10033  1.52550002e-01  8.20742832e-02
10034  1.52539447e-01  6.41931309e-02
10035  1.52528891e-01  4.63119787e-02
10036  1.52518336e-01  2.84308266e-02
10037  1.52507781e-01  1.05496744e-02
10038  1.52497226e-01  -7.33147785e-03
10039  1.52486671e-01  -2.52126301e-02
10040  1.52476116e-01  -4.30937824e-02
10041  1.52465560e-01  -6.09749346e-02
10042  1.52455005e-01  -7.88560867e-02
10043  1.52444450e-01  -9.67372389e-02
