1  2458  2457  1  2  0  0  0  0
231  4914  4913  2457  2458  0  0  0  0
461  7370  7369  4913  4914  0  0  0  0
691  9826  9825  7369  7370  0  0  0  0
2  2459  2458  2  3  0  0  0  0
232  4915  4914  2458  2459  0  0  0  0
462  7371  7370  4914  4915  0  0  0  0
692  9827  9826  7370  7371  0  0  0  0
3  2460  2459  3  4  0  0  0  0
233  4916  4915  2459  2460  0  0  0  0
463  7372  7371  4915  4916  0  0  0  0
693  9828  9827  7371  7372  0  0  0  0
4  2461  2460  4  5  0  0  0  0
234  4917  4916  2460  2461  0  0  0  0
464  7373  7372  4916  4917  0  0  0  0
694  9829  9828  7372  7373  0  0  0  0
5  2462  2461  5  6  0  0  0  0
235  4918  4917  2461  2462  0  0  0  0
465  7374  7373  4917  4918  0  0  0  0
695  9830  9829  7373  7374  0  0  0  0
6  2463  2462  6  7  0  0  0  0
236  4919  4918  2462  2463  0  0  0  0
466  7375  7374  4918  4919  0  0  0  0
696  9831  9830  7374  7375  0  0  0  0
7  2464  2463  7  8  0  0  0  0
237  4920  4919  2463  2464  0  0  0  0
467  7376  7375  4919  4920  0  0  0  0
697  9832  9831  7375  7376  0  0  0  0
8  2465  2464  8  9  0  0  0  0
238  4921  4920  2464  2465  0  0  0  0
468  7377  7376  4920  4921  0  0  0  0
698  9833  9832  7376  7377  0  0  0  0
9  2466  2465  9  10  0  0  0  0
239  4922  4921  2465  2466  0  0  0  0
469  7378  7377  4921  4922  0  0  0  0
699  9834  9833  7377  7378  0  0  0  0
10  2467  2466  10  11  0  0  0  0
240  4923  4922  2466  2467  0  0  0  0
470  7379  7378  4922  4923  0  0  0  0
700  9835  9834  7378  7379  0  0  0  0
11  2468  2467  11  12  0  0  0  0
241  4924  4923  2467  2468  0  0  0  0
471  7380  7379  4923  4924  0  0  0  0
701  9836  9835  7379  7380  0  0  0  0
12  2469  2468  12  13  0  0  0  0
242  4925  4924  2468  2469  0  0  0  0
472  7381  7380  4924  4925  0  0  0  0
702  9837  9836  7380  7381  0  0  0  0
13  2470  2469  13  14  0  0  0  0
243  4926  4925  2469  2470  0  0  0  0
473  7382  7381  4925  4926  0  0  0  0
703  9838  9837  7381  7382  0  0  0  0
14  2471  2470  14  15  0  0  0  0
244  4927  4926  2470  2471  0  0  0  0
474  7383  7382  4926  4927  0  0  0  0
704  9839  9838  7382  7383  0  0  0  0
15  2472  2471  15  16  0  0  0  0
245  4928  4927  2471  2472  0  0  0  0
475  7384  7383  4927  4928  0  0  0  0
705  9840  9839  7383  7384  0  0  0  0
16  2473  2472  16  17  0  0  0  0
246  4929  4928  2472  2473  0  0  0  0
476  7385  7384  4928  4929  0  0  0  0
706  9841  9840  7384  7385  0  0  0  0
17  2474  2473  17  18  0  0  0  0
247  4930  4929  2473  2474  0  0  0  0
477  7386  7385  4929  4930  0  0  0  0
707  9842  9841  7385  7386  0  0  0  0
18  2475  2474  18  19  0  0  0  0
248  4931  4930  2474  2475  0  0  0  0
478  7387  7386  4930  4931  0  0  0  0
708  9843  9842  7386  7387  0  0  0  0
19  2476  2475  19  20  0  0  0  0
249  4932  4931  2475  2476  0  0  0  0
479  7388  7387  4931  4932  0  0  0  0
709  9844  9843  7387  7388  0  0  0  0
20  2477  2476  20  21  0  0  0  0
250  4933  4932  2476  2477  0  0  0  0
480  7389  7388  4932  4933  0  0  0  0
710  9845  9844  7388  7389  0  0  0  0
21  2478  2477  21  22  0  0  0  0
251  4934  4933  2477  2478  0  0  0  0
481  7390  7389  4933  4934  0  0  0  0
711  9846  9845  7389  7390  0  0  0  0
22  2479  2478  22  23  0  0  0  0
252  4935  4934  2478  2479  0  0  0  0
482  7391  7390  4934  4935  0  0  0  0
712  9847  9846  7390  7391  0  0  0  0
23  2480  2479  23  24  0  0  0  0
253  4936  4935  2479  2480  0  0  0  0
483  7392  7391  4935  4936  0  0  0  0
713  9848  9847  7391  7392  0  0  0  0
24  2481  2480  24  25  0  0  0  0
254  4937  4936  2480  2481  0  0  0  0
484  7393  7392  4936  4937  0  0  0  0
714  9849  9848  7392  7393  0  0  0  0
25  2482  2481  25  26  0  0  0  0
255  4938  4937  2481  2482  0  0  0  0
485  7394  7393  4937  4938  0  0  0  0
715  9850  9849  7393  7394  0  0  0  0
26  2483  2482  26  27  0  0  0  0
256  4939  4938  2482  2483  0  0  0  0
486  7395  7394  4938  4939  0  0  0  0
716  9851  9850  7394  7395  0  0  0  0
27  2484  2483  27  28  0  0  0  0
257  4940  4939  2483  2484  0  0  0  0
487  7396  7395  4939  4940  0  0  0  0
717  9852  9851  7395  7396  0  0  0  0
28  2485  2484  28  29  0  0  0  0
258  4941  4940  2484  2485  0  0  0  0
488  7397  7396  4940  4941  0  0  0  0
718  9853  9852  7396  7397  0  0  0  0
29  2486  2485  29  30  0  0  0  0
259  4942  4941  2485  2486  0  0  0  0
489  7398  7397  4941  4942  0  0  0  0
719  9854  9853  7397  7398  0  0  0  0
30  2487  2486  30  31  0  0  0  0
260  4943  4942  2486  2487  0  0  0  0
490  7399  7398  4942  4943  0  0  0  0
720  9855  9854  7398  7399  0  0  0  0
31  2488  2487  31  32  0  0  0  0
261  4944  4943  2487  2488  0  0  0  0
491  7400  7399  4943  4944  0  0  0  0
721  9856  9855  7399  7400  0  0  0  0
32  2489  2488  32  33  0  0  0  0
262  4945  4944  2488  2489  0  0  0  0
492  7401  7400  4944  4945  0  0  0  0
722  9857  9856  7400  7401  0  0  0  0
33  2490  2489  33  34  0  0  0  0
263  4946  4945  2489  2490  0  0  0  0
493  7402  7401  4945  4946  0  0  0  0
723  9858  9857  7401  7402  0  0  0  0
34  2491  2490  34  35  0  0  0  0
264  4947  4946  2490  2491  0  0  0  0
494  7403  7402  4946  4947  0  0  0  0
724  9859  9858  7402  7403  0  0  0  0
35  2492  2491  35  36  0  0  0  0
265  4948  4947  2491  2492  0  0  0  0
495  7404  7403  4947  4948  0  0  0  0
725  9860  9859  7403  7404  0  0  0  0
36  2493  2492  36  37  0  0  0  0
266  4949  4948  2492  2493  0  0  0  0
496  7405  7404  4948  4949  0  0  0  0
726  9861  9860  7404  7405  0  0  0  0
37  2494  2493  37  38  0  0  0  0
267  4950  4949  2493  2494  0  0  0  0
497  7406  7405  4949  4950  0  0  0  0
727  9862  9861  7405  7406  0  0  0  0
38  2495  2494  38  39  0  0  0  0
268  4951  4950  2494  2495  0  0  0  0
498  7407  7406  4950  4951  0  0  0  0
728  9863  9862  7406  7407  0  0  0  0
39  2496  2495  39  40  0  0  0  0
269  4952  4951  2495  2496  0  0  0  0
499  7408  7407  4951  4952  0  0  0  0
729  9864  9863  7407  7408  0  0  0  0
40  2497  2496  40  41  0  0  0  0
270  4953  4952  2496  2497  0  0  0  0
500  7409  7408  4952  4953  0  0  0  0
730  9865  9864  7408  7409  0  0  0  0
41  2498  2497  41  42  0  0  0  0
271  4954  4953  2497  2498  0  0  0  0
501  7410  7409  4953  4954  0  0  0  0
731  9866  9865  7409  7410  0  0  0  0
42  2499  2498  42  43  0  0  0  0
272  4955  4954  2498  2499  0  0  0  0
502  7411  7410  4954  4955  0  0  0  0
732  9867  9866  7410  7411  0  0  0  0
43  2500  2499  43  44  0  0  0  0
273  4956  4955  2499  2500  0  0  0  0
503  7412  7411  4955  4956  0  0  0  0
733  9868  9867  7411  7412  0  0  0  0
44  2501  2500  44  45  0  0  0  0
274  4957  4956  2500  2501  0  0  0  0
504  7413  7412  4956  4957  0  0  0  0
734  9869  9868  7412  7413  0  0  0  0
45  2502  2501  45  46  0  0  0  0
275  4958  4957  2501  2502  0  0  0  0
505  7414  7413  4957  4958  0  0  0  0
735  9870  9869  7413  7414  0  0  0  0
46  2503  2502  46  47  0  0  0  0
276  4959  4958  2502  2503  0  0  0  0
506  7415  7414  4958  4959  0  0  0  0
736  9871  9870  7414  7415  0  0  0  0
47  2504  2503  47  48  0  0  0  0
277  4960  4959  2503  2504  0  0  0  0
507  7416  7415  4959  4960  0  0  0  0
737  9872  9871  7415  7416  0  0  0  0
48  2505  2504  48  49  0  0  0  0
278  4961  4960  2504  2505  0  0  0  0
508  7417  7416  4960  4961  0  0  0  0
738  9873  9872  7416  7417  0  0  0  0
49  2506  2505  49  50  0  0  0  0
279  4962  4961  2505  2506  0  0  0  0
509  7418  7417  4961  4962  0  0  0  0
739  9874  9873  7417  7418  0  0  0  0
50  2507  2506  50  51  0  0  0  0
280  4963  4962  2506  2507  0  0  0  0
510  7419  7418  4962  4963  0  0  0  0
740  9875  9874  7418  7419  0  0  0  0
51  2508  2507  51  52  0  0  0  0
281  4964  4963  2507  2508  0  0  0  0
511  7420  7419  4963  4964  0  0  0  0
741  9876  9875  7419  7420  0  0  0  0
52  2509  2508  52  53  0  0  0  0
282  4965  4964  2508  2509  0  0  0  0
512  7421  7420  4964  4965  0  0  0  0
742  9877  9876  7420  7421  0  0  0  0
53  2510  2509  53  54  0  0  0  0
283  4966  4965  2509  2510  0  0  0  0
513  7422  7421  4965  4966  0  0  0  0
743  9878  9877  7421  7422  0  0  0  0
54  2511  2510  54  55  0  0  0  0
284  4967  4966  2510  2511  0  0  0  0
514  7423  7422  4966  4967  0  0  0  0
744  9879  9878  7422  7423  0  0  0  0
55  2512  2511  55  56  0  0  0  0
285  4968  4967  2511  2512  0  0  0  0
515  7424  7423  4967  4968  0  0  0  0
745  9880  9879  7423  7424  0  0  0  0
56  2513  2512  56  57  0  0  0  0
286  4969  4968  2512  2513  0  0  0  0
516  7425  7424  4968  4969  0  0  0  0
746  9881  9880  7424  7425  0  0  0  0
57  2514  2513  57  58  0  0  0  0
287  4970  4969  2513  2514  0  0  0  0
517  7426  7425  4969  4970  0  0  0  0
747  9882  9881  7425  7426  0  0  0  0
58  2515  2514  58  59  0  0  0  0
288  4971  4970  2514  2515  0  0  0  0
518  7427  7426  4970  4971  0  0  0  0
748  9883  9882  7426  7427  0  0  0  0
59  2516  2515  59  60  0  0  0  0
289  4972  4971  2515  2516  0  0  0  0
519  7428  7427  4971  4972  0  0  0  0
749  9884  9883  7427  7428  0  0  0  0
60  2517  2516  60  61  0  0  0  0
290  4973  4972  2516  2517  0  0  0  0
520  7429  7428  4972  4973  0  0  0  0
750  9885  9884  7428  7429  0  0  0  0
61  2518  2517  61  62  0  0  0  0
291  4974  4973  2517  2518  0  0  0  0
521  7430  7429  4973  4974  0  0  0  0
751  9886  9885  7429  7430  0  0  0  0
62  2519  2518  62  63  0  0  0  0
292  4975  4974  2518  2519  0  0  0  0
522  7431  7430  4974  4975  0  0  0  0
752  9887  9886  7430  7431  0  0  0  0
63  2520  2519  63  64  0  0  0  0
293  4976  4975  2519  2520  0  0  0  0
523  7432  7431  4975  4976  0  0  0  0
753  9888  9887  7431  7432  0  0  0  0
64  2521  2520  64  65  0  0  0  0
294  4977  4976  2520  2521  0  0  0  0
524  7433  7432  4976  4977  0  0  0  0
754  9889  9888  7432  7433  0  0  0  0
65  2522  2521  65  66  0  0  0  0
295  4978  4977  2521  2522  0  0  0  0
525  7434  7433  4977  4978  0  0  0  0
755  9890  9889  7433  7434  0  0  0  0
66  2523  2522  66  67  0  0  0  0
296  4979  4978  2522  2523  0  0  0  0
526  7435  7434  4978  4979  0  0  0  0
756  9891  9890  7434  7435  0  0  0  0
67  2524  2523  67  68  0  0  0  0
297  4980  4979  2523  2524  0  0  0  0
527  7436  7435  4979  4980  0  0  0  0
757  9892  9891  7435  7436  0  0  0  0
68  2525  2524  68  69  0  0  0  0
298  4981  4980  2524  2525  0  0  0  0
528  7437  7436  4980  4981  0  0  0  0
758  9893  9892  7436  7437  0  0  0  0
69  2526  2525  69  70  0  0  0  0
299  4982  4981  2525  2526  0  0  0  0
529  7438  7437  4981  4982  0  0  0  0
759  9894  9893  7437  7438  0  0  0  0
70  2527  2526  70  71  0  0  0  0
300  4983  4982  2526  2527  0  0  0  0
530  7439  7438  4982  4983  0  0  0  0
760  9895  9894  7438  7439  0  0  0  0
71  2528  2527  71  72  0  0  0  0
301  4984  4983  2527  2528  0  0  0  0
531  7440  7439  4983  4984  0  0  0  0
761  9896  9895  7439  7440  0  0  0  0
72  2529  2528  72  73  0  0  0  0
302  4985  4984  2528  2529  0  0  0  0
532  7441  7440  4984  4985  0  0  0  0
762  9897  9896  7440  7441  0  0  0  0
73  2530  2529  73  74  0  0  0  0
303  4986  4985  2529  2530  0  0  0  0
533  7442  7441  4985  4986  0  0  0  0
763  9898  9897  7441  7442  0  0  0  0
74  2531  2530  74  75  0  0  0  0
304  4987  4986  2530  2531  0  0  0  0
534  7443  7442  4986  4987  0  0  0  0
764  9899  9898  7442  7443  0  0  0  0
75  2532  2531  75  76  0  0  0  0
305  4988  4987  2531  2532  0  0  0  0
535  7444  7443  4987  4988  0  0  0  0
765  9900  9899  7443  7444  0  0  0  0
76  2533  2532  76  77  0  0  0  0
306  4989  4988  2532  2533  0  0  0  0
536  7445  7444  4988  4989  0  0  0  0
766  9901  9900  7444  7445  0  0  0  0
77  2534  2533  77  78  0  0  0  0
307  4990  4989  2533  2534  0  0  0  0
537  7446  7445  4989  4990  0  0  0  0
767  9902  9901  7445  7446  0  0  0  0
78  2535  2534  78  79  0  0  0  0
308  4991  4990  2534  2535  0  0  0  0
538  7447  7446  4990  4991  0  0  0  0
768  9903  9902  7446  7447  0  0  0  0
79  2536  2535  79  80  0  0  0  0
309  4992  4991  2535  2536  0  0  0  0
539  7448  7447  4991  4992  0  0  0  0
769  9904  9903  7447  7448  0  0  0  0
80  2537  2536  80  81  0  0  0  0
310  4993  4992  2536  2537  0  0  0  0
540  7449  7448  4992  4993  0  0  0  0
770  9905  9904  7448  7449  0  0  0  0
81  2538  2537  81  82  0  0  0  0
311  4994  4993  2537  2538  0  0  0  0
541  7450  7449  4993  4994  0  0  0  0
771  9906  9905  7449  7450  0  0  0  0
82  2539  2538  82  83  0  0  0  0
312  4995  4994  2538  2539  0  0  0  0
542  7451  7450  4994  4995  0  0  0  0
772  9907  9906  7450  7451  0  0  0  0
83  2540  2539  83  84  0  0  0  0
313  4996  4995  2539  2540  0  0  0  0
543  7452  7451  4995  4996  0  0  0  0
773  9908  9907  7451  7452  0  0  0  0
84  2541  2540  84  85  0  0  0  0
314  4997  4996  2540  2541  0  0  0  0
544  7453  7452  4996  4997  0  0  0  0
774  9909  9908  7452  7453  0  0  0  0
85  2542  2541  85  86  0  0  0  0
315  4998  4997  2541  2542  0  0  0  0
545  7454  7453  4997  4998  0  0  0  0
775  9910  9909  7453  7454  0  0  0  0
86  2543  2542  86  87  0  0  0  0
316  4999  4998  2542  2543  0  0  0  0
546  7455  7454  4998  4999  0  0  0  0
776  9911  9910  7454  7455  0  0  0  0
87  2544  2543  87  88  0  0  0  0
317  5000  4999  2543  2544  0  0  0  0
547  7456  7455  4999  5000  0  0  0  0
777  9912  9911  7455  7456  0  0  0  0
88  2545  2544  88  89  0  0  0  0
318  5001  5000  2544  2545  0  0  0  0
548  7457  7456  5000  5001  0  0  0  0
778  9913  9912  7456  7457  0  0  0  0
89  2546  2545  89  90  0  0  0  0
319  5002  5001  2545  2546  0  0  0  0
549  7458  7457  5001  5002  0  0  0  0
779  9914  9913  7457  7458  0  0  0  0
90  2547  2546  90  91  0  0  0  0
320  5003  5002  2546  2547  0  0  0  0
550  7459  7458  5002  5003  0  0  0  0
780  9915  9914  7458  7459  0  0  0  0
91  2548  2547  91  92  0  0  0  0
321  5004  5003  2547  2548  0  0  0  0
551  7460  7459  5003  5004  0  0  0  0
781  9916  9915  7459  7460  0  0  0  0
92  2549  2548  92  93  0  0  0  0
322  5005  5004  2548  2549  0  0  0  0
552  7461  7460  5004  5005  0  0  0  0
782  9917  9916  7460  7461  0  0  0  0
93  2550  2549  93  94  0  0  0  0
323  5006  5005  2549  2550  0  0  0  0
553  7462  7461  5005  5006  0  0  0  0
783  9918  9917  7461  7462  0  0  0  0
94  2551  2550  94  95  0  0  0  0
324  5007  5006  2550  2551  0  0  0  0
554  7463  7462  5006  5007  0  0  0  0
784  9919  9918  7462  7463  0  0  0  0
95  2552  2551  95  96  0  0  0  0
325  5008  5007  2551  2552  0  0  0  0
555  7464  7463  5007  5008  0  0  0  0
785  9920  9919  7463  7464  0  0  0  0
96  2553  2552  96  97  0  0  0  0
326  5009  5008  2552  2553  0  0  0  0
556  7465  7464  5008  5009  0  0  0  0
786  9921  9920  7464  7465  0  0  0  0
97  2554  2553  97  98  0  0  0  0
327  5010  5009  2553  2554  0  0  0  0
557  7466  7465  5009  5010  0  0  0  0
787  9922  9921  7465  7466  0  0  0  0
98  2555  2554  98  99  0  0  0  0
328  5011  5010  2554  2555  0  0  0  0
558  7467  7466  5010  5011  0  0  0  0
788  9923  9922  7466  7467  0  0  0  0
99  2556  2555  99  100  0  0  0  0
329  5012  5011  2555  2556  0  0  0  0
559  7468  7467  5011  5012  0  0  0  0
789  9924  9923  7467  7468  0  0  0  0
100  2557  2556  100  101  0  0  0  0
330  5013  5012  2556  2557  0  0  0  0
560  7469  7468  5012  5013  0  0  0  0
790  9925  9924  7468  7469  0  0  0  0
101  2558  2557  101  102  0  0  0  0
331  5014  5013  2557  2558  0  0  0  0
561  7470  7469  5013  5014  0  0  0  0
791  9926  9925  7469  7470  0  0  0  0
102  2559  2558  102  103  0  0  0  0
332  5015  5014  2558  2559  0  0  0  0
562  7471  7470  5014  5015  0  0  0  0
792  9927  9926  7470  7471  0  0  0  0
103  2560  2559  103  104  0  0  0  0
333  5016  5015  2559  2560  0  0  0  0
563  7472  7471  5015  5016  0  0  0  0
793  9928  9927  7471  7472  0  0  0  0
104  2561  2560  104  105  0  0  0  0
334  5017  5016  2560  2561  0  0  0  0
564  7473  7472  5016  5017  0  0  0  0
794  9929  9928  7472  7473  0  0  0  0
105  2562  2561  105  106  0  0  0  0
335  5018  5017  2561  2562  0  0  0  0
565  7474  7473  5017  5018  0  0  0  0
795  9930  9929  7473  7474  0  0  0  0
106  2563  2562  106  107  0  0  0  0
336  5019  5018  2562  2563  0  0  0  0
566  7475  7474  5018  5019  0  0  0  0
796  9931  9930  7474  7475  0  0  0  0
107  2564  2563  107  108  0  0  0  0
337  5020  5019  2563  2564  0  0  0  0
567  7476  7475  5019  5020  0  0  0  0
797  9932  9931  7475  7476  0  0  0  0
108  2565  2564  108  109  0  0  0  0
338  5021  5020  2564  2565  0  0  0  0
568  7477  7476  5020  5021  0  0  0  0
798  9933  9932  7476  7477  0  0  0  0
109  2566  2565  109  110  0  0  0  0
339  5022  5021  2565  2566  0  0  0  0
569  7478  7477  5021  5022  0  0  0  0
799  9934  9933  7477  7478  0  0  0  0
110  2567  2566  110  111  0  0  0  0
340  5023  5022  2566  2567  0  0  0  0
570  7479  7478  5022  5023  0  0  0  0
800  9935  9934  7478  7479  0  0  0  0
111  2568  2567  111  112  0  0  0  0
341  5024  5023  2567  2568  0  0  0  0
571  7480  7479  5023  5024  0  0  0  0
801  9936  9935  7479  7480  0  0  0  0
112  2569  2568  112  113  0  0  0  0
342  5025  5024  2568  2569  0  0  0  0
572  7481  7480  5024  5025  0  0  0  0
802  9937  9936  7480  7481  0  0  0  0
113  2570  2569  113  114  0  0  0  0
343  5026  5025  2569  2570  0  0  0  0
573  7482  7481  5025  5026  0  0  0  0
803  9938  9937  7481  7482  0  0  0  0
114  2571  2570  114  115  0  0  0  0
344  5027  5026  2570  2571  0  0  0  0
574  7483  7482  5026  5027  0  0  0  0
804  9939  9938  7482  7483  0  0  0  0
115  2572  2571  115  116  0  0  0  0
345  5028  5027  2571  2572  0  0  0  0
575  7484  7483  5027  5028  0  0  0  0
805  9940  9939  7483  7484  0  0  0  0
116  2573  2572  116  117  0  0  0  0
346  5029  5028  2572  2573  0  0  0  0
576  7485  7484  5028  5029  0  0  0  0
806  9941  9940  7484  7485  0  0  0  0
117  2574  2573  117  118  0  0  0  0
347  5030  5029  2573  2574  0  0  0  0
577  7486  7485  5029  5030  0  0  0  0
807  9942  9941  7485  7486  0  0  0  0
118  2575  2574  118  119  0  0  0  0
348  5031  5030  2574  2575  0  0  0  0
578  7487  7486  5030  5031  0  0  0  0
808  9943  9942  7486  7487  0  0  0  0
119  2576  2575  119  120  0  0  0  0
349  5032  5031  2575  2576  0  0  0  0
579  7488  7487  5031  5032  0  0  0  0
809  9944  9943  7487  7488  0  0  0  0
120  2577  2576  120  121  0  0  0  0
350  5033  5032  2576  2577  0  0  0  0
580  7489  7488  5032  5033  0  0  0  0
810  9945  9944  7488  7489  0  0  0  0
121  2578  2577  121  122  0  0  0  0
351  5034  5033  2577  2578  0  0  0  0
581  7490  7489  5033  5034  0  0  0  0
811  9946  9945  7489  7490  0  0  0  0
122  2579  2578  122  123  0  0  0  0
352  5035  5034  2578  2579  0  0  0  0
582  7491  7490  5034  5035  0  0  0  0
812  9947  9946  7490  7491  0  0  0  0
123  2580  2579  123  124  0  0  0  0
353  5036  5035  2579  2580  0  0  0  0
583  7492  7491  5035  5036  0  0  0  0
813  9948  9947  7491  7492  0  0  0  0
124  2581  2580  124  125  0  0  0  0
354  5037  5036  2580  2581  0  0  0  0
584  7493  7492  5036  5037  0  0  0  0
814  9949  9948  7492  7493  0  0  0  0
125  2582  2581  125  126  0  0  0  0
355  5038  5037  2581  2582  0  0  0  0
585  7494  7493  5037  5038  0  0  0  0
815  9950  9949  7493  7494  0  0  0  0
126  2583  2582  126  127  0  0  0  0
356  5039  5038  2582  2583  0  0  0  0
586  7495  7494  5038  5039  0  0  0  0
816  9951  9950  7494  7495  0  0  0  0
127  2584  2583  127  128  0  0  0  0
357  5040  5039  2583  2584  0  0  0  0
587  7496  7495  5039  5040  0  0  0  0
817  9952  9951  7495  7496  0  0  0  0
128  2585  2584  128  129  0  0  0  0
358  5041  5040  2584  2585  0  0  0  0
588  7497  7496  5040  5041  0  0  0  0
818  9953  9952  7496  7497  0  0  0  0
129  2586  2585  129  130  0  0  0  0
359  5042  5041  2585  2586  0  0  0  0
589  7498  7497  5041  5042  0  0  0  0
819  9954  9953  7497  7498  0  0  0  0
130  2587  2586  130  131  0  0  0  0
360  5043  5042  2586  2587  0  0  0  0
590  7499  7498  5042  5043  0  0  0  0
820  9955  9954  7498  7499  0  0  0  0
131  2588  2587  131  132  0  0  0  0
361  5044  5043  2587  2588  0  0  0  0
591  7500  7499  5043  5044  0  0  0  0
821  9956  9955  7499  7500  0  0  0  0
132  2589  2588  132  133  0  0  0  0
362  5045  5044  2588  2589  0  0  0  0
592  7501  7500  5044  5045  0  0  0  0
822  9957  9956  7500  7501  0  0  0  0
133  2590  2589  133  134  0  0  0  0
363  5046  5045  2589  2590  0  0  0  0
593  7502  7501  5045  5046  0  0  0  0
823  9958  9957  7501  7502  0  0  0  0
134  2591  2590  134  135  0  0  0  0
364  5047  5046  2590  2591  0  0  0  0
594  7503  7502  5046  5047  0  0  0  0
824  9959  9958  7502  7503  0  0  0  0
135  2592  2591  135  136  0  0  0  0
365  5048  5047  2591  2592  0  0  0  0
595  7504  7503  5047  5048  0  0  0  0
825  9960  9959  7503  7504  0  0  0  0
136  2593  2592  136  137  0  0  0  0
366  5049  5048  2592  2593  0  0  0  0
596  7505  7504  5048  5049  0  0  0  0
826  9961  9960  7504  7505  0  0  0  0
137  2594  2593  137  138  0  0  0  0
367  5050  5049  2593  2594  0  0  0  0
597  7506  7505  5049  5050  0  0  0  0
827  9962  9961  7505  7506  0  0  0  0
138  2595  2594  138  139  0  0  0  0
368  5051  5050  2594  2595  0  0  0  0
598  7507  7506  5050  5051  0  0  0  0
828  9963  9962  7506  7507  0  0  0  0
139  2596  2595  139  140  0  0  0  0
369  5052  5051  2595  2596  0  0  0  0
599  7508  7507  5051  5052  0  0  0  0
829  9964  9963  7507  7508  0  0  0  0
140  2597  2596  140  141  0  0  0  0
370  5053  5052  2596  2597  0  0  0  0
600  7509  7508  5052  5053  0  0  0  0
830  9965  9964  7508  7509  0  0  0  0
141  2598  2597  141  142  0  0  0  0
371  5054  5053  2597  2598  0  0  0  0
601  7510  7509  5053  5054  0  0  0  0
831  9966  9965  7509  7510  0  0  0  0
142  2599  2598  142  143  0  0  0  0
372  5055  5054  2598  2599  0  0  0  0
602  7511  7510  5054  5055  0  0  0  0
832  9967  9966  7510  7511  0  0  0  0
143  2600  2599  143  144  0  0  0  0
373  5056  5055  2599  2600  0  0  0  0
603  7512  7511  5055  5056  0  0  0  0
833  9968  9967  7511  7512  0  0  0  0
144  2601  2600  144  145  0  0  0  0
374  5057  5056  2600  2601  0  0  0  0
604  7513  7512  5056  5057  0  0  0  0
834  9969  9968  7512  7513  0  0  0  0
145  2602  2601  145  146  0  0  0  0
375  5058  5057  2601  2602  0  0  0  0
605  7514  7513  5057  5058  0  0  0  0
835  9970  9969  7513  7514  0  0  0  0
146  2603  2602  146  147  0  0  0  0
376  5059  5058  2602  2603  0  0  0  0
606  7515  7514  5058  5059  0  0  0  0
836  9971  9970  7514  7515  0  0  0  0
147  2604  2603  147  148  0  0  0  0
377  5060  5059  2603  2604  0  0  0  0
607  7516  7515  5059  5060  0  0  0  0
837  9972  9971  7515  7516  0  0  0  0
148  2605  2604  148  149  0  0  0  0
378  5061  5060  2604  2605  0  0  0  0
608  7517  7516  5060  5061  0  0  0  0
838  9973  9972  7516  7517  0  0  0  0
149  2606  2605  149  150  0  0  0  0
379  5062  5061  2605  2606  0  0  0  0
609  7518  7517  5061  5062  0  0  0  0
839  9974  9973  7517  7518  0  0  0  0
150  2607  2606  150  151  0  0  0  0
380  5063  5062  2606  2607  0  0  0  0
610  7519  7518  5062  5063  0  0  0  0
840  9975  9974  7518  7519  0  0  0  0
151  2608  2607  151  152  0  0  0  0
381  5064  5063  2607  2608  0  0  0  0
611  7520  7519  5063  5064  0  0  0  0
841  9976  9975  7519  7520  0  0  0  0
152  2609  2608  152  153  0  0  0  0
382  5065  5064  2608  2609  0  0  0  0
612  7521  7520  5064  5065  0  0  0  0
842  9977  9976  7520  7521  0  0  0  0
153  2610  2609  153  154  0  0  0  0
383  5066  5065  2609  2610  0  0  0  0
613  7522  7521  5065  5066  0  0  0  0
843  9978  9977  7521  7522  0  0  0  0
154  2611  2610  154  155  0  0  0  0
384  5067  5066  2610  2611  0  0  0  0
614  7523  7522  5066  5067  0  0  0  0
844  9979  9978  7522  7523  0  0  0  0
155  2612  2611  155  156  0  0  0  0
385  5068  5067  2611  2612  0  0  0  0
615  7524  7523  5067  5068  0  0  0  0
845  9980  9979  7523  7524  0  0  0  0
156  2613  2612  156  157  0  0  0  0
386  5069  5068  2612  2613  0  0  0  0
616  7525  7524  5068  5069  0  0  0  0
846  9981  9980  7524  7525  0  0  0  0
157  2614  2613  157  158  0  0  0  0
387  5070  5069  2613  2614  0  0  0  0
617  7526  7525  5069  5070  0  0  0  0
847  9982  9981  7525  7526  0  0  0  0
158  2615  2614  158  159  0  0  0  0
388  5071  5070  2614  2615  0  0  0  0
618  7527  7526  5070  5071  0  0  0  0
848  9983  9982  7526  7527  0  0  0  0
159  2616  2615  159  160  0  0  0  0
389  5072  5071  2615  2616  0  0  0  0
619  7528  7527  5071  5072  0  0  0  0
849  9984  9983  7527  7528  0  0  0  0
160  2617  2616  160  161  0  0  0  0
390  5073  5072  2616  2617  0  0  0  0
620  7529  7528  5072  5073  0  0  0  0
850  9985  9984  7528  7529  0  0  0  0
161  2618  2617  161  162  0  0  0  0
391  5074  5073  2617  2618  0  0  0  0
621  7530  7529  5073  5074  0  0  0  0
851  9986  9985  7529  7530  0  0  0  0
162  2619  2618  162  163  0  0  0  0
392  5075  5074  2618  2619  0  0  0  0
622  7531  7530  5074  5075  0  0  0  0
852  9987  9986  7530  7531  0  0  0  0
163  2620  2619  163  164  0  0  0  0
393  5076  5075  2619  2620  0  0  0  0
623  7532  7531  5075  5076  0  0  0  0
853  9988  9987  7531  7532  0  0  0  0
164  2621  2620  164  165  0  0  0  0
394  5077  5076  2620  2621  0  0  0  0
624  7533  7532  5076  5077  0  0  0  0
854  9989  9988  7532  7533  0  0  0  0
165  2622  2621  165  166  0  0  0  0
395  5078  5077  2621  2622  0  0  0  0
625  7534  7533  5077  5078  0  0  0  0
855  9990  9989  7533  7534  0  0  0  0
166  2623  2622  166  167  0  0  0  0
396  5079  5078  2622  2623  0  0  0  0
626  7535  7534  5078  5079  0  0  0  0
856  9991  9990  7534  7535  0  0  0  0
167  2624  2623  167  168  0  0  0  0
397  5080  5079  2623  2624  0  0  0  0
627  7536  7535  5079  5080  0  0  0  0
857  9992  9991  7535  7536  0  0  0  0
168  2625  2624  168  169  0  0  0  0
398  5081  5080  2624  2625  0  0  0  0
628  7537  7536  5080  5081  0  0  0  0
858  9993  9992  7536  7537  0  0  0  0
169  2626  2625  169  170  0  0  0  0
399  5082  5081  2625  2626  0  0  0  0
629  7538  7537  5081  5082  0  0  0  0
859  9994  9993  7537  7538  0  0  0  0
170  2627  2626  170  171  0  0  0  0
400  5083  5082  2626  2627  0  0  0  0
630  7539  7538  5082  5083  0  0  0  0
860  9995  9994  7538  7539  0  0  0  0
171  2628  2627  171  172  0  0  0  0
401  5084  5083  2627  2628  0  0  0  0
631  7540  7539  5083  5084  0  0  0  0
861  9996  9995  7539  7540  0  0  0  0
172  2629  2628  172  173  0  0  0  0
402  5085  5084  2628  2629  0  0  0  0
632  7541  7540  5084  5085  0  0  0  0
862  9997  9996  7540  7541  0  0  0  0
173  2630  2629  173  174  0  0  0  0
403  5086  5085  2629  2630  0  0  0  0
633  7542  7541  5085  5086  0  0  0  0
863  9998  9997  7541  7542  0  0  0  0
174  2631  2630  174  175  0  0  0  0
404  5087  5086  2630  2631  0  0  0  0
634  7543  7542  5086  5087  0  0  0  0
864  9999  9998  7542  7543  0  0  0  0
175  2632  2631  175  176  0  0  0  0
405  5088  5087  2631  2632  0  0  0  0
635  7544  7543  5087  5088  0  0  0  0
865  10000  9999  7543  7544  0  0  0  0
176  2633  2632  176  177  0  0  0  0
406  5089  5088  2632  2633  0  0  0  0
636  7545  7544  5088  5089  0  0  0  0
866  10001  10000  7544  7545  0  0  0  0
177  2634  2633  177  178  0  0  0  0
407  5090  5089  2633  2634  0  0  0  0
637  7546  7545  5089  5090  0  0  0  0
867  10002  10001  7545  7546  0  0  0  0
178  2635  2634  178  179  0  0  0  0
408  5091  5090  2634  2635  0  0  0  0
638  7547  7546  5090  5091  0  0  0  0
868  10003  10002  7546  7547  0  0  0  0
179  2636  2635  179  180  0  0  0  0
409  5092  5091  2635  2636  0  0  0  0
639  7548  7547  5091  5092  0  0  0  0
869  10004  10003  7547  7548  0  0  0  0
180  2637  2636  180  181  0  0  0  0
410  5093  5092  2636  2637  0  0  0  0
640  7549  7548  5092  5093  0  0  0  0
870  10005  10004  7548  7549  0  0  0  0
181  2638  2637  181  182  0  0  0  0
411  5094  5093  2637  2638  0  0  0  0
641  7550  7549  5093  5094  0  0  0  0
871  10006  10005  7549  7550  0  0  0  0
182  2639  2638  182  183  0  0  0  0
412  5095  5094  2638  2639  0  0  0  0
642  7551  7550  5094  5095  0  0  0  0
872  10007  10006  7550  7551  0  0  0  0
183  2640  2639  183  184  0  0  0  0
413  5096  5095  2639  2640  0  0  0  0
643  7552  7551  5095  5096  0  0  0  0
873  10008  10007  7551  7552  0  0  0  0
184  2641  2640  184  185  0  0  0  0
414  5097  5096  2640  2641  0  0  0  0
644  7553  7552  5096  5097  0  0  0  0
874  10009  10008  7552  7553  0  0  0  0
185  2642  2641  185  186  0  0  0  0
415  5098  5097  2641  2642  0  0  0  0
645  7554  7553  5097  5098  0  0  0  0
875  10010  10009  7553  7554  0  0  0  0
186  2643  2642  186  187  0  0  0  0
416  5099  5098  2642  2643  0  0  0  0
646  7555  7554  5098  5099  0  0  0  0
876  10011  10010  7554  7555  0  0  0  0
187  2644  2643  187  188  0  0  0  0
417  5100  5099  2643  2644  0  0  0  0
647  7556  7555  5099  5100  0  0  0  0
877  10012  10011  7555  7556  0  0  0  0
188  2645  2644  188  189  0  0  0  0
418  5101  5100  2644  2645  0  0  0  0
648  7557  7556  5100  5101  0  0  0  0
878  10013  10012  7556  7557  0  0  0  0
189  2646  2645  189  190  0  0  0  0
419  5102  5101  2645  2646  0  0  0  0
649  7558  7557  5101  5102  0  0  0  0
879  10014  10013  7557  7558  0  0  0  0
190  2647  2646  190  191  0  0  0  0
420  5103  5102  2646  2647  0  0  0  0
650  7559  7558  5102  5103  0  0  0  0
880  10015  10014  7558  7559  0  0  0  0
191  2648  2647  191  192  0  0  0  0
421  5104  5103  2647  2648  0  0  0  0
651  7560  7559  5103  5104  0  0  0  0
881  10016  10015  7559  7560  0  0  0  0
192  2649  2648  192  193  0  0  0  0
422  5105  5104  2648  2649  0  0  0  0
652  7561  7560  5104  5105  0  0  0  0
882  10017  10016  7560  7561  0  0  0  0
193  2650  2649  193  194  0  0  0  0
423  5106  5105  2649  2650  0  0  0  0
653  7562  7561  5105  5106  0  0  0  0
883  10018  10017  7561  7562  0  0  0  0
194  2651  2650  194  195  0  0  0  0
424  5107  5106  2650  2651  0  0  0  0
654  7563  7562  5106  5107  0  0  0  0
884  10019  10018  7562  7563  0  0  0  0
195  2652  2651  195  196  0  0  0  0
425  5108  5107  2651  2652  0  0  0  0
655  7564  7563  5107  5108  0  0  0  0
885  10020  10019  7563  7564  0  0  0  0
196  2653  2652  196  197  0  0  0  0
426  5109  5108  2652  2653  0  0  0  0
656  7565  7564  5108  5109  0  0  0  0
886  10021  10020  7564  7565  0  0  0  0
197  2457  2653  197  1  0  0  0  0
427  4913  5109  2653  2457  0  0  0  0
657  7369  7565  5109  4913  0  0  0  0
887  9825  10021  7565  7369  0  0  0  0
198  2654  2605  149  198  0  0  0  0
428  5110  5061  2605  2654  0  0  0  0
658  7566  7517  5061  5110  0  0  0  0
888  10022  9973  7517  7566  0  0  0  0
199  2655  2654  198  199  0  0  0  0
429  5111  5110  2654  2655  0  0  0  0
659  7567  7566  5110  5111  0  0  0  0
889  10023  10022  7566  7567  0  0  0  0
200  2656  2655  199  200  0  0  0  0
430  5112  5111  2655  2656  0  0  0  0
660  7568  7567  5111  5112  0  0  0  0
890  10024  10023  7567  7568  0  0  0  0
201  2657  2656  200  201  0  0  0  0
431  5113  5112  2656  2657  0  0  0  0
661  7569  7568  5112  5113  0  0  0  0
891  10025  10024  7568  7569  0  0  0  0
202  2658  2657  201  202  0  0  0  0
432  5114  5113  2657  2658  0  0  0  0
662  7570  7569  5113  5114  0  0  0  0
892  10026  10025  7569  7570  0  0  0  0
203  2659  2658  202  203  0  0  0  0
433  5115  5114  2658  2659  0  0  0  0
663  7571  7570  5114  5115  0  0  0  0
893  10027  10026  7570  7571  0  0  0  0
204  2660  2659  203  204  0  0  0  0
434  5116  5115  2659  2660  0  0  0  0
664  7572  7571  5115  5116  0  0  0  0
894  10028  10027  7571  7572  0  0  0  0
205  2661  2660  204  205  0  0  0  0
435  5117  5116  2660  2661  0  0  0  0
665  7573  7572  5116  5117  0  0  0  0
895  10029  10028  7572  7573  0  0  0  0
206  2662  2661  205  206  0  0  0  0
436  5118  5117  2661  2662  0  0  0  0
666  7574  7573  5117  5118  0  0  0  0
896  10030  10029  7573  7574  0  0  0  0
207  2663  2662  206  207  0  0  0  0
437  5119  5118  2662  2663  0  0  0  0
667  7575  7574  5118  5119  0  0  0  0
897  10031  10030  7574  7575  0  0  0  0
208  2664  2663  207  208  0  0  0  0
438  5120  5119  2663  2664  0  0  0  0
668  7576  7575  5119  5120  0  0  0  0
898  10032  10031  7575  7576  0  0  0  0
209  2665  2664  208  209  0  0  0  0
439  5121  5120  2664  2665  0  0  0  0
669  7577  7576  5120  5121  0  0  0  0
899  10033  10032  7576  7577  0  0  0  0
210  2666  2665  209  210  0  0  0  0
440  5122  5121  2665  2666  0  0  0  0
670  7578  7577  5121  5122  0  0  0  0
900  10034  10033  7577  7578  0  0  0  0
211  2667  2666  210  211  0  0  0  0
441  5123  5122  2666  2667  0  0  0  0
671  7579  7578  5122  5123  0  0  0  0
901  10035  10034  7578  7579  0  0  0  0
212  2668  2667  211  212  0  0  0  0
442  5124  5123  2667  2668  0  0  0  0
672  7580  7579  5123  5124  0  0  0  0
902  10036  10035  7579  7580  0  0  0  0
213  2506  2668  212  50  0  0  0  0
443  4962  5124  2668  2506  0  0  0  0
673  7418  7580  5124  4962  0  0  0  0
903  9874  10036  7580  7418  0  0  0  0
214  2669  2579  123  213  0  0  0  0
444  5125  5035  2579  2669  0  0  0  0
674  7581  7491  5035  5125  0  0  0  0
904  10037  9947  7491  7581  0  0  0  0
215  2670  2669  213  214  0  0  0  0
445  5126  5125  2669  2670  0  0  0  0
675  7582  7581  5125  5126  0  0  0  0
905  10038  10037  7581  7582  0  0  0  0
216  2671  2670  214  215  0  0  0  0
446  5127  5126  2670  2671  0  0  0  0
676  7583  7582  5126  5127  0  0  0  0
906  10039  10038  7582  7583  0  0  0  0
217  2672  2671  215  216  0  0  0  0
447  5128  5127  2671  2672  0  0  0  0
677  7584  7583  5127  5128  0  0  0  0
907  10040  10039  7583  7584  0  0  0  0
218  2673  2672  216  217  0  0  0  0
448  5129  5128  2672  2673  0  0  0  0
678  7585  7584  5128  5129  0  0  0  0
908  10041  10040  7584  7585  0  0  0  0
219  2674  2673  217  218  0  0  0  0
449  5130  5129  2673  2674  0  0  0  0
679  7586  7585  5129  5130  0  0  0  0
909  10042  10041  7585  7586  0  0  0  0
220  2675  2674  218  219  0  0  0  0
450  5131  5130  2674  2675  0  0  0  0
680  7587  7586  5130  5131  0  0  0  0
910  10043  10042  7586  7587  0  0  0  0
221  2676  2675  219  220  0  0  0  0
451  5132  5131  2675  2676  0  0  0  0
681  7588  7587  5131  5132  0  0  0  0
911  10044  10043  7587  7588  0  0  0  0
222  2677  2676  220  221  0  0  0  0
452  5133  5132  2676  2677  0  0  0  0
682  7589  7588  5132  5133  0  0  0  0
912  10045  10044  7588  7589  0  0  0  0
223  2678  2677  221  222  0  0  0  0
453  5134  5133  2677  2678  0  0  0  0
683  7590  7589  5133  5134  0  0  0  0
913  10046  10045  7589  7590  0  0  0  0
224  2679  2678  222  223  0  0  0  0
454  5135  5134  2678  2679  0  0  0  0
684  7591  7590  5134  5135  0  0  0  0
914  10047  10046  7590  7591  0  0  0  0
225  2680  2679  223  224  0  0  0  0
455  5136  5135  2679  2680  0  0  0  0
685  7592  7591  5135  5136  0  0  0  0
915  10048  10047  7591  7592  0  0  0  0
226  2681  2680  224  225  0  0  0  0
456  5137  5136  2680  2681  0  0  0  0
686  7593  7592  5136  5137  0  0  0  0
916  10049  10048  7592  7593  0  0  0  0
227  2682  2681  225  226  0  0  0  0
457  5138  5137  2681  2682  0  0  0  0
687  7594  7593  5137  5138  0  0  0  0
917  10050  10049  7593  7594  0  0  0  0
228  2683  2682  226  227  0  0  0  0
458  5139  5138  2682  2683  0  0  0  0
688  7595  7594  5138  5139  0  0  0  0
918  10051  10050  7594  7595  0  0  0  0
229  2684  2683  227  228  0  0  0  0
459  5140  5139  2683  2684  0  0  0  0
689  7596  7595  5139  5140  0  0  0  0
919  10052  10051  7595  7596  0  0  0  0
230  2532  2684  228  76  0  0  0  0
460  4988  5140  2684  2532  0  0  0  0
690  7444  7596  5140  4988  0  0  0  0
920  9900  10052  7596  7444  0  0  0  0
