1  -1.17940000e+00  -4.00472960e-03
2  -1.16180117e+00  -1.77735417e-03
3  -1.14417201e+00  1.87225682e-04
4  -1.12651574e+00  1.90071709e-03
5  -1.10883706e+00  3.36309454e-03
6  -1.09114155e+00  4.60712147e-03
7  -1.07342948e+00  5.58691146e-03
8  -1.05570782e+00  6.37523189e-03
9  -1.03797663e+00  6.89750055e-03
10  -1.02023890e+00  7.12372103e-03
11  -1.00250000e+00  7.10882420e-03
12  -9.78188759e-01  6.57059104e-03
13  -9.60402650e-01  5.85291647e-03
14  -9.42626667e-01  4.91334625e-03
15  -9.24865177e-01  3.73661769e-03
16  -9.07126556e-01  2.25408050e-03
17  -8.89407520e-01  5.50914315e-04
18  -8.71709621e-01  -1.35795065e-03
19  -8.54039505e-01  -3.50909555e-03
20  -8.36396250e-01  -5.87202246e-03
21  -8.18777600e-01  -8.41144380e-03
22  -8.01198489e-01  -1.12125674e-02
23  -7.83658494e-01  -1.42488153e-02
24  -7.66133698e-01  -1.73716947e-02
25  -7.48637995e-01  -2.06525501e-02
26  -7.31173345e-01  -2.40951968e-02
27  -7.13734300e-01  -2.76660504e-02
28  -6.96309040e-01  -3.13036743e-02
29  -6.78909485e-01  -3.50622911e-02
30  -6.61540476e-01  -3.89588543e-02
31  -6.44189147e-01  -4.29341921e-02
32  -6.26840322e-01  -4.69204471e-02
33  -6.09497386e-01  -5.09322425e-02
34  -5.92163693e-01  -5.49837265e-02
35  -5.74834835e-01  -5.90559085e-02
36  -5.57506442e-01  -6.31300627e-02
37  -5.40172060e-01  -6.71786597e-02
38  -5.22841026e-01  -7.12415429e-02
39  -5.05510021e-01  -7.53045152e-02
40  -4.88164459e-01  -7.93049466e-02
41  -4.70799855e-01  -8.32217805e-02
42  -4.53422392e-01  -8.70811007e-02
43  -4.36032612e-01  -9.08847211e-02
44  -4.18634039e-01  -9.46479066e-02
45  -4.01210628e-01  -9.82932853e-02
46  -3.83764438e-01  -1.01829061e-01
47  -3.66298278e-01  -1.05264923e-01
48  -3.48814812e-01  -1.08611378e-01
49  -3.24800000e-01  -1.13055607e-01
50  -3.07393927e-01  -1.16168192e-01
51  -2.89972635e-01  -1.19194674e-01
52  -2.72510567e-01  -1.21975168e-01
53  -2.55029951e-01  -1.24636795e-01
54  -2.37532767e-01  -1.27188041e-01
55  -2.20004937e-01  -1.29519304e-01
56  -2.02463739e-01  -1.31747235e-01
57  -1.84908668e-01  -1.33862268e-01
58  -1.67330494e-01  -1.35777746e-01
59  -1.49735613e-01  -1.37532133e-01
60  -1.32125754e-01  -1.39125715e-01
61  -1.14501032e-01  -1.40550503e-01
62  -9.68675741e-02  -1.41862851e-01
63  -7.92203884e-02  -1.42970605e-01
64  -6.15650216e-02  -1.43943084e-01
65  -4.39039228e-02  -1.44805220e-01
66  -2.62315723e-02  -1.45395975e-01
67  -8.55509410e-03  -1.45838231e-01
68  9.12408269e-03  -1.46160684e-01
69  2.68051025e-02  -1.46355325e-01
70  4.44872530e-02  -1.46310171e-01
71  6.21665912e-02  -1.46013441e-01
72  7.98428504e-02  -1.45560053e-01
73  9.75140789e-02  -1.44947909e-01
74  1.15177148e-01  -1.44125900e-01
75  1.32831772e-01  -1.43138621e-01
76  1.50470841e-01  -1.41907506e-01
77  1.68093486e-01  -1.40461739e-01
78  1.85700000e-01  -1.38829575e-01
79  2.05569800e-01  -1.36735248e-01
80  2.23195367e-01  -1.34620597e-01
81  2.40793812e-01  -1.32289772e-01
82  2.58364564e-01  -1.29758922e-01
83  2.75893384e-01  -1.26951819e-01
84  2.93378897e-01  -1.23885942e-01
85  3.10828172e-01  -1.20620378e-01
86  3.28221194e-01  -1.17067553e-01
87  3.45543556e-01  -1.13184960e-01
88  3.62806135e-01  -1.09045220e-01
89  3.79992473e-01  -1.04600381e-01
90  3.97088367e-01  -9.98198668e-02
91  4.16300000e-01  -9.40039277e-02
92  4.32937706e-01  -8.84862196e-02
93  4.49432504e-01  -8.25562539e-02
94  4.65746165e-01  -7.61452296e-02
95  4.81771328e-01  -6.90437880e-02
96  4.97432251e-01  -6.11795089e-02
97  5.12533548e-01  -5.22823965e-02
98  5.26932813e-01  -4.22938558e-02
99  5.40157681e-01  -3.08160560e-02
100  5.50599185e-01  -1.68252197e-02
101  5.55000000e-01  0.00000000e+00
102  5.51584888e-01  1.86011573e-02
103  5.42202975e-01  3.50327021e-02
104  5.29457045e-01  4.90746967e-02
105  5.14973768e-01  6.13375036e-02
106  4.99592056e-01  7.24642008e-02
107  4.83671191e-01  8.28075184e-02
108  4.67321539e-01  9.24569273e-02
109  4.50568952e-01  1.01391717e-01
110  4.33524252e-01  1.09756705e-01
111  4.16300000e-01  1.17747168e-01
112  3.97320996e-01  1.25809354e-01
113  3.80398058e-01  1.32516780e-01
114  3.63354849e-01  1.38912312e-01
115  3.46190328e-01  1.44974918e-01
116  3.28920041e-01  1.50729790e-01
117  3.11557519e-01  1.56200623e-01
118  2.94089917e-01  1.61325573e-01
119  2.76566298e-01  1.66256427e-01
120  2.58956914e-01  1.70870503e-01
121  2.41293480e-01  1.75274099e-01
122  2.23546455e-01  1.79323878e-01
123  2.05760150e-01  1.83201906e-01
124  1.85700000e-01  1.87225498e-01
125  1.67689584e-01  1.90612318e-01
126  1.49645249e-01  1.93807206e-01
127  1.31547652e-01  1.96691118e-01
128  1.13420197e-01  1.99381654e-01
129  9.52566885e-02  2.01817089e-01
130  7.70663927e-02  2.04042459e-01
131  5.88482296e-02  2.06024120e-01
132  4.06066848e-02  2.07777927e-01
133  2.23455305e-02  2.09316424e-01
134  4.06194570e-03  2.10564131e-01
135  -1.42327731e-02  2.11635902e-01
136  -3.25401713e-02  2.12444684e-01
137  -5.08566870e-02  2.13027505e-01
138  -6.91783330e-02  2.13429861e-01
139  -8.75037966e-02  2.13581444e-01
140  -1.05828598e-01  2.13411372e-01
141  -1.24149847e-01  2.13009170e-01
142  -1.42465301e-01  2.12391881e-01
143  -1.60768620e-01  2.11478535e-01
144  -1.79061097e-01  2.10371270e-01
145  -1.97342421e-01  2.09096052e-01
146  -2.15609975e-01  2.07635186e-01
147  -2.33853891e-01  2.05901634e-01
148  -2.52084983e-01  2.04038690e-01
149  -2.70298120e-01  2.02011254e-01
150  -2.88488495e-01  1.99785388e-01
151  -3.06657362e-01  1.97389977e-01
152  -3.24800000e-01  1.94805243e-01
153  -3.49484759e-01  1.91075599e-01
154  -3.67639297e-01  1.88213823e-01
155  -3.85777743e-01  1.85251411e-01
156  -4.03898320e-01  1.82181599e-01
157  -4.22002649e-01  1.79017771e-01
158  -4.40095882e-01  1.75790660e-01
159  -4.58181860e-01  1.72523123e-01
160  -4.76239516e-01  1.69102964e-01
161  -4.94276517e-01  1.65575529e-01
162  -5.12299626e-01  1.61977311e-01
163  -5.30319232e-01  1.58361583e-01
164  -5.48322235e-01  1.54664227e-01
165  -5.66322153e-01  1.50951729e-01
166  -5.84311585e-01  1.47189537e-01
167  -6.02269447e-01  1.43278684e-01
168  -6.20238798e-01  1.39420998e-01
169  -6.38184625e-01  1.35455929e-01
170  -6.56123885e-01  1.31460869e-01
171  -6.74075090e-01  1.27519645e-01
172  -6.92008699e-01  1.23499058e-01
173  -7.09920745e-01  1.19383626e-01
174  -7.27845145e-01  1.15322519e-01
175  -7.45767902e-01  1.11254171e-01
176  -7.63671577e-01  1.07102293e-01
177  -7.81574424e-01  1.02946881e-01
178  -7.99455498e-01  9.86987188e-02
179  -8.17349679e-01  9.45061383e-02
180  -8.35242083e-01  9.03059590e-02
181  -8.53121007e-01  8.60488772e-02
182  -8.70983683e-01  8.17241087e-02
183  -8.88836140e-01  7.73572586e-02
184  -9.06700880e-01  7.30414580e-02
185  -9.24569751e-01  6.87426548e-02
186  -9.42417877e-01  6.43581420e-02
187  -9.60269144e-01  5.99865035e-02
188  -9.78127402e-01  5.56434278e-02
189  -1.00250000e+00  4.97006607e-02
190  -1.02023991e+00  4.53232505e-02
191  -1.03796707e+00  4.08942490e-02
192  -1.05570740e+00  3.65183416e-02
193  -1.07342201e+00  3.20394967e-02
194  -1.09112567e+00  2.75174585e-02
195  -1.10883207e+00  2.30061797e-02
196  -1.12653571e+00  1.84842071e-02
197  -1.14421199e+00  1.38563301e-02
198  -1.16185957e+00  9.12347738e-03
199  -3.06700689e-01  1.78945379e-01
200  -3.06744016e-01  1.60500781e-01
201  -3.06787344e-01  1.42056183e-01
202  -3.06830671e-01  1.23611585e-01
203  -3.06873998e-01  1.05166987e-01
204  -3.06917326e-01  8.67223883e-02
205  -3.06960653e-01  6.82777901e-02
206  -3.07003980e-01  4.98331919e-02
207  -3.07047308e-01  3.13885938e-02
208  -3.07090635e-01  1.29439956e-02
209  -3.07133962e-01  -5.50060262e-03
210  -3.07177290e-01  -2.39452008e-02
211  -3.07220617e-01  -4.23897990e-02
212  -3.07263945e-01  -6.08343972e-02
213  -3.07307272e-01  -7.92789954e-02
214  -3.07350599e-01  -9.77235936e-02
215  1.67712023e-01  1.72219315e-01
216  1.67734462e-01  1.53826312e-01
217  1.67756901e-01  1.35433309e-01
218  1.67779340e-01  1.17040305e-01
219  1.67801779e-01  9.86473022e-02
220  1.67824218e-01  8.02542991e-02
221  1.67846657e-01  6.18612959e-02
222  1.67869096e-01  4.34682928e-02
223  1.67891535e-01  2.50752896e-02
224  1.67913974e-01  6.68228650e-03
225  1.67936413e-01  -1.17107166e-02
226  1.67958852e-01  -3.01037198e-02
227  1.67981291e-01  -4.84967229e-02
228  1.68003730e-01  -6.68897261e-02
229  1.68026169e-01  -8.52827292e-02
230  1.68048608e-01  -1.03675732e-01
231  1.68071047e-01  -1.22068736e-01
2463  -1.17758533e+00  -3.27106939e-03
2464  -1.16186025e+00  -1.28085696e-03
2465  -1.14422385e+00  6.84531236e-04
2466  -1.12656050e+00  2.39870969e-03
2467  -1.10887520e+00  3.86163757e-03
2468  -1.09117289e+00  5.10613822e-03
2469  -1.07345440e+00  6.08629014e-03
2470  -1.05572629e+00  6.87489060e-03
2471  -1.03798718e+00  7.39738926e-03
2472  -1.02024188e+00  7.62371216e-03
2473  -1.00249426e+00  7.60879121e-03
2474  -9.78173146e-01  7.07034720e-03
2475  -9.60379375e-01  6.35237443e-03
2476  -9.42596944e-01  5.41246201e-03
2477  -9.24827827e-01  4.23522074e-03
2478  -9.07081814e-01  2.75207459e-03
2479  -8.89356790e-01  1.04833414e-03
2480  -8.71652599e-01  -8.61212818e-04
2481  -8.53976106e-01  -3.01313122e-03
2482  -8.36327399e-01  -5.37678563e-03
2483  -8.18702594e-01  -7.91710176e-03
2484  -8.01116506e-01  -1.07193345e-02
2485  -7.83571993e-01  -1.37563545e-02
2486  -7.66043761e-01  -1.68798499e-02
2487  -7.48543566e-01  -2.01615478e-02
2488  -7.31074845e-01  -2.36049951e-02
2489  -7.13633062e-01  -2.71764067e-02
2490  -6.96205165e-01  -3.08145834e-02
2491  -6.78801972e-01  -3.45739868e-02
2492  -6.61429920e-01  -3.84712300e-02
2493  -6.44077333e-01  -4.24468549e-02
2494  -6.26727995e-01  -4.64332277e-02
2495  -6.09384143e-01  -5.04452352e-02
2496  -5.92049602e-01  -5.44969172e-02
2497  -5.74720426e-01  -5.85691739e-02
2498  -5.57392364e-01  -6.26432504e-02
2499  -5.40058140e-01  -6.66918103e-02
2500  -5.22726905e-01  -7.07547408e-02
2501  -5.05396776e-01  -7.48175084e-02
2502  -4.88053267e-01  -7.88174671e-02
2503  -4.70690645e-01  -8.27338532e-02
2504  -4.53314772e-01  -8.65928202e-02
2505  -4.35926342e-01  -9.03961449e-02
2506  -4.18529990e-01  -9.41588526e-02
2507  -4.01109773e-01  -9.78035627e-02
2508  -3.83666526e-01  -1.01338741e-01
2509  -3.66203025e-01  -1.04774080e-01
2510  -3.48722320e-01  -1.08120007e-01
2511  -3.24710499e-01  -1.12563683e-01
2512  -3.06203224e-01  -1.15870370e-01
2513  -2.89890531e-01  -1.18701461e-01
2514  -2.72433622e-01  -1.21481124e-01
2515  -2.54956248e-01  -1.24142257e-01
2516  -2.37463734e-01  -1.26692829e-01
2517  -2.19940476e-01  -1.29023477e-01
2518  -2.02402335e-01  -1.31251020e-01
2519  -1.84851681e-01  -1.33365526e-01
2520  -1.67278607e-01  -1.35280446e-01
2521  -1.49688277e-01  -1.37034379e-01
2522  -1.32083078e-01  -1.38627540e-01
2523  -1.14462333e-01  -1.40052003e-01
2524  -9.68333567e-02  -1.41364023e-01
2525  -7.91909765e-02  -1.42471471e-01
2526  -6.15390826e-02  -1.43443757e-01
2527  -4.38833804e-02  -1.44305642e-01
2528  -2.62169669e-02  -1.44896188e-01
2529  -8.54428210e-03  -1.45338348e-01
2530  9.13139372e-03  -1.45660737e-01
2531  2.68072161e-02  -1.45855329e-01
2532  4.44824191e-02  -1.45810194e-01
2533  6.21559854e-02  -1.45513553e-01
2534  7.98277850e-02  -1.45060280e-01
2535  9.74938016e-02  -1.44448320e-01
2536  1.15151567e-01  -1.43626555e-01
2537  1.32800406e-01  -1.42639606e-01
2538  1.50432993e-01  -1.41408941e-01
2539  1.69282748e-01  -1.39855930e-01
2540  1.85650717e-01  -1.38332010e-01
2541  2.05513813e-01  -1.36238392e-01
2542  2.23132761e-01  -1.34124532e-01
2543  2.40725345e-01  -1.31794482e-01
2544  2.58289388e-01  -1.29264606e-01
2545  2.75810674e-01  -1.26458707e-01
2546  2.93289732e-01  -1.23393957e-01
2547  3.10732147e-01  -1.20129685e-01
2548  3.28116478e-01  -1.16578641e-01
2549  3.45430576e-01  -1.12697892e-01
2550  3.62685234e-01  -1.08560057e-01
2551  3.79862545e-01  -1.04117557e-01
2552  3.96948598e-01  -9.93397994e-02
2553  4.16148856e-01  -9.35273194e-02
2554  4.32774422e-01  -8.80136329e-02
2555  4.49256469e-01  -8.20882669e-02
2556  4.65553396e-01  -7.56838836e-02
2557  4.81557791e-01  -6.85916799e-02
2558  4.97193024e-01  -6.07404525e-02
2559  5.12263966e-01  -5.18612959e-02
2560  5.26626005e-01  -4.18990539e-02
2561  5.39791350e-01  -3.04757601e-02
2562  5.50140139e-01  -1.66043340e-02
2563  5.54500345e-01  1.85594100e-05
2564  5.51115234e-01  1.84296204e-02
2565  5.41798351e-01  3.47389680e-02
2566  5.29109640e-01  4.87150999e-02
2567  5.14665473e-01  6.09438614e-02
2568  4.99309243e-01  7.20518698e-02
2569  4.83407864e-01  8.23824785e-02
2570  4.67076766e-01  9.20209383e-02
2571  4.50341129e-01  1.00946636e-01
2572  4.33308889e-01  1.09305464e-01
2573  4.16097020e-01  1.17290222e-01
2574  3.97131121e-01  1.25346810e-01
2575  3.80218101e-01  1.32050287e-01
2576  3.63183747e-01  1.38442499e-01
2577  3.46028027e-01  1.44501992e-01
2578  3.28765870e-01  1.50254152e-01
2579  3.11411997e-01  1.55722268e-01
2580  2.93951816e-01  1.60845023e-01
2581  2.76435210e-01  1.65773917e-01
2582  2.58833070e-01  1.70386083e-01
2583  2.41177380e-01  1.74787765e-01
2584  2.23437577e-01  1.78835876e-01
2585  2.05657724e-01  1.82712509e-01
2586  1.85604631e-01  1.86734677e-01
2587  1.68880470e-01  1.89886662e-01
2588  1.49562317e-01  1.93314132e-01
2589  1.31471605e-01  1.96196935e-01
2590  1.13350268e-01  1.98886568e-01
2591  9.51931055e-02  2.01321148e-01
2592  7.70089992e-02  2.03545764e-01
2593  5.87972690e-02  2.05526724e-01
2594  4.05617704e-02  2.07279948e-01
2595  2.23075203e-02  2.08817871e-01
2596  4.03030360e-03  2.10065133e-01
2597  -1.42584283e-02  2.11136561e-01
2598  -3.25591562e-02  2.11945045e-01
2599  -5.08701268e-02  2.12527686e-01
2600  -6.91858899e-02  2.12929918e-01
2601  -8.75035443e-02  2.13081444e-01
2602  -1.05820791e-01  2.12911433e-01
2603  -1.24135939e-01  2.12509363e-01
2604  -1.42444420e-01  2.11892317e-01
2605  -1.60741055e-01  2.10979295e-01
2606  -1.79028595e-01  2.09872327e-01
2607  -1.97305095e-01  2.08597447e-01
2608  -2.15566396e-01  2.07137089e-01
2609  -2.33804828e-01  2.05404047e-01
2610  -2.52031910e-01  2.03541515e-01
2611  -2.70240096e-01  2.01514632e-01
2612  -2.88425452e-01  1.99289378e-01
2613  -3.05468161e-01  1.97048396e-01
2614  -3.24727390e-01  1.94310543e-01
2615  -3.49408482e-01  1.90581451e-01
2616  -3.67560072e-01  1.87720139e-01
2617  -3.85695688e-01  1.84758190e-01
2618  -4.03813526e-01  1.81688842e-01
2619  -4.21915715e-01  1.78525387e-01
2620  -4.40007538e-01  1.75298527e-01
2621  -4.58090889e-01  1.72031468e-01
2622  -4.76145009e-01  1.68611977e-01
2623  -4.94179589e-01  1.65085014e-01
2624  -5.12201497e-01  1.61487035e-01
2625  -5.30219754e-01  1.57871579e-01
2626  -5.48221441e-01  1.54174492e-01
2627  -5.66220477e-01  1.50462176e-01
2628  -5.84207210e-01  1.46700552e-01
2629  -6.02163774e-01  1.42789978e-01
2630  -6.20132387e-01  1.38932453e-01
2631  -6.38076346e-01  1.34967794e-01
2632  -6.56015930e-01  1.30972662e-01
2633  -6.73966788e-01  1.27031515e-01
2634  -6.91898027e-01  1.23011460e-01
2635  -7.09809522e-01  1.18896153e-01
2636  -7.27734562e-01  1.14834901e-01
2637  -7.45656085e-01  1.10766834e-01
2638  -7.63558576e-01  1.06615230e-01
2639  -7.81460113e-01  1.02460123e-01
2640  -7.99340681e-01  9.82120802e-02
2641  -8.17235515e-01  9.40193461e-02
2642  -8.35127042e-01  8.98193735e-02
2643  -8.53004271e-01  8.55626955e-02
2644  -8.70865454e-01  8.12382879e-02
2645  -8.88718032e-01  7.68714082e-02
2646  -9.06583698e-01  7.25553836e-02
2647  -9.24451634e-01  6.82568066e-02
2648  -9.42298770e-01  6.38725356e-02
2649  -9.60150601e-01  5.95007592e-02
2650  -9.78009102e-01  5.51576242e-02
2651  -1.00238089e+00  4.92150563e-02
2652  -1.02011942e+00  4.48379856e-02
2653  -1.03784660e+00  4.04089789e-02
2654  -1.05558625e+00  3.60332414e-02
2655  -1.07329886e+00  3.15549001e-02
2656  -1.09100208e+00  2.70329749e-02
2657  -1.10870848e+00  2.25216959e-02
2658  -1.12641052e+00  1.80001332e-02
2659  -1.14408391e+00  1.33730124e-02
2660  -1.16164107e+00  8.67374784e-03
2661  -3.05510692e-01  1.78942584e-01
2662  -3.05554019e-01  1.60497986e-01
2663  -3.05597347e-01  1.42053388e-01
2664  -3.05640674e-01  1.23608790e-01
2665  -3.05684001e-01  1.05164192e-01
2666  -3.05727329e-01  8.67195929e-02
2667  -3.05770656e-01  6.82749948e-02
2668  -3.05813983e-01  4.98303965e-02
2669  -3.05857311e-01  3.13857984e-02
2670  -3.05900638e-01  1.29412003e-02
2671  -3.05943965e-01  -5.50339800e-03
2672  -3.05987293e-01  -2.39479962e-02
2673  -3.06030620e-01  -4.23925944e-02
2674  -3.06073948e-01  -6.08371926e-02
2675  -3.06117275e-01  -7.92817907e-02
2676  -3.06160602e-01  -9.77263890e-02
2677  1.68902022e-01  1.72220767e-01
2678  1.68924461e-01  1.53827764e-01
2679  1.68946900e-01  1.35434761e-01
2680  1.68969339e-01  1.17041757e-01
2681  1.68991778e-01  9.86487540e-02
2682  1.69014217e-01  8.02557509e-02
2683  1.69036656e-01  6.18627477e-02
2684  1.69059095e-01  4.34697446e-02
2685  1.69081534e-01  2.50767414e-02
2686  1.69103973e-01  6.68373827e-03
2687  1.69126412e-01  -1.17092648e-02
2688  1.69148851e-01  -3.01022680e-02
2689  1.69171290e-01  -4.84952711e-02
2690  1.69193729e-01  -6.68882743e-02
2691  1.69216168e-01  -8.52812774e-02
2692  1.69238607e-01  -1.03674280e-01
2693  1.69261046e-01  -1.22067284e-01
4925  -1.17076580e+00  -5.13974338e-04
4926  -1.16208228e+00  5.84979573e-04
4927  -1.14441866e+00  2.55340551e-03
4928  -1.12672870e+00  4.27016587e-03
4929  -1.10901854e+00  5.73516227e-03
4930  -1.09129067e+00  6.98144318e-03
4931  -1.07354804e+00  7.96295522e-03
4932  -1.05579570e+00  8.75260803e-03
4933  -1.03802682e+00  9.27597101e-03
4934  -1.02025307e+00  9.50267883e-03
4935  -1.00247267e+00  9.48766723e-03
4936  -9.78114470e-01  8.94843085e-03
4937  -9.60291905e-01  8.22933744e-03
4938  -9.42485245e-01  7.28813905e-03
4939  -9.24687467e-01  6.10897100e-03
4940  -9.06913672e-01  4.62353640e-03
4941  -8.89166147e-01  2.91763783e-03
4942  -8.71438310e-01  1.00552796e-03
4943  -8.53737855e-01  -1.14929726e-03
4944  -8.36068656e-01  -3.51568563e-03
4945  -8.18420720e-01  -6.05936439e-03
4946  -8.00808412e-01  -8.86576513e-03
4947  -7.83246924e-01  -1.19056869e-02
4948  -7.65705777e-01  -1.50314971e-02
4949  -7.48188704e-01  -1.83163612e-02
4950  -7.30704680e-01  -2.17628173e-02
4951  -7.13252611e-01  -2.53363259e-02
4952  -6.95814802e-01  -2.89765796e-02
4953  -6.78397940e-01  -3.27389394e-02
4954  -6.61014452e-01  -3.66387379e-02
4955  -6.43657134e-01  -4.06154418e-02
4956  -6.26305872e-01  -4.46022572e-02
4957  -6.08958577e-01  -4.86150619e-02
4958  -5.91620849e-01  -5.26674878e-02
4959  -5.74290477e-01  -5.67400253e-02
4960  -5.56963660e-01  -6.08138097e-02
4961  -5.39630031e-01  -6.48622303e-02
4962  -5.22298036e-01  -6.89253385e-02
4963  -5.04971203e-01  -7.29873366e-02
4964  -4.87635406e-01  -7.69855191e-02
4965  -4.70280232e-01  -8.09002223e-02
4966  -4.52910334e-01  -8.47578621e-02
4967  -4.35526979e-01  -8.85600757e-02
4968  -4.18138975e-01  -9.23209876e-02
4969  -4.00730760e-01  -9.59631850e-02
4970  -3.83298574e-01  -9.94961205e-02
4971  -3.65845065e-01  -1.02929492e-01
4972  -3.48374735e-01  -1.06273436e-01
4973  -3.24374155e-01  -1.10715031e-01
4974  -3.01804052e-01  -1.14737850e-01
4975  -2.89581983e-01  -1.16847967e-01
4976  -2.72144465e-01  -1.19624506e-01
4977  -2.54679273e-01  -1.22283783e-01
4978  -2.37204309e-01  -1.24831824e-01
4979  -2.19698233e-01  -1.27160157e-01
4980  -2.02171580e-01  -1.29386243e-01
4981  -1.84637526e-01  -1.31498770e-01
4982  -1.67083616e-01  -1.33411590e-01
4983  -1.49510386e-01  -1.35163818e-01
4984  -1.31922701e-01  -1.36755396e-01
4985  -1.14316901e-01  -1.38178639e-01
4986  -9.67047675e-02  -1.39489428e-01
4987  -7.90804465e-02  -1.40595725e-01
4988  -6.14416040e-02  -1.41567287e-01
4989  -4.38061822e-02  -1.42428229e-01
4990  -2.61620797e-02  -1.43017990e-01
4991  -8.50365061e-03  -1.43459787e-01
4992  9.15886855e-03  -1.43781938e-01
4993  2.68151590e-02  -1.43976346e-01
4994  4.44642531e-02  -1.43931282e-01
4995  6.21161288e-02  -1.43634976e-01
4996  7.97711691e-02  -1.43182133e-01
4997  9.74175993e-02  -1.42570866e-01
4998  1.15055434e-01  -1.41750016e-01
4999  1.32682534e-01  -1.40764307e-01
5000  1.50290758e-01  -1.39535332e-01
5001  1.73676482e-01  -1.37585897e-01
5002  1.85465511e-01  -1.36462160e-01
5003  2.05303412e-01  -1.34371209e-01
5004  2.22897486e-01  -1.32260320e-01
5005  2.40468045e-01  -1.29933182e-01
5006  2.58006878e-01  -1.27406965e-01
5007  2.75499850e-01  -1.24605594e-01
5008  2.92954648e-01  -1.21545076e-01
5009  3.10371285e-01  -1.18285663e-01
5010  3.27722954e-01  -1.14741312e-01
5011  3.45005995e-01  -1.10867490e-01
5012  3.62230887e-01  -1.06736816e-01
5013  3.79374276e-01  -1.02303106e-01
5014  3.96423348e-01  -9.75357061e-02
5015  4.15580857e-01  -9.17362254e-02
5016  4.32160799e-01  -8.62376520e-02
5017  4.48594931e-01  -8.03295718e-02
5018  4.64828970e-01  -7.39501454e-02
5019  4.80755317e-01  -6.68926576e-02
5020  4.96294010e-01  -5.90904787e-02
5021  5.11250878e-01  -5.02787999e-02
5022  5.25473018e-01  -4.04153882e-02
5023  5.38414676e-01  -2.91969283e-02
5024  5.48415046e-01  -1.57742456e-02
5025  5.52622639e-01  8.83056728e-05
5026  5.49350273e-01  1.77849848e-02
5027  5.40277776e-01  3.36351151e-02
5028  5.27804093e-01  4.73637351e-02
5029  5.13506900e-01  5.94645539e-02
5030  4.98246432e-01  7.05023298e-02
5031  4.82418281e-01  8.07851785e-02
5032  4.66156911e-01  9.03824919e-02
5033  4.49484970e-01  9.92740237e-02
5034  4.32499555e-01  1.07609698e-01
5035  4.15334223e-01  1.15573021e-01
5036  3.96417569e-01  1.23608568e-01
5037  3.79541824e-01  1.30297207e-01
5038  3.62540748e-01  1.36676942e-01
5039  3.45418102e-01  1.42724738e-01
5040  3.28186496e-01  1.48466705e-01
5041  3.10865126e-01  1.53924610e-01
5042  2.93432833e-01  1.59039117e-01
5043  2.75942580e-01  1.63960645e-01
5044  2.58367662e-01  1.68565633e-01
5045  2.40741076e-01  1.72960122e-01
5046  2.23028415e-01  1.77001966e-01
5047  2.05272808e-01  1.80873357e-01
5048  1.85246235e-01  1.84890174e-01
5049  1.73280284e-01  1.87173437e-01
5050  1.49250661e-01  1.91461158e-01
5051  1.31185821e-01  1.94339795e-01
5052  1.13087474e-01  1.97026036e-01
5053  9.49541608e-02  1.99457403e-01
5054  7.67933142e-02  2.01679184e-01
5055  5.86057592e-02  2.03657509e-01
5056  4.03929820e-02  2.05408545e-01
5057  2.21646781e-02  2.06944308e-01
5058  3.91139259e-03  2.08189900e-01
5059  -1.43548406e-02  2.09260036e-01
5060  -3.26305015e-02  2.10067400e-01
5061  -5.09206338e-02  2.10649365e-01
5062  -6.92142887e-02  2.11051133e-01
5063  -8.75025962e-02  2.11202444e-01
5064  -1.05791451e-01  2.11032662e-01
5065  -1.24083672e-01  2.10631091e-01
5066  -1.42365948e-01  2.10014957e-01
5067  -1.60637465e-01  2.09103153e-01
5068  -1.78906452e-01  2.07997302e-01
5069  -1.97164824e-01  2.06723690e-01
5070  -2.15402627e-01  2.05265239e-01
5071  -2.33620450e-01  2.03534115e-01
5072  -2.51832462e-01  2.01673130e-01
5073  -2.70022041e-01  1.99648328e-01
5074  -2.88188536e-01  1.97425374e-01
5075  -3.01074689e-01  1.95754374e-01
5076  -3.24454520e-01  1.92451462e-01
5077  -3.49121833e-01  1.88724445e-01
5078  -3.67262345e-01  1.85864877e-01
5079  -3.85387327e-01  1.82904665e-01
5080  -4.03494868e-01  1.79837059e-01
5081  -4.21589017e-01  1.76675006e-01
5082  -4.39675539e-01  1.73449089e-01
5083  -4.57749018e-01  1.70183831e-01
5084  -4.75789854e-01  1.66766846e-01
5085  -4.93815333e-01  1.63241659e-01
5086  -5.11832729e-01  1.59644577e-01
5087  -5.29845918e-01  1.56030143e-01
5088  -5.47842659e-01  1.52334067e-01
5089  -5.65838378e-01  1.48622437e-01
5090  -5.83814969e-01  1.44862949e-01
5091  -6.01766656e-01  1.40953422e-01
5092  -6.19732494e-01  1.37096499e-01
5093  -6.37669432e-01  1.33133384e-01
5094  -6.55610236e-01  1.29137982e-01
5095  -6.73559789e-01  1.25197124e-01
5096  -6.91482122e-01  1.21179067e-01
5097  -7.09391546e-01  1.17064232e-01
5098  -7.27318993e-01  1.13002432e-01
5099  -7.45235875e-01  1.08935424e-01
5100  -7.63133918e-01  1.04784845e-01
5101  -7.81030531e-01  1.00630888e-01
5102  -7.98909201e-01  9.63832922e-02
5103  -8.16806488e-01  9.21899810e-02
5104  -8.34694716e-01  8.79907850e-02
5105  -8.52565576e-01  8.37356246e-02
5106  -8.70421149e-01  7.94125732e-02
5107  -8.88274184e-01  7.50455824e-02
5108  -9.06143328e-01  7.07287158e-02
5109  -9.24007752e-01  6.64309892e-02
5110  -9.41851167e-01  6.20476269e-02
5111  -9.59705115e-01  5.76753322e-02
5112  -9.77564532e-01  5.33319741e-02
5113  -1.00193325e+00  4.73901548e-02
5114  -1.01966662e+00  4.30143600e-02
5115  -1.03739388e+00  3.85853340e-02
5116  -1.05513096e+00  3.42102351e-02
5117  -1.07283606e+00  2.97337863e-02
5118  -1.09053761e+00  2.52122855e-02
5119  -1.10824401e+00  2.07010058e-02
5120  -1.12594006e+00  1.61809835e-02
5121  -1.14360260e+00  1.15567043e-02
5122  -1.16081994e+00  6.98366421e-03
5123  -3.01114204e-01  1.78932256e-01
5124  -3.01157531e-01  1.60487658e-01
5125  -3.01200859e-01  1.42043060e-01
5126  -3.01244186e-01  1.23598462e-01
5127  -3.01287513e-01  1.05153864e-01
5128  -3.01330841e-01  8.67092653e-02
5129  -3.01374168e-01  6.82646673e-02
5130  -3.01417495e-01  4.98200689e-02
5131  -3.01460823e-01  3.13754708e-02
5132  -3.01504150e-01  1.29308728e-02
5133  -3.01547477e-01  -5.51372562e-03
5134  -3.01590805e-01  -2.39583238e-02
5135  -3.01634132e-01  -4.24029220e-02
5136  -3.01677460e-01  -6.08475202e-02
5137  -3.01720787e-01  -7.92921182e-02
5138  -3.01764114e-01  -9.77367166e-02
5139  1.73298519e-01  1.72226130e-01
5140  1.73320958e-01  1.53833127e-01
5141  1.73343397e-01  1.35440124e-01
5142  1.73365836e-01  1.17047120e-01
5143  1.73388275e-01  9.86541176e-02
5144  1.73410714e-01  8.02611145e-02
5145  1.73433153e-01  6.18681113e-02
5146  1.73455592e-01  4.34751082e-02
5147  1.73478031e-01  2.50821050e-02
5148  1.73500470e-01  6.68910188e-03
5149  1.73522909e-01  -1.17039012e-02
5150  1.73545348e-01  -3.00969044e-02
5151  1.73567787e-01  -4.84899075e-02
5152  1.73590226e-01  -6.68829107e-02
5153  1.73612665e-01  -8.52759138e-02
5154  1.73635104e-01  -1.03668917e-01
5155  1.73657543e-01  -1.22061921e-01
7387  -1.16576095e+00  1.50946051e-03
7388  -1.16224522e+00  1.95431889e-03
7389  -1.14456162e+00  3.92497423e-03
7390  -1.12685215e+00  5.64362946e-03
7391  -1.10912374e+00  7.11014394e-03
7392  -1.09137711e+00  8.35773138e-03
7393  -1.07361677e+00  9.34024162e-03
7394  -1.05584665e+00  1.01306667e-02
7395  -1.03805592e+00  1.06546641e-02
7396  -1.02026128e+00  1.08816544e-02
7397  -1.00245683e+00  1.08665762e-02
7398  -9.77839891e-01  1.77371427e-02
7399  -9.59882584e-01  1.70128051e-02
7400  -9.41962537e-01  1.60655889e-02
7401  -9.24030636e-01  1.48774042e-02
7402  -9.06126832e-01  1.33812605e-02
7403  -8.88274012e-01  1.16652628e-02
7404  -8.70435518e-01  9.74115947e-03
7405  -8.52622927e-01  7.57273148e-03
7406  -8.34857839e-01  5.19354922e-03
7407  -8.17101658e-01  2.63413466e-03
7408  -7.99366652e-01  -1.91770862e-04
7409  -7.81725723e-01  -3.24527139e-03
7410  -7.64124142e-01  -6.38191448e-03
7411  -7.46528084e-01  -9.68159485e-03
7412  -7.28972451e-01  -1.31421310e-02
7413  -7.11472243e-01  -1.67254526e-02
7414  -6.93988053e-01  -2.03754264e-02
7415  -6.76507224e-01  -2.41516207e-02
7416  -6.59070220e-01  -2.80633772e-02
7417  -6.41690764e-01  -3.20451303e-02
7418  -6.24330498e-01  -3.60340167e-02
7419  -6.06967091e-01  -4.00505519e-02
7420  -5.89614449e-01  -4.41064593e-02
7421  -5.72278479e-01  -4.81803107e-02
7422  -5.54957486e-01  -5.22527281e-02
7423  -5.37626641e-01  -5.63004969e-02
7424  -5.20291095e-01  -6.03644368e-02
7425  -5.02979684e-01  -6.44228342e-02
7426  -4.85679977e-01  -6.84127046e-02
7427  -4.68359656e-01  -7.23195325e-02
7428  -4.51017722e-01  -7.61709611e-02
7429  -4.33658113e-01  -7.99679752e-02
7430  -4.16309171e-01  -8.37204836e-02
7431  -3.98957123e-01  -8.73509226e-02
7432  -3.81576697e-01  -9.08733605e-02
7433  -3.64169947e-01  -9.42975262e-02
7434  -3.46748171e-01  -9.76321896e-02
7435  -3.18461016e-01  -7.82145702e-02
7436  -2.97330596e-01  -8.19831085e-02
7437  -2.84157515e-01  -8.42623831e-02
7438  -2.67060895e-01  -8.69840027e-02
7439  -2.49809872e-01  -8.96106428e-02
7440  -2.32643450e-01  -9.21141882e-02
7441  -2.15439445e-01  -9.44018318e-02
7442  -1.98114752e-01  -9.66022939e-02
7443  -1.80872535e-01  -9.86800254e-02
7444  -1.63655543e-01  -1.00555944e-01
7445  -1.46382966e-01  -1.02278192e-01
7446  -1.29103168e-01  -1.03841943e-01
7447  -1.11760124e-01  -1.05243733e-01
7448  -9.44440898e-02  -1.06532874e-01
7449  -7.71372598e-02  -1.07618927e-01
7450  -5.97278690e-02  -1.08577770e-01
7451  -4.24489895e-02  -1.09422120e-01
7452  -2.51971285e-02  -1.09998087e-01
7453  -7.78932352e-03  -1.10433511e-01
7454  9.64189341e-03  -1.10751470e-01
7455  2.69547996e-02  -1.10942641e-01
7456  4.41448843e-02  -1.10898826e-01
7457  6.14154255e-02  -1.10608409e-01
7458  7.87758272e-02  -1.10163132e-01
7459  9.60779161e-02  -1.09564043e-01
7460  1.13365354e-01  -1.08759278e-01
7461  1.30610261e-01  -1.07795369e-01
7462  1.47790187e-01  -1.06596110e-01
7463  1.78032067e-01  -1.04045515e-01
7464  1.82209478e-01  -1.03589018e-01
7465  2.04318817e-01  -1.25633508e-01
7466  2.21796492e-01  -1.23536521e-01
7467  2.39263979e-01  -1.21223011e-01
7468  2.56684837e-01  -1.18713919e-01
7469  2.74045313e-01  -1.15933733e-01
7470  2.91386584e-01  -1.12893023e-01
7471  3.08682589e-01  -1.09656343e-01
7472  3.25881416e-01  -1.06143313e-01
7473  3.43019120e-01  -1.02301909e-01
7474  3.60104716e-01  -9.82047439e-02
7475  3.77089363e-01  -9.38121681e-02
7476  3.93965375e-01  -8.90932408e-02
7477  4.15164001e-01  -9.04217396e-02
7478  4.31710460e-01  -8.49342579e-02
7479  4.48109428e-01  -7.90388637e-02
7480  4.64297313e-01  -7.26777532e-02
7481  4.80166380e-01  -6.56457434e-02
7482  4.95634222e-01  -5.78795612e-02
7483  5.10507372e-01  -4.91174044e-02
7484  5.24626841e-01  -3.93265245e-02
7485  5.37404334e-01  -2.82583923e-02
7486  5.47148999e-01  -1.51650428e-02
7487  5.51244590e-01  1.39492526e-04
7488  5.48054967e-01  1.73118860e-02
7489  5.39161824e-01  3.28249964e-02
7490  5.26845950e-01  4.63719671e-02
7491  5.12656623e-01  5.83788886e-02
7492  4.97466434e-01  6.93651208e-02
7493  4.81692026e-01  7.96129185e-02
7494  4.65481828e-01  8.91800343e-02
7495  4.48856635e-01  9.80464916e-02
7496  4.31905584e-01  1.06365174e-01
7497  4.14774406e-01  1.14312765e-01
7498  3.93078420e-01  1.15474262e-01
7499  3.76377105e-01  1.22093464e-01
7500  3.59531756e-01  1.28414810e-01
7501  3.42563885e-01  1.34407870e-01
7502  3.25475247e-01  1.40102138e-01
7503  3.08305979e-01  1.45512262e-01
7504  2.91004193e-01  1.50588167e-01
7505  2.73637263e-01  1.55475224e-01
7506  2.56189735e-01  1.60046626e-01
7507  2.38699338e-01  1.64407452e-01
7508  2.21113693e-01  1.68419968e-01
7509  2.03471546e-01  1.72266830e-01
7510  1.83569080e-01  1.76258604e-01
7511  1.77718742e-01  1.52783313e-01
7512  1.43771542e-01  1.58884718e-01
7513  1.26161564e-01  1.61690109e-01
7514  1.08467397e-01  1.64316709e-01
7515  9.07533615e-02  1.66691591e-01
7516  7.30014375e-02  1.68863535e-01
7517  5.52388956e-02  1.70795534e-01
7518  3.74255762e-02  1.72508094e-01
7519  1.96534222e-02  1.74005900e-01
7520  1.82086240e-03  1.75222115e-01
7521  -1.60498289e-02  1.76269550e-01
7522  -3.38847959e-02  1.77057221e-01
7523  -5.18085774e-02  1.77627301e-01
7524  -6.97135569e-02  1.78020906e-01
7525  -8.74859275e-02  1.78168449e-01
7526  -1.05275647e-01  1.78002689e-01
7527  -1.23164790e-01  1.77609873e-01
7528  -1.40986360e-01  1.77009777e-01
7529  -1.58816289e-01  1.76119392e-01
7530  -1.76759109e-01  1.75033168e-01
7531  -1.94698768e-01  1.73781867e-01
7532  -2.12523455e-01  1.72356950e-01
7533  -2.30378962e-01  1.70659537e-01
7534  -2.48326040e-01  1.68825753e-01
7535  -2.66188505e-01  1.66837519e-01
7536  -2.84023407e-01  1.64655009e-01
7537  -2.96755109e-01  1.63003564e-01
7538  -3.23177596e-01  1.83751674e-01
7539  -3.47780424e-01  1.80034366e-01
7540  -3.65869097e-01  1.77182958e-01
7541  -3.83944315e-01  1.74230879e-01
7542  -4.02003672e-01  1.71171427e-01
7543  -4.20060196e-01  1.68015932e-01
7544  -4.38121913e-01  1.64794432e-01
7545  -4.56149195e-01  1.61537593e-01
7546  -4.74127862e-01  1.58132344e-01
7547  -4.92110755e-01  1.54615463e-01
7548  -5.10107038e-01  1.51022580e-01
7549  -5.28096505e-01  1.47412927e-01
7550  -5.46070101e-01  1.43721582e-01
7551  -5.64050303e-01  1.40013161e-01
7552  -5.81979429e-01  1.36263667e-01
7553  -5.99908294e-01  1.32359044e-01
7554  -6.17861149e-01  1.28504938e-01
7555  -6.35765230e-01  1.24549045e-01
7556  -6.53711744e-01  1.20552379e-01
7557  -6.71655190e-01  1.16612873e-01
7558  -6.89535847e-01  1.12604170e-01
7559  -7.07435578e-01  1.08491540e-01
7560  -7.25374288e-01  1.04427178e-01
7561  -7.43269455e-01  1.00365124e-01
7562  -7.61146680e-01  9.62193486e-02
7563  -7.79020254e-01  9.20707695e-02
7564  -7.96890037e-01  8.78252652e-02
7565  -8.14798805e-01  8.36292535e-02
7566  -8.32671600e-01  7.94336916e-02
7567  -8.50512653e-01  7.51856330e-02
7568  -8.68341971e-01  7.08689282e-02
7569  -8.86197146e-01  6.65014172e-02
7570  -9.04082564e-01  6.21806107e-02
7571  -9.21930552e-01  5.78868632e-02
7572  -9.39756553e-01  5.35077531e-02
7573  -9.57620414e-01  4.91330334e-02
7574  -9.75484113e-01  4.47886312e-02
7575  -1.00160473e+00  4.60508578e-02
7576  -1.01933430e+00  4.16759993e-02
7577  -1.03706162e+00  3.72469591e-02
7578  -1.05479682e+00  3.28723288e-02
7579  -1.07249641e+00  2.83972690e-02
7580  -1.09019673e+00  2.38760797e-02
7581  -1.10790314e+00  1.93647994e-02
7582  -1.12559478e+00  1.48459078e-02
7583  -1.14324936e+00  1.02237140e-02
7584  -1.16021731e+00  5.74331012e-03
7585  -2.96717717e-01  1.78921929e-01
7586  -2.96761044e-01  1.60477330e-01
7587  -2.96804372e-01  1.42032732e-01
7588  -2.96847699e-01  1.23588135e-01
7589  -2.96891026e-01  1.05143536e-01
7590  -2.96934354e-01  8.66989377e-02
7591  -2.96977681e-01  6.82543398e-02
7592  -2.97021008e-01  4.98097413e-02
7593  -2.97064336e-01  3.13651432e-02
7594  -2.97107663e-01  1.29205453e-02
7595  -2.97150990e-01  -5.52405324e-03
7596  -2.97194318e-01  -2.39686514e-02
7597  -2.97237645e-01  -4.24132496e-02
7598  -2.97280973e-01  -6.08578478e-02
7599  -2.97324300e-01  -7.93024457e-02
7600  -2.97367627e-01  -9.77470442e-02
7601  1.77695016e-01  1.72231494e-01
7602  1.77717455e-01  1.53838491e-01
7603  1.77739894e-01  1.35445488e-01
7604  1.77762333e-01  1.17052484e-01
7605  1.77784772e-01  9.86594812e-02
7606  1.77807211e-01  8.02664781e-02
7607  1.77829650e-01  6.18734749e-02
7608  1.77852089e-01  4.34804718e-02
7609  1.77874528e-01  2.50874686e-02
7610  1.77896967e-01  6.69446550e-03
7611  1.77919406e-01  -1.16985376e-02
7612  1.77941845e-01  -3.00915408e-02
7613  1.77964284e-01  -4.84845439e-02
7614  1.77986723e-01  -6.68775471e-02
7615  1.78009162e-01  -8.52705502e-02
7616  1.78031601e-01  -1.03663553e-01
7617  1.78054040e-01  -1.22056557e-01
9849  -1.15894142e+00  4.26655557e-03
9850  -1.16246724e+00  3.82015542e-03
9851  -1.14475643e+00  5.79384850e-03
9852  -1.12702035e+00  7.51508564e-03
9853  -1.10926708e+00  8.98366864e-03
9854  -1.09149489e+00  1.02330363e-02
9855  -1.07371041e+00  1.12169067e-02
9856  -1.05591606e+00  1.20083842e-02
9857  -1.03809556e+00  1.25332458e-02
9858  -1.02027248e+00  1.27606210e-02
9859  -1.00243525e+00  1.27454523e-02
9860  -9.77781216e-01  1.96152263e-02
9861  -9.59795114e-01  1.88897681e-02
9862  -9.41850838e-01  1.79412659e-02
9863  -9.23890276e-01  1.67511545e-02
9864  -9.05958690e-01  1.52527223e-02
9865  -8.88083369e-01  1.35345665e-02
9866  -8.70221229e-01  1.16079002e-02
9867  -8.52384675e-01  9.43656544e-03
9868  -8.34599097e-01  7.05464922e-03
9869  -8.16819785e-01  4.49187203e-03
9870  -7.99058558e-01  1.66179848e-03
9871  -7.81400653e-01  -1.39460374e-03
9872  -7.63786158e-01  -4.53356172e-03
9873  -7.46173221e-01  -7.83640823e-03
9874  -7.28602287e-01  -1.12999532e-02
9875  -7.11091791e-01  -1.48853717e-02
9876  -6.93597690e-01  -1.85374227e-02
9877  -6.76103192e-01  -2.23165733e-02
9878  -6.58654752e-01  -2.62308851e-02
9879  -6.41270565e-01  -3.02137172e-02
9880  -6.23908375e-01  -3.42030462e-02
9881  -6.06541525e-01  -3.82203786e-02
9882  -5.89185696e-01  -4.22770299e-02
9883  -5.71848530e-01  -4.63511621e-02
9884  -5.54528782e-01  -5.04232874e-02
9885  -5.37198531e-01  -5.44709168e-02
9886  -5.19862227e-01  -5.85350345e-02
9887  -5.02554111e-01  -6.25926625e-02
9888  -4.85262117e-01  -6.65807567e-02
9889  -4.67949243e-01  -7.04859016e-02
9890  -4.50613284e-01  -7.43360030e-02
9891  -4.33258750e-01  -7.81319060e-02
9892  -4.15918156e-01  -8.18826186e-02
9893  -3.98578110e-01  -8.55105449e-02
9894  -3.81208745e-01  -8.90307395e-02
9895  -3.63811987e-01  -9.24529381e-02
9896  -3.46400586e-01  -9.57856182e-02
9897  -3.18124672e-01  -7.63659183e-02
9898  -2.96136605e-01  -8.02856064e-02
9899  -2.83848967e-01  -8.24088894e-02
9900  -2.66771738e-01  -8.51273851e-02
9901  -2.49532896e-01  -8.77521688e-02
9902  -2.32384025e-01  -9.02531833e-02
9903  -2.15197202e-01  -9.25385124e-02
9904  -1.97883997e-01  -9.47375170e-02
9905  -1.80658379e-01  -9.68132693e-02
9906  -1.63460552e-01  -9.86870893e-02
9907  -1.46205076e-01  -1.00407632e-01
9908  -1.28942791e-01  -1.01969800e-01
9909  -1.11614692e-01  -1.03370370e-01
9910  -9.43155007e-02  -1.04658279e-01
9911  -7.70267298e-02  -1.05743181e-01
9912  -5.96303904e-02  -1.06701300e-01
9913  -4.23717913e-02  -1.07544707e-01
9914  -2.51422413e-02  -1.08119889e-01
9915  -7.74869203e-03  -1.08554951e-01
9916  9.66936824e-03  -1.08872671e-01
9917  2.69627425e-02  -1.09063658e-01
9918  4.41267183e-02  -1.09019914e-01
9919  6.13755689e-02  -1.08729831e-01
9920  7.87192113e-02  -1.08284985e-01
9921  9.60017139e-02  -1.07686588e-01
9922  1.13269220e-01  -1.06882739e-01
9923  1.30492389e-01  -1.05920070e-01
9924  1.47647952e-01  -1.04722501e-01
9925  1.79219640e-01  -1.02055600e-01
9926  1.82024272e-01  -1.01719168e-01
9927  2.04108416e-01  -1.23766325e-01
9928  2.21561218e-01  -1.21672309e-01
9929  2.39006679e-01  -1.19361711e-01
9930  2.56402326e-01  -1.16856278e-01
9931  2.73734488e-01  -1.14080620e-01
9932  2.91051501e-01  -1.11044142e-01
9933  3.08321726e-01  -1.07812321e-01
9934  3.25487893e-01  -1.04305983e-01
9935  3.42594539e-01  -1.00471506e-01
9936  3.59650369e-01  -9.63815024e-02
9937  3.76601094e-01  -9.19977166e-02
9938  3.93440124e-01  -8.72891475e-02
9939  4.14596002e-01  -8.86306456e-02
9940  4.31096838e-01  -8.31582770e-02
9941  4.47447890e-01  -7.72801686e-02
9942  4.63572888e-01  -7.09440149e-02
9943  4.79363907e-01  -6.39467211e-02
9944  4.94735207e-01  -5.62295873e-02
9945  5.09494284e-01  -4.75349084e-02
9946  5.23473854e-01  -3.78428588e-02
9947  5.36027660e-01  -2.69795605e-02
9948  5.45423905e-01  -1.43349543e-02
9949  5.49366885e-01  2.09238788e-04
9950  5.46290006e-01  1.66672504e-02
9951  5.37641248e-01  3.17211435e-02
9952  5.25540403e-01  4.50206024e-02
9953  5.11498050e-01  5.68995812e-02
9954  4.96403624e-01  6.78155809e-02
9955  4.80702443e-01  7.80156185e-02
9956  4.64561973e-01  8.75415878e-02
9957  4.48000476e-01  9.63738788e-02
9958  4.31096251e-01  1.04669409e-01
9959  4.14011608e-01  1.12595563e-01
9960  3.92364868e-01  1.13736020e-01
9961  3.75700828e-01  1.20340384e-01
9962  3.58888756e-01  1.26649253e-01
9963  3.41953960e-01  1.32630616e-01
9964  3.24895873e-01  1.38314691e-01
9965  3.07759108e-01  1.43714604e-01
9966  2.90485210e-01  1.48782261e-01
9967  2.73144633e-01  1.53661952e-01
9968  2.55724328e-01  1.58226177e-01
9969  2.38263034e-01  1.62579809e-01
9970  2.20704531e-01  1.66586058e-01
9971  2.03086630e-01  1.70427678e-01
9972  1.83210684e-01  1.74414100e-01
9973  1.78911339e-01  1.50655556e-01
9974  1.43459886e-01  1.57031745e-01
9975  1.25875780e-01  1.59832969e-01
9976  1.08204603e-01  1.62456177e-01
9977  9.05144167e-02  1.64827846e-01
9978  7.27857525e-02  1.66996955e-01
9979  5.50473857e-02  1.68926319e-01
9980  3.72567878e-02  1.70636690e-01
9981  1.95105799e-02  1.72132337e-01
9982  1.70195139e-03  1.73346881e-01
9983  -1.61462412e-02  1.74393025e-01
9984  -3.39561412e-02  1.75179576e-01
9985  -5.18590844e-02  1.75748979e-01
9986  -6.97419556e-02  1.76142120e-01
9987  -8.74849794e-02  1.76289449e-01
9988  -1.05246308e-01  1.76123918e-01
9989  -1.23112524e-01  1.75731600e-01
9990  -1.40907888e-01  1.75132416e-01
9991  -1.58712699e-01  1.74243250e-01
9992  -1.76636966e-01  1.73158143e-01
9993  -1.94558497e-01  1.71908110e-01
9994  -2.12359686e-01  1.70485100e-01
9995  -2.30194583e-01  1.68789605e-01
9996  -2.48126592e-01  1.66957368e-01
9997  -2.65970450e-01  1.64971214e-01
9998  -2.83786491e-01  1.62791004e-01
9999  -2.95569179e-01  1.61269626e-01
10000  -3.22904726e-01  1.81892593e-01
10001  -3.47493774e-01  1.78177360e-01
10002  -3.65571370e-01  1.75327696e-01
10003  -3.83635954e-01  1.72377354e-01
10004  -4.01685014e-01  1.69319644e-01
10005  -4.19733498e-01  1.66165551e-01
10006  -4.37789915e-01  1.62944995e-01
10007  -4.55807325e-01  1.59689956e-01
10008  -4.73772707e-01  1.56287214e-01
10009  -4.91746499e-01  1.52772107e-01
10010  -5.09738270e-01  1.49180122e-01
10011  -5.27722668e-01  1.45571491e-01
10012  -5.45691318e-01  1.41881157e-01
10013  -5.63668204e-01  1.38173421e-01
10014  -5.81587188e-01  1.34426063e-01
10015  -5.99511176e-01  1.30522488e-01
10016  -6.17461257e-01  1.26668984e-01
10017  -6.35358316e-01  1.22714635e-01
10018  -6.53306050e-01  1.18717698e-01
10019  -6.71248191e-01  1.14778482e-01
10020  -6.89119942e-01  1.10771777e-01
10021  -7.07017602e-01  1.06659619e-01
10022  -7.24958719e-01  1.02594709e-01
10023  -7.42849246e-01  9.85337132e-02
10024  -7.60722022e-01  9.43889643e-02
10025  -7.78590673e-01  9.02415345e-02
10026  -7.96458556e-01  8.59964772e-02
10027  -8.14369777e-01  8.17998884e-02
10028  -8.32239274e-01  7.76051031e-02
10029  -8.50073959e-01  7.33585621e-02
10030  -8.67897666e-01  6.90432136e-02
10031  -8.85753298e-01  6.46755913e-02
10032  -9.03642193e-01  6.03539430e-02
10033  -9.21486669e-01  5.60610457e-02
10034  -9.39308950e-01  5.16828443e-02
10035  -9.57174929e-01  4.73076064e-02
10036  -9.75039543e-01  4.29629811e-02
10037  -1.00115710e+00  4.42259564e-02
10038  -1.01888150e+00  3.98523737e-02
10039  -1.03660889e+00  3.54233142e-02
10040  -1.05434153e+00  3.10493225e-02
10041  -1.07203361e+00  2.65761551e-02
10042  -1.08973226e+00  2.20553903e-02
10043  -1.10743867e+00  1.75441093e-02
10044  -1.12512432e+00  1.30267581e-02
10045  -1.14276804e+00  8.40740592e-03
10046  -1.15939617e+00  4.05322649e-03
10047  -2.95527720e-01  1.78919133e-01
10048  -2.95571047e-01  1.60474535e-01
10049  -2.95614375e-01  1.42029937e-01
10050  -2.95657702e-01  1.23585339e-01
10051  -2.95701029e-01  1.05140741e-01
10052  -2.95744357e-01  8.66961423e-02
10053  -2.95787684e-01  6.82515444e-02
10054  -2.95831011e-01  4.98069459e-02
10055  -2.95874339e-01  3.13623478e-02
10056  -2.95917666e-01  1.29177499e-02
10057  -2.95960993e-01  -5.52684861e-03
10058  -2.96004321e-01  -2.39714468e-02
10059  -2.96047648e-01  -4.24160450e-02
10060  -2.96090976e-01  -6.08606432e-02
10061  -2.96134303e-01  -7.93052411e-02
10062  -2.96177630e-01  -9.77498396e-02
10063  1.78885015e-01  1.72232946e-01
10064  1.78907454e-01  1.53839943e-01
10065  1.78929893e-01  1.35446940e-01
10066  1.78952332e-01  1.17053936e-01
10067  1.78974771e-01  9.86609330e-02
10068  1.78997210e-01  8.02679299e-02
10069  1.79019649e-01  6.18749267e-02
10070  1.79042088e-01  4.34819236e-02
10071  1.79064527e-01  2.50889204e-02
10072  1.79086966e-01  6.69591727e-03
10073  1.79109405e-01  -1.16970858e-02
10074  1.79131844e-01  -3.00900890e-02
10075  1.79154283e-01  -4.84830921e-02
10076  1.79176722e-01  -6.68760953e-02
10077  1.79199161e-01  -8.52690984e-02
10078  1.79221600e-01  -1.03662101e-01
10079  1.79244039e-01  -1.22055105e-01
