1  -1.23600000e+00  -4.73874390e-03
2  -1.21758067e+00  -1.95985015e-03
3  -1.19912767e+00  5.80078454e-04
4  -1.18064263e+00  2.88207214e-03
5  -1.16212726e+00  4.92476434e-03
6  -1.14359042e+00  6.76314601e-03
7  -1.12502528e+00  8.28857274e-03
8  -1.10644307e+00  9.59038055e-03
9  -1.08784136e+00  1.05674889e-02
10  -1.06922434e+00  1.11994539e-02
11  -1.05060000e+00  1.15310151e-02
12  -1.02459905e+00  1.13545500e-02
13  -1.00555269e+00  1.08339280e-02
14  -9.86516432e-01  1.00116882e-02
15  -9.67495570e-01  8.89533867e-03
16  -9.48502908e-01  7.37777529e-03
17  -9.29532085e-01  5.59918137e-03
18  -9.10591653e-01  3.52558443e-03
19  -8.91688454e-01  1.13527151e-03
20  -8.72819059e-01  -1.50947314e-03
21  -8.53990133e-01  -4.42620896e-03
22  -8.35211234e-01  -7.65132862e-03
23  -8.16477438e-01  -1.11303050e-02
24  -7.97771092e-01  -1.47539134e-02
25  -7.79108890e-01  -1.85981452e-02
26  -7.60495228e-01  -2.26700975e-02
27  -7.41910271e-01  -2.68720927e-02
28  -7.23348518e-01  -3.11753562e-02
29  -7.04821502e-01  -3.56261239e-02
30  -6.86344265e-01  -4.02789842e-02
31  -6.67878533e-01  -4.49775667e-02
32  -6.49421332e-01  -4.97095312e-02
33  -6.30974709e-01  -5.44825475e-02
34  -6.12545789e-01  -5.93235268e-02
35  -5.94121656e-01  -6.41826940e-02
36  -5.75696812e-01  -6.90391621e-02
37  -5.57269321e-01  -7.38855789e-02
38  -5.38848570e-01  -7.87575558e-02
39  -5.20414455e-01  -8.35786439e-02
40  -5.01965009e-01  -8.83405547e-02
41  -4.83494236e-01  -9.30193028e-02
42  -4.65003197e-01  -9.76172276e-02
43  -4.46500979e-01  -1.02169972e-01
44  -4.27982030e-01  -1.06653609e-01
45  -4.09421024e-01  -1.10960456e-01
46  -3.90836493e-01  -1.15164318e-01
47  -3.72232061e-01  -1.19279118e-01
48  -3.53603611e-01  -1.23284126e-01
49  -3.28000000e-01  -1.28599039e-01
50  -3.09540291e-01  -1.32249291e-01
51  -2.91046825e-01  -1.35721801e-01
52  -2.72521680e-01  -1.39023584e-01
53  -2.53965860e-01  -1.42148789e-01
54  -2.35377045e-01  -1.45069773e-01
55  -2.16767245e-01  -1.47854392e-01
56  -1.98138115e-01  -1.50507780e-01
57  -1.79470997e-01  -1.52878462e-01
58  -1.60785598e-01  -1.55098900e-01
59  -1.42081296e-01  -1.57151710e-01
60  -1.23350576e-01  -1.58953231e-01
61  -1.04606992e-01  -1.60614910e-01
62  -8.58479390e-02  -1.62084013e-01
63  -6.70746793e-02  -1.63366156e-01
64  -4.82912532e-02  -1.64492275e-01
65  -2.94925609e-02  -1.65318937e-01
66  -1.06867073e-02  -1.65962005e-01
67  8.12409977e-03  -1.66444581e-01
68  2.69385152e-02  -1.66759058e-01
69  4.57555932e-02  -1.66789309e-01
70  6.45705760e-02  -1.66539572e-01
71  8.33820541e-02  -1.66088775e-01
72  1.02187693e-01  -1.65440573e-01
73  1.20983950e-01  -1.64554961e-01
74  1.39768319e-01  -1.63444623e-01
75  1.58533569e-01  -1.62049988e-01
76  1.77277656e-01  -1.60397791e-01
77  1.96000000e-01  -1.58515354e-01
78  2.16755596e-01  -1.56129303e-01
79  2.35167490e-01  -1.53720570e-01
80  2.53545686e-01  -1.51065149e-01
81  2.71887796e-01  -1.48172299e-01
82  2.90178022e-01  -1.44966344e-01
83  3.08417511e-01  -1.41482735e-01
84  3.26608057e-01  -1.37752271e-01
85  3.44729296e-01  -1.33699125e-01
86  3.62763826e-01  -1.29275727e-01
87  3.80724972e-01  -1.24564310e-01
88  3.98590894e-01  -1.19504090e-01
89  4.16349612e-01  -1.14080251e-01
90  4.36300000e-01  -1.07503943e-01
91  4.54109675e-01  -1.01057263e-01
92  4.71744014e-01  -9.41474331e-02
93  4.89135467e-01  -8.66478451e-02
94  5.06173684e-01  -7.83767509e-02
95  5.22716433e-01  -6.91648909e-02
96  5.38594514e-01  -5.88446106e-02
97  5.53593488e-01  -4.72889642e-02
98  5.67208603e-01  -3.41524701e-02
99  5.77550723e-01  -1.83691702e-02
100  5.81700000e-01  0.00000000e+00
101  5.78969792e-01  1.80259076e-02
102  5.70862251e-01  3.43241943e-02
103  5.59363554e-01  4.84938026e-02
104  5.46006877e-01  6.09451001e-02
105  5.31584724e-01  7.21567123e-02
106  5.16589736e-01  8.25924022e-02
107  5.01199656e-01  9.24395785e-02
108  4.85365269e-01  1.01552650e-01
109  4.69229404e-01  1.10121585e-01
110  4.52842723e-01  1.18201738e-01
111  4.36300000e-01  1.25958777e-01
112  4.16534283e-01  1.34464893e-01
113  3.98907943e-01  1.41544524e-01
114  3.81152260e-01  1.48293328e-01
115  3.63271594e-01  1.54703730e-01
116  3.45278914e-01  1.60793232e-01
117  3.27184794e-01  1.66574700e-01
118  3.08983648e-01  1.72009615e-01
119  2.90720908e-01  1.77234645e-01
120  2.72367529e-01  1.82130440e-01
121  2.53953428e-01  1.86793621e-01
122  2.35453513e-01  1.91100238e-01
123  2.16908997e-01  1.95215044e-01
124  1.96000000e-01  1.99519115e-01
125  1.77525631e-01  2.03054970e-01
126  1.59021039e-01  2.06425126e-01
127  1.40457472e-01  2.09458061e-01
128  1.21860076e-01  2.12276397e-01
129  1.03225329e-01  2.14834976e-01
130  8.45643491e-02  2.17193716e-01
131  6.58760393e-02  2.19322089e-01
132  4.71609789e-02  2.21204377e-01
133  2.84226415e-02  2.22841310e-01
134  9.65971232e-03  2.24164344e-01
135  -9.11480443e-03  2.25311568e-01
136  -2.79005912e-02  2.26244615e-01
137  -4.66991815e-02  2.26890099e-01
138  -6.55047284e-02  2.27286920e-01
139  -8.43131171e-02  2.27464838e-01
140  -1.03121860e-01  2.27407798e-01
141  -1.21928992e-01  2.27098297e-01
142  -1.40729551e-01  2.26510822e-01
143  -1.59520368e-01  2.25683159e-01
144  -1.78302488e-01  2.24669563e-01
145  -1.97075823e-01  2.23500005e-01
146  -2.15832118e-01  2.22083230e-01
147  -2.34571133e-01  2.20460122e-01
148  -2.53295112e-01  2.18666768e-01
149  -2.72006544e-01  2.16746232e-01
150  -2.90687671e-01  2.14552340e-01
151  -3.09351568e-01  2.12216115e-01
152  -3.28000000e-01  2.09758126e-01
153  -3.53831217e-01  2.05962127e-01
154  -3.72696543e-01  2.03064745e-01
155  -3.91543938e-01  2.00053392e-01
156  -4.10376151e-01  1.96948520e-01
157  -4.29191191e-01  1.93740686e-01
158  -4.47986062e-01  1.90416947e-01
159  -4.66773024e-01  1.87048596e-01
160  -4.85548777e-01  1.83618948e-01
161  -5.04296435e-01  1.80038282e-01
162  -5.23017508e-01  1.76321605e-01
163  -5.41729889e-01  1.72560907e-01
164  -5.60436365e-01  1.68771137e-01
165  -5.79123177e-01  1.64885380e-01
166  -5.97809158e-01  1.60995618e-01
167  -6.16474868e-01  1.57010693e-01
168  -6.35118032e-01  1.52920677e-01
169  -6.53773131e-01  1.48885408e-01
170  -6.72392605e-01  1.44689085e-01
171  -6.91017539e-01  1.40517065e-01
172  -7.09647334e-01  1.36366708e-01
173  -7.28258824e-01  1.32134913e-01
174  -7.46847392e-01  1.27803566e-01
175  -7.65455099e-01  1.23555445e-01
176  -7.84051862e-01  1.19259835e-01
177  -8.02632690e-01  1.14895325e-01
178  -8.21209276e-01  1.10512846e-01
179  -8.39766230e-01  1.06047928e-01
180  -8.58335677e-01  1.01635275e-01
181  -8.76901686e-01  9.72081619e-02
182  -8.95450917e-01  9.27113874e-02
183  -9.13983023e-01  8.81445165e-02
184  -9.32504357e-01  8.35340780e-02
185  -9.51039559e-01  7.89800704e-02
186  -9.69575499e-01  7.44291938e-02
187  -9.88090495e-01  6.97933704e-02
188  -1.00660865e+00  6.51702416e-02
189  -1.02513183e+00  6.05672008e-02
190  -1.05060000e+00  5.42162243e-02
191  -1.06920740e+00  4.95204694e-02
192  -1.08780032e+00  4.47674384e-02
193  -1.10640212e+00  4.00493302e-02
194  -1.12497771e+00  3.52291566e-02
195  -1.14353745e+00  3.03481949e-02
196  -1.16209664e+00  2.54650810e-02
197  -1.18065052e+00  2.05620654e-02
198  -1.19916720e+00  1.55202767e-02
199  -1.21764381e+00  1.03367730e-02
200  -3.09362053e-01  1.93079148e-01
201  -3.09372537e-01  1.73942181e-01
202  -3.09383022e-01  1.54805214e-01
203  -3.09393507e-01  1.35668247e-01
204  -3.09403991e-01  1.16531280e-01
205  -3.09414476e-01  9.73943129e-02
206  -3.09424961e-01  7.82573459e-02
207  -3.09435445e-01  5.91203789e-02
208  -3.09445930e-01  3.99834119e-02
209  -3.09456414e-01  2.08464449e-02
210  -3.09466899e-01  1.70947788e-03
211  -3.09477384e-01  -1.74274891e-02
212  -3.09487868e-01  -3.65644561e-02
213  -3.09498353e-01  -5.57014231e-02
214  -3.09508838e-01  -7.48383901e-02
215  -3.09519322e-01  -9.39753571e-02
216  -3.09529807e-01  -1.13112324e-01
217  1.77512579e-01  1.83925877e-01
218  1.77499528e-01  1.64796784e-01
219  1.77486477e-01  1.45667692e-01
220  1.77473425e-01  1.26538599e-01
221  1.77460374e-01  1.07409506e-01
222  1.77447323e-01  8.82804137e-02
223  1.77434272e-01  6.91513210e-02
224  1.77421220e-01  5.00222284e-02
225  1.77408169e-01  3.08931357e-02
226  1.77395118e-01  1.17640430e-02
227  1.77382066e-01  -7.36504971e-03
228  1.77369015e-01  -2.64941424e-02
229  1.77355964e-01  -4.56232351e-02
230  1.77342913e-01  -6.47523278e-02
231  1.77329861e-01  -8.38814205e-02
232  1.77316810e-01  -1.03010513e-01
233  1.77303759e-01  -1.22139606e-01
234  1.77290707e-01  -1.41268699e-01
2469  -1.23428065e+00  -3.97368951e-03
2470  -1.21765206e+00  -1.46497233e-03
2471  -1.19919266e+00  1.07583738e-03
2472  -1.18070094e+00  3.37866036e-03
2473  -1.16217935e+00  5.42204377e-03
2474  -1.14363557e+00  7.26110361e-03
2475  -1.12506322e+00  8.78713087e-03
2476  -1.10647366e+00  1.00894441e-02
2477  -1.08786296e+00  1.10670223e-02
2478  -1.06923727e+00  1.16992866e-02
2479  -1.05060275e+00  1.20310075e-02
2480  -1.02459052e+00  1.18544773e-02
2481  -1.00553507e+00  1.13336174e-02
2482  -9.86490995e-01  1.05110408e-02
2483  -9.67461008e-01  9.39414273e-03
2484  -9.48459659e-01  7.87590127e-03
2485  -9.29481540e-01  6.09662000e-03
2486  -9.10533081e-01  4.02214187e-03
2487  -8.91622389e-01  1.63088768e-03
2488  -8.72746086e-01  -1.01482689e-03
2489  -8.53909544e-01  -3.93274628e-03
2490  -8.35123270e-01  -7.15912710e-03
2491  -8.16384248e-01  -1.06390662e-02
2492  -7.97673108e-01  -1.42636083e-02
2493  -7.79005023e-01  -1.81090526e-02
2494  -7.60386668e-01  -2.21820251e-02
2495  -7.41798677e-01  -2.63847050e-02
2496  -7.23233659e-01  -3.06887275e-02
2497  -7.04702056e-01  -3.51406009e-02
2498  -6.86221569e-01  -3.97942722e-02
2499  -6.67754799e-01  -4.44931186e-02
2500  -6.49296622e-01  -4.92253336e-02
2501  -6.30848568e-01  -5.39987206e-02
2502  -6.12418518e-01  -5.88399959e-02
2503  -5.93994182e-01  -6.36992166e-02
2504  -5.75569505e-01  -6.85556407e-02
2505  -5.57141811e-01  -7.34021111e-02
2506  -5.38721392e-01  -7.82740005e-02
2507  -5.20288721e-01  -8.30947112e-02
2508  -5.01841142e-01  -8.78561406e-02
2509  -4.83372521e-01  -9.25343436e-02
2510  -4.64883135e-01  -9.71318564e-02
2511  -4.46382416e-01  -1.01684232e-01
2512  -4.27866693e-01  -1.06167094e-01
2513  -4.09309358e-01  -1.10473085e-01
2514  -3.90727347e-01  -1.14676376e-01
2515  -3.72125524e-01  -1.18790600e-01
2516  -3.53500250e-01  -1.22794926e-01
2517  -3.27900690e-01  -1.28109001e-01
2518  -3.08178156e-01  -1.32002640e-01
2519  -2.90956821e-01  -1.35229968e-01
2520  -2.72436292e-01  -1.38530929e-01
2521  -2.53885530e-01  -1.41655284e-01
2522  -2.35301240e-01  -1.44575553e-01
2523  -2.16694996e-01  -1.47359639e-01
2524  -1.98071364e-01  -1.50012256e-01
2525  -1.79409999e-01  -1.52382197e-01
2526  -1.60728823e-01  -1.54602134e-01
2527  -1.42030086e-01  -1.56654339e-01
2528  -1.23304564e-01  -1.58455353e-01
2529  -1.04565396e-01  -1.60116643e-01
2530  -8.58113853e-02  -1.61585351e-01
2531  -6.70426833e-02  -1.62867181e-01
2532  -4.82653080e-02  -1.63992949e-01
2533  -2.94730339e-02  -1.64819318e-01
2534  -1.06717519e-02  -1.65462229e-01
2535  8.13468940e-03  -1.65944693e-01
2536  2.69430953e-02  -1.66259079e-01
2537  4.57526770e-02  -1.66289318e-01
2538  6.45612686e-02  -1.66039659e-01
2539  8.33674526e-02  -1.65588988e-01
2540  1.02167315e-01  -1.64940988e-01
2541  1.20957432e-01  -1.64055665e-01
2542  1.39735037e-01  -1.62945732e-01
2543  1.58493088e-01  -1.61551629e-01
2544  1.78640087e-01  -1.59767037e-01
2545  1.95946437e-01  -1.58018231e-01
2546  2.16694612e-01  -1.55633036e-01
2547  2.35099308e-01  -1.53225241e-01
2548  2.53470986e-01  -1.50570761e-01
2549  2.71805683e-01  -1.47679088e-01
2550  2.90087956e-01  -1.44474523e-01
2551  3.08320384e-01  -1.40992259e-01
2552  3.26503260e-01  -1.37263377e-01
2553  3.44615168e-01  -1.33212324e-01
2554  3.62640837e-01  -1.28791089e-01
2555  3.80593406e-01  -1.24081930e-01
2556  3.98449734e-01  -1.19024430e-01
2557  4.16198312e-01  -1.13603692e-01
2558  4.36136626e-01  -1.07031387e-01
2559  4.53933361e-01  -1.00589381e-01
2560  4.71553785e-01  -9.36850338e-02
2561  4.88927244e-01  -8.61932648e-02
2562  5.05942789e-01  -7.79332561e-02
2563  5.22458413e-01  -6.87366087e-02
2564  5.38305463e-01  -5.84366285e-02
2565  5.53266822e-01  -4.69104288e-02
2566  5.66823514e-01  -3.38335561e-02
2567  5.77090409e-01  -1.81739508e-02
2568  5.81200322e-01  1.79553081e-05
2569  5.78487179e-01  1.78734602e-02
2570  5.70441749e-01  3.40536799e-02
2571  5.58998082e-01  4.81525844e-02
2572  5.45682645e-01  6.05644777e-02
2573  5.31288377e-01  7.17539985e-02
2574  5.16312138e-01  8.21765426e-02
2575  5.00940142e-01  9.20121999e-02
2576  4.85123277e-01  1.01115112e-01
2577  4.69001561e-01  1.09676515e-01
2578  4.52626012e-01  1.17751143e-01
2579  4.36095011e-01  1.25502729e-01
2580  4.16342267e-01  1.34003233e-01
2581  3.98725934e-01  1.41078828e-01
2582  3.80979059e-01  1.47824285e-01
2583  3.63107073e-01  1.54231572e-01
2584  3.45122672e-01  1.60318270e-01
2585  3.27037167e-01  1.66096991e-01
2586  3.08843349e-01  1.71529702e-01
2587  2.90587701e-01  1.76752716e-01
2588  2.72241719e-01  1.81646527e-01
2589  2.53835368e-01  1.86307759e-01
2590  2.35342674e-01  1.90612678e-01
2591  2.16804434e-01  1.94726100e-01
2592  1.95902597e-01  1.99028694e-01
2593  1.78887111e-01  2.02292062e-01
2594  1.58935930e-01  2.05932423e-01
2595  1.40379701e-01  2.08964146e-01
2596  1.21788609e-01  2.11781531e-01
2597  1.03159971e-01  2.14339266e-01
2598  8.45047084e-02  2.16697286e-01
2599  6.58227312e-02  2.18824939e-01
2600  4.71142036e-02  2.20706570e-01
2601  2.83832990e-02  2.22342860e-01
2602  9.62687942e-03  2.23665423e-01
2603  -9.14245442e-03  2.24812333e-01
2604  -2.79215726e-02  2.25745055e-01
2605  -4.67130351e-02  2.26390291e-01
2606  -6.55123674e-02  2.26786978e-01
2607  -8.43147237e-02  2.26964841e-01
2608  -1.03116988e-01  2.26907822e-01
2609  -1.21917070e-01  2.26598439e-01
2610  -1.40710742e-01  2.26011176e-01
2611  -1.59495895e-01  2.25183758e-01
2612  -1.78273471e-01  2.24170406e-01
2613  -1.97041447e-01  2.23001188e-01
2614  -2.15791714e-01  2.21584865e-01
2615  -2.34525724e-01  2.19962188e-01
2616  -2.53245750e-01  2.18169211e-01
2617  -2.71951857e-01  2.16249232e-01
2618  -2.90627460e-01  2.14055979e-01
2619  -3.07989748e-01  2.11886983e-01
2620  -3.27930981e-01  2.09262913e-01
2621  -3.53756918e-01  2.05467678e-01
2622  -3.72619148e-01  2.02570771e-01
2623  -3.91463826e-01  1.99559852e-01
2624  -4.10293465e-01  1.96455404e-01
2625  -4.29105638e-01  1.93248060e-01
2626  -4.47898407e-01  1.89924690e-01
2627  -4.66683982e-01  1.86556588e-01
2628  -4.85456953e-01  1.83127452e-01
2629  -5.04200852e-01  1.79547503e-01
2630  -5.22919567e-01  1.75831291e-01
2631  -5.41630991e-01  1.72070785e-01
2632  -5.60335829e-01  1.68281349e-01
2633  -5.79021331e-01  1.64395862e-01
2634  -5.97706013e-01  1.60506373e-01
2635  -6.16369100e-01  1.56522008e-01
2636  -6.35011605e-01  1.52432135e-01
2637  -6.53665311e-01  1.48397172e-01
2638  -6.72282994e-01  1.44201247e-01
2639  -6.90908530e-01  1.40029093e-01
2640  -7.09537542e-01  1.35878911e-01
2641  -7.28146661e-01  1.31647656e-01
2642  -7.46735016e-01  1.27316358e-01
2643  -7.65343191e-01  1.23068129e-01
2644  -7.83938429e-01  1.18772872e-01
2645  -8.02518120e-01  1.14408628e-01
2646  -8.21093390e-01  1.10026461e-01
2647  -8.39649949e-01  1.05561637e-01
2648  -8.58219892e-01  1.01148866e-01
2649  -8.76784799e-01  9.67220165e-02
2650  -8.95332199e-01  9.22256858e-02
2651  -9.13862816e-01  8.76591812e-02
2652  -9.32384319e-01  8.30487011e-02
2653  -9.50920300e-01  7.84945013e-02
2654  -9.69455169e-01  7.39438891e-02
2655  -9.87969219e-01  6.93083012e-02
2656  -1.00648780e+00  6.46850652e-02
2657  -1.02501105e+00  6.00820083e-02
2658  -1.05047834e+00  5.37312518e-02
2659  -1.06908431e+00  4.90358574e-02
2660  -1.08767694e+00  4.42829004e-02
2661  -1.10627786e+00  3.95650159e-02
2662  -1.12485133e+00  3.47453914e-02
2663  -1.14341025e+00  2.98646446e-02
2664  -1.16196916e+00  2.49816064e-02
2665  -1.18052097e+00  2.00791409e-02
2666  -1.19903399e+00  1.50383481e-02
2667  -1.21741268e+00  9.89340189e-03
2668  -3.08000053e-01  1.93078402e-01
2669  -3.08010537e-01  1.73941435e-01
2670  -3.08021022e-01  1.54804468e-01
2671  -3.08031507e-01  1.35667501e-01
2672  -3.08041991e-01  1.16530534e-01
2673  -3.08052476e-01  9.73935667e-02
2674  -3.08062961e-01  7.82565997e-02
2675  -3.08073445e-01  5.91196327e-02
2676  -3.08083930e-01  3.99826657e-02
2677  -3.08094414e-01  2.08456987e-02
2678  -3.08104899e-01  1.70873165e-03
2679  -3.08115384e-01  -1.74282353e-02
2680  -3.08125868e-01  -3.65652023e-02
2681  -3.08136353e-01  -5.57021693e-02
2682  -3.08146838e-01  -7.48391363e-02
2683  -3.08157322e-01  -9.39761033e-02
2684  -3.08167807e-01  -1.13113070e-01
2685  1.78874579e-01  1.83924948e-01
2686  1.78861528e-01  1.64795855e-01
2687  1.78848477e-01  1.45666763e-01
2688  1.78835425e-01  1.26537670e-01
2689  1.78822374e-01  1.07408577e-01
2690  1.78809323e-01  8.82794845e-02
2691  1.78796272e-01  6.91503917e-02
2692  1.78783220e-01  5.00212991e-02
2693  1.78770169e-01  3.08922065e-02
2694  1.78757118e-01  1.17631137e-02
2695  1.78744066e-01  -7.36597898e-03
2696  1.78731015e-01  -2.64950716e-02
2697  1.78717964e-01  -4.56241643e-02
2698  1.78704913e-01  -6.47532571e-02
2699  1.78691861e-01  -8.38823498e-02
2700  1.78678810e-01  -1.03011442e-01
2701  1.78665759e-01  -1.22140535e-01
2702  1.78652707e-01  -1.41269628e-01
4937  -1.22663296e+00  -5.70727572e-04
4938  -1.21796958e+00  7.36244191e-04
4939  -1.19948171e+00  3.28097309e-03
4940  -1.18096031e+00  5.58748478e-03
4941  -1.16241104e+00  7.63394268e-03
4942  -1.14383638e+00  9.47601901e-03
4943  -1.12523200e+00  1.10047174e-02
4944  -1.10660970e+00  1.23092790e-02
4945  -1.08795902e+00  1.32889468e-02
4946  -1.06929479e+00  1.39225427e-02
4947  -1.05061500e+00  1.42549738e-02
4948  -1.02455259e+00  1.40781537e-02
4949  -1.00545670e+00  1.35562361e-02
4950  -9.86377854e-01  1.27321610e-02
4951  -9.67307278e-01  1.16128232e-02
4952  -9.48267285e-01  1.00915656e-02
4953  -9.29256715e-01  8.30922701e-03
4954  -9.10272551e-01  6.23082936e-03
4955  -8.91328531e-01  3.83538838e-03
4956  -8.72421501e-01  1.18535964e-03
4957  -8.53551084e-01  -1.73782425e-03
4958  -8.34732006e-01  -4.96981471e-03
4959  -8.15969736e-01  -8.45403616e-03
4960  -7.97237275e-01  -1.20827310e-02
4961  -7.78543020e-01  -1.59335688e-02
4962  -7.59903793e-01  -2.00110788e-02
4963  -7.41302306e-01  -2.42168047e-02
4964  -7.22722769e-01  -2.85242029e-02
4965  -7.04170759e-01  -3.29809946e-02
4966  -6.85675817e-01  -3.76382735e-02
4967  -6.67204432e-01  -4.23382934e-02
4968  -6.48741910e-01  -4.70716226e-02
4969  -6.30287494e-01  -5.18466584e-02
4970  -6.11852417e-01  -5.66892505e-02
4971  -5.93427177e-01  -6.15487093e-02
4972  -5.75003245e-01  -6.64049373e-02
4973  -5.56574645e-01  -7.12516463e-02
4974  -5.38155704e-01  -7.61231466e-02
4975  -5.19729455e-01  -8.09421783e-02
4976  -5.01290183e-01  -8.57014667e-02
4977  -4.82831133e-01  -9.03772449e-02
4978  -4.64349101e-01  -9.49729253e-02
4979  -4.45855050e-01  -9.95236630e-02
4980  -4.27353672e-01  -1.04003073e-01
4981  -4.08812670e-01  -1.08305257e-01
4982  -3.90241866e-01  -1.12506011e-01
4983  -3.71651648e-01  -1.16617672e-01
4984  -3.53040498e-01  -1.20618966e-01
4985  -3.27458957e-01  -1.25929311e-01
4986  -3.02057060e-01  -1.30917550e-01
4987  -2.90556484e-01  -1.33042297e-01
4988  -2.72056484e-01  -1.36339600e-01
4989  -2.53528223e-01  -1.39460174e-01
4990  -2.34964062e-01  -1.42377261e-01
4991  -2.16373634e-01  -1.45158980e-01
4992  -1.97774457e-01  -1.47808164e-01
4993  -1.79138682e-01  -1.50174808e-01
4994  -1.60476287e-01  -1.52392518e-01
4995  -1.41802306e-01  -1.54442035e-01
4996  -1.23099905e-01  -1.56240789e-01
4997  -1.04380377e-01  -1.57900353e-01
4998  -8.56487947e-02  -1.59367302e-01
4999  -6.69003651e-02  -1.60647739e-01
5000  -4.81499040e-02  -1.61771945e-01
5001  -2.93861778e-02  -1.62597015e-01
5002  -1.06052305e-02  -1.63239224e-01
5003  8.18179208e-03  -1.63721192e-01
5004  2.69634677e-02  -1.64035172e-01
5005  4.57397057e-02  -1.64065355e-01
5006  6.45198691e-02  -1.63816044e-01
5007  8.33025053e-02  -1.63365937e-01
5008  1.02076671e-01  -1.62718836e-01
5009  1.20839479e-01  -1.61834795e-01
5010  1.39587001e-01  -1.60726664e-01
5011  1.58313028e-01  -1.59334930e-01
5012  1.84762506e-01  -1.56955565e-01
5013  1.95708187e-01  -1.55807030e-01
5014  2.16423358e-01  -1.53425640e-01
5015  2.34796034e-01  -1.51022015e-01
5016  2.53138721e-01  -1.48371721e-01
5017  2.71440443e-01  -1.45485284e-01
5018  2.89687345e-01  -1.42286902e-01
5019  3.07888365e-01  -1.38810623e-01
5020  3.26037123e-01  -1.35088775e-01
5021  3.44107527e-01  -1.31047035e-01
5022  3.62093781e-01  -1.26635421e-01
5023  3.80008198e-01  -1.21936305e-01
5024  3.97821853e-01  -1.16890902e-01
5025  4.15525332e-01  -1.11483958e-01
5026  4.35409939e-01  -1.04929459e-01
5027  4.53149117e-01  -9.85082428e-02
5028  4.70707649e-01  -9.16282818e-02
5029  4.88001069e-01  -8.41712914e-02
5030  5.04915769e-01  -7.59605914e-02
5031  5.21310740e-01  -6.68316093e-02
5032  5.37019763e-01  -5.66219241e-02
5033  5.51813809e-01  -4.52267034e-02
5034  5.65110636e-01  -3.24150267e-02
5035  5.75042930e-01  -1.73056148e-02
5036  5.78977757e-01  9.78205187e-05
5037  5.76340517e-01  1.71953740e-02
5038  5.68571356e-01  3.28504318e-02
5039  5.57372460e-01  4.66348456e-02
5040  5.44240459e-01  5.88714693e-02
5041  5.29970225e-01  6.99627278e-02
5042  5.15077381e-01  8.03267992e-02
5043  4.99785823e-01  9.01112201e-02
5044  4.84046895e-01  9.91689418e-02
5045  4.67988117e-01  1.07696841e-01
5046  4.51662081e-01  1.15746894e-01
5047  4.35183222e-01  1.23474228e-01
5048  4.15488179e-01  1.31949770e-01
5049  3.97916358e-01  1.39007412e-01
5050  3.80208663e-01  1.45737980e-01
5051  3.62375283e-01  1.52131416e-01
5052  3.44427710e-01  1.58205641e-01
5053  3.26380521e-01  1.63972140e-01
5054  3.08219299e-01  1.69395051e-01
5055  2.89995197e-01  1.74609094e-01
5056  2.71682116e-01  1.79494082e-01
5057  2.53310236e-01  1.84146645e-01
5058  2.34849664e-01  1.88444011e-01
5059  2.16339337e-01  1.92551275e-01
5060  1.95469351e-01  1.96847302e-01
5061  1.85005289e-01  1.98887010e-01
5062  1.58557366e-01  2.03740879e-01
5063  1.40033778e-01  2.06767214e-01
5064  1.21470726e-01  2.09580366e-01
5065  1.02869260e-01  2.12134348e-01
5066  8.42394266e-02  2.14489164e-01
5067  6.55856169e-02  2.16613615e-01
5068  4.69061470e-02  2.18492323e-01
5069  2.82083035e-02  2.20125756e-01
5070  9.48083868e-03  2.21446223e-01
5071  -9.26544160e-03  2.22591736e-01
5072  -2.80148979e-02  2.23523014e-01
5073  -4.67746559e-02  2.24167145e-01
5074  -6.55463459e-02  2.24563238e-01
5075  -8.43218701e-02  2.24740852e-01
5076  -1.03095318e-01  2.24683927e-01
5077  -1.21864041e-01  2.24375071e-01
5078  -1.40627078e-01  2.23788750e-01
5079  -1.59387039e-01  2.22962424e-01
5080  -1.78144405e-01  2.21950154e-01
5081  -1.96888544e-01  2.20782450e-01
5082  -2.15611995e-01  2.19368138e-01
5083  -2.34323743e-01  2.17747379e-01
5084  -2.53026190e-01  2.15956075e-01
5085  -2.71708611e-01  2.14038574e-01
5086  -2.90359642e-01  2.11848163e-01
5087  -3.01870045e-01  2.10431013e-01
5088  -3.27623984e-01  2.07060203e-01
5089  -3.53426435e-01  2.03268370e-01
5090  -3.72274897e-01  2.00373576e-01
5091  -3.91107486e-01  1.97364585e-01
5092  -4.09925679e-01  1.94262026e-01
5093  -4.28725100e-01  1.91056857e-01
5094  -4.47508519e-01  1.87735133e-01
5095  -4.66287922e-01  1.84368139e-01
5096  -4.85048521e-01  1.80941277e-01
5097  -5.03775698e-01  1.77364519e-01
5098  -5.22483927e-01  1.73650375e-01
5099  -5.41191093e-01  1.69890724e-01
5100  -5.59888643e-01  1.66102771e-01
5101  -5.78568322e-01  1.62218488e-01
5102  -5.97247222e-01  1.58330209e-01
5103  -6.15898641e-01  1.54348337e-01
5104  -6.34538218e-01  1.50259100e-01
5105  -6.53185725e-01  1.46225496e-01
5106  -6.71795445e-01  1.42031346e-01
5107  -6.90423659e-01  1.37858591e-01
5108  -7.09049188e-01  1.33709191e-01
5109  -7.27647763e-01  1.29480336e-01
5110  -7.46235165e-01  1.25149257e-01
5111  -7.64845422e-01  1.20900550e-01
5112  -7.83433880e-01  1.16606860e-01
5113  -8.02008512e-01  1.12243801e-01
5114  -8.20577931e-01  1.07863020e-01
5115  -8.39132733e-01  1.03398615e-01
5116  -8.57704878e-01  9.89853186e-02
5117  -8.76264883e-01  9.45596419e-02
5118  -8.94804141e-01  9.00652853e-02
5119  -9.13328137e-01  8.55004098e-02
5120  -9.31850387e-01  8.08897445e-02
5121  -9.50389838e-01  7.63346897e-02
5122  -9.68919940e-01  7.17852539e-02
5123  -9.87429783e-01  6.71507134e-02
5124  -1.00595028e+00  6.25270008e-02
5125  -1.02447381e+00  5.79238718e-02
5126  -1.04993719e+00  5.15740940e-02
5127  -1.06853680e+00  4.68803032e-02
5128  -1.08712814e+00  4.21276753e-02
5129  -1.10572517e+00  3.74107858e-02
5130  -1.12428921e+00  3.25936041e-02
5131  -1.14284448e+00  2.77138129e-02
5132  -1.16140210e+00  2.28311114e-02
5133  -1.17994472e+00  1.79310925e-02
5134  -1.19844147e+00  1.28947296e-02
5135  -1.21638460e+00  7.92128720e-03
5136  -3.01879554e-01  1.93075049e-01
5137  -3.01890038e-01  1.73938082e-01
5138  -3.01900523e-01  1.54801114e-01
5139  -3.01911008e-01  1.35664148e-01
5140  -3.01921492e-01  1.16527181e-01
5141  -3.01931977e-01  9.73902133e-02
5142  -3.01942462e-01  7.82532465e-02
5143  -3.01952946e-01  5.91162795e-02
5144  -3.01963431e-01  3.99793125e-02
5145  -3.01973915e-01  2.08423455e-02
5146  -3.01984400e-01  1.70537828e-03
5147  -3.01994885e-01  -1.74315885e-02
5148  -3.02005369e-01  -3.65685555e-02
5149  -3.02015854e-01  -5.57055227e-02
5150  -3.02026339e-01  -7.48424895e-02
5151  -3.02036823e-01  -9.39794565e-02
5152  -3.02047308e-01  -1.13116423e-01
5153  1.84995077e-01  1.83920772e-01
5154  1.84982026e-01  1.64791679e-01
5155  1.84968975e-01  1.45662587e-01
5156  1.84955923e-01  1.26533494e-01
5157  1.84942872e-01  1.07404401e-01
5158  1.84929821e-01  8.82753087e-02
5159  1.84916770e-01  6.91462158e-02
5160  1.84903718e-01  5.00171232e-02
5161  1.84890667e-01  3.08880307e-02
5162  1.84877616e-01  1.17589378e-02
5163  1.84864564e-01  -7.37015491e-03
5164  1.84851513e-01  -2.64992474e-02
5165  1.84838462e-01  -4.56283401e-02
5166  1.84825411e-01  -6.47574330e-02
5167  1.84812359e-01  -8.38865257e-02
5168  1.84799308e-01  -1.03015618e-01
5169  1.84786257e-01  -1.22144711e-01
5170  1.84773205e-01  -1.41273804e-01
7405  -1.22070463e+00  2.06717997e-03
7406  -1.21821572e+00  2.44258290e-03
7407  -1.19970578e+00  4.99034986e-03
7408  -1.18116136e+00  7.29972097e-03
7409  -1.16259064e+00  9.34856216e-03
7410  -1.14399205e+00  1.11929768e-02
7411  -1.12536284e+00  1.27237459e-02
7412  -1.10671517e+00  1.40300503e-02
7413  -1.08803348e+00  1.50113379e-02
7414  -1.06933938e+00  1.56459659e-02
7415  -1.05062449e+00  1.59789477e-02
7416  -1.02434380e+00  2.63173730e-02
7417  -1.00502533e+00  2.57896330e-02
7418  -9.85755117e-01  2.49573104e-02
7419  -9.66461141e-01  2.38245443e-02
7420  -9.47208453e-01  2.22866857e-02
7421  -9.28019269e-01  2.04875195e-02
7422  -9.08838585e-01  1.83875486e-02
7423  -8.89711121e-01  1.59690634e-02
7424  -8.70634971e-01  1.32952892e-02
7425  -8.51578106e-01  1.03431292e-02
7426  -8.32578473e-01  7.08026301e-03
7427  -8.13688247e-01  3.57247151e-03
7428  -7.94838430e-01  -7.90805210e-05
7429  -7.76000138e-01  -3.95960401e-03
7430  -7.57246025e-01  -8.06208936e-03
7431  -7.38570256e-01  -1.22845801e-02
7432  -7.19910801e-01  -1.66105587e-02
7433  -7.01246474e-01  -2.10944205e-02
7434  -6.82671972e-01  -2.57715553e-02
7435  -6.64175184e-01  -3.04780347e-02
7436  -6.45688751e-01  -3.52174967e-02
7437  -6.27199315e-01  -4.00016074e-02
7438  -6.08736572e-01  -4.48514472e-02
7439  -5.90306357e-01  -4.97122166e-02
7440  -5.71886519e-01  -5.45673655e-02
7441  -5.53452938e-01  -5.94153874e-02
7442  -5.35042129e-01  -6.42847458e-02
7443  -5.16651229e-01  -6.90945369e-02
7444  -4.98257676e-01  -7.38420406e-02
7445  -4.79851305e-01  -7.85044732e-02
7446  -4.61409752e-01  -8.30900676e-02
7447  -4.42952399e-01  -8.76317876e-02
7448  -4.24529981e-01  -9.20922017e-02
7449  -4.06078875e-01  -9.63734321e-02
7450  -3.87569756e-01  -1.00560221e-01
7451  -3.69043414e-01  -1.04657772e-01
7452  -3.50510006e-01  -1.08642376e-01
7453  -3.20349728e-01  -9.08494346e-02
7454  -2.95917238e-01  -9.56491629e-02
7455  -2.84113465e-01  -9.78339690e-02
7456  -2.65943864e-01  -1.01072410e-01
7457  -2.47777729e-01  -1.04132130e-01
7458  -2.29537516e-01  -1.06998009e-01
7459  -2.11201630e-01  -1.09741622e-01
7460  -1.92996046e-01  -1.12335560e-01
7461  -1.74772109e-01  -1.14649157e-01
7462  -1.56411984e-01  -1.16831018e-01
7463  -1.38136415e-01  -1.18837258e-01
7464  -1.19806119e-01  -1.20599664e-01
7465  -1.01402679e-01  -1.22231428e-01
7466  -8.30320648e-02  -1.23670081e-01
7467  -6.46099002e-02  -1.24928100e-01
7468  -4.62925940e-02  -1.26027165e-01
7469  -2.79883172e-02  -1.26831322e-01
7470  -9.53463651e-03  -1.27462238e-01
7471  8.93986139e-03  -1.27936221e-01
7472  2.72913406e-02  -1.28243674e-01
7473  4.55309462e-02  -1.28272964e-01
7474  6.38535874e-02  -1.28029246e-01
7475  8.22572442e-02  -1.27588202e-01
7476  1.00617859e-01  -1.26955577e-01
7477  1.18941148e-01  -1.26092171e-01
7478  1.37204508e-01  -1.25013045e-01
7479  1.55415155e-01  -1.23659432e-01
7480  1.90907932e-01  -1.20423866e-01
7481  1.91873805e-01  -1.20220004e-01
7482  2.14930359e-01  -1.41276029e-01
7483  2.33126801e-01  -1.38895361e-01
7484  2.51309919e-01  -1.36268103e-01
7485  2.69430148e-01  -1.33410484e-01
7486  2.87482359e-01  -1.30246132e-01
7487  3.05510510e-01  -1.26802797e-01
7488  3.23471485e-01  -1.23119665e-01
7489  3.41313445e-01  -1.19129184e-01
7490  3.59082762e-01  -1.14770521e-01
7491  3.76787188e-01  -1.10126683e-01
7492  3.94365966e-01  -1.05147865e-01
7493  4.15003651e-01  -1.09840783e-01
7494  4.34846626e-01  -1.03300087e-01
7495  4.52541186e-01  -9.68949863e-02
7496  4.70051741e-01  -9.00339291e-02
7497  4.87283117e-01  -8.26038984e-02
7498  5.04119644e-01  -7.44314215e-02
7499  5.20421087e-01  -6.53548922e-02
7500  5.36023115e-01  -5.52152017e-02
7501  5.50687463e-01  -4.39215133e-02
7502  5.63782847e-01  -3.13154113e-02
7503  5.73455766e-01  -1.66324982e-02
7504  5.77254869e-01  1.59730421e-04
7505  5.74676468e-01  1.66697353e-02
7506  5.67121465e-01  3.19176981e-02
7507  5.56112311e-01  4.54583251e-02
7508  5.43122506e-01  5.75590833e-02
7509  5.28948420e-01  6.85741708e-02
7510  5.14120222e-01  7.88929153e-02
7511  4.98891019e-01  8.86376188e-02
7512  4.83212505e-01  9.76603101e-02
7513  4.67202516e-01  1.06162238e-01
7514  4.50914860e-01  1.14193241e-01
7515  4.34476421e-01  1.21901775e-01
7516  4.10787237e-01  1.20647415e-01
7517  3.93460414e-01  1.27606244e-01
7518  3.75968366e-01  1.34254864e-01
7519  3.58347475e-01  1.40572054e-01
7520  3.40602606e-01  1.46577629e-01
7521  3.22766310e-01  1.52276860e-01
7522  3.04784501e-01  1.57645827e-01
7523  2.86734024e-01  1.62810499e-01
7524  2.68602038e-01  1.67646922e-01
7525  2.50419884e-01  1.72251775e-01
7526  2.32136114e-01  1.76507565e-01
7527  2.13779424e-01  1.80580940e-01
7528  1.93084741e-01  1.84840815e-01
7529  1.91100169e-01  1.61336926e-01
7530  1.52464767e-01  1.68470224e-01
7531  1.34466495e-01  1.71409835e-01
7532  1.16354722e-01  1.74154876e-01
7533  9.81905623e-02  1.76648455e-01
7534  7.99699879e-02  1.78951709e-01
7535  6.17695047e-02  1.81024626e-01
7536  4.35576893e-02  1.82856292e-01
7537  2.53919303e-02  1.84443731e-01
7538  7.13046266e-03  1.85730476e-01
7539  -1.12447941e-02  1.86853507e-01
7540  -2.95168728e-02  1.87761542e-01
7541  -4.77663796e-02  1.88387886e-01
7542  -6.60931945e-02  1.88774416e-01
7543  -8.44368835e-02  1.88948037e-01
7544  -1.02746562e-01  1.88892626e-01
7545  -1.21010590e-01  1.88592248e-01
7546  -1.39280589e-01  1.88021086e-01
7547  -1.57635110e-01  1.87212325e-01
7548  -1.76067213e-01  1.86217478e-01
7549  -1.94427727e-01  1.85074143e-01
7550  -2.12719612e-01  1.83692195e-01
7551  -2.31073068e-01  1.82102296e-01
7552  -2.49492587e-01  1.80337926e-01
7553  -2.67793814e-01  1.78460305e-01
7554  -2.86049389e-01  1.76315635e-01
7555  -2.95768886e-01  1.75127693e-01
7556  -3.25934257e-01  1.94936387e-01
7557  -3.51607444e-01  1.91163274e-01
7558  -3.70380123e-01  1.88280110e-01
7559  -3.89146174e-01  1.85281732e-01
7560  -4.07901364e-01  1.82189568e-01
7561  -4.26630602e-01  1.78996378e-01
7562  -4.45362555e-01  1.75683704e-01
7563  -4.64107991e-01  1.72322808e-01
7564  -4.82800491e-01  1.68908470e-01
7565  -5.01435630e-01  1.65349272e-01
7566  -5.20086142e-01  1.61646513e-01
7567  -5.38769874e-01  1.57891567e-01
7568  -5.57427314e-01  1.54111777e-01
7569  -5.76074939e-01  1.50234118e-01
7570  -5.94722017e-01  1.46352504e-01
7571  -6.13309218e-01  1.42384351e-01
7572  -6.31932671e-01  1.38298615e-01
7573  -6.50546064e-01  1.34272494e-01
7574  -6.69111952e-01  1.30088108e-01
7575  -6.87754908e-01  1.25912050e-01
7576  -7.06361266e-01  1.21766948e-01
7577  -7.24901800e-01  1.17551305e-01
7578  -7.43483966e-01  1.13221434e-01
7579  -7.62105680e-01  1.08970089e-01
7580  -7.80656818e-01  1.04685031e-01
7581  -7.99203605e-01  1.00328493e-01
7582  -8.17740820e-01  9.59553381e-02
7583  -8.36285950e-01  9.14932422e-02
7584  -8.54870221e-01  8.70770525e-02
7585  -8.73403244e-01  8.26578310e-02
7586  -8.91897684e-01  7.81743396e-02
7587  -9.10385236e-01  7.36184312e-02
7588  -9.28911605e-01  6.90067466e-02
7589  -9.47470150e-01  6.44469858e-02
7590  -9.65974015e-01  5.99040248e-02
7591  -9.84460704e-01  5.52752492e-02
7592  -1.00299171e+00  5.06489132e-02
7593  -1.02151684e+00  4.60453878e-02
7594  -1.04951769e+00  4.99019088e-02
7595  -1.06811239e+00  4.52093610e-02
7596  -1.08670272e+00  4.04569882e-02
7597  -1.10529674e+00  3.57408700e-02
7598  -1.12385346e+00  3.09255818e-02
7599  -1.14240590e+00  2.60465315e-02
7600  -1.16096254e+00  2.11640911e-02
7601  -1.17949802e+00  1.62659687e-02
7602  -1.19798217e+00  1.12330397e-02
7603  -1.21558766e+00  6.39254362e-03
7604  -2.95759055e-01  1.93071695e-01
7605  -2.95769539e-01  1.73934728e-01
7606  -2.95780024e-01  1.54797761e-01
7607  -2.95790509e-01  1.35660794e-01
7608  -2.95800993e-01  1.16523827e-01
7609  -2.95811478e-01  9.73868599e-02
7610  -2.95821963e-01  7.82498933e-02
7611  -2.95832447e-01  5.91129263e-02
7612  -2.95842932e-01  3.99759593e-02
7613  -2.95853416e-01  2.08389923e-02
7614  -2.95863901e-01  1.70202490e-03
7615  -2.95874386e-01  -1.74349417e-02
7616  -2.95884870e-01  -3.65719087e-02
7617  -2.95895355e-01  -5.57088761e-02
7618  -2.95905840e-01  -7.48458427e-02
7619  -2.95916324e-01  -9.39828097e-02
7620  -2.95926809e-01  -1.13119777e-01
7621  1.91115576e-01  1.83916596e-01
7622  1.91102525e-01  1.64787503e-01
7623  1.91089474e-01  1.45658411e-01
7624  1.91076422e-01  1.26529318e-01
7625  1.91063371e-01  1.07400225e-01
7626  1.91050320e-01  8.82711329e-02
7627  1.91037269e-01  6.91420399e-02
7628  1.91024217e-01  5.00129473e-02
7629  1.91011166e-01  3.08838549e-02
7630  1.90998115e-01  1.17547619e-02
7631  1.90985063e-01  -7.37433084e-03
7632  1.90972012e-01  -2.65034232e-02
7633  1.90958961e-01  -4.56325159e-02
7634  1.90945910e-01  -6.47616089e-02
7635  1.90932858e-01  -8.38907016e-02
7636  1.90919807e-01  -1.03019794e-01
7637  1.90906756e-01  -1.22148887e-01
7638  1.90893704e-01  -1.41277980e-01
9873  -1.21305694e+00  5.47014191e-03
9874  -1.21853324e+00  4.64379943e-03
9875  -1.19999483e+00  7.19548557e-03
9876  -1.18142073e+00  9.50854539e-03
9877  -1.16282232e+00  1.15604611e-02
9878  -1.14419286e+00  1.34078922e-02
9879  -1.12553161e+00  1.49413324e-02
9880  -1.10685121e+00  1.62498852e-02
9881  -1.08812954e+00  1.72332623e-02
9882  -1.06939690e+00  1.78692220e-02
9883  -1.05063674e+00  1.82029139e-02
9884  -1.02430587e+00  2.85410495e-02
9885  -1.00494695e+00  2.80122517e-02
9886  -9.85641975e-01  2.71784306e-02
9887  -9.66307411e-01  2.60432248e-02
9888  -9.47016079e-01  2.45023501e-02
9889  -9.27794444e-01  2.27001265e-02
9890  -9.08578056e-01  2.05962361e-02
9891  -8.89417263e-01  1.81735641e-02
9892  -8.70310387e-01  1.54954757e-02
9893  -8.51219646e-01  1.25380512e-02
9894  -8.32187209e-01  9.26957539e-03
9895  -8.13273735e-01  5.75750157e-03
9896  -7.94402597e-01  2.10179675e-03
9897  -7.75538136e-01  -1.78412017e-03
9898  -7.56763149e-01  -5.89114314e-03
9899  -7.38073885e-01  -1.01166798e-02
9900  -7.19399910e-01  -1.44460341e-02
9901  -7.00715177e-01  -1.89348142e-02
9902  -6.82126220e-01  -2.36155565e-02
9903  -6.63624816e-01  -2.83232095e-02
9904  -6.45134039e-01  -3.30637857e-02
9905  -6.26638241e-01  -3.78495452e-02
9906  -6.08170471e-01  -4.27007018e-02
9907  -5.89739352e-01  -4.75617093e-02
9908  -5.71320259e-01  -5.24166622e-02
9909  -5.52885772e-01  -5.72649226e-02
9910  -5.34476440e-01  -6.21338919e-02
9911  -5.16091963e-01  -6.69420041e-02
9912  -4.97706717e-01  -7.16873667e-02
9913  -4.79309917e-01  -7.63473745e-02
9914  -4.60875718e-01  -8.09311365e-02
9915  -4.42425032e-01  -8.54712182e-02
9916  -4.24016960e-01  -8.99281810e-02
9917  -4.05582187e-01  -9.42056044e-02
9918  -3.87084275e-01  -9.83898557e-02
9919  -3.68569538e-01  -1.02484844e-01
9920  -3.50050255e-01  -1.06466416e-01
9921  -3.19907996e-01  -8.86697446e-02
9922  -2.94554141e-01  -9.36469639e-02
9923  -2.83713128e-01  -9.56462977e-02
9924  -2.65564056e-01  -9.88810809e-02
9925  -2.47420422e-01  -1.01937021e-01
9926  -2.29200338e-01  -1.04799718e-01
9927  -2.10880268e-01  -1.07540963e-01
9928  -1.92699139e-01  -1.10131467e-01
9929  -1.74500792e-01  -1.12441769e-01
9930  -1.56159449e-01  -1.14621402e-01
9931  -1.37908634e-01  -1.16624954e-01
9932  -1.19601459e-01  -1.18385101e-01
9933  -1.01217659e-01  -1.20015138e-01
9934  -8.28694741e-02  -1.21452033e-01
9935  -6.44675820e-02  -1.22708658e-01
9936  -4.61771900e-02  -1.23806162e-01
9937  -2.79014611e-02  -1.24609018e-01
9938  -9.46811509e-03  -1.25239234e-01
9939  8.98696406e-03  -1.25712719e-01
9940  2.73117130e-02  -1.26019767e-01
9941  4.55179749e-02  -1.26049002e-01
9942  6.38121879e-02  -1.25805631e-01
9943  8.21922969e-02  -1.25365151e-01
9944  1.00527215e-01  -1.24733425e-01
9945  1.18823195e-01  -1.23871301e-01
9946  1.37056472e-01  -1.22793978e-01
9947  1.55235096e-01  -1.21442733e-01
9948  1.92271544e-01  -1.18061345e-01
9949  1.91635555e-01  -1.18008803e-01
9950  2.14659104e-01  -1.39068634e-01
9951  2.32823528e-01  -1.36692136e-01
9952  2.50977654e-01  -1.34069063e-01
9953  2.69064908e-01  -1.31216680e-01
9954  2.87081748e-01  -1.28058511e-01
9955  3.05078491e-01  -1.24621161e-01
9956  3.23005349e-01  -1.20945064e-01
9957  3.40805803e-01  -1.16963895e-01
9958  3.58535706e-01  -1.12614853e-01
9959  3.76201980e-01  -1.07981057e-01
9960  3.93738085e-01  -1.03014337e-01
9961  4.14330670e-01  -1.07721048e-01
9962  4.34119939e-01  -1.01198158e-01
9963  4.51756942e-01  -9.48138479e-02
9964  4.69205604e-01  -8.79771772e-02
9965  4.86356943e-01  -8.05819250e-02
9966  5.03092624e-01  -7.24587568e-02
9967  5.19273414e-01  -6.34498928e-02
9968  5.34737415e-01  -5.34004973e-02
9969  5.49234451e-01  -4.22377879e-02
9970  5.62069970e-01  -2.98968819e-02
9971  5.71408287e-01  -1.57641622e-02
9972  5.75032303e-01  2.39595632e-04
9973  5.72529807e-01  1.59916492e-02
9974  5.65251072e-01  3.07144499e-02
9975  5.54486690e-01  4.39405863e-02
9976  5.41680321e-01  5.58660749e-02
9977  5.27630268e-01  6.67829000e-02
9978  5.12885465e-01  7.70431719e-02
9979  4.97736700e-01  8.67366389e-02
9980  4.82136123e-01  9.57141401e-02
9981  4.66189072e-01  1.04182564e-01
9982  4.49950929e-01  1.12188992e-01
9983  4.33564632e-01  1.19873274e-01
9984  4.09933149e-01  1.18593952e-01
9985  3.92650838e-01  1.25534828e-01
9986  3.75197970e-01  1.32168560e-01
9987  3.57615685e-01  1.38471897e-01
9988  3.39907643e-01  1.44465000e-01
9989  3.22109664e-01  1.50152009e-01
9990  3.04160452e-01  1.55511176e-01
9991  2.86141520e-01  1.60666877e-01
9992  2.68042435e-01  1.65494476e-01
9993  2.49894752e-01  1.70090661e-01
9994  2.31643104e-01  1.74338898e-01
9995  2.13314328e-01  1.78406116e-01
9996  1.92651494e-01  1.82659423e-01
9997  1.92460453e-01  1.58820435e-01
9998  1.52086203e-01  1.66278680e-01
9999  1.34120571e-01  1.69212903e-01
10000  1.16036839e-01  1.71953711e-01
10001  9.78998512e-02  1.74443537e-01
10002  7.97047061e-02  1.76743587e-01
10003  6.15323904e-02  1.78813302e-01
10004  4.33496326e-02  1.80642046e-01
10005  2.52169348e-02  1.82226626e-01
10006  6.98442192e-03  1.83511276e-01
10007  -1.13677813e-02  1.84632910e-01
10008  -2.96101981e-02  1.85539501e-01
10009  -4.78280004e-02  1.86164740e-01
10010  -6.61271730e-02  1.86550675e-01
10011  -8.44440299e-02  1.86724048e-01
10012  -1.02724892e-01  1.86668732e-01
10013  -1.20957561e-01  1.86368880e-01
10014  -1.39196925e-01  1.85798660e-01
10015  -1.57526254e-01  1.84990990e-01
10016  -1.75938146e-01  1.83997226e-01
10017  -1.94274824e-01  1.82855405e-01
10018  -2.12539894e-01  1.81475468e-01
10019  -2.30871088e-01  1.79887487e-01
10020  -2.49273026e-01  1.78124791e-01
10021  -2.67550568e-01  1.76249647e-01
10022  -2.85781571e-01  1.74107819e-01
10023  -2.94408019e-01  1.73060265e-01
10024  -3.25627260e-01  1.92733678e-01
10025  -3.51276962e-01  1.88963965e-01
10026  -3.70035872e-01  1.86082915e-01
10027  -3.88789834e-01  1.83086464e-01
10028  -4.07533578e-01  1.79996190e-01
10029  -4.26250064e-01  1.76805176e-01
10030  -4.44972667e-01  1.73494147e-01
10031  -4.63711931e-01  1.70134359e-01
10032  -4.82392059e-01  1.66722296e-01
10033  -5.01010475e-01  1.63166288e-01
10034  -5.19650501e-01  1.59465598e-01
10035  -5.38329976e-01  1.55711506e-01
10036  -5.56980129e-01  1.51933199e-01
10037  -5.75621930e-01  1.48056744e-01
10038  -5.94263226e-01  1.44176341e-01
10039  -6.12838760e-01  1.40210680e-01
10040  -6.31459284e-01  1.36125580e-01
10041  -6.50066478e-01  1.32100818e-01
10042  -6.68624403e-01  1.27918206e-01
10043  -6.87270037e-01  1.23741549e-01
10044  -7.05872912e-01  1.19597228e-01
10045  -7.24402901e-01  1.15383985e-01
10046  -7.42984115e-01  1.11054333e-01
10047  -7.61607911e-01  1.06802509e-01
10048  -7.80152269e-01  1.02519020e-01
10049  -7.98693997e-01  9.81636658e-02
10050  -8.17225361e-01  9.37918968e-02
10051  -8.35768734e-01  8.93302204e-02
10052  -8.54355208e-01  8.49135051e-02
10053  -8.72883328e-01  8.04954565e-02
10054  -8.91369625e-01  7.60139391e-02
10055  -9.09850557e-01  7.14596598e-02
10056  -9.28377674e-01  6.68477900e-02
10057  -9.46939688e-01  6.22871743e-02
10058  -9.65438786e-01  5.77453896e-02
10059  -9.83921269e-01  5.31176614e-02
10060  -1.00245419e+00  4.84908487e-02
10061  -1.02097960e+00  4.38872514e-02
10062  -1.04897654e+00  4.77447510e-02
10063  -1.06756488e+00  4.30538067e-02
10064  -1.08615392e+00  3.83017630e-02
10065  -1.10474404e+00  3.35866399e-02
10066  -1.12329133e+00  2.87737944e-02
10067  -1.14184013e+00  2.38956998e-02
10068  -1.16039549e+00  1.90135961e-02
10069  -1.17892177e+00  1.41179204e-02
10070  -1.19738965e+00  9.08942122e-03
10071  -1.21455958e+00  4.42042894e-03
10072  -2.94397055e-01  1.93070949e-01
10073  -2.94407539e-01  1.73933982e-01
10074  -2.94418024e-01  1.54797015e-01
10075  -2.94428509e-01  1.35660048e-01
10076  -2.94438993e-01  1.16523081e-01
10077  -2.94449478e-01  9.73861137e-02
10078  -2.94459963e-01  7.82491471e-02
10079  -2.94470447e-01  5.91121801e-02
10080  -2.94480932e-01  3.99752131e-02
10081  -2.94491416e-01  2.08382461e-02
10082  -2.94501901e-01  1.70127867e-03
10083  -2.94512386e-01  -1.74356879e-02
10084  -2.94522870e-01  -3.65726549e-02
10085  -2.94533355e-01  -5.57096223e-02
10086  -2.94543840e-01  -7.48465889e-02
10087  -2.94554324e-01  -9.39835559e-02
10088  -2.94564809e-01  -1.13120523e-01
10089  1.92477576e-01  1.83915667e-01
10090  1.92464525e-01  1.64786574e-01
10091  1.92451474e-01  1.45657482e-01
10092  1.92438422e-01  1.26528389e-01
10093  1.92425371e-01  1.07399296e-01
10094  1.92412320e-01  8.82702037e-02
10095  1.92399269e-01  6.91411106e-02
10096  1.92386217e-01  5.00120180e-02
10097  1.92373166e-01  3.08829257e-02
10098  1.92360115e-01  1.17538326e-02
10099  1.92347063e-01  -7.37526011e-03
10100  1.92334012e-01  -2.65043524e-02
10101  1.92320961e-01  -4.56334451e-02
10102  1.92307910e-01  -6.47625382e-02
10103  1.92294858e-01  -8.38916309e-02
10104  1.92281807e-01  -1.03020723e-01
10105  1.92268756e-01  -1.22149816e-01
10106  1.92255704e-01  -1.41278909e-01
