1  -2.17990000e+00  -2.72837127e-02
2  -2.14437781e+00  -1.83734447e-02
3  -2.10847639e+00  -1.11575872e-02
4  -2.07226990e+00  -5.64184242e-03
5  -2.03587170e+00  -1.58312621e-03
6  -1.99931128e+00  5.80785686e-04
7  -1.96270496e+00  1.65558294e-03
8  -1.92608021e+00  1.57561019e-03
9  -1.88947272e+00  4.69168284e-04
10  -1.85290000e+00  -1.48036690e-03
11  -1.80329162e+00  -5.82353102e-03
12  -1.76827302e+00  -9.87910559e-03
13  -1.73334454e+00  -1.46487859e-02
14  -1.69852843e+00  -2.01780350e-02
15  -1.66384117e+00  -2.64659249e-02
16  -1.62925262e+00  -3.32786954e-02
17  -1.59479177e+00  -4.07094366e-02
18  -1.56045288e+00  -4.86853035e-02
19  -1.52625763e+00  -5.72562138e-02
20  -1.49220970e+00  -6.63932138e-02
21  -1.45823619e+00  -7.58057842e-02
22  -1.42438913e+00  -8.56596547e-02
23  -1.39065286e+00  -9.58897690e-02
24  -1.35698518e+00  -1.06343346e-01
25  -1.32341550e+00  -1.17107840e-01
26  -1.28990879e+00  -1.28066877e-01
27  -1.25649984e+00  -1.39320148e-01
28  -1.22313508e+00  -1.50703950e-01
29  -1.18981956e+00  -1.62230540e-01
30  -1.15657204e+00  -1.73952480e-01
31  -1.12340489e+00  -1.85899975e-01
32  -1.09022908e+00  -1.97823381e-01
33  -1.05706376e+00  -2.09775883e-01
34  -1.02392517e+00  -2.21802246e-01
35  -9.90852195e-01  -2.34008010e-01
36  -9.57781339e-01  -2.46219508e-01
37  -9.24706450e-01  -2.58420075e-01
38  -8.91628221e-01  -2.70611578e-01
39  -8.58565724e-01  -2.82845691e-01
40  -8.25475813e-01  -2.95005395e-01
41  -7.92380992e-01  -3.07151791e-01
42  -7.59288458e-01  -3.19304392e-01
43  -7.26164565e-01  -3.31371274e-01
44  -6.92992228e-01  -3.43304132e-01
45  -6.59785241e-01  -3.55140400e-01
46  -6.26549048e-01  -3.66894442e-01
47  -5.93269090e-01  -3.78523878e-01
48  -5.59954615e-01  -3.90053963e-01
49  -5.26596185e-01  -4.01455722e-01
50  -4.93139675e-01  -4.12567155e-01
51  -4.59582393e-01  -4.23369708e-01
52  -4.25967730e-01  -4.33992758e-01
53  -3.92293220e-01  -4.44424404e-01
54  -3.44000000e-01  -4.58740223e-01
55  -3.10382308e-01  -4.68300671e-01
56  -2.76629213e-01  -4.77368423e-01
57  -2.42781042e-01  -4.86074093e-01
58  -2.08826751e-01  -4.94352069e-01
59  -1.74668481e-01  -5.01752338e-01
60  -1.40401138e-01  -5.08626356e-01
61  -1.06006369e-01  -5.14815257e-01
62  -7.14866037e-02  -5.20273280e-01
63  -3.68586560e-02  -5.25005574e-01
64  -2.09938429e-03  -5.28657750e-01
65  3.27469670e-02  -5.31320830e-01
66  6.76526564e-02  -5.32997338e-01
67  1.02592134e-01  -5.33614381e-01
68  1.37534394e-01  -5.33090804e-01
69  1.72437791e-01  -5.31297408e-01
70  2.07236220e-01  -5.28041740e-01
71  2.41900000e-01  -5.23584076e-01
72  2.81617962e-01  -5.17061400e-01
73  3.16062088e-01  -5.10129481e-01
74  3.50238171e-01  -5.01991685e-01
75  3.84134465e-01  -4.92749509e-01
76  4.17751000e-01  -4.82534017e-01
77  4.51081154e-01  -4.71417513e-01
78  4.84125300e-01  -4.59475572e-01
79  5.16853072e-01  -4.46695220e-01
80  5.49197123e-01  -4.32970499e-01
81  5.81192712e-01  -4.18449336e-01
82  6.12849077e-01  -4.03206126e-01
83  6.44044195e-01  -3.87038746e-01
84  6.74820430e-01  -3.70086616e-01
85  7.05167466e-01  -3.52379522e-01
86  7.35048772e-01  -3.33895711e-01
87  7.69400000e-01  -3.11018600e-01
88  7.97706969e-01  -2.91116219e-01
89  8.25368641e-01  -2.70328298e-01
90  8.52364494e-01  -2.48684484e-01
91  8.78600623e-01  -2.26125389e-01
92  9.03949742e-01  -2.02573926e-01
93  9.28433520e-01  -1.78123139e-01
94  9.51678075e-01  -1.52496631e-01
95  9.73382688e-01  -1.25559088e-01
96  9.93178516e-01  -9.71967095e-02
97  1.00963978e+00  -6.67945050e-02
98  1.02126099e+00  -3.42466426e-02
99  1.02580000e+00  0.00000000e+00
100  1.02102082e+00  3.47858418e-02
101  1.00778855e+00  6.73197313e-02
102  9.88645959e-01  9.68092987e-02
103  9.66452020e-01  1.24093923e-01
104  9.41971370e-01  1.49355205e-01
105  9.15813405e-01  1.72887264e-01
106  8.88294874e-01  1.94814154e-01
107  8.59804916e-01  2.15463658e-01
108  8.30328523e-01  2.34682858e-01
109  8.00209135e-01  2.52873985e-01
110  7.69400000e-01  2.69874058e-01
111  7.34049385e-01  2.87691078e-01
112  7.03354720e-01  3.02038845e-01
113  6.72308901e-01  3.15611899e-01
114  6.40935846e-01  3.28410082e-01
115  6.09235840e-01  3.40376300e-01
116  5.77255090e-01  3.51572035e-01
117  5.45021368e-01  3.62016992e-01
118  5.12543046e-01  3.71674176e-01
119  4.79861245e-01  3.80618930e-01
120  4.47015953e-01  3.88943859e-01
121  4.13995051e-01  3.96538212e-01
122  3.80836148e-01  4.03508529e-01
123  3.47548585e-01  4.09830594e-01
124  3.14125900e-01  4.15388150e-01
125  2.80587473e-01  4.20213801e-01
126  2.41900000e-01  4.24965585e-01
127  2.07526127e-01  4.28266022e-01
128  1.73101689e-01  4.30992311e-01
129  1.38633972e-01  4.33098287e-01
130  1.04130234e-01  4.34450353e-01
131  6.96105054e-02  4.35363306e-01
132  3.50833568e-02  4.35889974e-01
133  5.51768164e-04  4.35911387e-01
134  -3.39749385e-02  4.35292174e-01
135  -6.84960274e-02  4.34417695e-01
136  -1.03007139e-01  4.33226124e-01
137  -1.37502288e-01  4.31648732e-01
138  -1.71976549e-01  4.29650209e-01
139  -2.06430096e-01  4.27319904e-01
140  -2.40853729e-01  4.24590675e-01
141  -2.75257868e-01  4.21621511e-01
142  -3.09643874e-01  4.18449378e-01
143  -3.44000000e-01  4.14966021e-01
144  -3.92616787e-01  4.09431177e-01
145  -4.26702879e-01  4.05309373e-01
146  -4.60767905e-01  4.01017488e-01
147  -4.94808887e-01  3.96539841e-01
148  -5.28814027e-01  3.91796022e-01
149  -5.62797746e-01  3.86901357e-01
150  -5.96753639e-01  3.81818879e-01
151  -6.30679917e-01  3.76541560e-01
152  -6.64572997e-01  3.71054180e-01
153  -6.98435053e-01  3.65378529e-01
154  -7.32286409e-01  3.59639314e-01
155  -7.66123882e-01  3.53819149e-01
156  -7.99919348e-01  3.47759508e-01
157  -8.33672388e-01  3.41468645e-01
158  -8.67407935e-01  3.35083879e-01
159  -9.01129918e-01  3.28628282e-01
160  -9.34818173e-01  3.21998435e-01
161  -9.68476892e-01  3.15220460e-01
162  -1.00212961e+00  3.08412538e-01
163  -1.03577400e+00  3.01563802e-01
164  -1.06939402e+00  2.94596224e-01
165  -1.10296934e+00  2.87416324e-01
166  -1.13653504e+00  2.80191604e-01
167  -1.17008710e+00  2.72903966e-01
168  -1.20361961e+00  2.65526722e-01
169  -1.23715117e+00  2.58145133e-01
170  -1.27064598e+00  2.50598927e-01
171  -1.30413627e+00  2.43032304e-01
172  -1.33761917e+00  2.35433149e-01
173  -1.37108160e+00  2.27744319e-01
174  -1.40452993e+00  2.19994299e-01
175  -1.43796668e+00  2.12194473e-01
176  -1.47137442e+00  2.04271564e-01
177  -1.50478151e+00  1.96345657e-01
178  -1.53817344e+00  1.88356433e-01
179  -1.57155402e+00  1.80319621e-01
180  -1.60495222e+00  1.72356765e-01
181  -1.63833634e+00  1.64336180e-01
182  -1.67166466e+00  1.56085564e-01
183  -1.70502880e+00  1.47980956e-01
184  -1.73839146e+00  1.39870512e-01
185  -1.77172179e+00  1.31627790e-01
186  -1.80505821e+00  1.23409729e-01
187  -1.85290000e+00  1.11586560e-01
188  -1.88568045e+00  1.03467347e-01
189  -1.91846425e+00  9.53616859e-02
190  -1.95125685e+00  8.72917294e-02
191  -1.98403295e+00  7.91551282e-02
192  -2.01678338e+00  7.09157593e-02
193  -2.04947466e+00  6.24446631e-02
194  -2.08213831e+00  5.38677363e-02
195  -2.11477575e+00  4.51916371e-02
196  -2.14736056e+00  3.63205293e-02
197  -3.09672275e-01  3.84343607e-01
198  -3.09700676e-01  3.50237836e-01
199  -3.09729078e-01  3.16132064e-01
200  -3.09757479e-01  2.82026293e-01
201  -3.09785880e-01  2.47920522e-01
202  -3.09814282e-01  2.13814751e-01
203  -3.09842683e-01  1.79708980e-01
204  -3.09871084e-01  1.45603209e-01
205  -3.09899486e-01  1.11497438e-01
206  -3.09927887e-01  7.73916666e-02
207  -3.09956288e-01  4.32858955e-02
208  -3.09984690e-01  9.18012434e-03
209  -3.10013091e-01  -2.49256468e-02
210  -3.10041492e-01  -5.90314179e-02
211  -3.10069894e-01  -9.31371890e-02
212  -3.10098295e-01  -1.27242960e-01
213  -3.10126696e-01  -1.61348731e-01
214  -3.10155098e-01  -1.95454502e-01
215  -3.10183499e-01  -2.29560274e-01
216  -3.10211900e-01  -2.63666045e-01
217  -3.10240301e-01  -2.97771816e-01
218  -3.10268703e-01  -3.31877587e-01
219  -3.10297104e-01  -3.65983358e-01
220  -3.10325505e-01  -4.00089129e-01
221  -3.10353907e-01  -4.34194900e-01
222  2.07515773e-01  3.94112174e-01
223  2.07505420e-01  3.59958325e-01
224  2.07495066e-01  3.25804476e-01
225  2.07484712e-01  2.91650628e-01
226  2.07474358e-01  2.57496779e-01
227  2.07464004e-01  2.23342930e-01
228  2.07453650e-01  1.89189082e-01
229  2.07443297e-01  1.55035233e-01
230  2.07432943e-01  1.20881384e-01
231  2.07422589e-01  8.67275358e-02
232  2.07412235e-01  5.25736871e-02
233  2.07401881e-01  1.84198385e-02
234  2.07391527e-01  -1.57340102e-02
235  2.07381174e-01  -4.98878588e-02
236  2.07370820e-01  -8.40417075e-02
237  2.07360466e-01  -1.18195556e-01
238  2.07350112e-01  -1.52349405e-01
239  2.07339758e-01  -1.86503253e-01
240  2.07329405e-01  -2.20657102e-01
241  2.07319051e-01  -2.54810951e-01
242  2.07308697e-01  -2.88964799e-01
243  2.07298343e-01  -3.23118648e-01
244  2.07287989e-01  -3.57272497e-01
245  2.07277635e-01  -3.91426345e-01
246  2.07267282e-01  -4.25580194e-01
247  2.07256928e-01  -4.59734043e-01
248  2.07246574e-01  -4.93887891e-01
2497  -2.17895314e+00  -2.65307155e-02
2498  -2.14448793e+00  -1.78857215e-02
2499  -2.10856333e+00  -1.06652034e-02
2500  -2.07233527e+00  -5.14613402e-03
2501  -2.03591419e+00  -1.08493495e-03
2502  -1.99933339e+00  1.08029657e-03
2503  -1.96271175e+00  2.15553681e-03
2504  -1.92607211e+00  2.07554459e-03
2505  -1.88945186e+00  9.68732889e-04
2506  -1.85286488e+00  -9.81601592e-04
2507  -1.80324105e+00  -5.32609487e-03
2508  -1.76821043e+00  -9.38303844e-03
2509  -1.73327150e+00  -1.41541497e-02
2510  -1.69844462e+00  -1.96851089e-02
2511  -1.66374826e+00  -2.59746326e-02
2512  -1.62915161e+00  -3.27890054e-02
2513  -1.59468251e+00  -4.02215206e-02
2514  -1.56033553e+00  -4.81992690e-02
2515  -1.52613205e+00  -5.67722416e-02
2516  -1.49207815e+00  -6.59108288e-02
2517  -1.45809956e+00  -7.53248151e-02
2518  -1.42424670e+00  -8.51803703e-02
2519  -1.39050618e+00  -9.54117680e-02
2520  -1.35683471e+00  -1.05866525e-01
2521  -1.32326145e+00  -1.16632164e-01
2522  -1.28975127e+00  -1.27592338e-01
2523  -1.25633931e+00  -1.38846619e-01
2524  -1.22297261e+00  -1.50231083e-01
2525  -1.18965469e+00  -1.61758504e-01
2526  -1.15640419e+00  -1.73481497e-01
2527  -1.12323561e+00  -1.85429503e-01
2528  -1.09005976e+00  -1.97352922e-01
2529  -1.05689371e+00  -2.09305687e-01
2530  -1.02375333e+00  -2.21332704e-01
2531  -9.90679040e-01  -2.33538950e-01
2532  -9.57608220e-01  -2.45750434e-01
2533  -9.24533473e-01  -2.57950949e-01
2534  -8.91455006e-01  -2.70142540e-01
2535  -8.58392735e-01  -2.82376570e-01
2536  -8.25303446e-01  -2.94536045e-01
2537  -7.92208675e-01  -3.06682422e-01
2538  -7.59116705e-01  -3.18834817e-01
2539  -7.25994370e-01  -3.30901132e-01
2540  -6.92823669e-01  -3.42833401e-01
2541  -6.59617950e-01  -3.54669217e-01
2542  -6.26383223e-01  -3.66422741e-01
2543  -5.93104853e-01  -3.78051621e-01
2544  -5.59791992e-01  -3.89581148e-01
2545  -5.26436530e-01  -4.00981897e-01
2546  -4.92984270e-01  -4.12091919e-01
2547  -4.59430452e-01  -4.22893353e-01
2548  -4.25818419e-01  -4.33515572e-01
2549  -3.92148188e-01  -4.43945900e-01
2550  -3.43860560e-01  -4.58260060e-01
2551  -3.09017190e-01  -4.68159368e-01
2552  -2.76502076e-01  -4.76884857e-01
2553  -2.42659552e-01  -4.85589077e-01
2554  -2.08714593e-01  -4.93864811e-01
2555  -1.74566374e-01  -5.01262875e-01
2556  -1.40307690e-01  -5.08135166e-01
2557  -1.05923048e-01  -5.14322248e-01
2558  -7.14137058e-02  -5.19778623e-01
2559  -3.67986743e-02  -5.24509185e-01
2560  -2.05420558e-03  -5.28159795e-01
2561  3.27780140e-02  -5.30821795e-01
2562  6.76690663e-02  -5.32497607e-01
2563  1.02592803e-01  -5.33114381e-01
2564  1.37517817e-01  -5.32591079e-01
2565  1.72401667e-01  -5.30798715e-01
2566  2.08601419e-01  -5.27387070e-01
2567  2.41827589e-01  -5.23089347e-01
2568  2.81528110e-01  -5.16569540e-01
2569  3.15954838e-01  -5.09641119e-01
2570  3.50114481e-01  -5.01507226e-01
2571  3.83995998e-01  -4.92269065e-01
2572  4.17599199e-01  -4.82057617e-01
2573  4.50917073e-01  -4.70945202e-01
2574  4.83949377e-01  -4.59007543e-01
2575  5.16664458e-01  -4.46232160e-01
2576  5.48996133e-01  -4.32512675e-01
2577  5.80980918e-01  -4.17996409e-01
2578  6.12625557e-01  -4.02758869e-01
2579  6.43808524e-01  -3.86597771e-01
2580  6.74573801e-01  -3.69651674e-01
2581  7.04909936e-01  -3.51950945e-01
2582  7.34778642e-01  -3.33474962e-01
2583  7.69117612e-01  -3.10605978e-01
2584  7.97412950e-01  -2.90711802e-01
2585  8.25062029e-01  -2.69933343e-01
2586  8.52045072e-01  -2.48299816e-01
2587  8.78267405e-01  -2.25752608e-01
2588  9.03602865e-01  -2.02213820e-01
2589  9.28071579e-01  -1.77778177e-01
2590  9.51298069e-01  -1.52171677e-01
2591  9.72982776e-01  -1.25258971e-01
2592  9.92752989e-01  -9.69341710e-02
2593  1.00918315e+00  -6.65908082e-02
2594  1.02077501e+00  -3.41290757e-02
2595  1.02529547e+00  -1.20155832e-06
2596  1.02053781e+00  3.46566198e-02
2597  1.00734529e+00  6.70883867e-02
2598  9.88241744e-01  9.65150019e-02
2599  9.66078198e-01  1.23761873e-01
2600  9.41624436e-01  1.48995154e-01
2601  9.15490267e-01  1.72505713e-01
2602  8.87992288e-01  1.94416107e-01
2603  8.59521570e-01  2.15051693e-01
2604  8.30062692e-01  2.34259380e-01
2605  7.99959060e-01  2.52441016e-01
2606  7.69166661e-01  2.69431845e-01
2607  7.33830978e-01  2.87241302e-01
2608  7.03148694e-01  3.01583265e-01
2609  6.72114311e-01  3.15151318e-01
2610  6.40753111e-01  3.27944670e-01
2611  6.09064934e-01  3.39906416e-01
2612  5.77095411e-01  3.51098218e-01
2613  5.44873040e-01  3.61539500e-01
2614  5.12405789e-01  3.71193384e-01
2615  4.79733821e-01  3.80135439e-01
2616  4.46898490e-01  3.88457852e-01
2617  4.13887584e-01  3.96049898e-01
2618  3.80738068e-01  4.03018243e-01
2619  3.47460925e-01  4.09338338e-01
2620  3.14049284e-01  4.14894055e-01
2621  2.80521388e-01  4.19718187e-01
2622  2.41845624e-01  4.24468551e-01
2623  2.08890939e-01  4.27644550e-01
2624  1.73066704e-01  4.30493536e-01
2625  1.38608935e-01  4.32598914e-01
2626  1.04113835e-01  4.33950622e-01
2627  6.96000827e-02  4.34863415e-01
2628  3.50793887e-02  4.35389990e-01
2629  5.56096185e-04  4.35411406e-01
2630  -3.39641247e-02  4.34792291e-01
2631  -6.84810697e-02  4.33917919e-01
2632  -1.02987092e-01  4.32726526e-01
2633  -1.37476399e-01  4.31149403e-01
2634  -1.71945210e-01  4.29151192e-01
2635  -2.06393466e-01  4.26821248e-01
2636  -2.40812474e-01  4.24092380e-01
2637  -2.75213407e-01  4.21123492e-01
2638  -3.08279182e-01  4.18079167e-01
2639  -3.43946502e-01  4.14468891e-01
2640  -3.92558496e-01  4.08934587e-01
2641  -4.26641616e-01  4.04813140e-01
2642  -4.60704051e-01  4.00521582e-01
2643  -4.94741742e-01  3.96044370e-01
2644  -5.28743846e-01  3.91300972e-01
2645  -5.62725099e-01  3.86406663e-01
2646  -5.96678205e-01  3.81324602e-01
2647  -6.30601535e-01  3.76047742e-01
2648  -6.64491715e-01  3.70560831e-01
2649  -6.98351938e-01  3.64885486e-01
2650  -7.32202241e-01  3.59146449e-01
2651  -7.66037381e-01  3.53326688e-01
2652  -7.99829419e-01  3.47267662e-01
2653  -8.33580092e-01  3.40977237e-01
2654  -8.67314440e-01  3.34592698e-01
2655  -9.01034638e-01  3.28137444e-01
2656  -9.34720546e-01  3.21508059e-01
2657  -9.68377969e-01  3.14730344e-01
2658  -1.00203017e+00  3.07922526e-01
2659  -1.03567340e+00  3.01074027e-01
2660  -1.06929101e+00  2.94106951e-01
2661  -1.10286446e+00  2.86927449e-01
2662  -1.13642937e+00  2.79702898e-01
2663  -1.16998032e+00  2.72415501e-01
2664  -1.20351215e+00  2.65038407e-01
2665  -1.23704248e+00  2.57657090e-01
2666  -1.27053594e+00  2.50111186e-01
2667  -1.30402584e+00  2.42544651e-01
2668  -1.33750785e+00  2.34945698e-01
2669  -1.37096918e+00  2.27257120e-01
2670  -1.40441671e+00  2.19507287e-01
2671  -1.43785220e+00  2.11707756e-01
2672  -1.47125902e+00  2.03785063e-01
2673  -1.50466563e+00  1.95859271e-01
2674  -1.53805675e+00  1.87870240e-01
2675  -1.57143752e+00  1.79833382e-01
2676  -1.60483584e+00  1.71870498e-01
2677  -1.63821786e+00  1.63850420e-01
2678  -1.67154557e+00  1.55599953e-01
2679  -1.70491073e+00  1.47495096e-01
2680  -1.73827239e+00  1.39384897e-01
2681  -1.77160193e+00  1.31142368e-01
2682  -1.80493839e+00  1.22924297e-01
2683  -1.85277992e+00  1.11101194e-01
2684  -1.88556034e+00  1.02981988e-01
2685  -1.91834451e+00  9.48762365e-02
2686  -1.95113688e+00  8.68063366e-02
2687  -1.98391172e+00  7.86700471e-02
2688  -2.01665967e+00  7.04313039e-02
2689  -2.04934846e+00  6.19608525e-02
2690  -2.08201059e+00  5.33843241e-02
2691  -2.11464585e+00  4.47088058e-02
2692  -2.14704544e+00  3.59323288e-02
2693  -3.08307275e-01  3.84342470e-01
2694  -3.08335676e-01  3.50236699e-01
2695  -3.08364078e-01  3.16130927e-01
2696  -3.08392479e-01  2.82025156e-01
2697  -3.08420880e-01  2.47919385e-01
2698  -3.08449282e-01  2.13813614e-01
2699  -3.08477683e-01  1.79707843e-01
2700  -3.08506084e-01  1.45602072e-01
2701  -3.08534486e-01  1.11496301e-01
2702  -3.08562887e-01  7.73905299e-02
2703  -3.08591288e-01  4.32847588e-02
2704  -3.08619690e-01  9.17898764e-03
2705  -3.08648091e-01  -2.49267835e-02
2706  -3.08676492e-01  -5.90325546e-02
2707  -3.08704894e-01  -9.31383257e-02
2708  -3.08733295e-01  -1.27244097e-01
2709  -3.08761696e-01  -1.61349868e-01
2710  -3.08790098e-01  -1.95455639e-01
2711  -3.08818499e-01  -2.29561411e-01
2712  -3.08846900e-01  -2.63667182e-01
2713  -3.08875301e-01  -2.97772953e-01
2714  -3.08903703e-01  -3.31878724e-01
2715  -3.08932104e-01  -3.65984495e-01
2716  -3.08960505e-01  -4.00090266e-01
2717  -3.08988907e-01  -4.34196037e-01
2718  2.08880773e-01  3.94111760e-01
2719  2.08870420e-01  3.59957911e-01
2720  2.08860066e-01  3.25804062e-01
2721  2.08849712e-01  2.91650214e-01
2722  2.08839358e-01  2.57496365e-01
2723  2.08829004e-01  2.23342516e-01
2724  2.08818650e-01  1.89188668e-01
2725  2.08808297e-01  1.55034819e-01
2726  2.08797943e-01  1.20880970e-01
2727  2.08787589e-01  8.67271220e-02
2728  2.08777235e-01  5.25732733e-02
2729  2.08766881e-01  1.84194247e-02
2730  2.08756527e-01  -1.57344240e-02
2731  2.08746174e-01  -4.98882726e-02
2732  2.08735820e-01  -8.40421213e-02
2733  2.08725466e-01  -1.18195970e-01
2734  2.08715112e-01  -1.52349819e-01
2735  2.08704758e-01  -1.86503667e-01
2736  2.08694405e-01  -2.20657516e-01
2737  2.08684051e-01  -2.54811365e-01
2738  2.08673697e-01  -2.88965213e-01
2739  2.08663343e-01  -3.23119062e-01
2740  2.08652989e-01  -3.57272911e-01
2741  2.08642635e-01  -3.91426759e-01
2742  2.08632282e-01  -4.25580608e-01
2743  2.08621928e-01  -4.59734457e-01
2744  2.08611574e-01  -4.93888305e-01
4993  -2.17447449e+00  -2.29690388e-02
4994  -2.14500879e+00  -1.55787905e-02
4995  -2.10897454e+00  -8.33622780e-03
4996  -2.07264447e+00  -2.80143327e-03
4997  -2.03611517e+00  1.27150973e-03
4998  -1.99943797e+00  3.44298307e-03
4999  -1.96274388e+00  4.52031859e-03
5000  -1.92603380e+00  4.44023428e-03
5001  -1.88935318e+00  3.33167347e-03
5002  -1.85269878e+00  1.37755832e-03
5003  -1.80300186e+00  -2.97322190e-03
5004  -1.76791438e+00  -7.03664084e-03
5005  -1.73292601e+00  -1.18145204e-02
5006  -1.69804821e+00  -1.73535685e-02
5007  -1.66330881e+00  -2.36508198e-02
5008  -1.62867381e+00  -3.04727716e-02
5009  -1.59416570e+00  -3.79136779e-02
5010  -1.55978048e+00  -4.59003255e-02
5011  -1.52553804e+00  -5.44830532e-02
5012  -1.49145593e+00  -6.36291476e-02
5013  -1.45745328e+00  -7.30498313e-02
5014  -1.42357300e+00  -8.29133552e-02
5015  -1.38981238e+00  -9.31508235e-02
5016  -1.35612298e+00  -1.03611159e-01
5017  -1.32253277e+00  -1.14382218e-01
5018  -1.28900620e+00  -1.25347769e-01
5019  -1.25557999e+00  -1.36606828e-01
5020  -1.22220412e+00  -1.47994421e-01
5021  -1.18887486e+00  -1.59525771e-01
5022  -1.15561024e+00  -1.71253745e-01
5023  -1.12243491e+00  -1.83204170e-01
5024  -1.08925890e+00  -1.95127649e-01
5025  -1.05608939e+00  -2.07081661e-01
5026  -1.02294051e+00  -2.19111769e-01
5027  -9.89860015e-01  -2.31320297e-01
5028  -9.56789370e-01  -2.43531717e-01
5029  -9.23715293e-01  -2.55731984e-01
5030  -8.90635701e-01  -2.67923990e-01
5031  -8.57574495e-01  -2.80157626e-01
5032  -8.24488149e-01  -2.92316019e-01
5033  -7.91393617e-01  -3.04462309e-01
5034  -7.58304313e-01  -3.16613726e-01
5035  -7.25189347e-01  -3.28677359e-01
5036  -6.92026382e-01  -3.40606843e-01
5037  -6.58826662e-01  -3.52440520e-01
5038  -6.25598873e-01  -3.64191593e-01
5039  -5.92328015e-01  -3.75817847e-01
5040  -5.59022788e-01  -3.87344734e-01
5041  -5.25681364e-01  -3.98740703e-01
5042  -4.92249202e-01  -4.09844053e-01
5043  -4.58711770e-01  -4.20640195e-01
5044  -4.25112179e-01  -4.31258483e-01
5045  -3.91462187e-01  -4.41682578e-01
5046  -3.43201008e-01  -4.55988889e-01
5047  -2.96518020e-01  -4.69161679e-01
5048  -2.75900718e-01  -4.74597589e-01
5049  -2.42084904e-01  -4.83294954e-01
5050  -2.08184086e-01  -4.91560079e-01
5051  -1.74083408e-01  -4.98947714e-01
5052  -1.39865679e-01  -5.05811838e-01
5053  -1.05528938e-01  -5.11990317e-01
5054  -7.10688989e-02  -5.17438893e-01
5055  -3.65149606e-02  -5.22161264e-01
5056  -1.84051025e-03  -5.25804470e-01
5057  3.29248664e-02  -5.28461359e-01
5058  6.77466850e-02  -5.30133881e-01
5059  1.02595967e-01  -5.30749384e-01
5060  1.37439409e-01  -5.30227379e-01
5061  1.72230799e-01  -5.28439895e-01
5062  2.21102561e-01  -5.23619358e-01
5063  2.41485084e-01  -5.20749280e-01
5064  2.81103111e-01  -5.14243040e-01
5065  3.15447547e-01  -5.07331167e-01
5066  3.49529427e-01  -4.99215733e-01
5067  3.83341047e-01  -4.89996563e-01
5068  4.16881182e-01  -4.79804247e-01
5069  4.50140971e-01  -4.68711172e-01
5070  4.83117264e-01  -4.56793765e-01
5071  5.15772315e-01  -4.44041884e-01
5072  5.48045449e-01  -4.30347167e-01
5073  5.79979132e-01  -4.15854062e-01
5074  6.11568305e-01  -4.00643345e-01
5075  6.42693798e-01  -3.84511959e-01
5076  6.73407248e-01  -3.67594400e-01
5077  7.03691820e-01  -3.49923775e-01
5078  7.33500930e-01  -3.31484817e-01
5079  7.67781918e-01  -3.08654274e-01
5080  7.96022240e-01  -2.88798912e-01
5081  8.23611757e-01  -2.68065207e-01
5082  8.50534207e-01  -2.46480335e-01
5083  8.76691283e-01  -2.23989354e-01
5084  9.01962136e-01  -2.00510519e-01
5085  9.26359600e-01  -1.76146505e-01
5086  9.49500639e-01  -1.50634644e-01
5087  9.71091190e-01  -1.23839419e-01
5088  9.90740244e-01  -9.56923641e-02
5089  1.00702331e+00  -6.56273224e-02
5090  1.01847632e+00  -3.35729845e-02
5091  1.02290903e+00  -6.88492918e-06
5092  1.01825315e+00  3.40453999e-02
5093  1.00524867e+00  6.59941269e-02
5094  9.86329810e-01  9.51229779e-02
5095  9.64310020e-01  1.22191277e-01
5096  9.39983440e-01  1.47292111e-01
5097  9.13961821e-01  1.70700974e-01
5098  8.86561054e-01  1.92533345e-01
5099  8.58181344e-01  2.13103099e-01
5100  8.28805309e-01  2.32256329e-01
5101  7.98776203e-01  2.50393072e-01
5102  7.68062966e-01  2.67340175e-01
5103  7.32797913e-01  2.85113862e-01
5104  7.02174189e-01  2.99428372e-01
5105  6.71193900e-01  3.12972771e-01
5106  6.39888776e-01  3.25743273e-01
5107  6.08256547e-01  3.37683864e-01
5108  5.76340127e-01  3.48857064e-01
5109  5.44171448e-01  3.59280962e-01
5110  5.11756566e-01  3.68919240e-01
5111  4.79131105e-01  3.77848529e-01
5112  4.46342887e-01  3.86159042e-01
5113  4.13379266e-01  3.93740171e-01
5114  3.80274150e-01  4.00699190e-01
5115  3.47046294e-01  4.07009968e-01
5116  3.13686889e-01  4.12556985e-01
5117  2.80208805e-01  4.17373936e-01
5118  2.41588425e-01  4.22117578e-01
5119  2.21389888e-01  4.24175586e-01
5120  1.72901223e-01  4.28134333e-01
5121  1.38490510e-01  4.30236881e-01
5122  1.04036269e-01  4.31586894e-01
5123  6.95507835e-02  4.32498929e-01
5124  3.50606195e-02  4.33025064e-01
5125  5.76567722e-04  4.33046494e-01
5126  -3.39129752e-02  4.32427844e-01
5127  -6.84103197e-02  4.31553977e-01
5128  -1.02892270e-01  4.30363428e-01
5129  -1.37353943e-01  4.28787575e-01
5130  -1.71796974e-01  4.26790842e-01
5131  -2.06220206e-01  4.24462603e-01
5132  -2.40617339e-01  4.21735444e-01
5133  -2.75003106e-01  4.18767860e-01
5134  -2.95780148e-01  4.16913242e-01
5135  -3.43693456e-01  4.12117468e-01
5136  -3.92282777e-01  4.06585714e-01
5137  -4.26351842e-01  4.02465960e-01
5138  -4.60402020e-01  3.98175947e-01
5139  -4.94424145e-01  3.93700792e-01
5140  -5.28411889e-01  3.88959385e-01
5141  -5.62381476e-01  3.84066759e-01
5142  -5.96321403e-01  3.78986672e-01
5143  -6.30230789e-01  3.73711982e-01
5144  -6.64107251e-01  3.68227290e-01
5145  -6.97958802e-01  3.62553390e-01
5146  -7.31804128e-01  3.56815198e-01
5147  -7.65628230e-01  3.50997349e-01
5148  -7.99404056e-01  3.44941228e-01
5149  -8.33143534e-01  3.38652879e-01
5150  -8.66872209e-01  3.32269412e-01
5151  -9.00583965e-01  3.25815781e-01
5152  -9.34258771e-01  3.19188578e-01
5153  -9.67910061e-01  3.12412093e-01
5154  -1.00155983e+00  3.05604768e-01
5155  -1.03519755e+00  2.98757392e-01
5156  -1.06880376e+00  2.91792688e-01
5157  -1.10236835e+00  2.84615068e-01
5158  -1.13592956e+00  2.77391316e-01
5159  -1.16947525e+00  2.70105062e-01
5160  -1.20300384e+00  2.62728677e-01
5161  -1.23652835e+00  2.55348649e-01
5162  -1.27001544e+00  2.47804173e-01
5163  -1.30350352e+00  2.40238050e-01
5164  -1.33698132e+00  2.32640054e-01
5165  -1.37043746e+00  2.24952669e-01
5166  -1.40388116e+00  2.17203722e-01
5167  -1.43731070e+00  2.09405583e-01
5168  -1.47071318e+00  2.01483916e-01
5169  -1.50411750e+00  1.93558667e-01
5170  -1.53750480e+00  1.85570549e-01
5171  -1.57088648e+00  1.77533474e-01
5172  -1.60428535e+00  1.69570456e-01
5173  -1.63765747e+00  1.61552773e-01
5174  -1.67098229e+00  1.53303013e-01
5175  -1.70435227e+00  1.45196977e-01
5176  -1.73770917e+00  1.37087940e-01
5177  -1.77103501e+00  1.28846322e-01
5178  -1.80437166e+00  1.20628205e-01
5179  -1.85221192e+00  1.08805414e-01
5180  -1.88499222e+00  1.00686238e-01
5181  -1.91777811e+00  9.25800607e-02
5182  -1.95056940e+00  8.45104284e-02
5183  -1.98333831e+00  7.63756134e-02
5184  -2.01607455e+00  6.81398298e-02
5185  -2.04875151e+00  5.96724283e-02
5186  -2.08140647e+00  5.10977845e-02
5187  -2.11403143e+00  4.24250135e-02
5188  -2.14555492e+00  3.40961405e-02
5189  -2.95807280e-01  3.84332061e-01
5190  -2.95835681e-01  3.50226290e-01
5191  -2.95864083e-01  3.16120518e-01
5192  -2.95892484e-01  2.82014747e-01
5193  -2.95920885e-01  2.47908976e-01
5194  -2.95949287e-01  2.13803205e-01
5195  -2.95977688e-01  1.79697434e-01
5196  -2.96006089e-01  1.45591663e-01
5197  -2.96034491e-01  1.11485892e-01
5198  -2.96062892e-01  7.73801208e-02
5199  -2.96091293e-01  4.32743495e-02
5200  -2.96119695e-01  9.16857830e-03
5201  -2.96148096e-01  -2.49371926e-02
5202  -2.96176497e-01  -5.90429639e-02
5203  -2.96204899e-01  -9.31487350e-02
5204  -2.96233300e-01  -1.27254506e-01
5205  -2.96261701e-01  -1.61360277e-01
5206  -2.96290103e-01  -1.95466048e-01
5207  -2.96318504e-01  -2.29571820e-01
5208  -2.96346905e-01  -2.63677591e-01
5209  -2.96375306e-01  -2.97783362e-01
5210  -2.96403708e-01  -3.31889133e-01
5211  -2.96432109e-01  -3.65994904e-01
5212  -2.96460510e-01  -4.00100675e-01
5213  -2.96488912e-01  -4.34206446e-01
5214  2.21380772e-01  3.94107971e-01
5215  2.21370419e-01  3.59954122e-01
5216  2.21360065e-01  3.25800273e-01
5217  2.21349711e-01  2.91646425e-01
5218  2.21339357e-01  2.57492576e-01
5219  2.21329003e-01  2.23338727e-01
5220  2.21318649e-01  1.89184879e-01
5221  2.21308296e-01  1.55031030e-01
5222  2.21297942e-01  1.20877181e-01
5223  2.21287588e-01  8.67233325e-02
5224  2.21277234e-01  5.25694838e-02
5225  2.21266880e-01  1.84156352e-02
5226  2.21256526e-01  -1.57382133e-02
5227  2.21246173e-01  -4.98920619e-02
5228  2.21235819e-01  -8.40459108e-02
5229  2.21225465e-01  -1.18199759e-01
5230  2.21215111e-01  -1.52353608e-01
5231  2.21204757e-01  -1.86507456e-01
5232  2.21194404e-01  -2.20661305e-01
5233  2.21184050e-01  -2.54815154e-01
5234  2.21173696e-01  -2.88969002e-01
5235  2.21163342e-01  -3.23122851e-01
5236  2.21152988e-01  -3.57276700e-01
5237  2.21142634e-01  -3.91430548e-01
5238  2.21132281e-01  -4.25584397e-01
5239  2.21121927e-01  -4.59738246e-01
5240  2.21111573e-01  -4.93892094e-01
7489  -2.17119646e+00  -2.03621626e-02
7490  -2.14539002e+00  -1.38902927e-02
7491  -2.10927552e+00  -6.63159495e-03
7492  -2.07287078e+00  -1.08529078e-03
7493  -2.03626228e+00  2.99624789e-03
7494  -1.99951452e+00  5.17228975e-03
7495  -1.96276739e+00  6.25115888e-03
7496  -1.92600576e+00  6.17100716e-03
7497  -1.88928096e+00  5.06116613e-03
7498  -1.85257721e+00  3.10428381e-03
7499  -1.79983155e+00  2.82120449e-02
7500  -1.76399055e+00  2.40628008e-02
7501  -1.72834692e+00  1.91952136e-02
7502  -1.69279408e+00  1.35489539e-02
7503  -1.65748424e+00  7.14928006e-03
7504  -1.62234109e+00  2.26875227e-04
7505  -1.58731591e+00  -7.32524770e-03
7506  -1.55242373e+00  -1.54298478e-02
7507  -1.51766504e+00  -2.41418688e-02
7508  -1.48320897e+00  -3.33874651e-02
7509  -1.44888745e+00  -4.28969168e-02
7510  -1.41464374e+00  -5.28660593e-02
7511  -1.38061671e+00  -6.31839871e-02
7512  -1.34668970e+00  -7.37182707e-02
7513  -1.31287485e+00  -8.45611486e-02
7514  -1.27913090e+00  -9.55979732e-02
7515  -1.24551593e+00  -1.06920360e-01
7516  -1.21201853e+00  -1.18349432e-01
7517  -1.17853892e+00  -1.29932866e-01
7518  -1.14508719e+00  -1.41726856e-01
7519  -1.11182236e+00  -1.53709333e-01
7520  -1.07864411e+00  -1.65633615e-01
7521  -1.04542882e+00  -1.77604144e-01
7522  -1.01216731e+00  -1.89675227e-01
7523  -9.79004559e-01  -2.01913991e-01
7524  -9.45936224e-01  -2.14124559e-01
7525  -9.12871036e-01  -2.26321547e-01
7526  -8.79776528e-01  -2.38519057e-01
7527  -8.46729452e-01  -2.50747479e-01
7528  -8.13682110e-01  -2.62891518e-01
7529  -7.80590737e-01  -2.75036648e-01
7530  -7.47536775e-01  -2.87175115e-01
7531  -7.14519480e-01  -2.99203207e-01
7532  -6.81459050e-01  -3.11095774e-01
7533  -6.48338843e-01  -3.22901100e-01
7534  -6.15202993e-01  -3.34619691e-01
7535  -5.82031698e-01  -3.46211132e-01
7536  -5.48827656e-01  -3.57703023e-01
7537  -5.15672291e-01  -3.69035650e-01
7538  -4.82506520e-01  -3.80050566e-01
7539  -4.49186270e-01  -3.90776562e-01
7540  -4.15751585e-01  -4.01342752e-01
7541  -3.82369846e-01  -4.11684227e-01
7542  -3.32903913e-01  -4.20530777e-01
7543  -2.83989000e-01  -4.34317529e-01
7544  -2.66512157e-01  -4.38888167e-01
7545  -2.33113343e-01  -4.47478490e-01
7546  -1.99901669e-01  -4.55578007e-01
7547  -1.66543214e-01  -4.62802820e-01
7548  -1.32964895e-01  -4.69539437e-01
7549  -9.93760002e-02  -4.75583597e-01
7550  -6.56856820e-02  -4.80910426e-01
7551  -3.20855490e-02  -4.85504911e-01
7552  1.49575712e-03  -4.89032507e-01
7553  3.52175642e-02  -4.91609609e-01
7554  6.89584882e-02  -4.93230772e-01
7555  1.02645362e-01  -4.93826417e-01
7556  1.36215276e-01  -4.93324677e-01
7557  1.69563170e-01  -4.91613387e-01
7558  2.33614245e-01  -4.85080066e-01
7559  2.36137802e-01  -4.84215535e-01
7560  2.75470124e-01  -4.83407327e-01
7561  3.08723842e-01  -4.76714774e-01
7562  3.41775055e-01  -4.68844013e-01
7563  3.74660253e-01  -4.59876544e-01
7564  4.07364497e-01  -4.49937804e-01
7565  4.39854418e-01  -4.39101063e-01
7566  4.72088330e-01  -4.27452083e-01
7567  5.03947742e-01  -4.15011707e-01
7568  5.35444968e-01  -4.01645257e-01
7569  5.66701335e-01  -3.87459136e-01
7570  5.97555358e-01  -3.72603925e-01
7571  6.27919087e-01  -3.56866351e-01
7572  6.57945605e-01  -3.40327032e-01
7573  6.87546764e-01  -3.23055413e-01
7574  7.16565968e-01  -3.05107198e-01
7575  7.66804292e-01  -3.07225776e-01
7576  7.95004346e-01  -2.87398821e-01
7577  8.22550268e-01  -2.66697873e-01
7578  8.49428369e-01  -2.45148613e-01
7579  8.75537682e-01  -2.22698786e-01
7580  9.00761248e-01  -1.99263832e-01
7581  9.25106561e-01  -1.74952246e-01
7582  9.48185057e-01  -1.49509653e-01
7583  9.69706693e-01  -1.22800414e-01
7584  9.89267068e-01  -9.47834559e-02
7585  1.00544247e+00  -6.49221242e-02
7586  1.01679385e+00  -3.31659680e-02
7587  1.02116234e+00  -1.10447241e-05
7588  1.01658096e+00  3.35980334e-02
7589  1.00371410e+00  6.51932120e-02
7590  9.84930419e-01  9.41041222e-02
7591  9.63015848e-01  1.21041721e-01
7592  9.38782355e-01  1.46045613e-01
7593  9.12843116e-01  1.69380043e-01
7594  8.85513499e-01  1.91155306e-01
7595  8.57200400e-01  2.11676877e-01
7596  8.27885000e-01  2.30790248e-01
7597  7.97910442e-01  2.48894132e-01
7598  7.67255145e-01  2.65809232e-01
7599  7.19105544e-01  2.56916509e-01
7600  6.89257980e-01  2.70867152e-01
7601  6.58994666e-01  2.84098034e-01
7602  6.28432766e-01  2.96565687e-01
7603  5.97542096e-01  3.08225890e-01
7604  5.66329508e-01  3.19152532e-01
7605  5.34872463e-01  3.29346023e-01
7606  5.03151675e-01  3.38777449e-01
7607  4.71142635e-01  3.47537540e-01
7608  4.38978870e-01  3.55690321e-01
7609  4.06641949e-01  3.63126771e-01
7610  3.74125324e-01  3.69962182e-01
7611  3.41550727e-01  3.76149468e-01
7612  3.08883669e-01  3.81581175e-01
7613  2.76065797e-01  3.86302933e-01
7614  2.38179483e-01  3.90957494e-01
7615  2.33878320e-01  3.86017201e-01
7616  1.70317702e-01  3.91301829e-01
7617  1.36641623e-01  3.93360201e-01
7618  1.02825279e-01  3.94683759e-01
7619  6.87811116e-02  3.95583951e-01
7620  3.47675896e-02  3.96103227e-01
7621  8.96174731e-04  3.96124878e-01
7622  -3.31144167e-02  3.95513481e-01
7623  -6.73057525e-02  3.94647503e-01
7624  -1.01411878e-01  3.93470117e-01
7625  -1.35442137e-01  3.91914103e-01
7626  -1.69482683e-01  3.89940442e-01
7627  -2.03515227e-01  3.87638819e-01
7628  -2.37570831e-01  3.84938342e-01
7629  -2.71719833e-01  3.81991128e-01
7630  -2.83310029e-01  3.81024927e-01
7631  -3.40339555e-01  3.80951411e-01
7632  -3.88628368e-01  3.75453463e-01
7633  -4.22511137e-01  3.71356143e-01
7634  -4.56398865e-01  3.67086617e-01
7635  -4.90214680e-01  3.62638723e-01
7636  -5.24012096e-01  3.57923703e-01
7637  -5.57827067e-01  3.53053390e-01
7638  -5.91592309e-01  3.47999459e-01
7639  -6.25316878e-01  3.42753539e-01
7640  -6.59011523e-01  3.37298254e-01
7641  -6.92748134e-01  3.31643511e-01
7642  -7.26527487e-01  3.25916513e-01
7643  -7.60205290e-01  3.20124004e-01
7644  -7.93766245e-01  3.14106397e-01
7645  -8.27357337e-01  3.07845548e-01
7646  -8.61010821e-01  3.01476299e-01
7647  -8.94610687e-01  2.95044176e-01
7648  -9.28138342e-01  2.88445903e-01
7649  -9.61708359e-01  2.81685710e-01
7650  -9.95325823e-01  2.74884922e-01
7651  -1.02889066e+00  2.68052428e-01
7652  -1.06234568e+00  2.61119167e-01
7653  -1.09579292e+00  2.53966488e-01
7654  -1.12930494e+00  2.46753330e-01
7655  -1.16278101e+00  2.39482214e-01
7656  -1.19626672e+00  2.32115234e-01
7657  -1.22971407e+00  2.24752288e-01
7658  -1.26311672e+00  2.17226741e-01
7659  -1.29658064e+00  2.09666079e-01
7660  -1.33000265e+00  2.02080771e-01
7661  -1.36338992e+00  1.94409193e-01
7662  -1.39678296e+00  1.86671980e-01
7663  -1.43013356e+00  1.78892301e-01
7664  -1.46347849e+00  1.70984226e-01
7665  -1.49685254e+00  1.63066174e-01
7666  -1.53018922e+00  1.55090163e-01
7667  -1.56358293e+00  1.47050202e-01
7668  -1.59698918e+00  1.39085419e-01
7669  -1.63022989e+00  1.31099483e-01
7670  -1.66351642e+00  1.22859089e-01
7671  -1.69695040e+00  1.14737430e-01
7672  -1.73024424e+00  1.06643785e-01
7673  -1.76352099e+00  9.84142484e-02
7674  -1.79686012e+00  9.01955176e-02
7675  -1.85179620e+00  1.07125077e-01
7676  -1.88457640e+00  9.90059239e-02
7677  -1.91736355e+00  9.08994348e-02
7678  -1.95015405e+00  8.28299984e-02
7679  -1.98291862e+00  7.46962626e-02
7680  -2.01564628e+00  6.64626452e-02
7681  -2.04831460e+00  5.79974760e-02
7682  -2.08096430e+00  4.94242115e-02
7683  -2.11358171e+00  4.07534514e-02
7684  -2.14446398e+00  3.27521904e-02
7685  -2.83307284e-01  3.84321652e-01
7686  -2.83335685e-01  3.50215881e-01
7687  -2.83364087e-01  3.16110109e-01
7688  -2.83392488e-01  2.82004338e-01
7689  -2.83420889e-01  2.47898567e-01
7690  -2.83449291e-01  2.13792796e-01
7691  -2.83477692e-01  1.79687025e-01
7692  -2.83506093e-01  1.45581254e-01
7693  -2.83534495e-01  1.11475483e-01
7694  -2.83562896e-01  7.73697116e-02
7695  -2.83591297e-01  4.32639401e-02
7696  -2.83619699e-01  9.15816896e-03
7697  -2.83648100e-01  -2.49476018e-02
7698  -2.83676501e-01  -5.90533733e-02
7699  -2.83704903e-01  -9.31591444e-02
7700  -2.83733304e-01  -1.27264915e-01
7701  -2.83761705e-01  -1.61370686e-01
7702  -2.83790107e-01  -1.95476457e-01
7703  -2.83818508e-01  -2.29582229e-01
7704  -2.83846909e-01  -2.63688000e-01
7705  -2.83875310e-01  -2.97793771e-01
7706  -2.83903712e-01  -3.31899542e-01
7707  -2.83932113e-01  -3.66005313e-01
7708  -2.83960514e-01  -4.00111084e-01
7709  -2.83988916e-01  -4.34216855e-01
7710  2.33880772e-01  3.94104182e-01
7711  2.33870419e-01  3.59950333e-01
7712  2.33860065e-01  3.25796483e-01
7713  2.33849711e-01  2.91642635e-01
7714  2.33839357e-01  2.57488786e-01
7715  2.33829003e-01  2.23334937e-01
7716  2.33818649e-01  1.89181090e-01
7717  2.33808296e-01  1.55027241e-01
7718  2.33797942e-01  1.20873391e-01
7719  2.33787588e-01  8.67195430e-02
7720  2.33777234e-01  5.25656943e-02
7721  2.33766880e-01  1.84118457e-02
7722  2.33756526e-01  -1.57420026e-02
7723  2.33746173e-01  -4.98958512e-02
7724  2.33735819e-01  -8.40497003e-02
7725  2.33725465e-01  -1.18203549e-01
7726  2.33715111e-01  -1.52357398e-01
7727  2.33704757e-01  -1.86511245e-01
7728  2.33694404e-01  -2.20665094e-01
7729  2.33684050e-01  -2.54818944e-01
7730  2.33673696e-01  -2.88972792e-01
7731  2.33663342e-01  -3.23126641e-01
7732  2.33652988e-01  -3.57280490e-01
7733  2.33642634e-01  -3.91434337e-01
7734  2.33632281e-01  -4.25588186e-01
7735  2.33621927e-01  -4.59742036e-01
7736  2.33611573e-01  -4.93895884e-01
9985  -2.16671781e+00  -1.68004859e-02
9986  -2.14591088e+00  -1.15833618e-02
9987  -2.10968674e+00  -4.30261938e-03
9988  -2.07317997e+00  1.25940997e-03
9989  -2.03646326e+00  5.35269257e-03
9990  -1.99961910e+00  7.53497625e-03
9991  -1.96279952e+00  8.61594066e-03
9992  -1.92596745e+00  8.53569685e-03
9993  -1.88918228e+00  7.42410671e-03
9994  -1.85241111e+00  5.46344372e-03
9995  -1.79959236e+00  3.05649179e-02
9996  -1.76369451e+00  2.64091984e-02
9997  -1.72800143e+00  2.15348430e-02
9998  -1.69239767e+00  1.58804943e-02
9999  -1.65704479e+00  9.47309286e-03
10000  -1.62186330e+00  2.54310903e-03
10001  -1.58679911e+00  -5.01740500e-03
10002  -1.55186868e+00  -1.31309043e-02
10003  -1.51707103e+00  -2.18526804e-02
10004  -1.48258676e+00  -3.11057839e-02
10005  -1.44824117e+00  -4.06219330e-02
10006  -1.41397004e+00  -5.05990442e-02
10007  -1.37992291e+00  -6.09230425e-02
10008  -1.34597797e+00  -7.14629054e-02
10009  -1.31214617e+00  -8.23112019e-02
10010  -1.27838583e+00  -9.33534040e-02
10011  -1.24475662e+00  -1.04680569e-01
10012  -1.21125004e+00  -1.16112770e-01
10013  -1.17775910e+00  -1.27700133e-01
10014  -1.14429325e+00  -1.39499105e-01
10015  -1.11102166e+00  -1.51484000e-01
10016  -1.07784324e+00  -1.63408343e-01
10017  -1.04462450e+00  -1.75380118e-01
10018  -1.01135450e+00  -1.87454292e-01
10019  -9.78185534e-01  -1.99695338e-01
10020  -9.45117373e-01  -2.11905841e-01
10021  -9.12052856e-01  -2.24102582e-01
10022  -8.78957223e-01  -2.36300507e-01
10023  -8.45911213e-01  -2.48528536e-01
10024  -8.12866813e-01  -2.60671492e-01
10025  -7.79775679e-01  -2.72816534e-01
10026  -7.46724383e-01  -2.84954024e-01
10027  -7.13714457e-01  -2.96979435e-01
10028  -6.80661764e-01  -3.08869216e-01
10029  -6.47547556e-01  -3.20672403e-01
10030  -6.14418642e-01  -3.32388544e-01
10031  -5.81254860e-01  -3.43977358e-01
10032  -5.48058451e-01  -3.55466609e-01
10033  -5.14917124e-01  -3.66794457e-01
10034  -4.81771452e-01  -3.77802701e-01
10035  -4.48467588e-01  -3.88523404e-01
10036  -4.15045345e-01  -3.99085663e-01
10037  -3.81683845e-01  -4.09420905e-01
10038  -3.32244361e-01  -4.18259606e-01
10039  -2.82622271e-01  -4.32241691e-01
10040  -2.65910799e-01  -4.36600899e-01
10041  -2.32538694e-01  -4.45184367e-01
10042  -1.99371162e-01  -4.53273276e-01
10043  -1.66060248e-01  -4.60487659e-01
10044  -1.32522885e-01  -4.67216109e-01
10045  -9.89818909e-02  -4.73251666e-01
10046  -6.53408751e-02  -4.78570697e-01
10047  -3.18018354e-02  -4.83156990e-01
10048  1.70945245e-03  -4.86677181e-01
10049  3.53644165e-02  -4.89249172e-01
10050  6.90361069e-02  -4.90867046e-01
10051  1.02648525e-01  -4.91461419e-01
10052  1.36136867e-01  -4.90960977e-01
10053  1.69392302e-01  -4.89254568e-01
10054  2.34980013e-01  -4.82548869e-01
10055  2.35795297e-01  -4.81875468e-01
10056  2.75045125e-01  -4.81080828e-01
10057  3.08216550e-01  -4.74404821e-01
10058  3.41190001e-01  -4.66552520e-01
10059  3.74005302e-01  -4.57604042e-01
10060  4.06646480e-01  -4.47684434e-01
10061  4.39078315e-01  -4.36867033e-01
10062  4.71256217e-01  -4.25238305e-01
10063  5.03055598e-01  -4.12821432e-01
10064  5.34494284e-01  -3.99479749e-01
10065  5.65699549e-01  -3.85316789e-01
10066  5.96498106e-01  -3.70488401e-01
10067  6.26804362e-01  -3.54780539e-01
10068  6.56779052e-01  -3.38269758e-01
10069  6.86328648e-01  -3.21028243e-01
10070  7.15288255e-01  -3.03117054e-01
10071  7.65468598e-01  -3.05274072e-01
10072  7.93613636e-01  -2.85485931e-01
10073  8.21099995e-01  -2.64829736e-01
10074  8.47917504e-01  -2.43329132e-01
10075  8.73961560e-01  -2.20935532e-01
10076  8.99120519e-01  -1.97560531e-01
10077  9.23394582e-01  -1.73320575e-01
10078  9.46387627e-01  -1.47972620e-01
10079  9.67815108e-01  -1.21380862e-01
10080  9.87254324e-01  -9.35416489e-02
10081  1.00328263e+00  -6.39586384e-02
10082  1.01449516e+00  -3.26098767e-02
10083  1.01877591e+00  -1.67280950e-05
10084  1.01429631e+00  3.29868134e-02
10085  1.00161748e+00  6.40989522e-02
10086  9.83018484e-01  9.27120982e-02
10087  9.61247670e-01  1.19471125e-01
10088  9.37141358e-01  1.44342570e-01
10089  9.11314671e-01  1.67575305e-01
10090  8.84082265e-01  1.89272543e-01
10091  8.55860173e-01  2.09728283e-01
10092  8.26627617e-01  2.28787197e-01
10093  7.96727586e-01  2.46846188e-01
10094  7.66151450e-01  2.63717562e-01
10095  7.18072479e-01  2.54789068e-01
10096  6.88283475e-01  2.68712259e-01
10097  6.58074256e-01  2.81919487e-01
10098  6.27568431e-01  2.94364289e-01
10099  5.96733709e-01  3.06003338e-01
10100  5.65574225e-01  3.16911378e-01
10101  5.34170871e-01  3.27087485e-01
10102  5.02502451e-01  3.36503304e-01
10103  4.70539919e-01  3.45250630e-01
10104  4.38423267e-01  3.53391510e-01
10105  4.06133631e-01  3.60817044e-01
10106  3.73661406e-01  3.67643130e-01
10107  3.41136096e-01  3.73821099e-01
10108  3.08521274e-01  3.79244106e-01
10109  2.75753214e-01  3.83958681e-01
10110  2.37922284e-01  3.88606521e-01
10111  2.35242564e-01  3.83523637e-01
10112  1.70152222e-01  3.88942625e-01
10113  1.36523198e-01  3.90998168e-01
10114  1.02747713e-01  3.92320031e-01
10115  6.87318124e-02  3.93219465e-01
10116  3.47488204e-02  3.93738302e-01
10117  9.16646268e-04  3.93759966e-01
10118  -3.30632673e-02  3.93149034e-01
10119  -6.72350025e-02  3.92283561e-01
10120  -1.01317055e-01  3.91107019e-01
10121  -1.35319681e-01  3.89552276e-01
10122  -1.69334447e-01  3.87580092e-01
10123  -2.03341967e-01  3.85280174e-01
10124  -2.37375696e-01  3.82581406e-01
10125  -2.71509532e-01  3.79635497e-01
10126  -2.81946898e-01  3.78780844e-01
10127  -3.40086509e-01  3.78599988e-01
10128  -3.88352649e-01  3.73104590e-01
10129  -4.22221362e-01  3.69008963e-01
10130  -4.56096834e-01  3.64740982e-01
10131  -4.89897083e-01  3.60295145e-01
10132  -5.23680139e-01  3.55582116e-01
10133  -5.57483444e-01  3.50713486e-01
10134  -5.91235507e-01  3.45661529e-01
10135  -6.24946132e-01  3.40417780e-01
10136  -6.58627059e-01  3.34964713e-01
10137  -6.92354998e-01  3.29311415e-01
10138  -7.26129374e-01  3.23585262e-01
10139  -7.59796139e-01  3.17794665e-01
10140  -7.93340882e-01  3.11779964e-01
10141  -8.26920778e-01  3.05521190e-01
10142  -8.60568589e-01  2.99153013e-01
10143  -8.94160014e-01  2.92722514e-01
10144  -9.27676567e-01  2.86126423e-01
10145  -9.61240452e-01  2.79367459e-01
10146  -9.94855479e-01  2.72567165e-01
10147  -1.02841482e+00  2.65735793e-01
10148  -1.06185842e+00  2.58804904e-01
10149  -1.09529682e+00  2.51654107e-01
10150  -1.12880512e+00  2.44441749e-01
10151  -1.16227594e+00  2.37171774e-01
10152  -1.19575842e+00  2.29805504e-01
10153  -1.22919995e+00  2.22443847e-01
10154  -1.26259623e+00  2.14919728e-01
10155  -1.29605832e+00  2.07359478e-01
10156  -1.32947612e+00  1.99775128e-01
10157  -1.36285820e+00  1.92104742e-01
10158  -1.39624741e+00  1.84368415e-01
10159  -1.42959205e+00  1.76590128e-01
10160  -1.46293265e+00  1.68683078e-01
10161  -1.49630441e+00  1.60765570e-01
10162  -1.52963727e+00  1.52790472e-01
10163  -1.56303189e+00  1.44750293e-01
10164  -1.59643869e+00  1.36785377e-01
10165  -1.62966949e+00  1.28801837e-01
10166  -1.66295313e+00  1.20562149e-01
10167  -1.69639195e+00  1.12439311e-01
10168  -1.72968103e+00  1.04346827e-01
10169  -1.76295407e+00  9.61182025e-02
10170  -1.79629339e+00  8.78994254e-02
10171  -1.85122820e+00  1.04829296e-01
10172  -1.88400828e+00  9.67101743e-02
10173  -1.91679716e+00  8.86032590e-02
10174  -1.94958657e+00  8.05340903e-02
10175  -1.98234521e+00  7.24018290e-02
10176  -2.01506116e+00  6.41711711e-02
10177  -2.04771766e+00  5.57090519e-02
10178  -2.08036018e+00  4.71376719e-02
10179  -2.11296729e+00  3.84696592e-02
10180  -2.14297346e+00  3.09160021e-02
10181  -2.81942285e-01  3.84320515e-01
10182  -2.81970686e-01  3.50214744e-01
10183  -2.81999088e-01  3.16108972e-01
10184  -2.82027489e-01  2.82003201e-01
10185  -2.82055890e-01  2.47897430e-01
10186  -2.82084292e-01  2.13791659e-01
10187  -2.82112693e-01  1.79685888e-01
10188  -2.82141094e-01  1.45580117e-01
10189  -2.82169496e-01  1.11474346e-01
10190  -2.82197897e-01  7.73685749e-02
10191  -2.82226298e-01  4.32628034e-02
10192  -2.82254700e-01  9.15703226e-03
10193  -2.82283101e-01  -2.49487385e-02
10194  -2.82311502e-01  -5.90545100e-02
10195  -2.82339904e-01  -9.31602811e-02
10196  -2.82368305e-01  -1.27266052e-01
10197  -2.82396706e-01  -1.61371823e-01
10198  -2.82425108e-01  -1.95477594e-01
10199  -2.82453509e-01  -2.29583366e-01
10200  -2.82481910e-01  -2.63689137e-01
10201  -2.82510311e-01  -2.97794908e-01
10202  -2.82538713e-01  -3.31900679e-01
10203  -2.82567114e-01  -3.66006450e-01
10204  -2.82595515e-01  -4.00112221e-01
10205  -2.82623917e-01  -4.34217992e-01
10206  2.35245772e-01  3.94103768e-01
10207  2.35235419e-01  3.59949919e-01
10208  2.35225065e-01  3.25796069e-01
10209  2.35214711e-01  2.91642221e-01
10210  2.35204357e-01  2.57488372e-01
10211  2.35194003e-01  2.23334523e-01
10212  2.35183649e-01  1.89180676e-01
10213  2.35173296e-01  1.55026827e-01
10214  2.35162942e-01  1.20872977e-01
10215  2.35152588e-01  8.67191292e-02
10216  2.35142234e-01  5.25652805e-02
10217  2.35131880e-01  1.84114319e-02
10218  2.35121526e-01  -1.57424164e-02
10219  2.35111173e-01  -4.98962650e-02
10220  2.35100819e-01  -8.40501141e-02
10221  2.35090465e-01  -1.18203963e-01
10222  2.35080111e-01  -1.52357812e-01
10223  2.35069757e-01  -1.86511659e-01
10224  2.35059404e-01  -2.20665508e-01
10225  2.35049050e-01  -2.54819358e-01
10226  2.35038696e-01  -2.88973206e-01
10227  2.35028342e-01  -3.23127055e-01
10228  2.35017988e-01  -3.57280904e-01
10229  2.35007634e-01  -3.91434751e-01
10230  2.34997281e-01  -4.25588600e-01
10231  2.34986927e-01  -4.59742450e-01
10232  2.34976573e-01  -4.93896298e-01
