1  3  0  13.1524
257  5  0  13.1518
513  4  0  13.1508
769  5  0  13.1494
2  3  0  10.3882
258  5  0  10.3882
514  4  0  10.3881
770  5  0  10.3881
3  3  0  7.59898
259  5  0  7.5991
515  4  0  7.59925
771  5  0  7.59941
4  3  0  5.12422
260  5  0  5.12393
516  4  0  5.12354
772  5  0  5.12316
5  3  0  1.92676
261  5  0  1.9271
517  4  0  1.92754
773  5  0  1.92798
6  3  0  -0.429665
262  5  0  -0.429478
518  4  0  -0.429228
774  5  0  -0.42898
7  3  0  -2.14041
263  5  0  -2.14053
519  4  0  -2.14069
775  5  0  -2.14085
8  3  0  -4.28942
264  5  0  -4.28926
520  4  0  -4.28904
776  5  0  -4.28883
9  3  0  -5.81914
265  5  0  -5.81935
521  4  0  -5.81962
777  5  0  -5.81989
10  3  0  -8.10016
266  5  0  -8.10005
522  1  0  7.34626
778  5  0  20.7004
11  3  0  -9.80924
267  5  0  -9.80918
523  1  0  -9.80838
779  5  0  -9.80761
12  3  0  -11.252
268  5  0  -11.252
524  1  0  -11.2527
780  5  0  -11.2533
13  3  0  -12.91
269  5  0  -12.9099
525  1  0  -12.9084
781  5  0  -12.9069
14  3  0  -13.9827
270  5  0  -13.9827
526  1  0  -13.9826
782  5  0  -13.9825
15  3  0  -14.9943
271  5  0  -14.9944
527  1  0  -14.9946
783  5  0  -14.9949
16  3  0  -16.1354
272  5  0  -16.1354
528  1  0  -16.1352
784  5  0  -16.135
17  3  0  -17.1997
273  5  0  -17.1997
529  1  0  -17.1998
785  5  0  -17.1999
18  3  0  -18.3162
274  5  0  -18.3162
530  1  0  -18.3156
786  5  0  -18.3151
19  3  0  -19.1222
275  5  0  -19.1222
531  1  0  -19.1219
787  5  0  -19.1216
20  3  0  -19.6981
276  5  0  -19.6981
532  1  0  -19.6983
788  5  0  -19.6985
21  3  0  -20.4162
277  5  0  -20.4162
533  1  0  -20.4161
789  5  0  -20.4159
22  3  0  -21.0298
278  5  0  -21.0298
534  1  0  -21.0296
790  5  0  -21.0294
23  3  0  -21.3943
279  5  0  -21.3944
535  1  0  -21.3944
791  5  0  -21.3945
24  3  0  -21.8288
280  5  0  -21.8288
536  1  0  -21.8288
792  5  0  -21.8288
25  3  0  -22.3023
281  5  0  -22.3023
537  1  0  -22.3022
793  5  0  -22.3021
26  3  0  -22.7032
282  5  0  -22.7032
538  1  0  -22.7031
794  5  0  -22.703
27  3  0  -22.963
283  5  0  -22.963
539  1  0  -22.9629
795  5  0  -22.9629
28  3  0  -23.178
284  5  0  -23.178
540  1  0  -23.178
796  5  0  -23.178
29  3  0  -23.4084
285  5  0  -23.4084
541  1  0  -23.4083
797  5  0  -23.4083
30  3  0  -23.497
286  5  0  -23.497
542  1  0  -23.497
798  5  0  -23.497
31  3  0  -23.513
287  5  0  -23.513
543  1  0  -23.513
799  5  0  -23.513
32  3  0  -23.4776
288  5  0  -23.4776
544  1  0  -23.4776
800  5  0  -23.4776
33  3  0  -23.3911
289  5  0  -23.3911
545  1  0  -23.3911
801  5  0  -23.3911
34  3  0  -23.4189
290  5  0  -23.4189
546  1  0  -23.4189
802  5  0  -23.4189
35  3  0  -23.3944
291  5  0  -23.3944
547  1  0  -23.3944
803  5  0  -23.3944
36  3  0  -23.2913
292  5  0  -23.2913
548  1  0  -23.2913
804  5  0  -23.2914
37  3  0  -23.0205
293  5  0  -23.0205
549  1  0  -23.0204
805  5  0  -23.0204
38  3  0  -22.8075
294  5  0  -22.8075
550  1  0  -22.8075
806  5  0  -22.8076
39  3  0  -22.5333
295  5  0  -22.5333
551  1  0  -22.5334
807  5  0  -22.5334
40  3  0  -22.2308
296  5  0  -22.2308
552  1  0  -22.2309
808  5  0  -22.231
41  3  0  -21.7812
297  5  0  -21.7812
553  1  0  -21.7814
809  5  0  -21.7816
42  3  0  -21.1468
298  5  0  -21.1468
554  1  0  -21.1466
810  5  0  -21.1464
43  3  0  -20.6923
299  5  0  -20.6923
555  1  0  -20.6923
811  5  0  -20.6922
44  3  0  -20.2702
300  5  0  -20.2702
556  1  0  -20.2706
812  5  0  -20.2709
45  3  0  -19.5273
301  5  0  -19.5273
557  1  0  -19.5273
813  5  0  -19.5272
46  3  0  -18.8194
302  5  0  -18.8194
558  1  0  -18.8194
814  5  0  -18.8193
47  3  0  -18.1641
303  5  0  -18.1641
559  1  0  -18.1641
815  5  0  -18.1641
48  3  0  -17.5065
304  5  0  -17.5065
560  1  0  -17.5071
816  5  0  -17.5077
49  3  0  -16.4842
305  5  0  -16.4842
561  1  0  -16.4838
817  5  0  -16.4835
50  3  0  -15.664
306  5  0  -15.664
562  1  0  -15.664
818  5  0  -15.6641
51  3  0  -14.8256
307  5  0  -14.8256
563  1  0  -14.8258
819  5  0  -14.826
52  3  0  -13.8844
308  5  0  -13.8844
564  1  0  -13.8845
820  5  0  -13.8846
53  3  0  -12.904
309  5  0  -12.904
565  1  0  -12.9042
821  5  0  -12.9045
54  3  0  -11.801
310  5  0  -11.8011
566  1  0  -10.5124
822  5  0  -9.20563
55  3  0  -10.2634
311  5  0  -10.1931
567  6  0  -10.1205
823  5  0  -10.0967
56  3  0  -9.25956
312  5  0  -9.1553
568  6  0  -8.90249
824  5  0  -8.72712
57  3  0  -8.13443
313  5  0  -8.13448
569  6  0  -8.13505
825  5  0  -8.13564
58  3  0  -6.78008
314  5  0  -6.78008
570  6  0  -6.78016
826  5  0  -6.78024
59  3  0  -5.39858
315  5  0  -5.3986
571  6  0  -5.3988
827  5  0  -5.399
60  3  0  -3.94943
316  5  0  -3.9494
572  6  0  -3.94904
828  5  0  -3.94866
61  3  0  -2.62716
317  5  0  -2.62714
573  6  0  -2.62682
829  5  0  -2.6265
62  3  0  -1.42454
318  5  0  -1.42452
574  6  0  -1.42429
830  5  0  -1.42405
63  3  0  -0.319814
319  5  0  -0.319852
575  6  0  -0.320383
831  5  0  -0.320924
64  3  0  0.995811
320  5  0  0.995701
576  6  0  0.994135
832  5  0  0.992528
65  3  0  2.79366
321  5  0  2.7938
577  6  0  2.79576
833  5  0  2.79778
66  3  0  3.9543
322  5  0  3.95426
578  6  0  3.95367
834  5  0  3.95306
67  3  0  5.33941
323  5  0  5.33941
579  6  0  5.33941
835  5  0  5.33941
68  3  0  6.73402
324  5  0  6.82659
580  6  0  6.95578
836  5  0  7.01017
69  3  0  8.00321
325  5  0  8.14428
581  6  0  8.84796
837  5  0  10.8606
70  3  0  9.39168
326  5  0  9.39167
582  1  0  7.79482
838  5  0  6.16843
71  3  0  10.854
327  5  0  10.854
583  1  0  10.8541
839  5  0  10.8541
72  3  0  12.3021
328  5  0  12.3021
584  1  0  12.3018
840  5  0  12.3015
73  3  0  13.8564
329  5  0  13.8565
585  1  0  13.8574
841  5  0  13.8582
74  3  0  15.0981
330  5  0  15.0981
586  1  0  15.098
842  5  0  15.098
75  3  0  16.3488
331  5  0  16.3488
587  1  0  16.3486
843  5  0  16.3485
76  3  0  17.6517
332  5  0  17.6517
588  1  0  17.6517
844  5  0  17.6517
77  3  0  18.9385
333  5  0  18.9384
589  1  0  18.9366
845  5  0  18.9347
78  3  0  20.8104
334  5  0  20.8105
590  1  0  20.8123
846  5  0  20.8142
79  3  0  22.0859
335  5  0  22.0859
591  1  0  22.086
847  5  0  22.0862
80  3  0  23.3137
336  5  0  23.3137
592  1  0  23.3128
848  5  0  23.3118
81  3  0  24.8789
337  5  0  24.8788
593  1  0  24.8781
849  5  0  24.8774
82  3  0  26.6562
338  5  0  26.6562
594  1  0  26.6569
850  5  0  26.6575
83  3  0  28.2427
339  5  0  28.2426
595  1  0  28.2421
851  5  0  28.2416
84  3  0  29.9916
340  5  0  29.9915
596  1  0  29.9901
852  5  0  29.9888
85  3  0  32.0981
341  5  0  32.0982
597  1  0  13.4534
853  5  0  -2.11261
86  3  0  33.6993
342  5  0  33.6989
598  4  0  33.6985
854  5  0  33.698
87  3  0  36.3736
343  5  0  36.3739
599  4  0  36.3743
855  5  0  36.3747
88  3  0  38.1909
344  5  0  38.1908
600  4  0  38.1905
856  5  0  38.1903
89  3  0  40.5341
345  5  0  40.5341
601  4  0  40.5339
857  5  0  40.5338
90  3  0  43.1064
346  5  0  43.1064
602  4  0  43.1063
858  5  0  43.1063
91  3  0  45.7934
347  5  0  45.7931
603  4  0  45.7927
859  5  0  45.7922
92  3  0  49.1597
348  5  0  49.1592
604  4  0  49.1585
860  5  0  49.1579
93  3  0  53.4042
349  5  0  53.404
605  4  0  53.4038
861  5  0  53.4036
94  3  0  57.8877
350  5  0  57.8868
606  4  0  57.8855
862  5  0  57.8842
95  3  0  63.5856
351  5  0  63.5841
607  4  0  63.582
863  5  0  63.5799
96  3  0  70.8527
352  5  0  70.8535
608  4  0  70.8544
864  5  0  70.8554
97  3  0  77.4292
353  5  0  77.4286
609  4  0  77.4278
865  5  0  77.427
98  3  0  84.573
354  5  0  84.5687
610  4  0  84.5628
866  5  0  84.5568
99  3  0  94.9537
355  5  0  94.9621
611  4  0  94.9733
867  5  0  94.9846
100  3  0  101.148
356  5  0  101.145
612  4  0  101.14
868  5  0  101.135
101  3  0  108.046
357  5  0  108.045
613  4  0  108.044
869  5  0  108.042
102  3  0  115.734
358  5  0  115.736
614  4  0  115.739
870  5  0  115.742
103  3  0  121.297
359  5  0  121.297
615  4  0  121.297
871  5  0  121.297
104  3  0  126.747
360  5  0  126.748
616  4  0  126.75
872  5  0  126.752
105  3  0  130.407
361  5  0  130.407
617  4  0  130.406
873  5  0  130.406
106  3  0  134.627
362  5  0  134.627
618  4  0  134.628
874  5  0  134.629
107  3  0  137.636
363  5  0  137.636
619  4  0  137.636
875  5  0  137.636
108  3  0  141.052
364  5  0  141.053
620  4  0  141.053
876  5  0  141.054
109  3  0  143.716
365  5  0  143.716
621  4  0  143.716
877  5  0  143.716
110  3  0  146.141
366  5  0  146.141
622  4  0  146.141
878  5  0  146.141
111  3  0  148.904
367  5  0  148.904
623  4  0  148.905
879  5  0  148.905
112  3  0  151.139
368  5  0  151.139
624  1  0  170.216
880  5  0  -173.966
113  3  0  153.405
369  5  0  153.405
625  1  0  153.407
881  5  0  153.409
114  3  0  155.213
370  5  0  155.213
626  1  0  155.214
882  5  0  155.214
115  3  0  156.939
371  5  0  156.939
627  1  0  156.937
883  5  0  156.936
116  3  0  159.021
372  5  0  159.021
628  1  0  159.024
884  5  0  159.026
117  3  0  160.458
373  5  0  160.458
629  1  0  160.457
885  5  0  160.456
118  3  0  162.102
374  5  0  162.102
630  1  0  162.102
886  5  0  162.103
119  3  0  163.579
375  5  0  163.579
631  1  0  163.58
887  5  0  163.581
120  3  0  164.78
376  5  0  164.78
632  1  0  164.779
888  5  0  164.778
121  3  0  166.327
377  5  0  166.327
633  1  0  166.328
889  5  0  166.328
122  3  0  167.719
378  5  0  167.719
634  1  0  167.718
890  5  0  167.718
123  3  0  169.128
379  5  0  169.128
635  1  0  169.129
891  5  0  169.129
124  3  0  170.308
380  5  0  170.308
636  1  0  170.308
892  5  0  170.308
125  3  0  171.543
381  5  0  171.543
637  1  0  171.543
893  5  0  171.543
126  3  0  172.724
382  5  0  172.723
638  1  0  172.723
894  5  0  172.723
127  3  0  174.072
383  5  0  174.072
639  1  0  174.073
895  5  0  174.073
128  3  0  175.308
384  5  0  175.197
640  6  0  178.746
896  5  0  -171.128
129  3  0  176.329
385  5  0  176.256
641  6  0  176.158
897  5  0  176.117
130  3  0  177.377
386  5  0  177.377
642  6  0  177.377
898  5  0  177.378
131  3  0  178.368
387  5  0  178.368
643  6  0  178.369
899  5  0  178.369
132  3  0  179.143
388  5  0  179.143
644  6  0  179.143
900  5  0  179.143
133  3  0  179.979
389  5  0  179.979
645  6  0  179.978
901  5  0  179.978
134  3  0  -178.924
390  5  0  -178.924
646  6  0  -178.924
902  5  0  -178.923
135  3  0  -178.126
391  5  0  -178.126
647  6  0  -178.126
903  5  0  -178.126
136  3  0  -177.399
392  5  0  -177.399
648  6  0  -177.399
904  5  0  -177.399
137  3  0  -176.691
393  5  0  -176.691
649  6  0  -176.691
905  5  0  -176.691
138  3  0  -175.959
394  5  0  -175.959
650  6  0  -175.959
906  5  0  -175.959
139  3  0  -175.344
395  5  0  -175.344
651  6  0  -175.344
907  5  0  -175.344
140  3  0  -174.593
396  5  0  -174.593
652  6  0  -174.593
908  5  0  -174.593
141  3  0  -173.932
397  5  0  -173.991
653  6  0  -174.156
909  5  0  -174.302
142  3  0  -173.368
398  5  0  -173.408
654  6  0  -174.721
910  5  0  -175.817
143  3  0  -172.702
399  5  0  -172.702
655  1  0  -172.702
911  5  0  -172.702
144  3  0  -172.114
400  5  0  -172.114
656  1  0  -172.114
912  5  0  -172.114
145  3  0  -171.484
401  5  0  -171.484
657  1  0  -171.484
913  5  0  -171.484
146  3  0  -171.017
402  5  0  -171.017
658  1  0  -171.017
914  5  0  -171.017
147  3  0  -170.632
403  5  0  -170.632
659  1  0  -170.632
915  5  0  -170.632
148  3  0  -170.234
404  5  0  -170.234
660  1  0  -170.234
916  5  0  -170.234
149  3  0  -169.77
405  5  0  -169.77
661  1  0  -169.77
917  5  0  -169.77
150  3  0  -169.311
406  5  0  -169.311
662  1  0  -169.311
918  5  0  -169.311
151  3  0  -168.875
407  5  0  -168.875
663  1  0  -168.875
919  5  0  -168.875
152  3  0  -168.47
408  5  0  -168.47
664  1  0  -168.47
920  5  0  -168.47
153  3  0  -168.122
409  5  0  -168.122
665  1  0  -168.122
921  5  0  -168.122
154  3  0  -167.926
410  5  0  -167.926
666  1  0  -167.926
922  5  0  -167.927
155  3  0  -167.689
411  5  0  -167.689
667  1  0  -167.689
923  5  0  -167.689
156  3  0  -167.324
412  5  0  -167.324
668  1  0  -167.324
924  5  0  -167.324
157  3  0  -166.923
413  5  0  -166.923
669  1  0  -166.923
925  5  0  -166.923
158  3  0  -166.695
414  5  0  -166.695
670  1  0  -166.695
926  5  0  -166.695
159  3  0  -166.479
415  5  0  -166.479
671  1  0  -166.479
927  5  0  -166.479
160  3  0  -166.145
416  5  0  -166.145
672  1  0  -166.145
928  5  0  -166.145
161  3  0  -165.949
417  5  0  -165.949
673  1  0  -165.949
929  5  0  -165.949
162  3  0  -165.822
418  5  0  -165.822
674  1  0  -165.822
930  5  0  -165.822
163  3  0  -165.662
419  5  0  -165.662
675  1  0  -165.662
931  5  0  -165.662
164  3  0  -165.362
420  5  0  -165.362
676  1  0  -165.362
932  5  0  -165.362
165  3  0  -165.221
421  5  0  -165.221
677  1  0  -165.221
933  5  0  -165.221
166  3  0  -165.16
422  5  0  -165.16
678  1  0  -165.16
934  5  0  -165.16
167  3  0  -165.008
423  5  0  -165.008
679  1  0  -165.008
935  5  0  -165.008
168  3  0  -164.77
424  5  0  -164.77
680  1  0  -164.77
936  5  0  -164.77
169  3  0  -164.703
425  5  0  -164.703
681  1  0  -164.703
937  5  0  -164.703
170  3  0  -164.531
426  5  0  -164.531
682  1  0  -164.531
938  5  0  -164.531
171  3  0  -164.511
427  5  0  -164.511
683  1  0  -164.511
939  5  0  -164.511
172  3  0  -164.507
428  5  0  -164.507
684  1  0  -164.507
940  5  0  -164.507
173  3  0  -164.453
429  5  0  -164.453
685  1  0  -164.453
941  5  0  -164.453
174  3  0  -164.351
430  5  0  -164.351
686  1  0  -164.351
942  5  0  -164.351
175  3  0  -164.31
431  5  0  -164.31
687  1  0  -164.31
943  5  0  -164.31
176  3  0  -164.194
432  5  0  -164.194
688  1  0  -164.194
944  5  0  -164.194
177  3  0  -164.182
433  5  0  -164.182
689  1  0  -164.183
945  5  0  -164.183
178  3  0  -164.116
434  5  0  -164.116
690  1  0  -164.116
946  5  0  -164.116
179  3  0  -164.063
435  5  0  -164.063
691  1  0  -164.063
947  5  0  -164.063
180  3  0  -164.076
436  5  0  -164.076
692  1  0  -164.076
948  5  0  -164.076
181  3  0  -164.023
437  5  0  -164.023
693  1  0  -164.023
949  5  0  -164.023
182  3  0  -163.968
438  5  0  -163.968
694  1  0  -163.968
950  5  0  -163.968
183  3  0  -164.146
439  5  0  -164.146
695  1  0  -164.145
951  5  0  -164.145
184  3  0  -164.181
440  5  0  -164.181
696  1  0  -164.181
952  5  0  -164.181
185  3  0  -164.16
441  5  0  -164.16
697  1  0  -164.16
953  5  0  -164.16
186  3  0  -164.19
442  5  0  -164.19
698  1  0  -164.19
954  5  0  -164.19
187  3  0  -164.18
443  5  0  -164.18
699  1  0  -179.889
955  5  0  166.46
188  3  0  -164.196
444  5  0  -164.196
700  4  0  -164.196
956  5  0  -164.196
189  3  0  -164.277
445  5  0  -164.277
701  4  0  -164.277
957  5  0  -164.277
190  3  0  -164.319
446  5  0  -164.319
702  4  0  -164.319
958  5  0  -164.319
191  3  0  -164.4
447  5  0  -164.4
703  4  0  -164.4
959  5  0  -164.4
192  3  0  -164.386
448  5  0  -164.386
704  4  0  -164.386
960  5  0  -164.386
193  3  0  -164.203
449  5  0  -164.203
705  4  0  -164.203
961  5  0  -164.203
194  3  0  -164.108
450  5  0  -164.108
706  4  0  -164.108
962  5  0  -164.108
195  3  0  -163.971
451  5  0  -163.971
707  4  0  -163.971
963  5  0  -163.971
196  3  0  -163.849
452  5  0  -163.969
708  4  0  -164.134
964  5  0  -164.305
197  3  0  -124.409
453  5  0  -124.333
709  4  0  -124.215
965  5  0  -124.072
198  2  0  -90.0125
454  1  0  -90.0125
710  1  0  -90.0125
966  2  0  -90.0125
199  2  0  -90.0125
455  1  0  -90.0125
711  1  0  -90.0125
967  2  0  -90.0125
200  2  0  -90.0125
456  1  0  -90.0125
712  1  0  -90.0125
968  2  0  -90.0125
201  2  0  -90.0125
457  1  0  -90.0125
713  1  0  -90.0125
969  2  0  -90.0125
202  2  0  -90.0125
458  1  0  -90.0125
714  1  0  -90.0125
970  2  0  -90.0125
203  2  0  -90.0125
459  1  0  -90.0125
715  1  0  -90.0125
971  2  0  -90.0125
204  2  0  -90.0125
460  1  0  -90.0125
716  1  0  -90.0125
972  2  0  -90.0125
205  2  0  -90.0125
461  1  0  -90.0125
717  1  0  -90.0125
973  2  0  -90.0125
206  2  0  -90.0125
462  1  0  -90.0125
718  1  0  -90.0125
974  2  0  -90.0125
207  2  0  -90.0125
463  1  0  -90.0125
719  1  0  -90.0125
975  2  0  -90.0125
208  2  0  -90.0125
464  1  0  -90.0125
720  1  0  -90.0125
976  2  0  -90.0125
209  2  0  -90.0125
465  1  0  -90.0125
721  1  0  -90.0125
977  2  0  -90.0125
210  2  0  -90.0125
466  1  0  -90.0125
722  1  0  -90.0125
978  2  0  -90.0125
211  2  0  -90.0125
467  1  0  -90.0125
723  1  0  -90.0125
979  2  0  -90.0125
212  2  0  -90.0125
468  1  0  -90.0125
724  1  0  -90.0125
980  2  0  -90.0125
213  2  0  -90.0125
469  1  0  -90.0125
725  1  0  -90.0125
981  2  0  -90.0125
214  2  0  -90.0125
470  1  0  -90.0125
726  1  0  -90.0125
982  2  0  -90.0125
215  2  0  -90.0125
471  1  0  -90.0125
727  1  0  -90.0125
983  2  0  -90.0125
216  2  0  -90.0125
472  1  0  -90.0125
728  1  0  -90.0125
984  2  0  -90.0125
217  2  0  -90.0125
473  1  0  -90.0125
729  1  0  -90.0125
985  2  0  -90.0125
218  2  0  -90.0125
474  1  0  -90.0125
730  1  0  -90.0125
986  2  0  -90.0125
219  2  0  -90.0125
475  1  0  -90.0125
731  1  0  -90.0125
987  2  0  -90.0125
220  2  0  -90.0125
476  1  0  -90.0125
732  1  0  -90.0125
988  2  0  -90.0125
221  2  0  -90.0125
477  1  0  -90.0125
733  1  0  -90.0125
989  2  0  -90.0125
222  2  0  -90.0125
478  1  0  -90.0125
734  1  0  -90.0125
990  2  0  -90.0125
223  2  0  -90.0125
479  1  0  -90.0125
735  1  0  -90.0125
991  2  0  -90.0125
224  2  0  -90.0125
480  1  0  -90.0125
736  1  0  -90.0125
992  2  0  -90.0125
225  2  0  -90.0125
481  1  0  -90.0125
737  1  0  -90.0125
993  2  0  -90.0125
226  2  0  -90.0125
482  1  0  -90.0125
738  1  0  -90.0125
994  2  0  -90.0125
227  2  0  -89.9936
483  1  0  -89.9936
739  1  0  -89.9936
995  2  0  90.0064
228  2  0  -89.9936
484  1  0  -89.9936
740  1  0  -89.9936
996  2  0  -89.9936
229  2  0  -89.9936
485  1  0  -89.9936
741  1  0  -89.9936
997  2  0  -89.9936
230  2  0  -89.9936
486  1  0  -89.9936
742  1  0  -89.9936
998  2  0  -89.9936
231  2  0  -89.9936
487  1  0  -89.9936
743  1  0  -89.9936
999  2  0  -89.9936
232  2  0  -89.9936
488  1  0  -89.9936
744  1  0  -89.9936
1000  2  0  -89.9936
233  2  0  -89.9936
489  1  0  -89.9936
745  1  0  -89.9936
1001  2  0  -89.9936
234  2  0  -89.9936
490  1  0  -89.9936
746  1  0  -89.9936
1002  2  0  -89.9936
235  2  0  -89.9936
491  1  0  -89.9936
747  1  0  -89.9936
1003  2  0  -89.9936
236  2  0  -89.9936
492  1  0  -89.9936
748  1  0  -89.9936
1004  2  0  -89.9936
237  2  0  -89.9936
493  1  0  -89.9936
749  1  0  -89.9936
1005  2  0  -89.9936
238  2  0  -89.9936
494  1  0  -89.9936
750  1  0  -89.9936
1006  2  0  -89.9936
239  2  0  -89.9936
495  1  0  -89.9936
751  1  0  -89.9936
1007  2  0  -89.9936
240  2  0  -89.9936
496  1  0  -89.9936
752  1  0  -89.9936
1008  2  0  -89.9936
241  2  0  -89.9936
497  1  0  -89.9936
753  1  0  -89.9936
1009  2  0  -89.9936
242  2  0  -89.9936
498  1  0  -89.9936
754  1  0  -89.9936
1010  2  0  -89.9936
243  2  0  -89.9936
499  1  0  -89.9936
755  1  0  -89.9936
1011  2  0  -89.9936
244  2  0  -89.9936
500  1  0  -89.9936
756  1  0  -89.9936
1012  2  0  -89.9936
245  2  0  -89.9936
501  1  0  -89.9936
757  1  0  -89.9936
1013  2  0  -89.9936
246  2  0  -89.9936
502  1  0  -89.9936
758  1  0  -89.9936
1014  2  0  -89.9936
247  2  0  -89.9936
503  1  0  -89.9936
759  1  0  -89.9936
1015  2  0  -89.9936
248  2  0  -89.9936
504  1  0  -89.9936
760  1  0  -89.9936
1016  2  0  -89.9936
249  2  0  -89.9936
505  1  0  -89.9936
761  1  0  -89.9936
1017  2  0  -89.9936
250  2  0  -89.9936
506  1  0  -89.9936
762  1  0  -89.9936
1018  2  0  -89.9936
251  2  0  -89.9936
507  1  0  -89.9936
763  1  0  -89.9936
1019  2  0  -89.9936
252  2  0  -89.9936
508  1  0  -89.9936
764  1  0  -89.9936
1020  2  0  -89.9936
253  2  0  -89.9936
509  1  0  -89.9936
765  1  0  -89.9936
1021  2  0  -89.9936
254  2  0  -89.9936
510  1  0  -89.9936
766  1  0  -89.9936
1022  2  0  -89.9936
255  2  0  -89.9936
511  1  0  -89.9936
767  1  0  -89.9936
1023  2  0  -89.9936
256  2  0  -89.9936
512  1  0  -89.9936
768  1  0  -89.9936
1024  2  0  90.0064
