10240  -2.79994313e-01  1.12148676e-01
1  -2.44750000e+00  -2.13540536e-02
2  -2.40748294e+00  -1.20030942e-02
3  -2.36706389e+00  -4.59344195e-03
4  -2.32633080e+00  8.40756749e-04
5  -2.28539913e+00  4.51129349e-03
6  -2.24432605e+00  5.89299060e-03
7  -2.20323358e+00  5.58480440e-03
8  -2.16216528e+00  4.04990808e-03
9  -2.12118454e+00  9.76137041e-04
10  -2.08030000e+00  -3.19053752e-03
11  -2.02398489e+00  -1.12055501e-02
12  -1.98448562e+00  -1.80348260e-02
13  -1.94517094e+00  -2.58564058e-02
14  -1.90609897e+00  -3.48122796e-02
15  -1.86720080e+00  -4.44982137e-02
16  -1.82847979e+00  -5.48693724e-02
17  -1.78997283e+00  -6.60095889e-02
18  -1.75167961e+00  -7.78631173e-02
19  -1.71362476e+00  -9.04605326e-02
20  -1.67575040e+00  -1.03592167e-01
21  -1.63801014e+00  -1.17103743e-01
22  -1.60044252e+00  -1.31087123e-01
23  -1.56302623e+00  -1.45472251e-01
24  -1.52570215e+00  -1.60095150e-01
25  -1.48848997e+00  -1.75000641e-01
26  -1.45140228e+00  -1.90213125e-01
27  -1.41442194e+00  -2.05684774e-01
28  -1.37751213e+00  -2.21323908e-01
29  -1.34066122e+00  -2.37101481e-01
30  -1.30387399e+00  -2.53027136e-01
31  -1.26711146e+00  -2.69009676e-01
32  -1.23035338e+00  -2.85002490e-01
33  -1.19358541e+00  -3.00972534e-01
34  -1.15679338e+00  -3.16887074e-01
35  -1.12000906e+00  -3.32819449e-01
36  -1.08321796e+00  -3.48736123e-01
37  -1.04639830e+00  -3.64586523e-01
38  -1.00950410e+00  -3.80262732e-01
39  -9.72551907e-01  -3.95801706e-01
40  -9.35525904e-01  -4.11163624e-01
41  -8.98419219e-01  -4.26329848e-01
42  -8.61194653e-01  -4.41204431e-01
43  -8.23808029e-01  -4.55665855e-01
44  -7.86307770e-01  -4.69830268e-01
45  -7.48703909e-01  -4.83718110e-01
46  -7.10923233e-01  -4.97117248e-01
47  -6.72980793e-01  -5.10048268e-01
48  -6.34893046e-01  -5.22544436e-01
49  -5.96663292e-01  -5.34602960e-01
50  -5.58224448e-01  -5.45977558e-01
51  -5.19628311e-01  -5.56800287e-01
52  -4.80877826e-01  -5.67057122e-01
53  -4.41963120e-01  -5.76676311e-01
54  -4.02889103e-01  -5.85628309e-01
55  -3.47000000e-01  -5.97305176e-01
56  -3.07544449e-01  -6.04454404e-01
57  -2.67970531e-01  -6.10911282e-01
58  -2.28277685e-01  -6.16584746e-01
59  -1.88458985e-01  -6.21318796e-01
60  -1.48537151e-01  -6.25091523e-01
61  -1.08535185e-01  -6.27853260e-01
62  -6.84812586e-02  -6.29691126e-01
63  -2.83962427e-02  -6.30687962e-01
64  1.17012194e-02  -6.30911776e-01
65  5.17946206e-02  -6.30214861e-01
66  9.18462730e-02  -6.28260469e-01
67  1.31849205e-01  -6.25495245e-01
68  1.71771231e-01  -6.21764091e-01
69  2.11592016e-01  -6.17069230e-01
70  2.51300000e-01  -6.11493589e-01
71  2.96912376e-01  -6.03949313e-01
72  3.36464391e-01  -5.96365690e-01
73  3.75812063e-01  -5.87784987e-01
74  4.14913909e-01  -5.78139807e-01
75  4.53798089e-01  -5.67649465e-01
76  4.92444485e-01  -5.56312746e-01
77  5.30822906e-01  -5.44100301e-01
78  5.68917505e-01  -5.31028985e-01
79  6.06564564e-01  -5.16720432e-01
80  6.43883869e-01  -5.01577323e-01
81  6.80869859e-01  -4.85638114e-01
82  7.17405728e-01  -4.68695103e-01
83  7.53398291e-01  -4.50627203e-01
84  7.88876383e-01  -4.31569988e-01
85  8.23755366e-01  -4.11439423e-01
86  8.63800000e-01  -3.86321375e-01
87  8.95839330e-01  -3.64954312e-01
88  9.26847379e-01  -3.42115301e-01
89  9.57112913e-01  -3.18306397e-01
90  9.86380210e-01  -2.93279575e-01
91  1.01449440e+00  -2.66964843e-01
92  1.04134479e+00  -2.39360292e-01
93  1.06652278e+00  -2.10232618e-01
94  1.08947481e+00  -1.79322951e-01
95  1.10993736e+00  -1.46718118e-01
96  1.12705857e+00  -1.12248913e-01
97  1.13968147e+00  -7.58934785e-02
98  1.14806009e+00  -3.83194938e-02
99  1.15170000e+00  0.00000000e+00
100  1.14838707e+00  3.82341889e-02
101  1.14096646e+00  7.58872263e-02
102  1.12908633e+00  1.12351256e-01
103  1.11243209e+00  1.46904052e-01
104  1.09249617e+00  1.79697063e-01
105  1.06953509e+00  2.10449170e-01
106  1.04465766e+00  2.39672832e-01
107  1.01769636e+00  2.66987912e-01
108  9.89335265e-01  2.92852086e-01
109  9.59484313e-01  3.16979760e-01
110  9.28543588e-01  3.39694915e-01
111  8.96669563e-01  3.61079908e-01
112  8.63800000e-01  3.80904889e-01
113  8.23360297e-01  4.03192600e-01
114  7.88122604e-01  4.20834462e-01
115  7.52344067e-01  4.37356332e-01
116  7.16084226e-01  4.52793547e-01
117  6.79287061e-01  4.66903070e-01
118  6.42146586e-01  4.80085972e-01
119  6.04643058e-01  4.92198161e-01
120  5.66839650e-01  5.03339092e-01
121  5.28810901e-01  5.13685232e-01
122  4.90516900e-01  5.23001005e-01
123  4.52007583e-01  5.31384355e-01
124  4.13303778e-01  5.38817887e-01
125  3.74455600e-01  5.45452679e-01
126  3.35474054e-01  5.51248584e-01
127  2.96381701e-01  5.56240109e-01
128  2.51300000e-01  5.60920885e-01
129  2.11459884e-01  5.64184904e-01
130  1.71568211e-01  5.66738574e-01
131  1.31636860e-01  5.68567712e-01
132  9.16785313e-02  5.69706112e-01
133  5.17079008e-02  5.70303708e-01
134  1.17327690e-02  5.70318434e-01
135  -2.82341804e-02  5.69568040e-01
136  -6.81868781e-02  5.68260680e-01
137  -1.08119796e-01  5.66446795e-01
138  -1.48027753e-01  5.64139575e-01
139  -1.87903578e-01  5.61322805e-01
140  -2.27746699e-01  5.58077757e-01
141  -2.67542867e-01  5.54310901e-01
142  -3.07292895e-01  5.50082396e-01
143  -3.47000000e-01  5.45463088e-01
144  -4.02259604e-01  5.38386041e-01
145  -4.40804985e-01  5.33046864e-01
146  -4.79289150e-01  5.27284491e-01
147  -5.17724979e-01  5.21208693e-01
148  -5.56119124e-01  5.14874342e-01
149  -5.94468701e-01  5.08273836e-01
150  -6.32763449e-01  5.01362809e-01
151  -6.71001094e-01  4.94145502e-01
152  -7.09183059e-01  4.86637500e-01
153  -7.47311224e-01  4.78859378e-01
154  -7.85391519e-01  4.70850188e-01
155  -8.23444132e-01  4.62710799e-01
156  -8.61462623e-01  4.54413733e-01
157  -8.99427554e-01  4.45874550e-01
158  -9.37331817e-01  4.37070057e-01
159  -9.75200791e-01  4.28115026e-01
160  -1.01303562e+00  4.19016797e-01
161  -1.05081691e+00  4.09698569e-01
162  -1.08856612e+00  4.00251225e-01
163  -1.12629415e+00  3.90719642e-01
164  -1.16399542e+00  3.81082919e-01
165  -1.20164574e+00  3.71248830e-01
166  -1.23927184e+00  3.61322458e-01
167  -1.27688735e+00  3.51355988e-01
168  -1.31447620e+00  3.41289906e-01
169  -1.35202296e+00  3.31067536e-01
170  -1.38955773e+00  3.20801191e-01
171  -1.42706156e+00  3.10422527e-01
172  -1.46456172e+00  3.00030484e-01
173  -1.50206109e+00  2.89635586e-01
174  -1.53955078e+00  2.79205852e-01
175  -1.57702185e+00  2.68709420e-01
176  -1.61448538e+00  2.58186068e-01
177  -1.65192751e+00  2.47586849e-01
178  -1.68936749e+00  2.36980048e-01
179  -1.72679508e+00  2.26329630e-01
180  -1.76421293e+00  2.15645011e-01
181  -1.80163320e+00  2.04968868e-01
182  -1.83904357e+00  1.94258199e-01
183  -1.87644346e+00  1.83511079e-01
184  -1.91387658e+00  1.72880109e-01
185  -1.95131631e+00  1.62272400e-01
186  -1.98875216e+00  1.51651021e-01
187  -2.02619358e+00  1.41049262e-01
188  -2.08030000e+00  1.25718309e-01
189  -2.11703164e+00  1.15321740e-01
190  -2.15377797e+00  1.04977198e-01
191  -2.19053187e+00  9.46595955e-02
192  -2.22730028e+00  8.43938029e-02
193  -2.26406617e+00  7.41189907e-02
194  -2.30079905e+00  6.37268100e-02
195  -2.33751465e+00  5.32736953e-02
196  -2.37420512e+00  4.27328326e-02
197  -2.41086897e+00  3.20997340e-02
198  -3.07301569e-01  5.10270782e-01
199  -3.07310243e-01  4.70459169e-01
200  -3.07318918e-01  4.30647555e-01
201  -3.07327592e-01  3.90835941e-01
202  -3.07336266e-01  3.51024327e-01
203  -3.07344941e-01  3.11212713e-01
204  -3.07353615e-01  2.71401100e-01
205  -3.07362289e-01  2.31589486e-01
206  -3.07370963e-01  1.91777872e-01
207  -3.07379638e-01  1.51966258e-01
208  -3.07388312e-01  1.12154644e-01
209  -3.07396986e-01  7.23430306e-02
210  -3.07405661e-01  3.25314168e-02
211  -3.07414335e-01  -7.28019702e-03
212  -3.07423009e-01  -4.70918108e-02
213  -3.07431684e-01  -8.69034246e-02
214  -3.07440358e-01  -1.26715038e-01
215  -3.07449032e-01  -1.66526652e-01
216  -3.07457706e-01  -2.06338266e-01
217  -3.07466381e-01  -2.46149880e-01
218  -3.07475055e-01  -2.85961494e-01
219  -3.07483729e-01  -3.25773107e-01
220  -3.07492404e-01  -3.65584721e-01
221  -3.07501078e-01  -4.05396335e-01
222  -3.07509752e-01  -4.45207949e-01
223  -3.07518426e-01  -4.85019563e-01
224  -3.07527101e-01  -5.24831176e-01
225  -3.07535775e-01  -5.64642790e-01
226  2.11464288e-01  5.24809766e-01
227  2.11468693e-01  4.85434628e-01
228  2.11473097e-01  4.46059491e-01
229  2.11477502e-01  4.06684353e-01
230  2.11481906e-01  3.67309215e-01
231  2.11486310e-01  3.27934077e-01
232  2.11490715e-01  2.88558939e-01
233  2.11495119e-01  2.49183802e-01
234  2.11499524e-01  2.09808664e-01
235  2.11503928e-01  1.70433526e-01
236  2.11508332e-01  1.31058388e-01
237  2.11512737e-01  9.16832505e-02
238  2.11517141e-01  5.23081127e-02
239  2.11521546e-01  1.29329749e-02
240  2.11525950e-01  -2.64421629e-02
241  2.11530354e-01  -6.58173007e-02
242  2.11534759e-01  -1.05192439e-01
243  2.11539163e-01  -1.44567576e-01
244  2.11543568e-01  -1.83942714e-01
245  2.11547972e-01  -2.23317852e-01
246  2.11552376e-01  -2.62692990e-01
247  2.11556781e-01  -3.02068127e-01
248  2.11561185e-01  -3.41443265e-01
249  2.11565590e-01  -3.80818403e-01
250  2.11569994e-01  -4.20193541e-01
251  2.11574398e-01  -4.59568679e-01
252  2.11578803e-01  -4.98943816e-01
10282  2.38963994e-01  -4.20190477e-01
254  2.11587612e-01  -5.77694092e-01
10283  2.38968398e-01  -4.59565615e-01
2743  2.12700928e-01  1.70433660e-01
10284  2.38972803e-01  -4.98940752e-01
10285  2.38977207e-01  -5.38315890e-01
10286  2.38981612e-01  -5.77691028e-01
10245  -2.80037685e-01  -8.69093934e-02
10241  -2.80002987e-01  7.23370618e-02
10242  -2.80011662e-01  3.25254480e-02
10243  -2.80020336e-01  -7.28616552e-03
10246  -2.80046359e-01  -1.26721006e-01
10244  -2.80029010e-01  -4.70977796e-02
2509  -2.44635933e+00  -2.05740388e-02
2510  -2.40758493e+00  -1.15136077e-02
2511  -2.36714205e+00  -4.09958899e-03
2512  -2.32638620e+00  1.33767793e-03
2513  -2.28542988e+00  5.01034726e-03
2514  -2.24433258e+00  6.39294793e-03
2515  -2.20322237e+00  6.08467865e-03
2516  -2.16213724e+00  4.54912118e-03
2517  -2.12114049e+00  1.47419288e-03
2518  -2.08023941e+00  -2.69422165e-03
2519  -2.02390706e+00  -1.07116443e-02
2520  -1.98439424e+00  -1.75432473e-02
2521  -1.94506629e+00  -2.53674794e-02
2522  -1.90598270e+00  -3.43259856e-02
2523  -1.86707571e+00  -4.40141148e-02
2524  -1.82834563e+00  -5.43877087e-02
2525  -1.78982942e+00  -6.55305963e-02
2526  -1.75152711e+00  -7.73869407e-02
2527  -1.71346429e+00  -8.99869813e-02
2528  -1.67558424e+00  -1.03120585e-01
2529  -1.63783866e+00  -1.16634068e-01
2530  -1.60026559e+00  -1.30619472e-01
2531  -1.56284532e+00  -1.45006127e-01
2532  -1.52551799e+00  -1.59630299e-01
2533  -1.48830214e+00  -1.74537264e-01
2534  -1.45121092e+00  -1.89751194e-01
2535  -1.41422792e+00  -2.05223954e-01
2536  -1.37731620e+00  -2.20863896e-01
2537  -1.34046350e+00  -2.36642234e-01
2538  -1.30367499e+00  -2.52568442e-01
2539  -1.26691205e+00  -2.68551163e-01
2540  -1.23015404e+00  -2.84543944e-01
2541  -1.19338656e+00  -3.00513776e-01
2542  -1.15659477e+00  -3.16428214e-01
2543  -1.11981043e+00  -3.32360595e-01
2544  -1.08301984e+00  -3.48277048e-01
2545  -1.04620168e+00  -3.64126804e-01
2546  -1.00930943e+00  -3.79802187e-01
2547  -9.72359192e-01  -3.95340337e-01
2548  -9.35335514e-01  -4.10701291e-01
2549  -8.98231867e-01  -4.25866276e-01
2550  -8.61011695e-01  -4.40739107e-01
2551  -8.23629500e-01  -4.55198814e-01
2552  -7.86132820e-01  -4.69361875e-01
2553  -7.48533729e-01  -4.83247962e-01
2554  -7.10759019e-01  -4.96644983e-01
2555  -6.72822209e-01  -5.09574083e-01
2556  -6.34739905e-01  -5.22068465e-01
2557  -5.96517145e-01  -5.34124796e-01
2558  -5.58086008e-01  -5.45497106e-01
2559  -5.19496839e-01  -5.56317881e-01
2560  -4.80753861e-01  -5.66572733e-01
2561  -4.41847295e-01  -5.76189911e-01
2562  -4.02782140e-01  -5.85139884e-01
2563  -3.46904290e-01  -5.96814422e-01
2564  -3.06347383e-01  -6.04153141e-01
2565  -2.67894896e-01  -6.10417036e-01
2566  -2.28212792e-01  -6.16088975e-01
2567  -1.88405946e-01  -6.20821617e-01
2568  -1.48496408e-01  -6.24593186e-01
2569  -1.08506505e-01  -6.27354083e-01
2570  -6.84635834e-02  -6.29191439e-01
2571  -2.83886318e-02  -6.30188020e-01
2572  1.16982697e-02  -6.30411785e-01
2573  5.17780890e-02  -6.29715134e-01
2574  9.18168465e-02  -6.27761336e-01
2575  1.31808698e-01  -6.24996889e-01
2576  1.71718691e-01  -6.21266859e-01
2577  2.12788942e-01  -6.16410505e-01
2578  2.51224436e-01  -6.10999332e-01
2579  2.96824496e-01  -6.03457096e-01
2580  3.36364039e-01  -5.95875864e-01
2581  3.75698914e-01  -5.87297958e-01
2582  4.14788911e-01  -5.77655683e-01
2583  4.53662592e-01  -5.67168174e-01
2584  4.92298297e-01  -5.55834594e-01
2585  5.30665950e-01  -5.43625575e-01
2586  5.68747525e-01  -5.30558765e-01
2587  6.06381735e-01  -5.16255057e-01
2588  6.43690917e-01  -5.01116053e-01
2589  6.80665723e-01  -4.85181684e-01
2590  7.17188368e-01  -4.68244820e-01
2591  7.53167808e-01  -4.50183494e-01
2592  7.88633085e-01  -4.31133175e-01
2593  8.23497512e-01  -4.11011041e-01
2594  8.63528422e-01  -3.85901559e-01
2595  8.95552281e-01  -3.64544919e-01
2596  9.26544508e-01  -3.41717470e-01
2597  9.56795800e-01  -3.17919823e-01
2598  9.86046812e-01  -2.92906955e-01
2599  1.01414426e+00  -2.66607912e-01
2600  1.04097629e+00  -2.39022347e-01
2601  1.06613266e+00  -2.09919874e-01
2602  1.08906203e+00  -1.79040799e-01
2603  1.10950117e+00  -1.46473708e-01
2604  1.12659757e+00  -1.12055310e-01
2605  1.13920050e+00  -7.57568425e-02
2606  1.14756624e+00  -3.82412900e-02
2607  1.15120000e+00  2.06795142e-06
2608  1.14789127e+00  3.81640630e-02
2609  1.14048260e+00  7.57612139e-02
2610  1.12862238e+00  1.12164845e-01
2611  1.11199275e+00  1.46665356e-01
2612  1.09208176e+00  1.79417309e-01
2613  1.06914420e+00  2.10137388e-01
2614  1.04428912e+00  2.39334929e-01
2615  1.01734986e+00  2.66627446e-01
2616  9.89009510e-01  2.92472766e-01
2617  9.59179130e-01  3.16583700e-01
2618  9.28256290e-01  3.39285697e-01
2619  8.96401081e-01  3.60658106e-01
2620  8.63550164e-01  3.80471782e-01
2621  8.23127661e-01  4.02750016e-01
2622  7.87905847e-01  4.20383889e-01
2623  7.52141305e-01  4.36899290e-01
2624  7.15896760e-01  4.52330021e-01
2625  6.79113916e-01  4.66434006e-01
2626  6.41986112e-01  4.79612424e-01
2627  6.04495541e-01  4.91720418e-01
2628  5.66703341e-01  5.02858031e-01
2629  5.28686166e-01  5.13201041e-01
2630  4.90404619e-01  5.22513775e-01
2631  4.51907243e-01  5.30894527e-01
2632  4.13214532e-01  5.38325916e-01
2633  3.74376741e-01  5.44958937e-01
2634  3.35405619e-01  5.50753289e-01
2635  2.96324214e-01  5.55743425e-01
2636  2.51253765e-01  5.60423027e-01
2637  2.12656950e-01  5.63596230e-01
2638  1.71540799e-01  5.66239326e-01
2639  1.31618300e-01  5.68068057e-01
2640  9.16676742e-02  5.69206230e-01
2641  5.17040713e-02  5.69803723e-01
2642  1.17373701e-02  5.69818455e-01
2643  -2.82213108e-02  5.69068206e-01
2644  -6.81673573e-02  5.67761061e-01
2645  -1.08094022e-01  5.65947460e-01
2646  -1.47995707e-01  5.63640603e-01
2647  -1.87865668e-01  5.60824244e-01
2648  -2.27702846e-01  5.57579684e-01
2649  -2.67492863e-01  5.53813408e-01
2650  -3.06095976e-01  5.49712587e-01
2651  -3.46939352e-01  5.44966780e-01
2652  -4.02193544e-01  5.37890424e-01
2653  -4.40733662e-01  5.32551977e-01
2654  -4.79213094e-01  5.26790309e-01
2655  -5.17645249e-01  5.20715091e-01
2656  -5.56036023e-01  5.14381296e-01
2657  -5.94381895e-01  5.07781429e-01
2658  -6.32672680e-01  5.00871117e-01
2659  -6.70906489e-01  4.93654534e-01
2660  -7.09084852e-01  4.86147239e-01
2661  -7.47209798e-01  4.78369773e-01
2662  -7.85287772e-01  4.70361070e-01
2663  -8.23338535e-01  4.62222077e-01
2664  -8.61354458e-01  4.53925573e-01
2665  -8.99316128e-01  4.45387124e-01
2666  -9.37217720e-01  4.36583249e-01
2667  -9.75084807e-01  4.27628664e-01
2668  -1.01291730e+00  4.18530998e-01
2669  -1.05069635e+00  4.09213321e-01
2670  -1.08844419e+00  3.99766320e-01
2671  -1.12617100e+00  3.90235044e-01
2672  -1.16387033e+00  3.80598820e-01
2673  -1.20151879e+00  3.70765215e-01
2674  -1.23914404e+00  3.60839067e-01
2675  -1.27675865e+00  3.50872835e-01
2676  -1.31434586e+00  3.40807194e-01
2677  -1.35189133e+00  3.30585174e-01
2678  -1.38942510e+00  3.20319104e-01
2679  -1.42692812e+00  3.09940663e-01
2680  -1.46442817e+00  2.99548648e-01
2681  -1.50192730e+00  2.89153818e-01
2682  -1.53941634e+00  2.78724265e-01
2683  -1.57688681e+00  2.68228002e-01
2684  -1.61434968e+00  2.57704835e-01
2685  -1.65179127e+00  2.47105768e-01
2686  -1.68923092e+00  2.36499060e-01
2687  -1.72665801e+00  2.25848784e-01
2688  -1.76407570e+00  2.15164212e-01
2689  -1.80149580e+00  2.04488117e-01
2690  -1.83890571e+00  1.93777579e-01
2691  -1.87630612e+00  1.83030312e-01
2692  -1.91374013e+00  1.72399087e-01
2693  -1.95117992e+00  1.61791361e-01
2694  -1.98861581e+00  1.51169971e-01
2695  -2.02605731e+00  1.40568188e-01
2696  -2.08016376e+00  1.25237228e-01
2697  -2.11689581e+00  1.14840543e-01
2698  -2.15364266e+00  1.04495856e-01
2699  -2.19039707e+00  9.41781086e-02
2700  -2.22716576e+00  8.39122377e-02
2701  -2.26393082e+00  7.36376575e-02
2702  -2.30066254e+00  6.32458066e-02
2703  -2.33737716e+00  5.27929693e-02
2704  -2.37406645e+00  4.22524453e-02
2705  -2.41057596e+00  3.16945873e-02
2706  -3.06104569e-01  5.10270521e-01
2707  -3.06113243e-01  4.70458908e-01
2708  -3.06121918e-01  4.30647294e-01
2709  -3.06130592e-01  3.90835680e-01
2710  -3.06139266e-01  3.51024066e-01
2711  -3.06147941e-01  3.11212452e-01
2712  -3.06156615e-01  2.71400839e-01
2713  -3.06165289e-01  2.31589225e-01
2714  -3.06173963e-01  1.91777611e-01
2715  -3.06182638e-01  1.51965997e-01
2716  -3.06191312e-01  1.12154383e-01
2717  -3.06199986e-01  7.23427698e-02
2718  -3.06208661e-01  3.25311560e-02
2719  -3.06217335e-01  -7.28045782e-03
2720  -3.06226009e-01  -4.70920716e-02
2721  -3.06234684e-01  -8.69036854e-02
2722  -3.06243358e-01  -1.26715299e-01
2723  -3.06252032e-01  -1.66526913e-01
2724  -3.06260706e-01  -2.06338527e-01
2725  -3.06269381e-01  -2.46150141e-01
2726  -3.06278055e-01  -2.85961755e-01
2727  -3.06286729e-01  -3.25773368e-01
2728  -3.06295404e-01  -3.65584982e-01
2729  -3.06304078e-01  -4.05396596e-01
2730  -3.06312752e-01  -4.45208210e-01
2731  -3.06321426e-01  -4.85019824e-01
2732  -3.06330101e-01  -5.24831437e-01
2733  -3.06338775e-01  -5.64643051e-01
10252  -2.80098405e-01  -3.65590690e-01
2735  2.12665693e-01  4.85434762e-01
2736  2.12670097e-01  4.46059625e-01
2737  2.12674502e-01  4.06684487e-01
2738  2.12678906e-01  3.67309349e-01
2739  2.12683310e-01  3.27934211e-01
2740  2.12687715e-01  2.88559073e-01
2741  2.12692119e-01  2.49183936e-01
2742  2.12696524e-01  2.09808798e-01
2734  2.12661288e-01  5.24809900e-01
2744  2.12705332e-01  1.31058522e-01
2745  2.12709737e-01  9.16833844e-02
2746  2.12714141e-01  5.23082466e-02
2747  2.12718546e-01  1.29331088e-02
2748  2.12722950e-01  -2.64420290e-02
2749  2.12727354e-01  -6.58171668e-02
2750  2.12731759e-01  -1.05192305e-01
2751  2.12736163e-01  -1.44567442e-01
2752  2.12740568e-01  -1.83942580e-01
2753  2.12744972e-01  -2.23317718e-01
2754  2.12749376e-01  -2.62692856e-01
2755  2.12753781e-01  -3.02067993e-01
2756  2.12758185e-01  -3.41443131e-01
2757  2.12762590e-01  -3.80818269e-01
2758  2.12766994e-01  -4.20193407e-01
2759  2.12771398e-01  -4.59568545e-01
2760  2.12775803e-01  -4.98943682e-01
2761  2.12780207e-01  -5.38318820e-01
2762  2.12784612e-01  -5.77693958e-01
10253  -2.80107079e-01  -4.05402303e-01
10254  -2.80115753e-01  -4.45213917e-01
10255  -2.80124427e-01  -4.85025532e-01
10248  -2.80063707e-01  -2.06344235e-01
10256  -2.80133102e-01  -5.24837145e-01
10257  -2.80141776e-01  -5.64648758e-01
10262  2.38875906e-01  3.67312279e-01
5262  2.25249376e-01  -2.62691458e-01
5264  2.25258185e-01  -3.41441733e-01
10258  2.38858288e-01  5.24812830e-01
5266  2.25266994e-01  -4.20192009e-01
10263  2.38880310e-01  3.27937141e-01
10261  2.38871502e-01  4.06687417e-01
10259  2.38862693e-01  4.85437692e-01
10276  2.38937568e-01  -1.83939650e-01
5017  -2.44134723e+00  -1.71466539e-02
5018  -2.40803310e+00  -9.36280385e-03
5019  -2.36748549e+00  -1.92959908e-03
5020  -2.32662964e+00  3.52114962e-03
5021  -2.28556498e+00  7.20318953e-03
5022  -2.24436128e+00  8.58976046e-03
5023  -2.20317310e+00  8.28112610e-03
5024  -2.16201403e+00  6.74266352e-03
5025  -2.12094694e+00  3.66265025e-03
5026  -2.07997320e+00  -5.13409716e-04
5027  -2.02356509e+00  -8.54142203e-03
5028  -1.98399271e+00  -1.53832505e-02
5029  -1.94460647e+00  -2.32191371e-02
5030  -1.90547182e+00  -3.21892097e-02
5031  -1.86652605e+00  -4.18869843e-02
5032  -1.82775611e+00  -5.22712785e-02
5033  -1.78919928e+00  -6.34259030e-02
5034  -1.75085703e+00  -7.52946205e-02
5035  -1.71275921e+00  -8.79061970e-02
5036  -1.67485411e+00  -1.01048455e-01
5037  -1.63708518e+00  -1.14570314e-01
5038  -1.59948818e+00  -1.28564614e-01
5039  -1.56205040e+00  -1.42957980e-01
5040  -1.52470881e+00  -1.57587743e-01
5041  -1.48747680e+00  -1.72501183e-01
5042  -1.45037006e+00  -1.87721471e-01
5043  -1.41337537e+00  -2.03199113e-01
5044  -1.37645528e+00  -2.18842605e-01
5045  -1.33959473e+00  -2.34624304e-01
5046  -1.30280061e+00  -2.50552938e-01
5047  -1.26603582e+00  -2.66536459e-01
5048  -1.22927816e+00  -2.82529091e-01
5049  -1.19251282e+00  -2.98497992e-01
5050  -1.15572206e+00  -3.14411983e-01
5051  -1.11893767e+00  -3.30344389e-01
5052  -1.08214932e+00  -3.46259871e-01
5053  -1.04533775e+00  -3.62106797e-01
5054  -1.00845403e+00  -3.77778551e-01
5055  -9.71512403e-01  -3.93313084e-01
5056  -9.34498938e-01  -4.08669802e-01
5057  -8.97408644e-01  -4.23829339e-01
5058  -8.60207776e-01  -4.38694474e-01
5059  -8.22845046e-01  -4.53146634e-01
5060  -7.85364088e-01  -4.67303754e-01
5061  -7.47785960e-01  -4.81182133e-01
5062  -7.10037463e-01  -4.94569853e-01
5063  -6.72125390e-01  -5.07490516e-01
5064  -6.34067005e-01  -5.19977051e-01
5065  -5.95874975e-01  -5.32023742e-01
5066  -5.57477701e-01  -5.43385999e-01
5067  -5.18919152e-01  -5.54198191e-01
5068  -4.80209161e-01  -5.64444327e-01
5069  -4.41338362e-01  -5.74052671e-01
5070  -4.02312146e-01  -5.82993745e-01
5071  -3.46483739e-01  -5.94658049e-01
5072  -2.93847366e-01  -6.04075882e-01
5073  -2.67562554e-01  -6.08245318e-01
5074  -2.27927651e-01  -6.13910557e-01
5075  -1.88172890e-01  -6.18637013e-01
5076  -1.48317382e-01  -6.22403492e-01
5077  -1.08380485e-01  -6.25160700e-01
5078  -6.83859185e-02  -6.26995812e-01
5079  -2.83551897e-02  -6.27991274e-01
5080  1.16853088e-02  -6.28214823e-01
5081  5.17054489e-02  -6.27519336e-01
5082  9.16875467e-02  -6.25568144e-01
5083  1.31630710e-01  -6.22807110e-01
5084  1.71487831e-01  -6.19082022e-01
5085  2.25288514e-01  -6.12581042e-01
5086  2.50892406e-01  -6.08827566e-01
5087  2.96438352e-01  -6.01294297e-01
5088  3.35923095e-01  -5.93723568e-01
5089  3.75201735e-01  -5.85157953e-01
5090  4.14239671e-01  -5.75528445e-01
5091  4.53067219e-01  -5.65053384e-01
5092  4.91655949e-01  -5.53733595e-01
5093  5.29976288e-01  -5.41539628e-01
5094  5.68000633e-01  -5.28492619e-01
5095  6.05578382e-01  -5.14210202e-01
5096  6.42843088e-01  -4.99089235e-01
5097  6.79768750e-01  -4.83176129e-01
5098  7.16233286e-01  -4.66266278e-01
5099  7.52155067e-01  -4.48233836e-01
5100  7.87564032e-01  -4.29213817e-01
5101  8.22364500e-01  -4.09128730e-01
5102  8.62335110e-01  -3.84056887e-01
5103  8.94290989e-01  -3.62746044e-01
5104  9.25213693e-01  -3.39969403e-01
5105  9.55402407e-01  -3.16221216e-01
5106  9.84581860e-01  -2.91269663e-01
5107  1.01260573e+00  -2.65039556e-01
5108  1.03935710e+00  -2.37537415e-01
5109  1.06441849e+00  -2.08545678e-01
5110  1.08724825e+00  -1.77801024e-01
5111  1.10758454e+00  -1.45399770e-01
5112  1.12457195e+00  -1.11204619e-01
5113  1.13708713e+00  -7.51564638e-02
5114  1.14539628e+00  -3.78976627e-02
5115  1.14900302e+00  1.11545299e-05
5116  1.14571274e+00  3.78559296e-02
5117  1.13835652e+00  7.52075155e-02
5118  1.12658378e+00  1.11345753e-01
5119  1.11006226e+00  1.45616523e-01
5120  1.09026083e+00  1.78188068e-01
5121  1.06742665e+00  2.08767415e-01
5122  1.04266976e+00  2.37850183e-01
5123  1.01582732e+00  2.65043558e-01
5124  9.87578141e-01  2.90806035e-01
5125  9.57838157e-01  3.14843413e-01
5126  9.26993900e-01  3.37487592e-01
5127  8.95221370e-01  3.58804705e-01
5128  8.62452385e-01  3.78568708e-01
5129  8.22105458e-01  4.00805303e-01
5130  7.86953416e-01  4.18404070e-01
5131  7.51250368e-01  4.34891047e-01
5132  7.15073035e-01  4.50293287e-01
5133  6.78353119e-01  4.64372939e-01
5134  6.41280987e-01  4.77531653e-01
5135  6.03847353e-01  4.89621213e-01
5136  5.66104400e-01  5.00744248e-01
5137  5.28138080e-01  5.11073504e-01
5138  4.89911257e-01  5.20372887e-01
5139  4.51466349e-01  5.28742220e-01
5140  4.12822385e-01  5.36164197e-01
5141  3.74030236e-01  5.42789434e-01
5142  3.35104918e-01  5.48576965e-01
5143  2.96071618e-01  5.53560994e-01
5144  2.51050610e-01  5.58235440e-01
5145  2.25157298e-01  5.60481293e-01
5146  1.71420351e-01  5.64045630e-01
5147  1.31536747e-01  5.65872571e-01
5148  9.16199682e-02  5.67009748e-01
5149  5.16872445e-02  5.67606787e-01
5150  1.17575875e-02  5.67621548e-01
5151  -2.81647616e-02  5.66871934e-01
5152  -6.80815828e-02  5.65565736e-01
5153  -1.07980772e-01  5.63753381e-01
5154  -1.47854899e-01  5.61448120e-01
5155  -1.87699089e-01  5.58633568e-01
5156  -2.27510154e-01  5.55391150e-01
5157  -2.67273145e-01  5.51627422e-01
5158  -2.93596154e-01  5.48893903e-01
5159  -3.46672866e-01  5.42786001e-01
5160  -4.01903274e-01  5.35712684e-01
5161  -4.40420266e-01  5.30377444e-01
5162  -4.78878905e-01  5.24618875e-01
5163  -5.17294914e-01  5.18546203e-01
5164  -5.55670877e-01  5.12214853e-01
5165  -5.94000470e-01  5.05617792e-01
5166  -6.32273840e-01  4.98710623e-01
5167  -6.70490796e-01  4.91497219e-01
5168  -7.08653331e-01  4.83993035e-01
5169  -7.46764131e-01  4.76218451e-01
5170  -7.84831908e-01  4.68211885e-01
5171  -8.22874543e-01  4.60074632e-01
5172  -8.60879178e-01  4.51780598e-01
5173  -8.98826525e-01  4.43245373e-01
5174  -9.36716379e-01  4.34444215e-01
5175  -9.74575174e-01  4.25491591e-01
5176  -1.01239742e+00  4.16396395e-01
5177  -1.05016661e+00  4.07081143e-01
5178  -1.08790843e+00  3.97635647e-01
5179  -1.12562989e+00  3.88105723e-01
5180  -1.16332068e+00  3.78471687e-01
5181  -1.20096096e+00  3.68640211e-01
5182  -1.23858248e+00  3.58715048e-01
5183  -1.27619314e+00  3.48749863e-01
5184  -1.31377312e+00  3.38686160e-01
5185  -1.35131295e+00  3.28465673e-01
5186  -1.38884230e+00  3.18200812e-01
5187  -1.42634178e+00  3.07823350e-01
5188  -1.46384137e+00  2.97431463e-01
5189  -1.50133944e+00  2.87036928e-01
5190  -1.53882561e+00  2.76608173e-01
5191  -1.57629343e+00  2.66112649e-01
5192  -1.61375340e+00  2.55590299e-01
5193  -1.65119264e+00  2.44991897e-01
5194  -1.68863085e+00  2.34385599e-01
5195  -1.72605574e+00  2.23735948e-01
5196  -1.76347270e+00  2.13051584e-01
5197  -1.80089206e+00  2.02375699e-01
5198  -1.83829997e+00  1.91665734e-01
5199  -1.87570263e+00  1.80917824e-01
5200  -1.91314058e+00  1.70285478e-01
5201  -1.95058064e+00  1.59677675e-01
5202  -1.98801670e+00  1.49056237e-01
5203  -2.02545857e+00  1.38454351e-01
5204  -2.07956512e+00  1.23123359e-01
5205  -2.11629897e+00  1.12726166e-01
5206  -2.15304809e+00  1.02380838e-01
5207  -2.18980477e+00  9.20624554e-02
5208  -2.22657469e+00  8.17962400e-02
5209  -2.26333612e+00  7.15226794e-02
5210  -2.30006270e+00  6.11322777e-02
5211  -2.33677305e+00  5.06806595e-02
5212  -2.37345716e+00  4.01416237e-02
5213  -2.40928846e+00  2.99143726e-02
5214  -2.93604569e-01  5.10267798e-01
5215  -2.93613243e-01  4.70456185e-01
5216  -2.93621918e-01  4.30644571e-01
5217  -2.93630592e-01  3.90832957e-01
5218  -2.93639266e-01  3.51021343e-01
5219  -2.93647941e-01  3.11209729e-01
5220  -2.93656615e-01  2.71398116e-01
5221  -2.93665289e-01  2.31586502e-01
5222  -2.93673963e-01  1.91774888e-01
5223  -2.93682638e-01  1.51963274e-01
5224  -2.93691312e-01  1.12151660e-01
5225  -2.93699986e-01  7.23400462e-02
5226  -2.93708661e-01  3.25284324e-02
5227  -2.93717335e-01  -7.28318127e-03
5228  -2.93726009e-01  -4.70947952e-02
5229  -2.93734684e-01  -8.69064090e-02
5230  -2.93743358e-01  -1.26718022e-01
5231  -2.93752032e-01  -1.66529636e-01
5232  -2.93760706e-01  -2.06341250e-01
5233  -2.93769381e-01  -2.46152864e-01
5234  -2.93778055e-01  -2.85964478e-01
5235  -2.93786729e-01  -3.25776091e-01
5236  -2.93795404e-01  -3.65587705e-01
5237  -2.93804078e-01  -4.05399319e-01
5238  -2.93812752e-01  -4.45210933e-01
5239  -2.93821426e-01  -4.85022547e-01
5240  -2.93830101e-01  -5.24834160e-01
5241  -2.93838775e-01  -5.64645774e-01
5242  2.25161288e-01  5.24811298e-01
5243  2.25165693e-01  4.85436160e-01
5244  2.25170097e-01  4.46061023e-01
5245  2.25174502e-01  4.06685885e-01
5246  2.25178906e-01  3.67310747e-01
5247  2.25183310e-01  3.27935609e-01
5248  2.25187715e-01  2.88560471e-01
5249  2.25192119e-01  2.49185334e-01
5250  2.25196524e-01  2.09810196e-01
5251  2.25200928e-01  1.70435058e-01
5252  2.25205332e-01  1.31059920e-01
5253  2.25209737e-01  9.16847826e-02
5254  2.25214141e-01  5.23096448e-02
5255  2.25218546e-01  1.29345070e-02
5256  2.25222950e-01  -2.64406309e-02
5257  2.25227354e-01  -6.58157686e-02
5258  2.25231759e-01  -1.05190907e-01
5259  2.25236163e-01  -1.44566044e-01
5260  2.25240568e-01  -1.83941182e-01
5261  2.25244972e-01  -2.23316320e-01
10268  2.38902332e-01  1.31061452e-01
5263  2.25253781e-01  -3.02066595e-01
10247  -2.80055033e-01  -1.66532620e-01
5265  2.25262590e-01  -3.80816871e-01
10249  -2.80072382e-01  -2.46155849e-01
5267  2.25271398e-01  -4.59567147e-01
5268  2.25275803e-01  -4.98942284e-01
5269  2.25280207e-01  -5.38317422e-01
5270  2.25284612e-01  -5.77692560e-01
10269  2.38906737e-01  9.16863148e-02
10278  2.38946376e-01  -2.62689926e-01
10270  2.38911141e-01  5.23111770e-02
10251  -2.80089730e-01  -3.25779076e-01
10271  2.38915546e-01  1.29360392e-02
10272  2.38919950e-01  -2.64390990e-02
10265  2.38889119e-01  2.49186866e-01
10266  2.38893524e-01  2.09811728e-01
10273  2.38924354e-01  -6.58142364e-02
10260  2.38867097e-01  4.46062555e-01
10274  2.38928759e-01  -1.05189375e-01
10279  2.38950781e-01  -3.02065063e-01
10280  2.38955185e-01  -3.41440201e-01
10250  -2.80081056e-01  -2.85967462e-01
10275  2.38933163e-01  -1.44564512e-01
7525  -2.43816704e+00  -1.49719727e-02
7526  -2.40831746e+00  -7.99811541e-03
7527  -2.36770341e+00  -5.52737030e-04
7528  -2.32678410e+00  4.90656589e-03
7529  -2.28565070e+00  8.59455144e-03
7530  -2.24437949e+00  9.98364151e-03
7531  -2.20314183e+00  9.67477550e-03
7532  -2.16193585e+00  8.13446964e-03
7533  -2.12082413e+00  5.05122994e-03
7534  -2.07980429e+00  8.70318931e-04
7535  -2.01842416e+00  2.40840217e-02
7536  -1.97795649e+00  1.70884726e-02
7537  -1.93769390e+00  9.07738195e-03
7538  -1.89779165e+00  -6.65728793e-05
7539  -1.85826290e+00  -9.90934774e-03
7540  -1.81889374e+00  -2.04545023e-02
7541  -1.77972626e+00  -3.17855705e-02
7542  -1.74078359e+00  -4.38402961e-02
7543  -1.70215950e+00  -5.66252942e-02
7544  -1.66387796e+00  -6.98976462e-02
7545  -1.62575798e+00  -8.35454332e-02
7546  -1.58780120e+00  -9.76734631e-02
7547  -1.55010016e+00  -1.12167710e-01
7548  -1.51254420e+00  -1.26881539e-01
7549  -1.47506928e+00  -1.41892323e-01
7550  -1.43772934e+00  -1.57208183e-01
7551  -1.40055893e+00  -1.72759213e-01
7552  -1.36351282e+00  -1.88456068e-01
7553  -1.32653425e+00  -2.04288306e-01
7554  -1.28965572e+00  -2.20253419e-01
7555  -1.25286327e+00  -2.36248957e-01
7556  -1.21611076e+00  -2.52239349e-01
7557  -1.17937766e+00  -2.68194255e-01
7558  -1.14260242e+00  -2.84101522e-01
7559  -1.10581715e+00  -3.00034309e-01
7560  -1.06906257e+00  -3.15935202e-01
7561  -1.03235002e+00  -3.31739582e-01
7562  -9.95594614e-01  -3.47356778e-01
7563  -9.58782427e-01  -3.62836921e-01
7564  -9.21922506e-01  -3.78129957e-01
7565  -8.85032939e-01  -3.93207603e-01
7566  -8.48122278e-01  -4.07957046e-01
7567  -8.11052163e-01  -4.22295756e-01
7568  -7.73807568e-01  -4.36363560e-01
7569  -7.36544575e-01  -4.50126054e-01
7570  -6.99190142e-01  -4.63373949e-01
7571  -6.61649956e-01  -4.76167776e-01
7572  -6.23951146e-01  -4.88536342e-01
7573  -5.86221092e-01  -5.00438123e-01
7574  -5.48332887e-01  -5.11649251e-01
7575  -5.10234650e-01  -5.22332407e-01
7576  -4.72020556e-01  -5.32447522e-01
7577  -4.33687445e-01  -5.41923055e-01
7578  -3.95246618e-01  -5.50730343e-01
7579  -3.39673377e-01  -5.59737953e-01
7580  -2.81339969e-01  -5.70127787e-01
7581  -2.62180644e-01  -5.73076737e-01
7582  -2.23310109e-01  -5.78633477e-01
7583  -1.84398816e-01  -5.83259754e-01
7584  -1.45418260e-01  -5.86943808e-01
7585  -1.06339726e-01  -5.89641278e-01
7586  -6.71282217e-02  -5.91440049e-01
7587  -2.78136314e-02  -5.92417396e-01
7588  1.14754203e-02  -5.92637442e-01
7589  5.05291229e-02  -5.91960787e-01
7590  8.95936782e-02  -5.90051812e-01
7591  1.28748388e-01  -5.87346057e-01
7592  1.67749301e-01  -5.83700989e-01
7593  2.37784321e-01  -5.75093859e-01
7594  2.45515552e-01  -5.73658211e-01
7595  2.90633366e-01  -5.68780440e-01
7596  3.29294270e-01  -5.61367619e-01
7597  3.67727532e-01  -5.52986769e-01
7598  4.05982821e-01  -5.43549183e-01
7599  4.44116833e-01  -5.33261256e-01
7600  4.81999377e-01  -5.22148798e-01
7601  5.19608434e-01  -5.10181114e-01
7602  5.56772438e-01  -4.97431768e-01
7603  5.93501407e-01  -4.83469424e-01
7604  6.30097473e-01  -4.68619609e-01
7605  6.66284353e-01  -4.53026174e-01
7606  7.01875329e-01  -4.36522408e-01
7607  7.36930299e-01  -4.18924193e-01
7608  7.71492720e-01  -4.00359671e-01
7609  8.05331683e-01  -3.80831523e-01
7610  8.61577951e-01  -3.82886440e-01
7611  8.93490697e-01  -3.61604655e-01
7612  9.24369288e-01  -3.38860251e-01
7613  9.54518297e-01  -3.15143448e-01
7614  9.83652345e-01  -2.90230799e-01
7615  1.01162953e+00  -2.64044432e-01
7616  1.03832972e+00  -2.36595223e-01
7617  1.06333084e+00  -2.07673748e-01
7618  1.08609741e+00  -1.77014385e-01
7619  1.10636843e+00  -1.44718354e-01
7620  1.12328670e+00  -1.10664855e-01
7621  1.13574619e+00  -7.47755226e-02
7622  1.14401944e+00  -3.76796306e-02
7623  1.14760903e+00  1.69199785e-05
7624  1.14433046e+00  3.76604185e-02
7625  1.13700751e+00  7.48561929e-02
7626  1.12529028e+00  1.10826038e-01
7627  1.10883737e+00  1.44951037e-01
7628  1.08910545e+00  1.77408113e-01
7629  1.06633686e+00  2.07898166e-01
7630  1.04164227e+00  2.36908110e-01
7631  1.01486127e+00  2.64038578e-01
7632  9.86669935e-01  2.89748491e-01
7633  9.56987307e-01  3.13739198e-01
7634  9.26192912e-01  3.36346691e-01
7635  8.94472842e-01  3.57628720e-01
7636  8.61755843e-01  3.77361204e-01
7637  8.06738455e-01  3.71569981e-01
7638  7.72635301e-01  3.88640999e-01
7639  7.37856717e-01  4.04700669e-01
7640  7.02689794e-01  4.19674598e-01
7641  6.66915883e-01  4.33388453e-01
7642  6.30680693e-01  4.46250947e-01
7643  5.94102994e-01  4.58063389e-01
7644  5.57100380e-01  4.68967269e-01
7645  5.19898579e-01  4.79089768e-01
7646  4.82494430e-01  4.88188427e-01
7647  4.44838296e-01  4.96386113e-01
7648  4.06927155e-01  5.03666581e-01
7649  3.68821142e-01  5.10174803e-01
7650  3.30584404e-01  5.15859787e-01
7651  2.92274279e-01  5.20752016e-01
7652  2.47996530e-01  5.25348948e-01
7653  2.37661390e-01  5.23896340e-01
7654  1.69469823e-01  5.28521138e-01
7655  1.30216092e-01  5.30319091e-01
7656  9.08474217e-02  5.31440136e-01
7657  5.14147527e-02  5.32029831e-01
7658  1.20849855e-02  5.32045055e-01
7659  -2.72490107e-02  5.31305721e-01
7660  -6.66925594e-02  5.30014861e-01
7661  -1.06146803e-01  5.28222681e-01
7662  -1.45574656e-01  5.25943267e-01
7663  -1.85001530e-01  5.23157982e-01
7664  -2.24389730e-01  5.19950255e-01
7665  -2.63715051e-01  5.16227789e-01
7666  -2.81103650e-01  5.14487088e-01
7667  -3.42666721e-01  5.10001865e-01
7668  -3.97539587e-01  5.02974220e-01
7669  -4.35708926e-01  4.97687200e-01
7670  -4.73854967e-01  4.91975211e-01
7671  -5.12028250e-01  4.85940819e-01
7672  -5.50181560e-01  4.79646215e-01
7673  -5.88266424e-01  4.73091349e-01
7674  -6.26277985e-01  4.66231422e-01
7675  -6.64241583e-01  4.59065812e-01
7676  -7.02166174e-01  4.51608384e-01
7677  -7.40064316e-01  4.43877126e-01
7678  -7.77978794e-01  4.35902697e-01
7679  -8.15899246e-01  4.27791602e-01
7680  -8.53734199e-01  4.19534698e-01
7681  -8.91466202e-01  4.11047944e-01
7682  -9.29179607e-01  4.02287632e-01
7683  -9.66913748e-01  3.93364479e-01
7684  -1.00458184e+00  3.84306435e-01
7685  -1.04220290e+00  3.75027622e-01
7686  -1.07985419e+00  3.65604756e-01
7687  -1.11749528e+00  3.56095150e-01
7688  -1.15505767e+00  3.46494017e-01
7689  -1.19257506e+00  3.36694549e-01
7690  -1.23014040e+00  3.26784184e-01
7691  -1.26769176e+00  3.16834738e-01
7692  -1.30516313e+00  3.06800164e-01
7693  -1.34261799e+00  2.96602739e-01
7694  -1.38008101e+00  2.86356056e-01
7695  -1.41752715e+00  2.75993316e-01
7696  -1.45501986e+00  2.65603336e-01
7697  -1.49250193e+00  2.55213238e-01
7698  -1.52994501e+00  2.44796482e-01
7699  -1.56737311e+00  2.34312075e-01
7700  -1.60478945e+00  2.23801994e-01
7701  -1.64219328e+00  2.13213598e-01
7702  -1.67960975e+00  2.02613462e-01
7703  -1.71700162e+00  1.91973207e-01
7704  -1.75440767e+00  1.81291955e-01
7705  -1.79181597e+00  1.70619229e-01
7706  -1.82919376e+00  1.59917890e-01
7707  -1.86663022e+00  1.49160300e-01
7708  -1.90412736e+00  1.38511108e-01
7709  -1.94157149e+00  1.27902150e-01
7710  -1.97901007e+00  1.17279996e-01
7711  -2.01645744e+00  1.06676552e-01
7712  -2.07918529e+00  1.21782105e-01
7713  -2.11592027e+00  1.11384590e-01
7714  -2.15267084e+00  1.01038856e-01
7715  -2.18942896e+00  9.07200700e-02
7716  -2.22619966e+00  8.04536362e-02
7717  -2.26295878e+00  7.01807224e-02
7718  -2.29968210e+00  5.97912403e-02
7719  -2.33638973e+00  4.93403956e-02
7720  -2.37307056e+00  3.88023040e-02
7721  -2.40847154e+00  2.87848235e-02
7722  -2.81104570e-01  5.10265074e-01
7723  -2.81113244e-01  4.70453461e-01
7724  -2.81121919e-01  4.30641847e-01
7725  -2.81130593e-01  3.90830233e-01
7726  -2.81139267e-01  3.51018619e-01
7727  -2.81147942e-01  3.11207005e-01
7728  -2.81156616e-01  2.71395392e-01
7729  -2.81165290e-01  2.31583778e-01
7730  -2.81173964e-01  1.91772164e-01
7731  -2.81182639e-01  1.51960550e-01
7732  -2.81191313e-01  1.12148936e-01
7733  -2.81199987e-01  7.23373226e-02
7734  -2.81208662e-01  3.25257088e-02
7735  -2.81217336e-01  -7.28590472e-03
7736  -2.81226010e-01  -4.70975188e-02
7737  -2.81234685e-01  -8.69091326e-02
7738  -2.81243359e-01  -1.26720746e-01
7739  -2.81252033e-01  -1.66532360e-01
7740  -2.81260707e-01  -2.06343974e-01
7741  -2.81269382e-01  -2.46155588e-01
7742  -2.81278056e-01  -2.85967202e-01
7743  -2.81286730e-01  -3.25778815e-01
7744  -2.81295405e-01  -3.65590429e-01
7745  -2.81304079e-01  -4.05402043e-01
7746  -2.81312753e-01  -4.45213657e-01
7747  -2.81321427e-01  -4.85025271e-01
7748  -2.81330102e-01  -5.24836884e-01
7749  -2.81338776e-01  -5.64648498e-01
7750  2.37661288e-01  5.24812696e-01
7751  2.37665693e-01  4.85437558e-01
7752  2.37670097e-01  4.46062421e-01
7753  2.37674502e-01  4.06687283e-01
7754  2.37678906e-01  3.67312145e-01
7755  2.37683310e-01  3.27937007e-01
7756  2.37687715e-01  2.88561869e-01
7757  2.37692119e-01  2.49186732e-01
7758  2.37696524e-01  2.09811594e-01
7759  2.37700928e-01  1.70436456e-01
7760  2.37705332e-01  1.31061318e-01
7761  2.37709737e-01  9.16861809e-02
7762  2.37714141e-01  5.23110431e-02
7763  2.37718546e-01  1.29359053e-02
7764  2.37722950e-01  -2.64392328e-02
7765  2.37727354e-01  -6.58143703e-02
7766  2.37731759e-01  -1.05189509e-01
7767  2.37736163e-01  -1.44564646e-01
7768  2.37740568e-01  -1.83939784e-01
7769  2.37744972e-01  -2.23314922e-01
7770  2.37749376e-01  -2.62690060e-01
7771  2.37753781e-01  -3.02065197e-01
7772  2.37758185e-01  -3.41440335e-01
7773  2.37762590e-01  -3.80815473e-01
10264  2.38884715e-01  2.88562003e-01
7775  2.37771398e-01  -4.59565749e-01
7776  2.37775803e-01  -4.98940886e-01
7777  2.37780207e-01  -5.38316024e-01
7778  2.37784612e-01  -5.77691162e-01
10281  2.38959590e-01  -3.80815339e-01
253  2.11583207e-01  -5.38318954e-01
10277  2.38941972e-01  -2.23314788e-01
7774  2.37766994e-01  -4.20190611e-01
10267  2.38897928e-01  1.70436590e-01
10033  -2.43315493e+00  -1.15445878e-02
10034  -2.40876563e+00  -5.84731159e-03
10035  -2.36804685e+00  1.61725288e-03
10036  -2.32702753e+00  7.09003758e-03
10037  -2.28578580e+00  1.07873937e-02
10038  -2.24440819e+00  1.21804540e-02
10039  -2.20309256e+00  1.18712229e-02
10040  -2.16181264e+00  1.03280120e-02
10041  -2.12063057e+00  7.23968731e-03
10042  -2.07953808e+00  3.05113086e-03
10043  -2.01808219e+00  2.62542439e-02
10044  -1.97755497e+00  1.92484694e-02
10045  -1.93723408e+00  1.12257243e-02
10046  -1.89728078e+00  2.07020298e-03
10047  -1.85771325e+00  -7.78221720e-03
10048  -1.81830422e+00  -1.83380721e-02
10049  -1.77909612e+00  -2.96808772e-02
10050  -1.74011351e+00  -4.17479759e-02
10051  -1.70145441e+00  -5.45445099e-02
10052  -1.66314783e+00  -6.78255157e-02
10053  -1.62500450e+00  -8.14816794e-02
10054  -1.58702379e+00  -9.56186049e-02
10055  -1.54930524e+00  -1.10119563e-01
10056  -1.51173502e+00  -1.24838983e-01
10057  -1.47424394e+00  -1.39856243e-01
10058  -1.43688848e+00  -1.55178459e-01
10059  -1.39970639e+00  -1.70734372e-01
10060  -1.36265190e+00  -1.86434776e-01
10061  -1.32566548e+00  -2.02270376e-01
10062  -1.28878133e+00  -2.18237916e-01
10063  -1.25198704e+00  -2.34234253e-01
10064  -1.21523487e+00  -2.50224496e-01
10065  -1.17850392e+00  -2.66178471e-01
10066  -1.14172972e+00  -2.82085291e-01
10067  -1.10494439e+00  -2.98018103e-01
10068  -1.06819204e+00  -3.13918025e-01
10069  -1.03148609e+00  -3.29719575e-01
10070  -9.94739215e-01  -3.45333142e-01
10071  -9.57935638e-01  -3.60809667e-01
10072  -9.21085930e-01  -3.76098467e-01
10073  -8.84209715e-01  -3.91170666e-01
10074  -8.47318359e-01  -4.05912413e-01
10075  -8.10267709e-01  -4.20243577e-01
10076  -7.73038836e-01  -4.34305439e-01
10077  -7.35796806e-01  -4.48060225e-01
10078  -6.98468586e-01  -4.61298819e-01
10079  -6.60953138e-01  -4.74084208e-01
10080  -6.23278245e-01  -4.86444928e-01
10081  -5.85578923e-01  -4.98337069e-01
10082  -5.47724580e-01  -5.09538144e-01
10083  -5.09656963e-01  -5.20212717e-01
10084  -4.71475856e-01  -5.30319117e-01
10085  -4.33178511e-01  -5.39785815e-01
10086  -3.94776624e-01  -5.48584203e-01
10087  -3.39252826e-01  -5.57581580e-01
10088  -2.80142529e-01  -5.68104622e-01
10089  -2.61848302e-01  -5.70905019e-01
10090  -2.23024968e-01  -5.76455059e-01
10091  -1.84165761e-01  -5.81075150e-01
10092  -1.45239234e-01  -5.84754114e-01
10093  -1.06213705e-01  -5.87447895e-01
10094  -6.70505569e-02  -5.89244422e-01
10095  -2.77801893e-02  -5.90220651e-01
10096  1.14624594e-02  -5.90440480e-01
10097  5.04564828e-02  -5.89764989e-01
10098  8.94643784e-02  -5.87858621e-01
10099  1.28570400e-01  -5.85156278e-01
10100  1.67518441e-01  -5.81516152e-01
10101  2.38981056e-01  -5.72724066e-01
10102  2.45183523e-01  -5.71486446e-01
10103  2.90247222e-01  -5.66617640e-01
10104  3.28853326e-01  -5.59215323e-01
10105  3.67230353e-01  -5.50846764e-01
10106  4.05433581e-01  -5.41421944e-01
10107  4.43521460e-01  -5.31146466e-01
10108  4.81357029e-01  -5.20047799e-01
10109  5.18918771e-01  -5.08095167e-01
10110  5.56025546e-01  -4.95365622e-01
10111  5.92698054e-01  -4.81424568e-01
10112  6.29249643e-01  -4.66592790e-01
10113  6.65387380e-01  -4.51020619e-01
10114  7.00920247e-01  -4.34543866e-01
10115  7.35917558e-01  -4.16974535e-01
10116  7.70423668e-01  -3.98440313e-01
10117  8.04198672e-01  -3.78949212e-01
10118  8.60384638e-01  -3.81041768e-01
10119  8.92229405e-01  -3.59805780e-01
10120  9.23038473e-01  -3.37112184e-01
10121  9.53124903e-01  -3.13444841e-01
10122  9.82187393e-01  -2.88593507e-01
10123  1.01009100e+00  -2.62476076e-01
10124  1.03671052e+00  -2.35110291e-01
10125  1.06161667e+00  -2.06299552e-01
10126  1.08428364e+00  -1.75774611e-01
10127  1.10445181e+00  -1.43644416e-01
10128  1.12126108e+00  -1.09814164e-01
10129  1.13363281e+00  -7.41751439e-02
10130  1.14184948e+00  -3.73360033e-02
10131  1.14541205e+00  2.60065570e-05
10132  1.14215192e+00  3.73522851e-02
10133  1.13488143e+00  7.43024945e-02
10134  1.12325168e+00  1.10006947e-01
10135  1.10690689e+00  1.43902205e-01
10136  1.08728452e+00  1.76178873e-01
10137  1.06461931e+00  2.06528194e-01
10138  1.04002290e+00  2.35423364e-01
10139  1.01333874e+00  2.62454691e-01
10140  9.85238567e-01  2.88081760e-01
10141  9.55646333e-01  3.11998911e-01
10142  9.24930522e-01  3.34548586e-01
10143  8.93293132e-01  3.55775320e-01
10144  8.60658064e-01  3.75458130e-01
10145  8.05716253e-01  3.69625268e-01
10146  7.71682870e-01  3.86661180e-01
10147  7.36965781e-01  4.02692426e-01
10148  7.01866069e-01  4.17637863e-01
10149  6.66155086e-01  4.31327386e-01
10150  6.29975569e-01  4.44170176e-01
10151  5.93454806e-01  4.55964184e-01
10152  5.56501439e-01  4.66853486e-01
10153  5.19350493e-01  4.76962231e-01
10154  4.82001068e-01  4.86047538e-01
10155  4.44397402e-01  4.94233807e-01
10156  4.06535008e-01  5.01504862e-01
10157  3.68474636e-01  5.08005301e-01
10158  3.30283702e-01  5.13683463e-01
10159  2.92021683e-01  5.18569586e-01
10160  2.47793375e-01  5.23161361e-01
10161  2.38858646e-01  5.21606141e-01
10162  1.69349375e-01  5.26327442e-01
10163  1.30134540e-01  5.28123605e-01
10164  9.07997157e-02  5.29243654e-01
10165  5.13979259e-02  5.29832895e-01
10166  1.21052028e-02  5.29848148e-01
10167  -2.71924615e-02  5.29109449e-01
10168  -6.66067849e-02  5.27819536e-01
10169  -1.06033553e-01  5.26028601e-01
10170  -1.45433847e-01  5.23750784e-01
10171  -1.84834951e-01  5.20967306e-01
10172  -2.24197039e-01  5.17761722e-01
10173  -2.63495333e-01  5.14041803e-01
10174  -2.79907102e-01  5.12409749e-01
10175  -3.42400235e-01  5.07821087e-01
10176  -3.97249318e-01  5.00796480e-01
10177  -4.35395531e-01  4.95512668e-01
10178  -4.73520778e-01  4.89803776e-01
10179  -5.11677915e-01  4.83771932e-01
10180  -5.49816414e-01  4.77479771e-01
10181  -5.87884999e-01  4.70927712e-01
10182  -6.25879145e-01  4.64070927e-01
10183  -6.63825889e-01  4.56908497e-01
10184  -7.01734653e-01  4.49454179e-01
10185  -7.39618649e-01  4.41725803e-01
10186  -7.77522929e-01  4.33753512e-01
10187  -8.15435254e-01  4.25644157e-01
10188  -8.53258920e-01  4.17389723e-01
10189  -8.90976598e-01  4.08906193e-01
10190  -9.28678266e-01  4.00148598e-01
10191  -9.66404115e-01  3.91227405e-01
10192  -1.00406196e+00  3.82171832e-01
10193  -1.04167316e+00  3.72895444e-01
10194  -1.07931842e+00  3.63474083e-01
10195  -1.11695417e+00  3.53965828e-01
10196  -1.15450802e+00  3.44366884e-01
10197  -1.19201723e+00  3.34569545e-01
10198  -1.22957884e+00  3.24660165e-01
10199  -1.26712625e+00  3.14711766e-01
10200  -1.30459040e+00  3.04679130e-01
10201  -1.34203961e+00  2.94483239e-01
10202  -1.37949821e+00  2.84237765e-01
10203  -1.41694080e+00  2.73876004e-01
10204  -1.45443306e+00  2.63486151e-01
10205  -1.49191406e+00  2.53096348e-01
10206  -1.52935427e+00  2.42680390e-01
10207  -1.56677973e+00  2.32196722e-01
10208  -1.60419317e+00  2.21687457e-01
10209  -1.64159465e+00  2.11099728e-01
10210  -1.67900968e+00  2.00500002e-01
10211  -1.71639935e+00  1.89860371e-01
10212  -1.75380467e+00  1.79179326e-01
10213  -1.79121224e+00  1.68506810e-01
10214  -1.82858802e+00  1.57806045e-01
10215  -1.86602673e+00  1.47047811e-01
10216  -1.90352780e+00  1.36397498e-01
10217  -1.94097221e+00  1.25788464e-01
10218  -1.97841096e+00  1.15166263e-01
10219  -2.01585869e+00  1.04562714e-01
10220  -2.07858665e+00  1.19668236e-01
10221  -2.11532344e+00  1.09270213e-01
10222  -2.15207627e+00  9.89238387e-02
10223  -2.18883665e+00  8.86044168e-02
10224  -2.22560859e+00  7.83376385e-02
10225  -2.26236407e+00  6.80657442e-02
10226  -2.29908227e+00  5.76777114e-02
10227  -2.33578562e+00  4.72280857e-02
10228  -2.37246126e+00  3.66914823e-02
10229  -2.40718405e+00  2.70046088e-02
10230  -2.79907570e-01  5.10264814e-01
10231  -2.79916244e-01  4.70453200e-01
10232  -2.79924919e-01  4.30641586e-01
10233  -2.79933593e-01  3.90829973e-01
10234  -2.79942267e-01  3.51018358e-01
10235  -2.79950942e-01  3.11206744e-01
10236  -2.79959616e-01  2.71395132e-01
10237  -2.79968290e-01  2.31583518e-01
10238  -2.79976964e-01  1.91771903e-01
10239  -2.79985639e-01  1.51960289e-01
