1  2594  2593  1  2  0  0  0  0
299  5186  5185  2593  2594  0  0  0  0
597  7778  7777  5185  5186  0  0  0  0
895  10370  10369  7777  7778  0  0  0  0
2  2595  2594  2  3  0  0  0  0
300  5187  5186  2594  2595  0  0  0  0
598  7779  7778  5186  5187  0  0  0  0
896  10371  10370  7778  7779  0  0  0  0
3  2596  2595  3  4  0  0  0  0
301  5188  5187  2595  2596  0  0  0  0
599  7780  7779  5187  5188  0  0  0  0
897  10372  10371  7779  7780  0  0  0  0
4  2597  2596  4  5  0  0  0  0
302  5189  5188  2596  2597  0  0  0  0
600  7781  7780  5188  5189  0  0  0  0
898  10373  10372  7780  7781  0  0  0  0
5  2598  2597  5  6  0  0  0  0
303  5190  5189  2597  2598  0  0  0  0
601  7782  7781  5189  5190  0  0  0  0
899  10374  10373  7781  7782  0  0  0  0
6  2599  2598  6  7  0  0  0  0
304  5191  5190  2598  2599  0  0  0  0
602  7783  7782  5190  5191  0  0  0  0
900  10375  10374  7782  7783  0  0  0  0
7  2600  2599  7  8  0  0  0  0
305  5192  5191  2599  2600  0  0  0  0
603  7784  7783  5191  5192  0  0  0  0
901  10376  10375  7783  7784  0  0  0  0
8  2601  2600  8  9  0  0  0  0
306  5193  5192  2600  2601  0  0  0  0
604  7785  7784  5192  5193  0  0  0  0
902  10377  10376  7784  7785  0  0  0  0
9  2602  2601  9  10  0  0  0  0
307  5194  5193  2601  2602  0  0  0  0
605  7786  7785  5193  5194  0  0  0  0
903  10378  10377  7785  7786  0  0  0  0
10  2603  2602  10  11  0  0  0  0
308  5195  5194  2602  2603  0  0  0  0
606  7787  7786  5194  5195  0  0  0  0
904  10379  10378  7786  7787  0  0  0  0
11  2604  2603  11  12  0  0  0  0
309  5196  5195  2603  2604  0  0  0  0
607  7788  7787  5195  5196  0  0  0  0
905  10380  10379  7787  7788  0  0  0  0
12  2605  2604  12  13  0  0  0  0
310  5197  5196  2604  2605  0  0  0  0
608  7789  7788  5196  5197  0  0  0  0
906  10381  10380  7788  7789  0  0  0  0
13  2606  2605  13  14  0  0  0  0
311  5198  5197  2605  2606  0  0  0  0
609  7790  7789  5197  5198  0  0  0  0
907  10382  10381  7789  7790  0  0  0  0
14  2607  2606  14  15  0  0  0  0
312  5199  5198  2606  2607  0  0  0  0
610  7791  7790  5198  5199  0  0  0  0
908  10383  10382  7790  7791  0  0  0  0
15  2608  2607  15  16  0  0  0  0
313  5200  5199  2607  2608  0  0  0  0
611  7792  7791  5199  5200  0  0  0  0
909  10384  10383  7791  7792  0  0  0  0
16  2609  2608  16  17  0  0  0  0
314  5201  5200  2608  2609  0  0  0  0
612  7793  7792  5200  5201  0  0  0  0
910  10385  10384  7792  7793  0  0  0  0
17  2610  2609  17  18  0  0  0  0
315  5202  5201  2609  2610  0  0  0  0
613  7794  7793  5201  5202  0  0  0  0
911  10386  10385  7793  7794  0  0  0  0
18  2611  2610  18  19  0  0  0  0
316  5203  5202  2610  2611  0  0  0  0
614  7795  7794  5202  5203  0  0  0  0
912  10387  10386  7794  7795  0  0  0  0
19  2612  2611  19  20  0  0  0  0
317  5204  5203  2611  2612  0  0  0  0
615  7796  7795  5203  5204  0  0  0  0
913  10388  10387  7795  7796  0  0  0  0
20  2613  2612  20  21  0  0  0  0
318  5205  5204  2612  2613  0  0  0  0
616  7797  7796  5204  5205  0  0  0  0
914  10389  10388  7796  7797  0  0  0  0
21  2614  2613  21  22  0  0  0  0
319  5206  5205  2613  2614  0  0  0  0
617  7798  7797  5205  5206  0  0  0  0
915  10390  10389  7797  7798  0  0  0  0
22  2615  2614  22  23  0  0  0  0
320  5207  5206  2614  2615  0  0  0  0
618  7799  7798  5206  5207  0  0  0  0
916  10391  10390  7798  7799  0  0  0  0
23  2616  2615  23  24  0  0  0  0
321  5208  5207  2615  2616  0  0  0  0
619  7800  7799  5207  5208  0  0  0  0
917  10392  10391  7799  7800  0  0  0  0
24  2617  2616  24  25  0  0  0  0
322  5209  5208  2616  2617  0  0  0  0
620  7801  7800  5208  5209  0  0  0  0
918  10393  10392  7800  7801  0  0  0  0
25  2618  2617  25  26  0  0  0  0
323  5210  5209  2617  2618  0  0  0  0
621  7802  7801  5209  5210  0  0  0  0
919  10394  10393  7801  7802  0  0  0  0
26  2619  2618  26  27  0  0  0  0
324  5211  5210  2618  2619  0  0  0  0
622  7803  7802  5210  5211  0  0  0  0
920  10395  10394  7802  7803  0  0  0  0
27  2620  2619  27  28  0  0  0  0
325  5212  5211  2619  2620  0  0  0  0
623  7804  7803  5211  5212  0  0  0  0
921  10396  10395  7803  7804  0  0  0  0
28  2621  2620  28  29  0  0  0  0
326  5213  5212  2620  2621  0  0  0  0
624  7805  7804  5212  5213  0  0  0  0
922  10397  10396  7804  7805  0  0  0  0
29  2622  2621  29  30  0  0  0  0
327  5214  5213  2621  2622  0  0  0  0
625  7806  7805  5213  5214  0  0  0  0
923  10398  10397  7805  7806  0  0  0  0
30  2623  2622  30  31  0  0  0  0
328  5215  5214  2622  2623  0  0  0  0
626  7807  7806  5214  5215  0  0  0  0
924  10399  10398  7806  7807  0  0  0  0
31  2624  2623  31  32  0  0  0  0
329  5216  5215  2623  2624  0  0  0  0
627  7808  7807  5215  5216  0  0  0  0
925  10400  10399  7807  7808  0  0  0  0
32  2625  2624  32  33  0  0  0  0
330  5217  5216  2624  2625  0  0  0  0
628  7809  7808  5216  5217  0  0  0  0
926  10401  10400  7808  7809  0  0  0  0
33  2626  2625  33  34  0  0  0  0
331  5218  5217  2625  2626  0  0  0  0
629  7810  7809  5217  5218  0  0  0  0
927  10402  10401  7809  7810  0  0  0  0
34  2627  2626  34  35  0  0  0  0
332  5219  5218  2626  2627  0  0  0  0
630  7811  7810  5218  5219  0  0  0  0
928  10403  10402  7810  7811  0  0  0  0
35  2628  2627  35  36  0  0  0  0
333  5220  5219  2627  2628  0  0  0  0
631  7812  7811  5219  5220  0  0  0  0
929  10404  10403  7811  7812  0  0  0  0
36  2629  2628  36  37  0  0  0  0
334  5221  5220  2628  2629  0  0  0  0
632  7813  7812  5220  5221  0  0  0  0
930  10405  10404  7812  7813  0  0  0  0
37  2630  2629  37  38  0  0  0  0
335  5222  5221  2629  2630  0  0  0  0
633  7814  7813  5221  5222  0  0  0  0
931  10406  10405  7813  7814  0  0  0  0
38  2631  2630  38  39  0  0  0  0
336  5223  5222  2630  2631  0  0  0  0
634  7815  7814  5222  5223  0  0  0  0
932  10407  10406  7814  7815  0  0  0  0
39  2632  2631  39  40  0  0  0  0
337  5224  5223  2631  2632  0  0  0  0
635  7816  7815  5223  5224  0  0  0  0
933  10408  10407  7815  7816  0  0  0  0
40  2633  2632  40  41  0  0  0  0
338  5225  5224  2632  2633  0  0  0  0
636  7817  7816  5224  5225  0  0  0  0
934  10409  10408  7816  7817  0  0  0  0
41  2634  2633  41  42  0  0  0  0
339  5226  5225  2633  2634  0  0  0  0
637  7818  7817  5225  5226  0  0  0  0
935  10410  10409  7817  7818  0  0  0  0
42  2635  2634  42  43  0  0  0  0
340  5227  5226  2634  2635  0  0  0  0
638  7819  7818  5226  5227  0  0  0  0
936  10411  10410  7818  7819  0  0  0  0
43  2636  2635  43  44  0  0  0  0
341  5228  5227  2635  2636  0  0  0  0
639  7820  7819  5227  5228  0  0  0  0
937  10412  10411  7819  7820  0  0  0  0
44  2637  2636  44  45  0  0  0  0
342  5229  5228  2636  2637  0  0  0  0
640  7821  7820  5228  5229  0  0  0  0
938  10413  10412  7820  7821  0  0  0  0
45  2638  2637  45  46  0  0  0  0
343  5230  5229  2637  2638  0  0  0  0
641  7822  7821  5229  5230  0  0  0  0
939  10414  10413  7821  7822  0  0  0  0
46  2639  2638  46  47  0  0  0  0
344  5231  5230  2638  2639  0  0  0  0
642  7823  7822  5230  5231  0  0  0  0
940  10415  10414  7822  7823  0  0  0  0
47  2640  2639  47  48  0  0  0  0
345  5232  5231  2639  2640  0  0  0  0
643  7824  7823  5231  5232  0  0  0  0
941  10416  10415  7823  7824  0  0  0  0
48  2641  2640  48  49  0  0  0  0
346  5233  5232  2640  2641  0  0  0  0
644  7825  7824  5232  5233  0  0  0  0
942  10417  10416  7824  7825  0  0  0  0
49  2642  2641  49  50  0  0  0  0
347  5234  5233  2641  2642  0  0  0  0
645  7826  7825  5233  5234  0  0  0  0
943  10418  10417  7825  7826  0  0  0  0
50  2643  2642  50  51  0  0  0  0
348  5235  5234  2642  2643  0  0  0  0
646  7827  7826  5234  5235  0  0  0  0
944  10419  10418  7826  7827  0  0  0  0
51  2644  2643  51  52  0  0  0  0
349  5236  5235  2643  2644  0  0  0  0
647  7828  7827  5235  5236  0  0  0  0
945  10420  10419  7827  7828  0  0  0  0
52  2645  2644  52  53  0  0  0  0
350  5237  5236  2644  2645  0  0  0  0
648  7829  7828  5236  5237  0  0  0  0
946  10421  10420  7828  7829  0  0  0  0
53  2646  2645  53  54  0  0  0  0
351  5238  5237  2645  2646  0  0  0  0
649  7830  7829  5237  5238  0  0  0  0
947  10422  10421  7829  7830  0  0  0  0
54  2647  2646  54  55  0  0  0  0
352  5239  5238  2646  2647  0  0  0  0
650  7831  7830  5238  5239  0  0  0  0
948  10423  10422  7830  7831  0  0  0  0
55  2648  2647  55  56  0  0  0  0
353  5240  5239  2647  2648  0  0  0  0
651  7832  7831  5239  5240  0  0  0  0
949  10424  10423  7831  7832  0  0  0  0
56  2649  2648  56  57  0  0  0  0
354  5241  5240  2648  2649  0  0  0  0
652  7833  7832  5240  5241  0  0  0  0
950  10425  10424  7832  7833  0  0  0  0
57  2650  2649  57  58  0  0  0  0
355  5242  5241  2649  2650  0  0  0  0
653  7834  7833  5241  5242  0  0  0  0
951  10426  10425  7833  7834  0  0  0  0
58  2651  2650  58  59  0  0  0  0
356  5243  5242  2650  2651  0  0  0  0
654  7835  7834  5242  5243  0  0  0  0
952  10427  10426  7834  7835  0  0  0  0
59  2652  2651  59  60  0  0  0  0
357  5244  5243  2651  2652  0  0  0  0
655  7836  7835  5243  5244  0  0  0  0
953  10428  10427  7835  7836  0  0  0  0
60  2653  2652  60  61  0  0  0  0
358  5245  5244  2652  2653  0  0  0  0
656  7837  7836  5244  5245  0  0  0  0
954  10429  10428  7836  7837  0  0  0  0
61  2654  2653  61  62  0  0  0  0
359  5246  5245  2653  2654  0  0  0  0
657  7838  7837  5245  5246  0  0  0  0
955  10430  10429  7837  7838  0  0  0  0
62  2655  2654  62  63  0  0  0  0
360  5247  5246  2654  2655  0  0  0  0
658  7839  7838  5246  5247  0  0  0  0
956  10431  10430  7838  7839  0  0  0  0
63  2656  2655  63  64  0  0  0  0
361  5248  5247  2655  2656  0  0  0  0
659  7840  7839  5247  5248  0  0  0  0
957  10432  10431  7839  7840  0  0  0  0
64  2657  2656  64  65  0  0  0  0
362  5249  5248  2656  2657  0  0  0  0
660  7841  7840  5248  5249  0  0  0  0
958  10433  10432  7840  7841  0  0  0  0
65  2658  2657  65  66  0  0  0  0
363  5250  5249  2657  2658  0  0  0  0
661  7842  7841  5249  5250  0  0  0  0
959  10434  10433  7841  7842  0  0  0  0
66  2659  2658  66  67  0  0  0  0
364  5251  5250  2658  2659  0  0  0  0
662  7843  7842  5250  5251  0  0  0  0
960  10435  10434  7842  7843  0  0  0  0
67  2660  2659  67  68  0  0  0  0
365  5252  5251  2659  2660  0  0  0  0
663  7844  7843  5251  5252  0  0  0  0
961  10436  10435  7843  7844  0  0  0  0
68  2661  2660  68  69  0  0  0  0
366  5253  5252  2660  2661  0  0  0  0
664  7845  7844  5252  5253  0  0  0  0
962  10437  10436  7844  7845  0  0  0  0
69  2662  2661  69  70  0  0  0  0
367  5254  5253  2661  2662  0  0  0  0
665  7846  7845  5253  5254  0  0  0  0
963  10438  10437  7845  7846  0  0  0  0
70  2663  2662  70  71  0  0  0  0
368  5255  5254  2662  2663  0  0  0  0
666  7847  7846  5254  5255  0  0  0  0
964  10439  10438  7846  7847  0  0  0  0
71  2664  2663  71  72  0  0  0  0
369  5256  5255  2663  2664  0  0  0  0
667  7848  7847  5255  5256  0  0  0  0
965  10440  10439  7847  7848  0  0  0  0
72  2665  2664  72  73  0  0  0  0
370  5257  5256  2664  2665  0  0  0  0
668  7849  7848  5256  5257  0  0  0  0
966  10441  10440  7848  7849  0  0  0  0
73  2666  2665  73  74  0  0  0  0
371  5258  5257  2665  2666  0  0  0  0
669  7850  7849  5257  5258  0  0  0  0
967  10442  10441  7849  7850  0  0  0  0
74  2667  2666  74  75  0  0  0  0
372  5259  5258  2666  2667  0  0  0  0
670  7851  7850  5258  5259  0  0  0  0
968  10443  10442  7850  7851  0  0  0  0
75  2668  2667  75  76  0  0  0  0
373  5260  5259  2667  2668  0  0  0  0
671  7852  7851  5259  5260  0  0  0  0
969  10444  10443  7851  7852  0  0  0  0
76  2669  2668  76  77  0  0  0  0
374  5261  5260  2668  2669  0  0  0  0
672  7853  7852  5260  5261  0  0  0  0
970  10445  10444  7852  7853  0  0  0  0
77  2670  2669  77  78  0  0  0  0
375  5262  5261  2669  2670  0  0  0  0
673  7854  7853  5261  5262  0  0  0  0
971  10446  10445  7853  7854  0  0  0  0
78  2671  2670  78  79  0  0  0  0
376  5263  5262  2670  2671  0  0  0  0
674  7855  7854  5262  5263  0  0  0  0
972  10447  10446  7854  7855  0  0  0  0
79  2672  2671  79  80  0  0  0  0
377  5264  5263  2671  2672  0  0  0  0
675  7856  7855  5263  5264  0  0  0  0
973  10448  10447  7855  7856  0  0  0  0
80  2673  2672  80  81  0  0  0  0
378  5265  5264  2672  2673  0  0  0  0
676  7857  7856  5264  5265  0  0  0  0
974  10449  10448  7856  7857  0  0  0  0
81  2674  2673  81  82  0  0  0  0
379  5266  5265  2673  2674  0  0  0  0
677  7858  7857  5265  5266  0  0  0  0
975  10450  10449  7857  7858  0  0  0  0
82  2675  2674  82  83  0  0  0  0
380  5267  5266  2674  2675  0  0  0  0
678  7859  7858  5266  5267  0  0  0  0
976  10451  10450  7858  7859  0  0  0  0
83  2676  2675  83  84  0  0  0  0
381  5268  5267  2675  2676  0  0  0  0
679  7860  7859  5267  5268  0  0  0  0
977  10452  10451  7859  7860  0  0  0  0
84  2677  2676  84  85  0  0  0  0
382  5269  5268  2676  2677  0  0  0  0
680  7861  7860  5268  5269  0  0  0  0
978  10453  10452  7860  7861  0  0  0  0
85  2678  2677  85  86  0  0  0  0
383  5270  5269  2677  2678  0  0  0  0
681  7862  7861  5269  5270  0  0  0  0
979  10454  10453  7861  7862  0  0  0  0
86  2679  2678  86  87  0  0  0  0
384  5271  5270  2678  2679  0  0  0  0
682  7863  7862  5270  5271  0  0  0  0
980  10455  10454  7862  7863  0  0  0  0
87  2680  2679  87  88  0  0  0  0
385  5272  5271  2679  2680  0  0  0  0
683  7864  7863  5271  5272  0  0  0  0
981  10456  10455  7863  7864  0  0  0  0
88  2681  2680  88  89  0  0  0  0
386  5273  5272  2680  2681  0  0  0  0
684  7865  7864  5272  5273  0  0  0  0
982  10457  10456  7864  7865  0  0  0  0
89  2682  2681  89  90  0  0  0  0
387  5274  5273  2681  2682  0  0  0  0
685  7866  7865  5273  5274  0  0  0  0
983  10458  10457  7865  7866  0  0  0  0
90  2683  2682  90  91  0  0  0  0
388  5275  5274  2682  2683  0  0  0  0
686  7867  7866  5274  5275  0  0  0  0
984  10459  10458  7866  7867  0  0  0  0
91  2684  2683  91  92  0  0  0  0
389  5276  5275  2683  2684  0  0  0  0
687  7868  7867  5275  5276  0  0  0  0
985  10460  10459  7867  7868  0  0  0  0
92  2685  2684  92  93  0  0  0  0
390  5277  5276  2684  2685  0  0  0  0
688  7869  7868  5276  5277  0  0  0  0
986  10461  10460  7868  7869  0  0  0  0
93  2686  2685  93  94  0  0  0  0
391  5278  5277  2685  2686  0  0  0  0
689  7870  7869  5277  5278  0  0  0  0
987  10462  10461  7869  7870  0  0  0  0
94  2687  2686  94  95  0  0  0  0
392  5279  5278  2686  2687  0  0  0  0
690  7871  7870  5278  5279  0  0  0  0
988  10463  10462  7870  7871  0  0  0  0
95  2688  2687  95  96  0  0  0  0
393  5280  5279  2687  2688  0  0  0  0
691  7872  7871  5279  5280  0  0  0  0
989  10464  10463  7871  7872  0  0  0  0
96  2689  2688  96  97  0  0  0  0
394  5281  5280  2688  2689  0  0  0  0
692  7873  7872  5280  5281  0  0  0  0
990  10465  10464  7872  7873  0  0  0  0
97  2690  2689  97  98  0  0  0  0
395  5282  5281  2689  2690  0  0  0  0
693  7874  7873  5281  5282  0  0  0  0
991  10466  10465  7873  7874  0  0  0  0
98  2691  2690  98  99  0  0  0  0
396  5283  5282  2690  2691  0  0  0  0
694  7875  7874  5282  5283  0  0  0  0
992  10467  10466  7874  7875  0  0  0  0
99  2692  2691  99  100  0  0  0  0
397  5284  5283  2691  2692  0  0  0  0
695  7876  7875  5283  5284  0  0  0  0
993  10468  10467  7875  7876  0  0  0  0
100  2693  2692  100  101  0  0  0  0
398  5285  5284  2692  2693  0  0  0  0
696  7877  7876  5284  5285  0  0  0  0
994  10469  10468  7876  7877  0  0  0  0
101  2694  2693  101  102  0  0  0  0
399  5286  5285  2693  2694  0  0  0  0
697  7878  7877  5285  5286  0  0  0  0
995  10470  10469  7877  7878  0  0  0  0
102  2695  2694  102  103  0  0  0  0
400  5287  5286  2694  2695  0  0  0  0
698  7879  7878  5286  5287  0  0  0  0
996  10471  10470  7878  7879  0  0  0  0
103  2696  2695  103  104  0  0  0  0
401  5288  5287  2695  2696  0  0  0  0
699  7880  7879  5287  5288  0  0  0  0
997  10472  10471  7879  7880  0  0  0  0
104  2697  2696  104  105  0  0  0  0
402  5289  5288  2696  2697  0  0  0  0
700  7881  7880  5288  5289  0  0  0  0
998  10473  10472  7880  7881  0  0  0  0
105  2698  2697  105  106  0  0  0  0
403  5290  5289  2697  2698  0  0  0  0
701  7882  7881  5289  5290  0  0  0  0
999  10474  10473  7881  7882  0  0  0  0
106  2699  2698  106  107  0  0  0  0
404  5291  5290  2698  2699  0  0  0  0
702  7883  7882  5290  5291  0  0  0  0
1000  10475  10474  7882  7883  0  0  0  0
107  2700  2699  107  108  0  0  0  0
405  5292  5291  2699  2700  0  0  0  0
703  7884  7883  5291  5292  0  0  0  0
1001  10476  10475  7883  7884  0  0  0  0
108  2701  2700  108  109  0  0  0  0
406  5293  5292  2700  2701  0  0  0  0
704  7885  7884  5292  5293  0  0  0  0
1002  10477  10476  7884  7885  0  0  0  0
109  2702  2701  109  110  0  0  0  0
407  5294  5293  2701  2702  0  0  0  0
705  7886  7885  5293  5294  0  0  0  0
1003  10478  10477  7885  7886  0  0  0  0
110  2703  2702  110  111  0  0  0  0
408  5295  5294  2702  2703  0  0  0  0
706  7887  7886  5294  5295  0  0  0  0
1004  10479  10478  7886  7887  0  0  0  0
111  2704  2703  111  112  0  0  0  0
409  5296  5295  2703  2704  0  0  0  0
707  7888  7887  5295  5296  0  0  0  0
1005  10480  10479  7887  7888  0  0  0  0
112  2705  2704  112  113  0  0  0  0
410  5297  5296  2704  2705  0  0  0  0
708  7889  7888  5296  5297  0  0  0  0
1006  10481  10480  7888  7889  0  0  0  0
113  2706  2705  113  114  0  0  0  0
411  5298  5297  2705  2706  0  0  0  0
709  7890  7889  5297  5298  0  0  0  0
1007  10482  10481  7889  7890  0  0  0  0
114  2707  2706  114  115  0  0  0  0
412  5299  5298  2706  2707  0  0  0  0
710  7891  7890  5298  5299  0  0  0  0
1008  10483  10482  7890  7891  0  0  0  0
115  2708  2707  115  116  0  0  0  0
413  5300  5299  2707  2708  0  0  0  0
711  7892  7891  5299  5300  0  0  0  0
1009  10484  10483  7891  7892  0  0  0  0
116  2709  2708  116  117  0  0  0  0
414  5301  5300  2708  2709  0  0  0  0
712  7893  7892  5300  5301  0  0  0  0
1010  10485  10484  7892  7893  0  0  0  0
117  2710  2709  117  118  0  0  0  0
415  5302  5301  2709  2710  0  0  0  0
713  7894  7893  5301  5302  0  0  0  0
1011  10486  10485  7893  7894  0  0  0  0
118  2711  2710  118  119  0  0  0  0
416  5303  5302  2710  2711  0  0  0  0
714  7895  7894  5302  5303  0  0  0  0
1012  10487  10486  7894  7895  0  0  0  0
119  2712  2711  119  120  0  0  0  0
417  5304  5303  2711  2712  0  0  0  0
715  7896  7895  5303  5304  0  0  0  0
1013  10488  10487  7895  7896  0  0  0  0
120  2713  2712  120  121  0  0  0  0
418  5305  5304  2712  2713  0  0  0  0
716  7897  7896  5304  5305  0  0  0  0
1014  10489  10488  7896  7897  0  0  0  0
121  2714  2713  121  122  0  0  0  0
419  5306  5305  2713  2714  0  0  0  0
717  7898  7897  5305  5306  0  0  0  0
1015  10490  10489  7897  7898  0  0  0  0
122  2715  2714  122  123  0  0  0  0
420  5307  5306  2714  2715  0  0  0  0
718  7899  7898  5306  5307  0  0  0  0
1016  10491  10490  7898  7899  0  0  0  0
123  2716  2715  123  124  0  0  0  0
421  5308  5307  2715  2716  0  0  0  0
719  7900  7899  5307  5308  0  0  0  0
1017  10492  10491  7899  7900  0  0  0  0
124  2717  2716  124  125  0  0  0  0
422  5309  5308  2716  2717  0  0  0  0
720  7901  7900  5308  5309  0  0  0  0
1018  10493  10492  7900  7901  0  0  0  0
125  2718  2717  125  126  0  0  0  0
423  5310  5309  2717  2718  0  0  0  0
721  7902  7901  5309  5310  0  0  0  0
1019  10494  10493  7901  7902  0  0  0  0
126  2719  2718  126  127  0  0  0  0
424  5311  5310  2718  2719  0  0  0  0
722  7903  7902  5310  5311  0  0  0  0
1020  10495  10494  7902  7903  0  0  0  0
127  2720  2719  127  128  0  0  0  0
425  5312  5311  2719  2720  0  0  0  0
723  7904  7903  5311  5312  0  0  0  0
1021  10496  10495  7903  7904  0  0  0  0
128  2721  2720  128  129  0  0  0  0
426  5313  5312  2720  2721  0  0  0  0
724  7905  7904  5312  5313  0  0  0  0
1022  10497  10496  7904  7905  0  0  0  0
129  2722  2721  129  130  0  0  0  0
427  5314  5313  2721  2722  0  0  0  0
725  7906  7905  5313  5314  0  0  0  0
1023  10498  10497  7905  7906  0  0  0  0
130  2723  2722  130  131  0  0  0  0
428  5315  5314  2722  2723  0  0  0  0
726  7907  7906  5314  5315  0  0  0  0
1024  10499  10498  7906  7907  0  0  0  0
131  2724  2723  131  132  0  0  0  0
429  5316  5315  2723  2724  0  0  0  0
727  7908  7907  5315  5316  0  0  0  0
1025  10500  10499  7907  7908  0  0  0  0
132  2725  2724  132  133  0  0  0  0
430  5317  5316  2724  2725  0  0  0  0
728  7909  7908  5316  5317  0  0  0  0
1026  10501  10500  7908  7909  0  0  0  0
133  2726  2725  133  134  0  0  0  0
431  5318  5317  2725  2726  0  0  0  0
729  7910  7909  5317  5318  0  0  0  0
1027  10502  10501  7909  7910  0  0  0  0
134  2727  2726  134  135  0  0  0  0
432  5319  5318  2726  2727  0  0  0  0
730  7911  7910  5318  5319  0  0  0  0
1028  10503  10502  7910  7911  0  0  0  0
135  2728  2727  135  136  0  0  0  0
433  5320  5319  2727  2728  0  0  0  0
731  7912  7911  5319  5320  0  0  0  0
1029  10504  10503  7911  7912  0  0  0  0
136  2729  2728  136  137  0  0  0  0
434  5321  5320  2728  2729  0  0  0  0
732  7913  7912  5320  5321  0  0  0  0
1030  10505  10504  7912  7913  0  0  0  0
137  2730  2729  137  138  0  0  0  0
435  5322  5321  2729  2730  0  0  0  0
733  7914  7913  5321  5322  0  0  0  0
1031  10506  10505  7913  7914  0  0  0  0
138  2731  2730  138  139  0  0  0  0
436  5323  5322  2730  2731  0  0  0  0
734  7915  7914  5322  5323  0  0  0  0
1032  10507  10506  7914  7915  0  0  0  0
139  2732  2731  139  140  0  0  0  0
437  5324  5323  2731  2732  0  0  0  0
735  7916  7915  5323  5324  0  0  0  0
1033  10508  10507  7915  7916  0  0  0  0
140  2733  2732  140  141  0  0  0  0
438  5325  5324  2732  2733  0  0  0  0
736  7917  7916  5324  5325  0  0  0  0
1034  10509  10508  7916  7917  0  0  0  0
141  2734  2733  141  142  0  0  0  0
439  5326  5325  2733  2734  0  0  0  0
737  7918  7917  5325  5326  0  0  0  0
1035  10510  10509  7917  7918  0  0  0  0
142  2735  2734  142  143  0  0  0  0
440  5327  5326  2734  2735  0  0  0  0
738  7919  7918  5326  5327  0  0  0  0
1036  10511  10510  7918  7919  0  0  0  0
143  2736  2735  143  144  0  0  0  0
441  5328  5327  2735  2736  0  0  0  0
739  7920  7919  5327  5328  0  0  0  0
1037  10512  10511  7919  7920  0  0  0  0
144  2737  2736  144  145  0  0  0  0
442  5329  5328  2736  2737  0  0  0  0
740  7921  7920  5328  5329  0  0  0  0
1038  10513  10512  7920  7921  0  0  0  0
145  2738  2737  145  146  0  0  0  0
443  5330  5329  2737  2738  0  0  0  0
741  7922  7921  5329  5330  0  0  0  0
1039  10514  10513  7921  7922  0  0  0  0
146  2739  2738  146  147  0  0  0  0
444  5331  5330  2738  2739  0  0  0  0
742  7923  7922  5330  5331  0  0  0  0
1040  10515  10514  7922  7923  0  0  0  0
147  2740  2739  147  148  0  0  0  0
445  5332  5331  2739  2740  0  0  0  0
743  7924  7923  5331  5332  0  0  0  0
1041  10516  10515  7923  7924  0  0  0  0
148  2741  2740  148  149  0  0  0  0
446  5333  5332  2740  2741  0  0  0  0
744  7925  7924  5332  5333  0  0  0  0
1042  10517  10516  7924  7925  0  0  0  0
149  2742  2741  149  150  0  0  0  0
447  5334  5333  2741  2742  0  0  0  0
745  7926  7925  5333  5334  0  0  0  0
1043  10518  10517  7925  7926  0  0  0  0
150  2743  2742  150  151  0  0  0  0
448  5335  5334  2742  2743  0  0  0  0
746  7927  7926  5334  5335  0  0  0  0
1044  10519  10518  7926  7927  0  0  0  0
151  2744  2743  151  152  0  0  0  0
449  5336  5335  2743  2744  0  0  0  0
747  7928  7927  5335  5336  0  0  0  0
1045  10520  10519  7927  7928  0  0  0  0
152  2745  2744  152  153  0  0  0  0
450  5337  5336  2744  2745  0  0  0  0
748  7929  7928  5336  5337  0  0  0  0
1046  10521  10520  7928  7929  0  0  0  0
153  2746  2745  153  154  0  0  0  0
451  5338  5337  2745  2746  0  0  0  0
749  7930  7929  5337  5338  0  0  0  0
1047  10522  10521  7929  7930  0  0  0  0
154  2747  2746  154  155  0  0  0  0
452  5339  5338  2746  2747  0  0  0  0
750  7931  7930  5338  5339  0  0  0  0
1048  10523  10522  7930  7931  0  0  0  0
155  2748  2747  155  156  0  0  0  0
453  5340  5339  2747  2748  0  0  0  0
751  7932  7931  5339  5340  0  0  0  0
1049  10524  10523  7931  7932  0  0  0  0
156  2749  2748  156  157  0  0  0  0
454  5341  5340  2748  2749  0  0  0  0
752  7933  7932  5340  5341  0  0  0  0
1050  10525  10524  7932  7933  0  0  0  0
157  2750  2749  157  158  0  0  0  0
455  5342  5341  2749  2750  0  0  0  0
753  7934  7933  5341  5342  0  0  0  0
1051  10526  10525  7933  7934  0  0  0  0
158  2751  2750  158  159  0  0  0  0
456  5343  5342  2750  2751  0  0  0  0
754  7935  7934  5342  5343  0  0  0  0
1052  10527  10526  7934  7935  0  0  0  0
159  2752  2751  159  160  0  0  0  0
457  5344  5343  2751  2752  0  0  0  0
755  7936  7935  5343  5344  0  0  0  0
1053  10528  10527  7935  7936  0  0  0  0
160  2753  2752  160  161  0  0  0  0
458  5345  5344  2752  2753  0  0  0  0
756  7937  7936  5344  5345  0  0  0  0
1054  10529  10528  7936  7937  0  0  0  0
161  2754  2753  161  162  0  0  0  0
459  5346  5345  2753  2754  0  0  0  0
757  7938  7937  5345  5346  0  0  0  0
1055  10530  10529  7937  7938  0  0  0  0
162  2755  2754  162  163  0  0  0  0
460  5347  5346  2754  2755  0  0  0  0
758  7939  7938  5346  5347  0  0  0  0
1056  10531  10530  7938  7939  0  0  0  0
163  2756  2755  163  164  0  0  0  0
461  5348  5347  2755  2756  0  0  0  0
759  7940  7939  5347  5348  0  0  0  0
1057  10532  10531  7939  7940  0  0  0  0
164  2757  2756  164  165  0  0  0  0
462  5349  5348  2756  2757  0  0  0  0
760  7941  7940  5348  5349  0  0  0  0
1058  10533  10532  7940  7941  0  0  0  0
165  2758  2757  165  166  0  0  0  0
463  5350  5349  2757  2758  0  0  0  0
761  7942  7941  5349  5350  0  0  0  0
1059  10534  10533  7941  7942  0  0  0  0
166  2759  2758  166  167  0  0  0  0
464  5351  5350  2758  2759  0  0  0  0
762  7943  7942  5350  5351  0  0  0  0
1060  10535  10534  7942  7943  0  0  0  0
167  2760  2759  167  168  0  0  0  0
465  5352  5351  2759  2760  0  0  0  0
763  7944  7943  5351  5352  0  0  0  0
1061  10536  10535  7943  7944  0  0  0  0
168  2761  2760  168  169  0  0  0  0
466  5353  5352  2760  2761  0  0  0  0
764  7945  7944  5352  5353  0  0  0  0
1062  10537  10536  7944  7945  0  0  0  0
169  2762  2761  169  170  0  0  0  0
467  5354  5353  2761  2762  0  0  0  0
765  7946  7945  5353  5354  0  0  0  0
1063  10538  10537  7945  7946  0  0  0  0
170  2763  2762  170  171  0  0  0  0
468  5355  5354  2762  2763  0  0  0  0
766  7947  7946  5354  5355  0  0  0  0
1064  10539  10538  7946  7947  0  0  0  0
171  2764  2763  171  172  0  0  0  0
469  5356  5355  2763  2764  0  0  0  0
767  7948  7947  5355  5356  0  0  0  0
1065  10540  10539  7947  7948  0  0  0  0
172  2765  2764  172  173  0  0  0  0
470  5357  5356  2764  2765  0  0  0  0
768  7949  7948  5356  5357  0  0  0  0
1066  10541  10540  7948  7949  0  0  0  0
173  2766  2765  173  174  0  0  0  0
471  5358  5357  2765  2766  0  0  0  0
769  7950  7949  5357  5358  0  0  0  0
1067  10542  10541  7949  7950  0  0  0  0
174  2767  2766  174  175  0  0  0  0
472  5359  5358  2766  2767  0  0  0  0
770  7951  7950  5358  5359  0  0  0  0
1068  10543  10542  7950  7951  0  0  0  0
175  2768  2767  175  176  0  0  0  0
473  5360  5359  2767  2768  0  0  0  0
771  7952  7951  5359  5360  0  0  0  0
1069  10544  10543  7951  7952  0  0  0  0
176  2769  2768  176  177  0  0  0  0
474  5361  5360  2768  2769  0  0  0  0
772  7953  7952  5360  5361  0  0  0  0
1070  10545  10544  7952  7953  0  0  0  0
177  2770  2769  177  178  0  0  0  0
475  5362  5361  2769  2770  0  0  0  0
773  7954  7953  5361  5362  0  0  0  0
1071  10546  10545  7953  7954  0  0  0  0
178  2771  2770  178  179  0  0  0  0
476  5363  5362  2770  2771  0  0  0  0
774  7955  7954  5362  5363  0  0  0  0
1072  10547  10546  7954  7955  0  0  0  0
179  2772  2771  179  180  0  0  0  0
477  5364  5363  2771  2772  0  0  0  0
775  7956  7955  5363  5364  0  0  0  0
1073  10548  10547  7955  7956  0  0  0  0
180  2773  2772  180  181  0  0  0  0
478  5365  5364  2772  2773  0  0  0  0
776  7957  7956  5364  5365  0  0  0  0
1074  10549  10548  7956  7957  0  0  0  0
181  2774  2773  181  182  0  0  0  0
479  5366  5365  2773  2774  0  0  0  0
777  7958  7957  5365  5366  0  0  0  0
1075  10550  10549  7957  7958  0  0  0  0
182  2775  2774  182  183  0  0  0  0
480  5367  5366  2774  2775  0  0  0  0
778  7959  7958  5366  5367  0  0  0  0
1076  10551  10550  7958  7959  0  0  0  0
183  2776  2775  183  184  0  0  0  0
481  5368  5367  2775  2776  0  0  0  0
779  7960  7959  5367  5368  0  0  0  0
1077  10552  10551  7959  7960  0  0  0  0
184  2777  2776  184  185  0  0  0  0
482  5369  5368  2776  2777  0  0  0  0
780  7961  7960  5368  5369  0  0  0  0
1078  10553  10552  7960  7961  0  0  0  0
185  2778  2777  185  186  0  0  0  0
483  5370  5369  2777  2778  0  0  0  0
781  7962  7961  5369  5370  0  0  0  0
1079  10554  10553  7961  7962  0  0  0  0
186  2779  2778  186  187  0  0  0  0
484  5371  5370  2778  2779  0  0  0  0
782  7963  7962  5370  5371  0  0  0  0
1080  10555  10554  7962  7963  0  0  0  0
187  2780  2779  187  188  0  0  0  0
485  5372  5371  2779  2780  0  0  0  0
783  7964  7963  5371  5372  0  0  0  0
1081  10556  10555  7963  7964  0  0  0  0
188  2781  2780  188  189  0  0  0  0
486  5373  5372  2780  2781  0  0  0  0
784  7965  7964  5372  5373  0  0  0  0
1082  10557  10556  7964  7965  0  0  0  0
189  2782  2781  189  190  0  0  0  0
487  5374  5373  2781  2782  0  0  0  0
785  7966  7965  5373  5374  0  0  0  0
1083  10558  10557  7965  7966  0  0  0  0
190  2783  2782  190  191  0  0  0  0
488  5375  5374  2782  2783  0  0  0  0
786  7967  7966  5374  5375  0  0  0  0
1084  10559  10558  7966  7967  0  0  0  0
191  2784  2783  191  192  0  0  0  0
489  5376  5375  2783  2784  0  0  0  0
787  7968  7967  5375  5376  0  0  0  0
1085  10560  10559  7967  7968  0  0  0  0
192  2785  2784  192  193  0  0  0  0
490  5377  5376  2784  2785  0  0  0  0
788  7969  7968  5376  5377  0  0  0  0
1086  10561  10560  7968  7969  0  0  0  0
193  2786  2785  193  194  0  0  0  0
491  5378  5377  2785  2786  0  0  0  0
789  7970  7969  5377  5378  0  0  0  0
1087  10562  10561  7969  7970  0  0  0  0
194  2787  2786  194  195  0  0  0  0
492  5379  5378  2786  2787  0  0  0  0
790  7971  7970  5378  5379  0  0  0  0
1088  10563  10562  7970  7971  0  0  0  0
195  2788  2787  195  196  0  0  0  0
493  5380  5379  2787  2788  0  0  0  0
791  7972  7971  5379  5380  0  0  0  0
1089  10564  10563  7971  7972  0  0  0  0
196  2789  2788  196  197  0  0  0  0
494  5381  5380  2788  2789  0  0  0  0
792  7973  7972  5380  5381  0  0  0  0
1090  10565  10564  7972  7973  0  0  0  0
197  2790  2789  197  198  0  0  0  0
495  5382  5381  2789  2790  0  0  0  0
793  7974  7973  5381  5382  0  0  0  0
1091  10566  10565  7973  7974  0  0  0  0
198  2791  2790  198  199  0  0  0  0
496  5383  5382  2790  2791  0  0  0  0
794  7975  7974  5382  5383  0  0  0  0
1092  10567  10566  7974  7975  0  0  0  0
199  2792  2791  199  200  0  0  0  0
497  5384  5383  2791  2792  0  0  0  0
795  7976  7975  5383  5384  0  0  0  0
1093  10568  10567  7975  7976  0  0  0  0
200  2593  2792  200  1  0  0  0  0
498  5185  5384  2792  2593  0  0  0  0
796  7777  7976  5384  5185  0  0  0  0
1094  10369  10568  7976  7777  0  0  0  0
201  2793  2750  158  201  0  0  0  0
499  5385  5342  2750  2793  0  0  0  0
797  7977  7934  5342  5385  0  0  0  0
1095  10569  10526  7934  7977  0  0  0  0
202  2794  2793  201  202  0  0  0  0
500  5386  5385  2793  2794  0  0  0  0
798  7978  7977  5385  5386  0  0  0  0
1096  10570  10569  7977  7978  0  0  0  0
203  2795  2794  202  203  0  0  0  0
501  5387  5386  2794  2795  0  0  0  0
799  7979  7978  5386  5387  0  0  0  0
1097  10571  10570  7978  7979  0  0  0  0
204  2796  2795  203  204  0  0  0  0
502  5388  5387  2795  2796  0  0  0  0
800  7980  7979  5387  5388  0  0  0  0
1098  10572  10571  7979  7980  0  0  0  0
205  2797  2796  204  205  0  0  0  0
503  5389  5388  2796  2797  0  0  0  0
801  7981  7980  5388  5389  0  0  0  0
1099  10573  10572  7980  7981  0  0  0  0
206  2798  2797  205  206  0  0  0  0
504  5390  5389  2797  2798  0  0  0  0
802  7982  7981  5389  5390  0  0  0  0
1100  10574  10573  7981  7982  0  0  0  0
207  2799  2798  206  207  0  0  0  0
505  5391  5390  2798  2799  0  0  0  0
803  7983  7982  5390  5391  0  0  0  0
1101  10575  10574  7982  7983  0  0  0  0
208  2800  2799  207  208  0  0  0  0
506  5392  5391  2799  2800  0  0  0  0
804  7984  7983  5391  5392  0  0  0  0
1102  10576  10575  7983  7984  0  0  0  0
209  2801  2800  208  209  0  0  0  0
507  5393  5392  2800  2801  0  0  0  0
805  7985  7984  5392  5393  0  0  0  0
1103  10577  10576  7984  7985  0  0  0  0
210  2802  2801  209  210  0  0  0  0
508  5394  5393  2801  2802  0  0  0  0
806  7986  7985  5393  5394  0  0  0  0
1104  10578  10577  7985  7986  0  0  0  0
211  2803  2802  210  211  0  0  0  0
509  5395  5394  2802  2803  0  0  0  0
807  7987  7986  5394  5395  0  0  0  0
1105  10579  10578  7986  7987  0  0  0  0
212  2804  2803  211  212  0  0  0  0
510  5396  5395  2803  2804  0  0  0  0
808  7988  7987  5395  5396  0  0  0  0
1106  10580  10579  7987  7988  0  0  0  0
213  2805  2804  212  213  0  0  0  0
511  5397  5396  2804  2805  0  0  0  0
809  7989  7988  5396  5397  0  0  0  0
1107  10581  10580  7988  7989  0  0  0  0
214  2806  2805  213  214  0  0  0  0
512  5398  5397  2805  2806  0  0  0  0
810  7990  7989  5397  5398  0  0  0  0
1108  10582  10581  7989  7990  0  0  0  0
215  2807  2806  214  215  0  0  0  0
513  5399  5398  2806  2807  0  0  0  0
811  7991  7990  5398  5399  0  0  0  0
1109  10583  10582  7990  7991  0  0  0  0
216  2808  2807  215  216  0  0  0  0
514  5400  5399  2807  2808  0  0  0  0
812  7992  7991  5399  5400  0  0  0  0
1110  10584  10583  7991  7992  0  0  0  0
217  2809  2808  216  217  0  0  0  0
515  5401  5400  2808  2809  0  0  0  0
813  7993  7992  5400  5401  0  0  0  0
1111  10585  10584  7992  7993  0  0  0  0
218  2810  2809  217  218  0  0  0  0
516  5402  5401  2809  2810  0  0  0  0
814  7994  7993  5401  5402  0  0  0  0
1112  10586  10585  7993  7994  0  0  0  0
219  2811  2810  218  219  0  0  0  0
517  5403  5402  2810  2811  0  0  0  0
815  7995  7994  5402  5403  0  0  0  0
1113  10587  10586  7994  7995  0  0  0  0
220  2812  2811  219  220  0  0  0  0
518  5404  5403  2811  2812  0  0  0  0
816  7996  7995  5403  5404  0  0  0  0
1114  10588  10587  7995  7996  0  0  0  0
221  2813  2812  220  221  0  0  0  0
519  5405  5404  2812  2813  0  0  0  0
817  7997  7996  5404  5405  0  0  0  0
1115  10589  10588  7996  7997  0  0  0  0
222  2814  2813  221  222  0  0  0  0
520  5406  5405  2813  2814  0  0  0  0
818  7998  7997  5405  5406  0  0  0  0
1116  10590  10589  7997  7998  0  0  0  0
223  2815  2814  222  223  0  0  0  0
521  5407  5406  2814  2815  0  0  0  0
819  7999  7998  5406  5407  0  0  0  0
1117  10591  10590  7998  7999  0  0  0  0
224  2816  2815  223  224  0  0  0  0
522  5408  5407  2815  2816  0  0  0  0
820  8000  7999  5407  5408  0  0  0  0
1118  10592  10591  7999  8000  0  0  0  0
225  2817  2816  224  225  0  0  0  0
523  5409  5408  2816  2817  0  0  0  0
821  8001  8000  5408  5409  0  0  0  0
1119  10593  10592  8000  8001  0  0  0  0
226  2818  2817  225  226  0  0  0  0
524  5410  5409  2817  2818  0  0  0  0
822  8002  8001  5409  5410  0  0  0  0
1120  10594  10593  8001  8002  0  0  0  0
227  2819  2818  226  227  0  0  0  0
525  5411  5410  2818  2819  0  0  0  0
823  8003  8002  5410  5411  0  0  0  0
1121  10595  10594  8002  8003  0  0  0  0
228  2820  2819  227  228  0  0  0  0
526  5412  5411  2819  2820  0  0  0  0
824  8004  8003  5411  5412  0  0  0  0
1122  10596  10595  8003  8004  0  0  0  0
229  2821  2820  228  229  0  0  0  0
527  5413  5412  2820  2821  0  0  0  0
825  8005  8004  5412  5413  0  0  0  0
1123  10597  10596  8004  8005  0  0  0  0
230  2822  2821  229  230  0  0  0  0
528  5414  5413  2821  2822  0  0  0  0
826  8006  8005  5413  5414  0  0  0  0
1124  10598  10597  8005  8006  0  0  0  0
231  2823  2822  230  231  0  0  0  0
529  5415  5414  2822  2823  0  0  0  0
827  8007  8006  5414  5415  0  0  0  0
1125  10599  10598  8006  8007  0  0  0  0
232  2824  2823  231  232  0  0  0  0
530  5416  5415  2823  2824  0  0  0  0
828  8008  8007  5415  5416  0  0  0  0
1126  10600  10599  8007  8008  0  0  0  0
233  2825  2824  232  233  0  0  0  0
531  5417  5416  2824  2825  0  0  0  0
829  8009  8008  5416  5417  0  0  0  0
1127  10601  10600  8008  8009  0  0  0  0
234  2826  2825  233  234  0  0  0  0
532  5418  5417  2825  2826  0  0  0  0
830  8010  8009  5417  5418  0  0  0  0
1128  10602  10601  8009  8010  0  0  0  0
235  2827  2826  234  235  0  0  0  0
533  5419  5418  2826  2827  0  0  0  0
831  8011  8010  5418  5419  0  0  0  0
1129  10603  10602  8010  8011  0  0  0  0
236  2828  2827  235  236  0  0  0  0
534  5420  5419  2827  2828  0  0  0  0
832  8012  8011  5419  5420  0  0  0  0
1130  10604  10603  8011  8012  0  0  0  0
237  2829  2828  236  237  0  0  0  0
535  5421  5420  2828  2829  0  0  0  0
833  8013  8012  5420  5421  0  0  0  0
1131  10605  10604  8012  8013  0  0  0  0
238  2830  2829  237  238  0  0  0  0
536  5422  5421  2829  2830  0  0  0  0
834  8014  8013  5421  5422  0  0  0  0
1132  10606  10605  8013  8014  0  0  0  0
239  2831  2830  238  239  0  0  0  0
537  5423  5422  2830  2831  0  0  0  0
835  8015  8014  5422  5423  0  0  0  0
1133  10607  10606  8014  8015  0  0  0  0
240  2832  2831  239  240  0  0  0  0
538  5424  5423  2831  2832  0  0  0  0
836  8016  8015  5423  5424  0  0  0  0
1134  10608  10607  8015  8016  0  0  0  0
241  2833  2832  240  241  0  0  0  0
539  5425  5424  2832  2833  0  0  0  0
837  8017  8016  5424  5425  0  0  0  0
1135  10609  10608  8016  8017  0  0  0  0
242  2834  2833  241  242  0  0  0  0
540  5426  5425  2833  2834  0  0  0  0
838  8018  8017  5425  5426  0  0  0  0
1136  10610  10609  8017  8018  0  0  0  0
243  2835  2834  242  243  0  0  0  0
541  5427  5426  2834  2835  0  0  0  0
839  8019  8018  5426  5427  0  0  0  0
1137  10611  10610  8018  8019  0  0  0  0
244  2836  2835  243  244  0  0  0  0
542  5428  5427  2835  2836  0  0  0  0
840  8020  8019  5427  5428  0  0  0  0
1138  10612  10611  8019  8020  0  0  0  0
245  2837  2836  244  245  0  0  0  0
543  5429  5428  2836  2837  0  0  0  0
841  8021  8020  5428  5429  0  0  0  0
1139  10613  10612  8020  8021  0  0  0  0
246  2838  2837  245  246  0  0  0  0
544  5430  5429  2837  2838  0  0  0  0
842  8022  8021  5429  5430  0  0  0  0
1140  10614  10613  8021  8022  0  0  0  0
247  2839  2838  246  247  0  0  0  0
545  5431  5430  2838  2839  0  0  0  0
843  8023  8022  5430  5431  0  0  0  0
1141  10615  10614  8022  8023  0  0  0  0
248  2635  2839  247  43  0  0  0  0
546  5227  5431  2839  2635  0  0  0  0
844  7819  8023  5431  5227  0  0  0  0
1142  10411  10615  8023  7819  0  0  0  0
249  2840  2732  140  248  0  0  0  0
547  5432  5324  2732  2840  0  0  0  0
845  8024  7916  5324  5432  0  0  0  0
1143  10616  10508  7916  8024  0  0  0  0
250  2841  2840  248  249  0  0  0  0
548  5433  5432  2840  2841  0  0  0  0
846  8025  8024  5432  5433  0  0  0  0
1144  10617  10616  8024  8025  0  0  0  0
251  2842  2841  249  250  0  0  0  0
549  5434  5433  2841  2842  0  0  0  0
847  8026  8025  5433  5434  0  0  0  0
1145  10618  10617  8025  8026  0  0  0  0
252  2843  2842  250  251  0  0  0  0
550  5435  5434  2842  2843  0  0  0  0
848  8027  8026  5434  5435  0  0  0  0
1146  10619  10618  8026  8027  0  0  0  0
253  2844  2843  251  252  0  0  0  0
551  5436  5435  2843  2844  0  0  0  0
849  8028  8027  5435  5436  0  0  0  0
1147  10620  10619  8027  8028  0  0  0  0
254  2845  2844  252  253  0  0  0  0
552  5437  5436  2844  2845  0  0  0  0
850  8029  8028  5436  5437  0  0  0  0
1148  10621  10620  8028  8029  0  0  0  0
255  2846  2845  253  254  0  0  0  0
553  5438  5437  2845  2846  0  0  0  0
851  8030  8029  5437  5438  0  0  0  0
1149  10622  10621  8029  8030  0  0  0  0
256  2847  2846  254  255  0  0  0  0
554  5439  5438  2846  2847  0  0  0  0
852  8031  8030  5438  5439  0  0  0  0
1150  10623  10622  8030  8031  0  0  0  0
257  2848  2847  255  256  0  0  0  0
555  5440  5439  2847  2848  0  0  0  0
853  8032  8031  5439  5440  0  0  0  0
1151  10624  10623  8031  8032  0  0  0  0
258  2849  2848  256  257  0  0  0  0
556  5441  5440  2848  2849  0  0  0  0
854  8033  8032  5440  5441  0  0  0  0
1152  10625  10624  8032  8033  0  0  0  0
259  2850  2849  257  258  0  0  0  0
557  5442  5441  2849  2850  0  0  0  0
855  8034  8033  5441  5442  0  0  0  0
1153  10626  10625  8033  8034  0  0  0  0
260  2851  2850  258  259  0  0  0  0
558  5443  5442  2850  2851  0  0  0  0
856  8035  8034  5442  5443  0  0  0  0
1154  10627  10626  8034  8035  0  0  0  0
261  2852  2851  259  260  0  0  0  0
559  5444  5443  2851  2852  0  0  0  0
857  8036  8035  5443  5444  0  0  0  0
1155  10628  10627  8035  8036  0  0  0  0
262  2853  2852  260  261  0  0  0  0
560  5445  5444  2852  2853  0  0  0  0
858  8037  8036  5444  5445  0  0  0  0
1156  10629  10628  8036  8037  0  0  0  0
263  2854  2853  261  262  0  0  0  0
561  5446  5445  2853  2854  0  0  0  0
859  8038  8037  5445  5446  0  0  0  0
1157  10630  10629  8037  8038  0  0  0  0
264  2855  2854  262  263  0  0  0  0
562  5447  5446  2854  2855  0  0  0  0
860  8039  8038  5446  5447  0  0  0  0
1158  10631  10630  8038  8039  0  0  0  0
265  2856  2855  263  264  0  0  0  0
563  5448  5447  2855  2856  0  0  0  0
861  8040  8039  5447  5448  0  0  0  0
1159  10632  10631  8039  8040  0  0  0  0
266  2857  2856  264  265  0  0  0  0
564  5449  5448  2856  2857  0  0  0  0
862  8041  8040  5448  5449  0  0  0  0
1160  10633  10632  8040  8041  0  0  0  0
267  2858  2857  265  266  0  0  0  0
565  5450  5449  2857  2858  0  0  0  0
863  8042  8041  5449  5450  0  0  0  0
1161  10634  10633  8041  8042  0  0  0  0
268  2859  2858  266  267  0  0  0  0
566  5451  5450  2858  2859  0  0  0  0
864  8043  8042  5450  5451  0  0  0  0
1162  10635  10634  8042  8043  0  0  0  0
269  2860  2859  267  268  0  0  0  0
567  5452  5451  2859  2860  0  0  0  0
865  8044  8043  5451  5452  0  0  0  0
1163  10636  10635  8043  8044  0  0  0  0
270  2861  2860  268  269  0  0  0  0
568  5453  5452  2860  2861  0  0  0  0
866  8045  8044  5452  5453  0  0  0  0
1164  10637  10636  8044  8045  0  0  0  0
271  2862  2861  269  270  0  0  0  0
569  5454  5453  2861  2862  0  0  0  0
867  8046  8045  5453  5454  0  0  0  0
1165  10638  10637  8045  8046  0  0  0  0
272  2863  2862  270  271  0  0  0  0
570  5455  5454  2862  2863  0  0  0  0
868  8047  8046  5454  5455  0  0  0  0
1166  10639  10638  8046  8047  0  0  0  0
273  2864  2863  271  272  0  0  0  0
571  5456  5455  2863  2864  0  0  0  0
869  8048  8047  5455  5456  0  0  0  0
1167  10640  10639  8047  8048  0  0  0  0
274  2865  2864  272  273  0  0  0  0
572  5457  5456  2864  2865  0  0  0  0
870  8049  8048  5456  5457  0  0  0  0
1168  10641  10640  8048  8049  0  0  0  0
275  2866  2865  273  274  0  0  0  0
573  5458  5457  2865  2866  0  0  0  0
871  8050  8049  5457  5458  0  0  0  0
1169  10642  10641  8049  8050  0  0  0  0
276  2867  2866  274  275  0  0  0  0
574  5459  5458  2866  2867  0  0  0  0
872  8051  8050  5458  5459  0  0  0  0
1170  10643  10642  8050  8051  0  0  0  0
277  2868  2867  275  276  0  0  0  0
575  5460  5459  2867  2868  0  0  0  0
873  8052  8051  5459  5460  0  0  0  0
1171  10644  10643  8051  8052  0  0  0  0
278  2869  2868  276  277  0  0  0  0
576  5461  5460  2868  2869  0  0  0  0
874  8053  8052  5460  5461  0  0  0  0
1172  10645  10644  8052  8053  0  0  0  0
279  2870  2869  277  278  0  0  0  0
577  5462  5461  2869  2870  0  0  0  0
875  8054  8053  5461  5462  0  0  0  0
1173  10646  10645  8053  8054  0  0  0  0
280  2871  2870  278  279  0  0  0  0
578  5463  5462  2870  2871  0  0  0  0
876  8055  8054  5462  5463  0  0  0  0
1174  10647  10646  8054  8055  0  0  0  0
281  2872  2871  279  280  0  0  0  0
579  5464  5463  2871  2872  0  0  0  0
877  8056  8055  5463  5464  0  0  0  0
1175  10648  10647  8055  8056  0  0  0  0
282  2873  2872  280  281  0  0  0  0
580  5465  5464  2872  2873  0  0  0  0
878  8057  8056  5464  5465  0  0  0  0
1176  10649  10648  8056  8057  0  0  0  0
283  2874  2873  281  282  0  0  0  0
581  5466  5465  2873  2874  0  0  0  0
879  8058  8057  5465  5466  0  0  0  0
1177  10650  10649  8057  8058  0  0  0  0
284  2875  2874  282  283  0  0  0  0
582  5467  5466  2874  2875  0  0  0  0
880  8059  8058  5466  5467  0  0  0  0
1178  10651  10650  8058  8059  0  0  0  0
285  2876  2875  283  284  0  0  0  0
583  5468  5467  2875  2876  0  0  0  0
881  8060  8059  5467  5468  0  0  0  0
1179  10652  10651  8059  8060  0  0  0  0
286  2877  2876  284  285  0  0  0  0
584  5469  5468  2876  2877  0  0  0  0
882  8061  8060  5468  5469  0  0  0  0
1180  10653  10652  8060  8061  0  0  0  0
287  2878  2877  285  286  0  0  0  0
585  5470  5469  2877  2878  0  0  0  0
883  8062  8061  5469  5470  0  0  0  0
1181  10654  10653  8061  8062  0  0  0  0
288  2879  2878  286  287  0  0  0  0
586  5471  5470  2878  2879  0  0  0  0
884  8063  8062  5470  5471  0  0  0  0
1182  10655  10654  8062  8063  0  0  0  0
289  2880  2879  287  288  0  0  0  0
587  5472  5471  2879  2880  0  0  0  0
885  8064  8063  5471  5472  0  0  0  0
1183  10656  10655  8063  8064  0  0  0  0
290  2881  2880  288  289  0  0  0  0
588  5473  5472  2880  2881  0  0  0  0
886  8065  8064  5472  5473  0  0  0  0
1184  10657  10656  8064  8065  0  0  0  0
291  2882  2881  289  290  0  0  0  0
589  5474  5473  2881  2882  0  0  0  0
887  8066  8065  5473  5474  0  0  0  0
1185  10658  10657  8065  8066  0  0  0  0
292  2883  2882  290  291  0  0  0  0
590  5475  5474  2882  2883  0  0  0  0
888  8067  8066  5474  5475  0  0  0  0
1186  10659  10658  8066  8067  0  0  0  0
293  2884  2883  291  292  0  0  0  0
591  5476  5475  2883  2884  0  0  0  0
889  8068  8067  5475  5476  0  0  0  0
1187  10660  10659  8067  8068  0  0  0  0
294  2885  2884  292  293  0  0  0  0
592  5477  5476  2884  2885  0  0  0  0
890  8069  8068  5476  5477  0  0  0  0
1188  10661  10660  8068  8069  0  0  0  0
295  2886  2885  293  294  0  0  0  0
593  5478  5477  2885  2886  0  0  0  0
891  8070  8069  5477  5478  0  0  0  0
1189  10662  10661  8069  8070  0  0  0  0
296  2887  2886  294  295  0  0  0  0
594  5479  5478  2886  2887  0  0  0  0
892  8071  8070  5478  5479  0  0  0  0
1190  10663  10662  8070  8071  0  0  0  0
297  2888  2887  295  296  0  0  0  0
595  5480  5479  2887  2888  0  0  0  0
893  8072  8071  5479  5480  0  0  0  0
1191  10664  10663  8071  8072  0  0  0  0
298  2654  2888  296  62  0  0  0  0
596  5246  5480  2888  2654  0  0  0  0
894  7838  8072  5480  5246  0  0  0  0
1192  10430  10664  8072  7838  0  0  0  0
