1  -1.34730000e+00  -5.82189300e-03
2  -1.34509541e+00  -3.67729429e-02
3  -1.34078015e+00  -6.74655268e-02
4  -1.33311861e+00  -9.75170514e-02
5  -1.32260009e+00  -1.26693534e-01
6  -1.30953538e+00  -1.54826454e-01
7  -1.29415696e+00  -1.81762896e-01
8  -1.27686333e+00  -2.07518025e-01
9  -1.25797653e+00  -2.32131493e-01
10  -1.23783257e+00  -2.55727380e-01
11  -1.21658022e+00  -2.78331954e-01
12  -1.19450604e+00  -3.00136024e-01
13  -1.17159352e+00  -3.21057167e-01
14  -1.14800388e+00  -3.41213060e-01
15  -1.12388317e+00  -3.60729928e-01
16  -1.09923999e+00  -3.79584104e-01
17  -1.07425967e+00  -3.97989939e-01
18  -1.04892500e+00  -4.15904680e-01
19  -1.01606894e+00  -4.38195120e-01
20  -9.89638435e-01  -4.55597605e-01
21  -9.62970537e-01  -4.72634116e-01
22  -9.36064856e-01  -4.89292809e-01
23  -9.08979656e-01  -5.05658048e-01
24  -8.81700482e-01  -5.21697791e-01
25  -8.54239390e-01  -5.37424058e-01
26  -8.26631644e-01  -5.52891510e-01
27  -7.98923363e-01  -5.68178120e-01
28  -7.71066139e-01  -5.83191567e-01
29  -7.43049925e-01  -5.97906181e-01
30  -7.14891230e-01  -6.12346266e-01
31  -6.86579551e-01  -6.26483628e-01
32  -6.58140212e-01  -6.40362605e-01
33  -6.29556376e-01  -6.53940917e-01
34  -6.00821304e-01  -6.67195882e-01
35  -5.71933412e-01  -6.80114369e-01
36  -5.42893010e-01  -6.92686302e-01
37  -5.13708570e-01  -7.04920544e-01
38  -4.84387672e-01  -7.16823944e-01
39  -4.54907799e-01  -7.28328402e-01
40  -4.25274201e-01  -7.39431613e-01
41  -3.95435771e-01  -7.49971879e-01
42  -3.58800000e-01  -7.62249038e-01
43  -3.29184848e-01  -7.71504669e-01
44  -2.99396948e-01  -7.80185422e-01
45  -2.69439311e-01  -7.88257881e-01
46  -2.39313739e-01  -7.95677416e-01
47  -2.09029277e-01  -8.02418394e-01
48  -1.78595809e-01  -8.08452043e-01
49  -1.48022232e-01  -8.13733784e-01
50  -1.17328789e-01  -8.18274565e-01
51  -8.65297343e-02  -8.22034508e-01
52  -5.56347654e-02  -8.24901672e-01
53  -2.46787283e-02  -8.26997876e-01
54  6.32078225e-03  -8.28279633e-01
55  3.73434032e-02  -8.28662185e-01
56  6.83650384e-02  -8.28196009e-01
57  9.93630561e-02  -8.26899538e-01
58  1.30312187e-01  -8.24740041e-01
59  1.61191367e-01  -8.21730268e-01
60  1.91981930e-01  -8.17916443e-01
61  2.22663582e-01  -8.13307268e-01
62  2.53213374e-01  -8.07893027e-01
63  2.83600000e-01  -8.01621133e-01
64  3.18413808e-01  -7.93484635e-01
65  3.48622531e-01  -7.85530491e-01
66  3.78590693e-01  -7.76710932e-01
67  4.08323765e-01  -7.67127690e-01
68  4.37812909e-01  -7.56820014e-01
69  4.66995109e-01  -7.45671777e-01
70  4.95847299e-01  -7.33694856e-01
71  5.24378067e-01  -7.20971053e-01
72  5.52568610e-01  -7.07511444e-01
73  5.80374751e-01  -6.93275522e-01
74  6.07724940e-01  -6.78181900e-01
75  6.34611685e-01  -6.62278248e-01
76  6.61001786e-01  -6.45564113e-01
77  6.86875758e-01  -6.28061390e-01
78  7.12203657e-01  -6.09777945e-01
79  7.41325000e-01  -5.87155620e-01
80  7.65072429e-01  -5.67280312e-01
81  7.88177037e-01  -5.46660987e-01
82  8.10560400e-01  -5.25259817e-01
83  8.32159458e-01  -5.03066700e-01
84  8.52954793e-01  -4.80120637e-01
85  8.72815034e-01  -4.56361384e-01
86  8.91775020e-01  -4.31877414e-01
87  9.09868236e-01  -4.06747669e-01
88  9.26922689e-01  -3.80902803e-01
89  9.43023333e-01  -3.54449891e-01
90  9.58022818e-01  -3.27358139e-01
91  9.71901169e-01  -2.99675126e-01
92  9.84520480e-01  -2.71396233e-01
93  9.95910561e-01  -2.42603006e-01
94  1.00600955e+00  -2.13330393e-01
95  1.01485520e+00  -1.83654614e-01
96  1.02246716e+00  -1.53637269e-01
97  1.02844354e+00  -1.23251099e-01
98  1.03302178e+00  -9.26246740e-02
99  1.03646974e+00  -6.18498518e-02
100  1.03818099e+00  -3.09323468e-02
101  1.03970000e+00  0.00000000e+00
102  1.03815989e+00  3.13816439e-02
103  1.03640332e+00  6.27471916e-02
104  1.03311987e+00  9.39929739e-02
105  1.02883969e+00  1.25116598e-01
106  1.02302096e+00  1.55988814e-01
107  1.01569727e+00  1.86539474e-01
108  1.00711650e+00  2.16761563e-01
109  9.97194169e-01  2.46569869e-01
110  9.86007923e-01  2.75924720e-01
111  9.73573285e-01  3.04774943e-01
112  9.59977012e-01  3.33096722e-01
113  9.45198931e-01  3.60822174e-01
114  9.29222315e-01  3.87874015e-01
115  9.12170355e-01  4.14259800e-01
116  8.94082524e-01  4.39944535e-01
117  8.74978088e-01  4.64883132e-01
118  8.54908474e-01  4.89052210e-01
119  8.33903721e-01  5.12413919e-01
120  8.12004043e-01  5.34941196e-01
121  7.89223225e-01  5.56577448e-01
122  7.65628644e-01  5.77321759e-01
123  7.41325000e-01  5.97230011e-01
124  7.12259711e-01  6.19237487e-01
125  6.86975215e-01  6.36952869e-01
126  6.61126226e-01  6.53835082e-01
127  6.34725077e-01  6.69838711e-01
128  6.07775094e-01  6.84900566e-01
129  5.80355304e-01  6.99091573e-01
130  5.52513681e-01  7.12436360e-01
131  5.24276595e-01  7.24922177e-01
132  4.95668765e-01  7.36534904e-01
133  4.66728287e-01  7.47292084e-01
134  4.37509549e-01  7.57269817e-01
135  4.08040249e-01  7.66480038e-01
136  3.78324572e-01  7.74860664e-01
137  3.48405348e-01  7.82483924e-01
138  3.18284370e-01  7.89263162e-01
139  2.83600000e-01  7.96123618e-01
140  2.51674192e-01  8.01547245e-01
141  2.19622281e-01  8.06165608e-01
142  1.87462375e-01  8.09959337e-01
143  1.55219479e-01  8.12970464e-01
144  1.22916544e-01  8.15248420e-01
145  9.05726817e-02  8.16837962e-01
146  5.82007910e-02  8.17677778e-01
147  2.58184174e-02  8.17786257e-01
148  -6.55853695e-03  8.17181952e-01
149  -3.89168480e-02  8.15924535e-01
150  -7.12388903e-02  8.13954350e-01
151  -1.03510747e-01  8.11280996e-01
152  -1.35724751e-01  8.07979797e-01
153  -1.67872605e-01  8.04086825e-01
154  -1.99941421e-01  7.99589393e-01
155  -2.31920719e-01  7.94491759e-01
156  -2.63809581e-01  7.88854812e-01
157  -2.95594612e-01  7.82659322e-01
158  -3.27257306e-01  7.75864150e-01
159  -3.58800000e-01  7.68530692e-01
160  -3.95611917e-01  7.59204123e-01
161  -4.25674719e-01  7.51109297e-01
162  -4.55612156e-01  7.42562251e-01
163  -4.85424235e-01  7.33588462e-01
164  -5.15111951e-01  7.24211807e-01
165  -5.44640429e-01  7.14346562e-01
166  -5.74023512e-01  7.04055731e-01
167  -6.03257851e-01  6.93350201e-01
168  -6.32336930e-01  6.82229933e-01
169  -6.61243526e-01  6.70669429e-01
170  -6.89962293e-01  6.58648713e-01
171  -7.18499810e-01  6.46204382e-01
172  -7.46839491e-01  6.33314909e-01
173  -7.74984981e-01  6.20006826e-01
174  -8.02934820e-01  6.06292222e-01
175  -8.30663683e-01  5.92136010e-01
176  -8.58141290e-01  5.77498160e-01
177  -8.85357348e-01  5.62379709e-01
178  -9.12310223e-01  5.46796981e-01
179  -9.38985287e-01  5.30743784e-01
180  -9.65319102e-01  5.14136378e-01
181  -9.91336628e-01  4.97038087e-01
182  -1.01699696e+00  4.79409014e-01
183  -1.04892500e+00  4.56372235e-01
184  -1.07366150e+00  4.37564820e-01
185  -1.09793118e+00  4.18158439e-01
186  -1.12165585e+00  3.98088955e-01
187  -1.14480699e+00  3.77361195e-01
188  -1.16735737e+00  3.55983931e-01
189  -1.18919327e+00  3.33876667e-01
190  -1.21024181e+00  3.11018077e-01
191  -1.23031476e+00  2.87298621e-01
192  -1.24944607e+00  2.62814466e-01
193  -1.26746621e+00  2.37501748e-01
194  -1.28414832e+00  2.11288502e-01
195  -1.29946412e+00  1.84256192e-01
196  -1.31291225e+00  1.56247359e-01
197  -1.32456940e+00  1.27449128e-01
198  -1.33399667e+00  9.78476578e-02
199  -1.34107425e+00  6.76014721e-02
200  -1.34512975e+00  3.68215727e-02
201  -3.27297463e-01  7.43627300e-01
202  -3.27337620e-01  7.11390449e-01
203  -3.27377777e-01  6.79153599e-01
204  -3.27417934e-01  6.46916748e-01
205  -3.27458092e-01  6.14679898e-01
206  -3.27498249e-01  5.82443048e-01
207  -3.27538406e-01  5.50206197e-01
208  -3.27578563e-01  5.17969347e-01
209  -3.27618720e-01  4.85732496e-01
210  -3.27658877e-01  4.53495646e-01
211  -3.27699034e-01  4.21258796e-01
212  -3.27739191e-01  3.89021945e-01
213  -3.27779349e-01  3.56785095e-01
214  -3.27819506e-01  3.24548244e-01
215  -3.27859663e-01  2.92311394e-01
216  -3.27899820e-01  2.60074544e-01
217  -3.27939977e-01  2.27837693e-01
218  -3.27980134e-01  1.95600843e-01
219  -3.28020291e-01  1.63363992e-01
220  -3.28060448e-01  1.31127142e-01
221  -3.28100606e-01  9.88902916e-02
222  -3.28140763e-01  6.66534412e-02
223  -3.28180920e-01  3.44165908e-02
224  -3.28221077e-01  2.17974040e-03
225  -3.28261234e-01  -3.00571100e-02
226  -3.28301391e-01  -6.22939604e-02
227  -3.28341548e-01  -9.45308108e-02
228  -3.28381705e-01  -1.26767661e-01
229  -3.28421863e-01  -1.59004512e-01
230  -3.28462020e-01  -1.91241362e-01
231  -3.28502177e-01  -2.23478212e-01
232  -3.28542334e-01  -2.55715063e-01
233  -3.28582491e-01  -2.87951913e-01
234  -3.28622648e-01  -3.20188764e-01
235  -3.28662805e-01  -3.52425614e-01
236  -3.28702962e-01  -3.84662464e-01
237  -3.28743120e-01  -4.16899315e-01
238  -3.28783277e-01  -4.49136165e-01
239  -3.28823434e-01  -4.81373016e-01
240  -3.28863591e-01  -5.13609866e-01
241  -3.28903748e-01  -5.45846716e-01
242  -3.28943905e-01  -5.78083567e-01
243  -3.28984062e-01  -6.10320417e-01
244  -3.29024219e-01  -6.42557268e-01
245  -3.29064377e-01  -6.74794118e-01
246  -3.29104534e-01  -7.07030968e-01
247  -3.29144691e-01  -7.39267819e-01
248  2.51704975e-01  7.69358439e-01
249  2.51735759e-01  7.37169634e-01
250  2.51766543e-01  7.04980828e-01
251  2.51797326e-01  6.72792023e-01
252  2.51828110e-01  6.40603217e-01
253  2.51858894e-01  6.08414412e-01
254  2.51889677e-01  5.76225607e-01
255  2.51920461e-01  5.44036801e-01
256  2.51951244e-01  5.11847996e-01
257  2.51982028e-01  4.79659190e-01
258  2.52012812e-01  4.47470385e-01
259  2.52043595e-01  4.15281579e-01
260  2.52074379e-01  3.83092774e-01
261  2.52105163e-01  3.50903969e-01
262  2.52135946e-01  3.18715163e-01
263  2.52166730e-01  2.86526358e-01
264  2.52197514e-01  2.54337552e-01
265  2.52228297e-01  2.22148747e-01
266  2.52259081e-01  1.89959941e-01
267  2.52289864e-01  1.57771136e-01
268  2.52320648e-01  1.25582331e-01
269  2.52351432e-01  9.33935252e-02
270  2.52382215e-01  6.12047197e-02
271  2.52412999e-01  2.90159143e-02
272  2.52443783e-01  -3.17289113e-03
273  2.52474566e-01  -3.53616966e-02
274  2.52505350e-01  -6.75505020e-02
275  2.52536134e-01  -9.97393074e-02
276  2.52566917e-01  -1.31928113e-01
277  2.52597701e-01  -1.64116918e-01
278  2.52628484e-01  -1.96305724e-01
279  2.52659268e-01  -2.28494529e-01
280  2.52690052e-01  -2.60683335e-01
281  2.52720835e-01  -2.92872140e-01
282  2.52751619e-01  -3.25060945e-01
283  2.52782403e-01  -3.57249751e-01
284  2.52813186e-01  -3.89438556e-01
285  2.52843970e-01  -4.21627362e-01
286  2.52874754e-01  -4.53816167e-01
287  2.52905537e-01  -4.86004973e-01
288  2.52936321e-01  -5.18193778e-01
289  2.52967104e-01  -5.50382583e-01
290  2.52997888e-01  -5.82571389e-01
291  2.53028672e-01  -6.14760194e-01
292  2.53059455e-01  -6.46949000e-01
293  2.53090239e-01  -6.79137805e-01
294  2.53121023e-01  -7.11326611e-01
295  2.53151806e-01  -7.43515416e-01
296  2.53182590e-01  -7.75704221e-01
10369  -1.31534524e+00  -5.49819387e-03
10370  -1.31337540e+00  -3.34173980e-02
10371  -1.30948554e+00  -6.12957576e-02
10372  -1.30262576e+00  -8.81573070e-02
10373  -1.29310293e+00  -1.14555335e-01
10374  -1.28119530e+00  -1.40188874e-01
10375  -1.26704832e+00  -1.64953968e-01
10376  -1.25095709e+00  -1.88909277e-01
10377  -1.23318579e+00  -2.12060673e-01
10378  -1.21407669e+00  -2.34441777e-01
10379  -1.19374918e+00  -2.56057255e-01
10380  -1.17254028e+00  -2.77007597e-01
10381  -1.15047656e+00  -2.97151257e-01
10382  -1.12760998e+00  -3.16687411e-01
10383  -1.10415854e+00  -3.35662866e-01
10384  -1.08008785e+00  -3.54076967e-01
10385  -1.05559037e+00  -3.72127306e-01
10386  -1.03076233e+00  -3.89683772e-01
10387  -9.98344235e-01  -4.11676194e-01
10388  -9.72281510e-01  -4.28836518e-01
10389  -9.45988498e-01  -4.45633580e-01
10390  -9.19421340e-01  -4.62082297e-01
10391  -8.92648025e-01  -4.78259208e-01
10392  -8.65690899e-01  -4.94109535e-01
10393  -8.38518329e-01  -5.09670376e-01
10394  -8.11132259e-01  -5.25013424e-01
10395  -7.83652680e-01  -5.40174105e-01
10396  -7.56083694e-01  -5.55032289e-01
10397  -7.28356478e-01  -5.69595031e-01
10398  -7.00488630e-01  -5.83886053e-01
10399  -6.72459775e-01  -5.97882045e-01
10400  -6.44302106e-01  -6.11623687e-01
10401  -6.16032657e-01  -6.25052725e-01
10402  -5.87630086e-01  -6.38154353e-01
10403  -5.59086426e-01  -6.50918932e-01
10404  -5.30390925e-01  -6.63341516e-01
10405  -5.01543453e-01  -6.75434470e-01
10406  -4.72590296e-01  -6.87188821e-01
10407  -4.43513784e-01  -6.98535869e-01
10408  -4.14365929e-01  -7.09457821e-01
10409  -3.85055804e-01  -7.19811062e-01
10410  -3.48831204e-01  -7.31460694e-01
10411  -3.22145380e-01  -7.39825144e-01
10412  -2.90659359e-01  -7.49025294e-01
10413  -2.61359289e-01  -7.56920806e-01
10414  -2.31928067e-01  -7.64169466e-01
10415  -2.02366408e-01  -7.70749715e-01
10416  -1.72694062e-01  -7.76632734e-01
10417  -1.42899269e-01  -7.81779844e-01
10418  -1.12999584e-01  -7.86203440e-01
10419  -8.30733265e-02  -7.89857617e-01
10420  -5.30461333e-02  -7.92643370e-01
10421  -2.29168997e-02  -7.94683870e-01
10422  7.18886769e-03  -7.95929278e-01
10423  3.72997865e-02  -7.96300214e-01
10424  6.74456562e-02  -7.95847071e-01
10425  9.75604110e-02  -7.94587783e-01
10426  1.27615918e-01  -7.92490558e-01
10427  1.57632318e-01  -7.89564569e-01
10428  1.87588698e-01  -7.85854026e-01
10429  2.17435596e-01  -7.81370343e-01
10430  2.60180586e-01  -7.73605157e-01
10431  2.76646047e-01  -7.70015096e-01
10432  3.10722548e-01  -7.62528810e-01
10433  3.40058056e-01  -7.54804795e-01
10434  3.69194759e-01  -7.46229216e-01
10435  3.98168061e-01  -7.36890622e-01
10436  4.26857841e-01  -7.26863294e-01
10437  4.55187869e-01  -7.16040582e-01
10438  4.83235874e-01  -7.04396894e-01
10439  5.11009536e-01  -6.92010718e-01
10440  5.38427658e-01  -6.78920325e-01
10441  5.65399061e-01  -6.65112651e-01
10442  5.91897769e-01  -6.50488593e-01
10443  6.17956797e-01  -6.35074695e-01
10444  6.43530369e-01  -6.18877633e-01
10445  6.68602929e-01  -6.01917130e-01
10446  6.93082005e-01  -5.84247943e-01
10447  7.21301660e-01  -5.62326515e-01
10448  7.44214622e-01  -5.43147958e-01
10449  7.66533155e-01  -5.23231071e-01
10450  7.88105999e-01  -5.02605491e-01
10451  8.08909049e-01  -4.81230100e-01
10452  8.28895918e-01  -4.59178117e-01
10453  8.47964463e-01  -4.36364691e-01
10454  8.66218627e-01  -4.12791048e-01
10455  8.83608470e-01  -3.88641225e-01
10456  8.99983236e-01  -3.63824031e-01
10457  9.15441322e-01  -3.38429552e-01
10458  9.29806995e-01  -3.12482456e-01
10459  9.43072528e-01  -2.86024922e-01
10460  9.55119202e-01  -2.59027584e-01
10461  9.65996377e-01  -2.31532314e-01
10462  9.75642237e-01  -2.03571043e-01
10463  9.84105483e-01  -1.75176791e-01
10464  9.91347868e-01  -1.46636679e-01
10465  9.97013357e-01  -1.17813984e-01
10466  1.00139385e+00  -8.84903528e-02
10467  1.00468369e+00  -5.91916832e-02
10468  1.00632740e+00  -2.92687076e-02
10469  1.00776459e+00  4.89252174e-07
10470  1.00630682e+00  2.97081046e-02
10471  1.00460916e+00  6.01878981e-02
10472  1.00145487e+00  9.01529017e-02
10473  9.97357649e-01  1.19988272e-01
10474  9.91829955e-01  1.49314999e-01
10475  9.84839478e-01  1.78463877e-01
10476  9.76634619e-01  2.07366164e-01
10477  9.67152040e-01  2.35851235e-01
10478  9.56451999e-01  2.63930306e-01
10479  9.44543676e-01  2.91557514e-01
10480  9.31519050e-01  3.18689675e-01
10481  9.17385816e-01  3.45206500e-01
10482  9.02089636e-01  3.71103912e-01
10483  8.85730739e-01  3.96417005e-01
10484  8.68377215e-01  4.21059205e-01
10485  8.50042974e-01  4.44991960e-01
10486  8.30774380e-01  4.68196417e-01
10487  8.10604170e-01  4.90629761e-01
10488  7.89581076e-01  5.12255756e-01
10489  7.67705596e-01  5.33031530e-01
10490  7.44988570e-01  5.53002920e-01
10491  7.21587694e-01  5.72172929e-01
10492  6.93477642e-01  5.93456632e-01
10493  6.69100437e-01  6.10534866e-01
10494  6.44135672e-01  6.26839903e-01
10495  6.18674696e-01  6.42274171e-01
10496  5.92662004e-01  6.56811188e-01
10497  5.66129771e-01  6.70542443e-01
10498  5.39169082e-01  6.83464990e-01
10499  5.11826876e-01  6.95555136e-01
10500  4.84112299e-01  7.06805008e-01
10501  4.56016766e-01  7.17247419e-01
10502  4.27597223e-01  7.26952093e-01
10503  3.98952778e-01  7.35904942e-01
10504  3.70057085e-01  7.44053729e-01
10505  3.40964949e-01  7.51466847e-01
10506  3.11687319e-01  7.58055831e-01
10507  2.77833771e-01  7.64752147e-01
10508  2.58706578e-01  7.67685217e-01
10509  2.15418605e-01  7.74077789e-01
10510  1.84061905e-01  7.77776487e-01
10511  1.52576496e-01  7.80716570e-01
10512  1.20983942e-01  7.82944177e-01
10513  8.93587036e-02  7.84498740e-01
10514  5.77269172e-02  7.85319248e-01
10515  2.60661877e-02  7.85425206e-01
10516  -5.62822329e-03  7.84833327e-01
10517  -3.73039610e-02  7.83602752e-01
10518  -6.89184346e-02  7.81675649e-01
10519  -1.00525227e-01  7.79057003e-01
10520  -1.32129814e-01  7.75818089e-01
10521  -1.63679896e-01  7.71997571e-01
10522  -1.95146767e-01  7.67584544e-01
10523  -2.26556743e-01  7.62577392e-01
10524  -2.57897013e-01  7.57037512e-01
10525  -2.89103291e-01  7.50955035e-01
10526  -3.20296670e-01  7.44259421e-01
10527  -3.51271132e-01  7.37534970e-01
10528  -3.87548120e-01  7.28343245e-01
10529  -4.17149507e-01  7.20372684e-01
10530  -4.46636677e-01  7.11954092e-01
10531  -4.76023744e-01  7.03108151e-01
10532  -5.05254589e-01  6.93876168e-01
10533  -5.34314791e-01  6.84167102e-01
10534  -5.63267422e-01  6.74026993e-01
10535  -5.92076812e-01  6.63477086e-01
10536  -6.20717804e-01  6.52524470e-01
10537  -6.49163113e-01  6.41148551e-01
10538  -6.77429206e-01  6.29317154e-01
10539  -7.05521668e-01  6.17067010e-01
10540  -7.33418979e-01  6.04378626e-01
10541  -7.61141816e-01  5.91270344e-01
10542  -7.88657155e-01  5.77769128e-01
10543  -8.15912965e-01  5.63854657e-01
10544  -8.42897598e-01  5.49479444e-01
10545  -8.69629612e-01  5.34629809e-01
10546  -8.96103530e-01  5.19324054e-01
10547  -9.22253383e-01  5.03587533e-01
10548  -9.48051978e-01  4.87317261e-01
10549  -9.73545777e-01  4.70563491e-01
10550  -9.98633027e-01  4.53328665e-01
10551  -1.02993910e+00  4.30741115e-01
10552  -1.05404735e+00  4.12411217e-01
10553  -1.07766899e+00  3.93523868e-01
10554  -1.10071529e+00  3.74028373e-01
10555  -1.12319434e+00  3.53902468e-01
10556  -1.14503542e+00  3.33199082e-01
10557  -1.16611078e+00  3.11862638e-01
10558  -1.18633014e+00  2.89907634e-01
10559  -1.20556880e+00  2.67172611e-01
10560  -1.22388020e+00  2.43740799e-01
10561  -1.24100992e+00  2.19683692e-01
10562  -1.25680832e+00  1.94858559e-01
10563  -1.27119459e+00  1.69482822e-01
10564  -1.28373733e+00  1.43353846e-01
10565  -1.29456783e+00  1.16617502e-01
10566  -1.30324754e+00  8.93676968e-02
10567  -1.30969507e+00  6.18773673e-02
10568  -1.31336451e+00  3.39252928e-02
10569  -3.20297468e-01  7.43618580e-01
10570  -3.20337625e-01  7.11381729e-01
10571  -3.20377782e-01  6.79144879e-01
10572  -3.20417939e-01  6.46908028e-01
10573  -3.20458097e-01  6.14671178e-01
10574  -3.20498254e-01  5.82434328e-01
10575  -3.20538411e-01  5.50197477e-01
10576  -3.20578568e-01  5.17960627e-01
10577  -3.20618725e-01  4.85723776e-01
10578  -3.20658882e-01  4.53486926e-01
10579  -3.20699039e-01  4.21250076e-01
10580  -3.20739196e-01  3.89013225e-01
10581  -3.20779354e-01  3.56776375e-01
10582  -3.20819511e-01  3.24539524e-01
10583  -3.20859668e-01  2.92302674e-01
10584  -3.20899825e-01  2.60065824e-01
10585  -3.20939982e-01  2.27828973e-01
10586  -3.20980139e-01  1.95592123e-01
10587  -3.21020296e-01  1.63355272e-01
10588  -3.21060453e-01  1.31118422e-01
10589  -3.21100611e-01  9.88815717e-02
10590  -3.21140768e-01  6.66447214e-02
10591  -3.21180925e-01  3.44078710e-02
10592  -3.21221082e-01  2.17102060e-03
10593  -3.21261239e-01  -3.00658298e-02
10594  -3.21301396e-01  -6.23026802e-02
10595  -3.21341553e-01  -9.45395306e-02
10596  -3.21381710e-01  -1.26776381e-01
10597  -3.21421868e-01  -1.59013232e-01
10598  -3.21462025e-01  -1.91250082e-01
10599  -3.21502182e-01  -2.23486932e-01
10600  -3.21542339e-01  -2.55723783e-01
10601  -3.21582496e-01  -2.87960633e-01
10602  -3.21622653e-01  -3.20197484e-01
10603  -3.21662810e-01  -3.52434334e-01
10604  -3.21702967e-01  -3.84671184e-01
10605  -3.21743125e-01  -4.16908035e-01
10606  -3.21783282e-01  -4.49144885e-01
10607  -3.21823439e-01  -4.81381736e-01
10608  -3.21863596e-01  -5.13618586e-01
10609  -3.21903753e-01  -5.45855436e-01
10610  -3.21943910e-01  -5.78092287e-01
10611  -3.21984067e-01  -6.10329137e-01
10612  -3.22024224e-01  -6.42565988e-01
10613  -3.22064382e-01  -6.74802838e-01
10614  -3.22104539e-01  -7.07039688e-01
10615  -3.22144696e-01  -7.39276539e-01
10616  2.58704972e-01  7.69365133e-01
10617  2.58735756e-01  7.37176328e-01
10618  2.58766540e-01  7.04987522e-01
10619  2.58797323e-01  6.72798717e-01
10620  2.58828107e-01  6.40609911e-01
10621  2.58858891e-01  6.08421106e-01
10622  2.58889674e-01  5.76232301e-01
10623  2.58920458e-01  5.44043495e-01
10624  2.58951241e-01  5.11854690e-01
10625  2.58982025e-01  4.79665884e-01
10626  2.59012809e-01  4.47477079e-01
10627  2.59043592e-01  4.15288273e-01
10628  2.59074376e-01  3.83099468e-01
10629  2.59105160e-01  3.50910663e-01
10630  2.59135943e-01  3.18721857e-01
10631  2.59166727e-01  2.86533052e-01
10632  2.59197511e-01  2.54344246e-01
10633  2.59228294e-01  2.22155441e-01
10634  2.59259078e-01  1.89966635e-01
10635  2.59289861e-01  1.57777830e-01
10636  2.59320645e-01  1.25589025e-01
10637  2.59351429e-01  9.34002196e-02
10638  2.59382212e-01  6.12114141e-02
10639  2.59412996e-01  2.90226088e-02
10640  2.59443780e-01  -3.16619674e-03
10641  2.59474563e-01  -3.53550022e-02
10642  2.59505347e-01  -6.75438075e-02
10643  2.59536131e-01  -9.97326130e-02
10644  2.59566914e-01  -1.31921419e-01
10645  2.59597698e-01  -1.64110224e-01
10646  2.59628481e-01  -1.96299030e-01
10647  2.59659265e-01  -2.28487835e-01
10648  2.59690049e-01  -2.60676641e-01
10649  2.59720832e-01  -2.92865446e-01
10650  2.59751616e-01  -3.25054251e-01
10651  2.59782400e-01  -3.57243057e-01
10652  2.59813183e-01  -3.89431862e-01
10653  2.59843967e-01  -4.21620668e-01
10654  2.59874751e-01  -4.53809473e-01
10655  2.59905534e-01  -4.85998279e-01
10656  2.59936318e-01  -5.18187084e-01
10657  2.59967101e-01  -5.50375889e-01
10658  2.59997885e-01  -5.82564695e-01
10659  2.60028669e-01  -6.14753500e-01
10660  2.60059452e-01  -6.46942306e-01
10661  2.60090236e-01  -6.79131111e-01
10662  2.60121020e-01  -7.11319917e-01
10663  2.60151803e-01  -7.43508722e-01
10664  2.60182587e-01  -7.75697527e-01
2593  -1.34679909e+00  -5.81681887e-03
2594  -1.34459818e+00  -3.67203432e-02
2595  -1.34028959e+00  -6.73688129e-02
2596  -1.33264062e+00  -9.73703331e-02
2597  -1.32213771e+00  -1.26503262e-01
2598  -1.30909114e+00  -1.54597003e-01
2599  -1.29373202e+00  -1.81499408e-01
2600  -1.27645724e+00  -2.07226324e-01
2601  -1.25758792e+00  -2.31816874e-01
2602  -1.23746019e+00  -2.55393718e-01
2603  -1.21622233e+00  -2.77982788e-01
2604  -1.19416172e+00  -2.99773475e-01
2605  -1.17126250e+00  -3.20682431e-01
2606  -1.14768420e+00  -3.40828609e-01
2607  -1.12357398e+00  -3.60336990e-01
2608  -1.09893977e+00  -3.79184268e-01
2609  -1.07396702e+00  -3.97584530e-01
2610  -1.04864029e+00  -4.15493655e-01
2611  -1.01579110e+00  -4.37779424e-01
2612  -9.89366357e-01  -4.55178113e-01
2613  -9.62704336e-01  -4.72210870e-01
2614  -9.35803961e-01  -4.88866272e-01
2615  -9.08723650e-01  -5.05228559e-01
2616  -8.81449525e-01  -5.21265333e-01
2617  -8.53992955e-01  -5.36989006e-01
2618  -8.26388684e-01  -5.52454508e-01
2619  -7.98683988e-01  -5.67739144e-01
2620  -7.70831282e-01  -5.82750157e-01
2621  -7.42819599e-01  -5.97462391e-01
2622  -7.14665463e-01  -6.11900139e-01
2623  -6.86358217e-01  -6.26035285e-01
2624  -6.57923293e-01  -6.39912109e-01
2625  -6.29344386e-01  -6.53488081e-01
2626  -6.00614526e-01  -6.66740643e-01
2627  -5.71732030e-01  -6.79656717e-01
2628  -5.42697034e-01  -6.92226309e-01
2629  -5.13517876e-01  -7.04458336e-01
2630  -4.84202743e-01  -7.16359400e-01
2631  -4.54729193e-01  -7.27861390e-01
2632  -4.25103209e-01  -7.38961760e-01
2633  -3.95273060e-01  -7.49499094e-01
2634  -3.58645980e-01  -7.61773351e-01
2635  -3.28184573e-01  -7.71284400e-01
2636  -2.99261950e-01  -7.79703991e-01
2637  -2.69314473e-01  -7.87773716e-01
2638  -2.39199629e-01  -7.95190611e-01
2639  -2.08926334e-01  -8.01929106e-01
2640  -1.78504626e-01  -8.07960428e-01
2641  -1.47943081e-01  -8.13240089e-01
2642  -1.17261902e-01  -8.17779059e-01
2643  -8.64763320e-02  -8.21537368e-01
2644  -5.55947705e-02  -8.24403274e-01
2645  -2.46515077e-02  -8.26498618e-01
2646  6.33419436e-03  -8.27779813e-01
2647  3.73427293e-02  -8.28162185e-01
2648  6.83508337e-02  -8.27696211e-01
2649  9.93352048e-02  -8.26400314e-01
2650  1.30270529e-01  -8.24241779e-01
2651  1.61136379e-01  -8.21233301e-01
2652  1.91914054e-01  -8.17421072e-01
2653  2.22582808e-01  -8.12813835e-01
2654  2.54212704e-01  -8.07192268e-01
2655  2.83492560e-01  -8.01132813e-01
2656  3.18293244e-01  -7.92999388e-01
2657  3.48488279e-01  -7.85048852e-01
2658  3.78443407e-01  -7.76233117e-01
2659  4.08164570e-01  -7.66653710e-01
2660  4.37641183e-01  -7.56350429e-01
2661  4.66810025e-01  -7.45207295e-01
2662  4.95649609e-01  -7.33235597e-01
2663  5.24168509e-01  -7.20517087e-01
2664  5.52346944e-01  -7.07063265e-01
2665  5.80140000e-01  -6.92834056e-01
2666  6.07476842e-01  -6.77747795e-01
2667  6.34350612e-01  -6.61851820e-01
2668  6.60727914e-01  -6.45145790e-01
2669  6.86589323e-01  -6.27651567e-01
2670  7.11903916e-01  -6.09377751e-01
2671  7.41011125e-01  -5.86766412e-01
2672  7.64745473e-01  -5.66902026e-01
2673  7.87837759e-01  -5.46293712e-01
2674  8.10208417e-01  -5.24904700e-01
2675  8.31794997e-01  -5.02724401e-01
2676  8.52577659e-01  -4.79792353e-01
2677  8.72425490e-01  -4.56047927e-01
2678  8.91374412e-01  -4.31578227e-01
2679  9.09456602e-01  -4.06463842e-01
2680  9.26500401e-01  -3.80635085e-01
2681  9.42590972e-01  -3.54198765e-01
2682  9.57580522e-01  -3.27124956e-01
2683  9.71449267e-01  -2.99461153e-01
2684  9.84059602e-01  -2.71202349e-01
2685  9.95441643e-01  -2.42429468e-01
2686  1.00553353e+00  -2.13177411e-01
2687  1.01437318e+00  -1.83521720e-01
2688  1.02197935e+00  -1.53527532e-01
2689  1.02795086e+00  -1.23165870e-01
2690  1.03252600e+00  -9.25598666e-02
2691  1.03597148e+00  -6.18081838e-02
2692  1.03768167e+00  -3.09062685e-02
2693  1.03919940e+00  7.66925062e-09
2694  1.03766058e+00  3.13554104e-02
2695  1.03590493e+00  6.27070735e-02
2696  1.03262351e+00  9.39327790e-02
2697  1.02834619e+00  1.25036209e-01
2698  1.02253203e+00  1.55884199e-01
2699  1.01521356e+00  1.86412885e-01
2700  1.00663868e+00  2.16614286e-01
2701  9.96723245e-01  2.46401850e-01
2702  9.85544620e-01  2.75736702e-01
2703  9.73118233e-01  3.04567754e-01
2704  9.59530920e-01  3.32870885e-01
2705  9.44762948e-01  3.60577391e-01
2706  9.28796998e-01  3.87611136e-01
2707  9.11755902e-01  4.13980106e-01
2708  8.93679582e-01  4.39648499e-01
2709  8.74587219e-01  4.64571329e-01
2710  8.54530161e-01  4.88725286e-01
2711  8.33538490e-01  5.12072442e-01
2712  8.11652553e-01  5.34585591e-01
2713  7.88885926e-01  5.56208355e-01
2714  7.65305101e-01  5.76940550e-01
2715  7.41015609e-01  5.96837230e-01
2716  7.11965294e-01  6.18833360e-01
2717  6.86695020e-01  6.36538755e-01
2718  6.60859891e-01  6.53411920e-01
2719  6.34473480e-01  6.69406624e-01
2720  6.07538189e-01  6.84460252e-01
2721  5.80132312e-01  6.98644052e-01
2722  5.52304498e-01  7.11982221e-01
2723  5.24081440e-01  7.24461835e-01
2724  4.95487612e-01  7.36068874e-01
2725  4.66560379e-01  7.46821120e-01
2726  4.37354169e-01  7.56794573e-01
2727  4.07897799e-01  7.66000759e-01
2728  3.78194975e-01  7.74377751e-01
2729  3.48288716e-01  7.81997717e-01
2730  3.18180958e-01  7.88773973e-01
2731  2.83509612e-01  7.95631856e-01
2732  2.52674827e-01  8.00884063e-01
2733  2.19557333e-01  8.05669844e-01
2734  1.87409837e-01  8.09462105e-01
2735  1.55178644e-01  8.12472134e-01
2736  1.22886685e-01  8.14749312e-01
2737  9.05539255e-02  8.16338314e-01
2738  5.81934695e-02  8.17177832e-01
2739  2.58222455e-02  8.17286272e-01
2740  -6.54416340e-03  8.16682159e-01
2741  -3.88919285e-02  8.15425156e-01
2742  -7.12030388e-02  8.13455637e-01
2743  -1.03464620e-01  8.10783128e-01
2744  -1.35669208e-01  8.07482892e-01
2745  -1.67807827e-01  8.03591039e-01
2746  -1.99867343e-01  7.99094911e-01
2747  -2.31837844e-01  7.93998675e-01
2748  -2.63718231e-01  7.88363228e-01
2749  -2.95494320e-01  7.82169484e-01
2750  -3.26257665e-01  7.75575265e-01
2751  -3.58681982e-01  7.68044820e-01
2752  -3.95485513e-01  7.58720365e-01
2753  -4.25541082e-01  7.50627487e-01
2754  -4.55471461e-01  7.42082454e-01
2755  -4.85276878e-01  7.33110669e-01
2756  -5.14957432e-01  7.23736282e-01
2757  -5.44478570e-01  7.13873485e-01
2758  -5.73854905e-01  7.03585017e-01
2759  -6.03082583e-01  6.92881926e-01
2760  -6.32154795e-01  6.81764286e-01
2761  -6.61054160e-01  6.70206676e-01
2762  -6.89765831e-01  6.58188927e-01
2763  -7.18296372e-01  6.45747640e-01
2764  -7.46629118e-01  6.32861320e-01
2765  -7.74767983e-01  6.19556369e-01
2766  -8.02711011e-01  6.05845110e-01
2767  -8.30432459e-01  5.91692687e-01
2768  -8.57902338e-01  5.77058954e-01
2769  -8.85110809e-01  5.61944717e-01
2770  -9.12056176e-01  5.46366330e-01
2771  -9.38723007e-01  5.30318097e-01
2772  -9.65048432e-01  5.13715976e-01
2773  -9.91057748e-01  4.96623086e-01
2774  -1.01670910e+00  4.79000193e-01
2775  -1.04862739e+00  4.55970456e-01
2776  -1.07335404e+00  4.37170526e-01
2777  -1.09761356e+00  4.17772281e-01
2778  -1.12132760e+00  3.97711794e-01
2779  -1.14446820e+00  3.76993469e-01
2780  -1.16700746e+00  3.55626768e-01
2781  -1.18883144e+00  3.33531587e-01
2782  -1.20986698e+00  3.10687161e-01
2783  -1.22992686e+00  2.86983137e-01
2784  -1.24904531e+00  2.62515478e-01
2785  -1.26705150e+00  2.37222442e-01
2786  -1.28371975e+00  2.11030955e-01
2787  -1.29902098e+00  1.84024613e-01
2788  -1.31245492e+00  1.56045247e-01
2789  -1.32409911e+00  1.27279337e-01
2790  -1.33351466e+00  9.77147306e-02
2791  -1.34058237e+00  6.75117442e-02
2792  -1.34463182e+00  3.67761722e-02
2793  -3.26297464e-01  7.43626054e-01
2794  -3.26337621e-01  7.11389203e-01
2795  -3.26377778e-01  6.79152353e-01
2796  -3.26417935e-01  6.46915502e-01
2797  -3.26458093e-01  6.14678652e-01
2798  -3.26498250e-01  5.82441802e-01
2799  -3.26538407e-01  5.50204951e-01
2800  -3.26578564e-01  5.17968101e-01
2801  -3.26618721e-01  4.85731250e-01
2802  -3.26658878e-01  4.53494400e-01
2803  -3.26699035e-01  4.21257550e-01
2804  -3.26739192e-01  3.89020699e-01
2805  -3.26779350e-01  3.56783849e-01
2806  -3.26819507e-01  3.24546998e-01
2807  -3.26859664e-01  2.92310148e-01
2808  -3.26899821e-01  2.60073298e-01
2809  -3.26939978e-01  2.27836447e-01
2810  -3.26980135e-01  1.95599597e-01
2811  -3.27020292e-01  1.63362746e-01
2812  -3.27060449e-01  1.31125896e-01
2813  -3.27100607e-01  9.88890459e-02
2814  -3.27140764e-01  6.66521955e-02
2815  -3.27180921e-01  3.44153451e-02
2816  -3.27221078e-01  2.17849471e-03
2817  -3.27261235e-01  -3.00583557e-02
2818  -3.27301392e-01  -6.22952061e-02
2819  -3.27341549e-01  -9.45320565e-02
2820  -3.27381706e-01  -1.26768907e-01
2821  -3.27421864e-01  -1.59005758e-01
2822  -3.27462021e-01  -1.91242608e-01
2823  -3.27502178e-01  -2.23479458e-01
2824  -3.27542335e-01  -2.55716309e-01
2825  -3.27582492e-01  -2.87953159e-01
2826  -3.27622649e-01  -3.20190010e-01
2827  -3.27662806e-01  -3.52426860e-01
2828  -3.27702963e-01  -3.84663710e-01
2829  -3.27743121e-01  -4.16900561e-01
2830  -3.27783278e-01  -4.49137411e-01
2831  -3.27823435e-01  -4.81374262e-01
2832  -3.27863592e-01  -5.13611112e-01
2833  -3.27903749e-01  -5.45847962e-01
2834  -3.27943906e-01  -5.78084813e-01
2835  -3.27984063e-01  -6.10321663e-01
2836  -3.28024220e-01  -6.42558514e-01
2837  -3.28064378e-01  -6.74795364e-01
2838  -3.28104535e-01  -7.07032214e-01
2839  -3.28144692e-01  -7.39269065e-01
2840  2.52704975e-01  7.69359395e-01
2841  2.52735759e-01  7.37170590e-01
2842  2.52766543e-01  7.04981784e-01
2843  2.52797326e-01  6.72792979e-01
2844  2.52828110e-01  6.40604173e-01
2845  2.52858894e-01  6.08415368e-01
2846  2.52889677e-01  5.76226563e-01
2847  2.52920461e-01  5.44037757e-01
2848  2.52951244e-01  5.11848952e-01
2849  2.52982028e-01  4.79660146e-01
2850  2.53012812e-01  4.47471341e-01
2851  2.53043595e-01  4.15282535e-01
2852  2.53074379e-01  3.83093730e-01
2853  2.53105163e-01  3.50904925e-01
2854  2.53135946e-01  3.18716119e-01
2855  2.53166730e-01  2.86527314e-01
2856  2.53197514e-01  2.54338508e-01
2857  2.53228297e-01  2.22149703e-01
2858  2.53259081e-01  1.89960897e-01
2859  2.53289864e-01  1.57772092e-01
2860  2.53320648e-01  1.25583287e-01
2861  2.53351432e-01  9.33944815e-02
2862  2.53382215e-01  6.12056760e-02
2863  2.53412999e-01  2.90168707e-02
2864  2.53443783e-01  -3.17193479e-03
2865  2.53474566e-01  -3.53607403e-02
2866  2.53505350e-01  -6.75495456e-02
2867  2.53536134e-01  -9.97383511e-02
2868  2.53566917e-01  -1.31927157e-01
2869  2.53597701e-01  -1.64115962e-01
2870  2.53628484e-01  -1.96304768e-01
2871  2.53659268e-01  -2.28493573e-01
2872  2.53690052e-01  -2.60682379e-01
2873  2.53720835e-01  -2.92871184e-01
2874  2.53751619e-01  -3.25059989e-01
2875  2.53782403e-01  -3.57248795e-01
2876  2.53813186e-01  -3.89437600e-01
2877  2.53843970e-01  -4.21626406e-01
2878  2.53874754e-01  -4.53815211e-01
2879  2.53905537e-01  -4.86004017e-01
2880  2.53936321e-01  -5.18192822e-01
2881  2.53967104e-01  -5.50381627e-01
2882  2.53997888e-01  -5.82570433e-01
2883  2.54028672e-01  -6.14759238e-01
2884  2.54059455e-01  -6.46948044e-01
2885  2.54090239e-01  -6.79136849e-01
2886  2.54121023e-01  -7.11325655e-01
2887  2.54151806e-01  -7.43514460e-01
2888  2.54182590e-01  -7.75703265e-01
5185  -1.33759446e+00  -5.72357663e-03
5186  -1.33546117e+00  -3.57537712e-02
5187  -1.33127511e+00  -6.55915975e-02
5188  -1.32385709e+00  -9.46742385e-02
5189  -1.31364099e+00  -1.23006828e-01
5190  -1.30092772e+00  -1.50380617e-01
5191  -1.28592332e+00  -1.76657560e-01
5192  -1.26899489e+00  -2.01866034e-01
5193  -1.25044690e+00  -2.26035431e-01
5194  -1.23061725e+00  -2.49262355e-01
5195  -1.20964580e+00  -2.71566513e-01
5196  -1.18783443e+00  -2.93111282e-01
5197  -1.16517972e+00  -3.13796282e-01
5198  -1.14180969e+00  -3.33763943e-01
5199  -1.11789226e+00  -3.53116369e-01
5200  -1.09342296e+00  -3.71836882e-01
5201  -1.06858929e+00  -3.90134743e-01
5202  -1.04340850e+00  -4.07940666e-01
5203  -1.01068546e+00  -4.30140590e-01
5204  -9.84366658e-01  -4.47469524e-01
5205  -9.57812623e-01  -4.64433307e-01
5206  -9.31009760e-01  -4.81028225e-01
5207  -9.04019288e-01  -4.97336263e-01
5208  -8.76837929e-01  -5.13318476e-01
5209  -8.49464470e-01  -5.28994498e-01
5210  -8.21924053e-01  -5.44424165e-01
5211  -7.94285235e-01  -5.59672527e-01
5212  -7.66515556e-01  -5.74638816e-01
5213  -7.38587119e-01  -5.89307303e-01
5214  -7.10516763e-01  -6.03702113e-01
5215  -6.82290985e-01  -6.17796537e-01
5216  -6.53937197e-01  -6.31633802e-01
5217  -6.25448849e-01  -6.45166775e-01
5218  -5.96814767e-01  -6.58375168e-01
5219  -5.68031428e-01  -6.71246908e-01
5220  -5.39095781e-01  -6.83773480e-01
5221  -5.10013688e-01  -6.95964809e-01
5222  -4.80804483e-01  -7.07822938e-01
5223  -4.51447122e-01  -7.19279587e-01
5224  -4.21961057e-01  -7.30327744e-01
5225  -3.92283088e-01  -7.40811206e-01
5226  -3.55815707e-01  -7.53032133e-01
5227  -3.25673560e-01  -7.62444884e-01
5228  -2.96781233e-01  -7.70857219e-01
5229  -2.67020448e-01  -7.78876706e-01
5230  -2.37102739e-01  -7.86245087e-01
5231  -2.07034657e-01  -7.92937949e-01
5232  -1.76829042e-01  -7.98926505e-01
5233  -1.46488604e-01  -8.04167942e-01
5234  -1.16032783e-01  -8.08673642e-01
5235  -8.54950121e-02  -8.12401923e-01
5236  -5.48598236e-02  -8.15244715e-01
5237  -2.41513012e-02  -8.17324244e-01
5238  6.58065530e-03  -8.18595119e-01
5239  3.73303459e-02  -8.18974194e-01
5240  6.80898090e-02  -8.18511919e-01
5241  9.88234100e-02  -8.17226580e-01
5242  1.29505022e-01  -8.15085724e-01
5243  1.60125918e-01  -8.12101033e-01
5244  1.90666757e-01  -8.08318127e-01
5245  2.21098514e-01  -8.03746520e-01
5246  2.56703301e-01  -7.97359201e-01
5247  2.81518241e-01  -7.92159441e-01
5248  3.16077760e-01  -7.84082496e-01
5249  3.46021263e-01  -7.76198248e-01
5250  3.75736888e-01  -7.67452793e-01
5251  4.05239197e-01  -7.57943857e-01
5252  4.34485552e-01  -7.47721331e-01
5253  4.63408924e-01  -7.36671965e-01
5254  4.92016861e-01  -7.24796256e-01
5255  5.20317675e-01  -7.12174999e-01
5256  5.48273612e-01  -6.98827531e-01
5257  5.75826220e-01  -6.84721680e-01
5258  6.02917791e-01  -6.69770678e-01
5259  6.29553136e-01  -6.54015777e-01
5260  6.55695234e-01  -6.37458692e-01
5261  6.81325795e-01  -6.20120656e-01
5262  7.06395883e-01  -6.02023778e-01
5263  7.35243358e-01  -5.79614335e-01
5264  7.58737337e-01  -5.59950649e-01
5265  7.81603192e-01  -5.39544674e-01
5266  8.03740378e-01  -5.18379072e-01
5267  8.25097666e-01  -4.96434322e-01
5268  8.45647448e-01  -4.73759815e-01
5269  8.65267229e-01  -4.50287836e-01
5270  8.84012837e-01  -4.26080357e-01
5271  9.01892420e-01  -4.01248242e-01
5272  9.18740433e-01  -3.75715508e-01
5273  9.34645914e-01  -3.49584071e-01
5274  9.49452893e-01  -3.22839983e-01
5275  9.63145114e-01  -2.95529182e-01
5276  9.75590500e-01  -2.67639533e-01
5277  9.86824797e-01  -2.39240531e-01
5278  9.96786158e-01  -2.10366209e-01
5279  1.00551566e+00  -1.81079665e-01
5280  1.01301537e+00  -1.51510996e-01
5281  1.01889733e+00  -1.21599697e-01
5282  1.02341550e+00  -9.13689665e-02
5283  1.02681544e+00  -6.10424926e-02
5284  1.02850618e+00  -3.04270536e-02
5285  1.03000033e+00  1.48599400e-07
5286  1.02848523e+00  3.08733438e-02
5287  1.02674656e+00  6.19698635e-02
5288  1.02350233e+00  9.28266379e-02
5289  1.01927772e+00  1.23558984e-01
5290  1.01354739e+00  1.53961792e-01
5291  1.00632491e+00  1.84086692e-01
5292  9.97858311e-01  2.13907921e-01
5293  9.88069545e-01  2.43314324e-01
5294  9.77030973e-01  2.72281685e-01
5295  9.64756191e-01  3.00760445e-01
5296  9.51333543e-01  3.28720904e-01
5297  9.36751320e-01  3.56079263e-01
5298  9.20981371e-01  3.82780471e-01
5299  9.04139913e-01  4.08840450e-01
5300  8.86275112e-01  4.34208539e-01
5301  8.67404605e-01  4.58841634e-01
5302  8.47578283e-01  4.82717729e-01
5303  8.26827004e-01  5.05797468e-01
5304  8.05193569e-01  5.28051001e-01
5305  7.82687727e-01  5.49425902e-01
5306  7.59359683e-01  5.69935456e-01
5307  7.35330235e-01  5.89619483e-01
5308  7.06555078e-01  6.11407129e-01
5309  6.81546151e-01  6.28928992e-01
5310  6.55965725e-01  6.45635901e-01
5311  6.29850133e-01  6.61466599e-01
5312  6.03184831e-01  6.76369046e-01
5313  5.76034617e-01  6.90420414e-01
5314  5.48460558e-01  7.03636955e-01
5315  5.20495272e-01  7.16002595e-01
5316  4.92158747e-01  7.27505113e-01
5317  4.63474902e-01  7.38166689e-01
5318  4.34498902e-01  7.48061487e-01
5319  4.05280133e-01  7.57193537e-01
5320  3.75813508e-01  7.65503747e-01
5321  3.46145493e-01  7.73063181e-01
5322  3.16280663e-01  7.79784633e-01
5323  2.81848637e-01  7.86595236e-01
5324  2.55184099e-01  7.91189714e-01
5325  2.18363854e-01  7.96559688e-01
5326  1.86444399e-01  8.00324968e-01
5327  1.54428267e-01  8.03314827e-01
5328  1.22337994e-01  8.05577710e-01
5329  9.02092610e-02  8.07156781e-01
5330  5.80589305e-02  8.07990817e-01
5331  2.58925908e-02  8.08098541e-01
5332  -6.28003504e-03  8.07497956e-01
5333  -3.84340086e-02  8.06248575e-01
5334  -7.05442307e-02  8.04291287e-01
5335  -1.02616991e-01  8.01634310e-01
5336  -1.34648558e-01  7.98351757e-01
5337  -1.66617461e-01  7.94480475e-01
5338  -1.98506077e-01  7.90008311e-01
5339  -2.30314941e-01  7.84937764e-01
5340  -2.62039574e-01  7.79329875e-01
5341  -2.93651348e-01  7.73168217e-01
5342  -3.23768698e-01  7.66716882e-01
5343  -3.56513275e-01  7.59116435e-01
5344  -3.93162719e-01  7.49830822e-01
5345  -4.23085377e-01  7.41773739e-01
5346  -4.52886055e-01  7.33265708e-01
5347  -4.82569046e-01  7.24330749e-01
5348  -5.12117998e-01  7.14998035e-01
5349  -5.41504248e-01  7.05180226e-01
5350  -5.70756590e-01  6.94935174e-01
5351  -5.99861861e-01  6.84276911e-01
5352  -6.28807880e-01  6.73207563e-01
5353  -6.57574371e-01  6.61703123e-01
5354  -6.86155648e-01  6.49739908e-01
5355  -7.14557990e-01  6.37354557e-01
5356  -7.42763311e-01  6.24526161e-01
5357  -7.70780429e-01  6.11278763e-01
5358  -7.98598299e-01  5.97628971e-01
5359  -8.26183483e-01  5.83546182e-01
5360  -8.53511360e-01  5.68988102e-01
5361  -8.80580400e-01  5.53951298e-01
5362  -9.07387803e-01  5.38452694e-01
5363  -9.33903346e-01  5.22495680e-01
5364  -9.60074599e-01  5.05990671e-01
5365  -9.85933055e-01  4.88997021e-01
5366  -1.01141933e+00  4.71487692e-01
5367  -1.04315846e+00  4.48587356e-01
5368  -1.06770414e+00  4.29924976e-01
5369  -1.09177699e+00  4.10676239e-01
5370  -1.11529562e+00  3.90781092e-01
5371  -1.13824263e+00  3.70236132e-01
5372  -1.16057758e+00  3.49063543e-01
5373  -1.18218248e+00  3.27190398e-01
5374  -1.20297918e+00  3.04606252e-01
5375  -1.22279873e+00  2.81185796e-01
5376  -1.24168101e+00  2.57021266e-01
5377  -1.25943070e+00  2.32089912e-01
5378  -1.27584441e+00  2.06298275e-01
5379  -1.29087788e+00  1.79769111e-01
5380  -1.30405102e+00  1.52331243e-01
5381  -1.31545709e+00  1.24159264e-01
5382  -1.32465731e+00  9.52720594e-02
5383  -1.33154352e+00  6.58629034e-02
5384  -1.33548177e+00  3.59418925e-02
5385  -3.23797466e-01  7.43622940e-01
5386  -3.23837623e-01  7.11386089e-01
5387  -3.23877780e-01  6.79149239e-01
5388  -3.23917937e-01  6.46912388e-01
5389  -3.23958095e-01  6.14675538e-01
5390  -3.23998252e-01  5.82438688e-01
5391  -3.24038409e-01  5.50201837e-01
5392  -3.24078566e-01  5.17964987e-01
5393  -3.24118723e-01  4.85728136e-01
5394  -3.24158880e-01  4.53491286e-01
5395  -3.24199037e-01  4.21254436e-01
5396  -3.24239194e-01  3.89017585e-01
5397  -3.24279352e-01  3.56780735e-01
5398  -3.24319509e-01  3.24543884e-01
5399  -3.24359666e-01  2.92307034e-01
5400  -3.24399823e-01  2.60070184e-01
5401  -3.24439980e-01  2.27833333e-01
5402  -3.24480137e-01  1.95596483e-01
5403  -3.24520294e-01  1.63359632e-01
5404  -3.24560451e-01  1.31122782e-01
5405  -3.24600609e-01  9.88859316e-02
5406  -3.24640766e-01  6.66490813e-02
5407  -3.24680923e-01  3.44122309e-02
5408  -3.24721080e-01  2.17538050e-03
5409  -3.24761237e-01  -3.00614699e-02
5410  -3.24801394e-01  -6.22983203e-02
5411  -3.24841551e-01  -9.45351707e-02
5412  -3.24881708e-01  -1.26772021e-01
5413  -3.24921866e-01  -1.59008872e-01
5414  -3.24962023e-01  -1.91245722e-01
5415  -3.25002180e-01  -2.23482572e-01
5416  -3.25042337e-01  -2.55719423e-01
5417  -3.25082494e-01  -2.87956273e-01
5418  -3.25122651e-01  -3.20193124e-01
5419  -3.25162808e-01  -3.52429974e-01
5420  -3.25202965e-01  -3.84666824e-01
5421  -3.25243123e-01  -4.16903675e-01
5422  -3.25283280e-01  -4.49140525e-01
5423  -3.25323437e-01  -4.81377376e-01
5424  -3.25363594e-01  -5.13614226e-01
5425  -3.25403751e-01  -5.45851076e-01
5426  -3.25443908e-01  -5.78087927e-01
5427  -3.25484065e-01  -6.10324777e-01
5428  -3.25524222e-01  -6.42561628e-01
5429  -3.25564380e-01  -6.74798478e-01
5430  -3.25604537e-01  -7.07035328e-01
5431  -3.25644694e-01  -7.39272179e-01
5432  2.55204973e-01  7.69361786e-01
5433  2.55235757e-01  7.37172981e-01
5434  2.55266541e-01  7.04984175e-01
5435  2.55297324e-01  6.72795370e-01
5436  2.55328108e-01  6.40606564e-01
5437  2.55358892e-01  6.08417759e-01
5438  2.55389675e-01  5.76228954e-01
5439  2.55420459e-01  5.44040148e-01
5440  2.55451242e-01  5.11851343e-01
5441  2.55482026e-01  4.79662537e-01
5442  2.55512810e-01  4.47473732e-01
5443  2.55543593e-01  4.15284926e-01
5444  2.55574377e-01  3.83096121e-01
5445  2.55605161e-01  3.50907316e-01
5446  2.55635944e-01  3.18718510e-01
5447  2.55666728e-01  2.86529705e-01
5448  2.55697512e-01  2.54340899e-01
5449  2.55728295e-01  2.22152094e-01
5450  2.55759079e-01  1.89963288e-01
5451  2.55789862e-01  1.57774483e-01
5452  2.55820646e-01  1.25585678e-01
5453  2.55851430e-01  9.33968724e-02
5454  2.55882213e-01  6.12080669e-02
5455  2.55912997e-01  2.90192615e-02
5456  2.55943781e-01  -3.16954394e-03
5457  2.55974564e-01  -3.53583494e-02
5458  2.56005348e-01  -6.75471548e-02
5459  2.56036132e-01  -9.97359602e-02
5460  2.56066915e-01  -1.31924766e-01
5461  2.56097699e-01  -1.64113571e-01
5462  2.56128482e-01  -1.96302377e-01
5463  2.56159266e-01  -2.28491182e-01
5464  2.56190050e-01  -2.60679988e-01
5465  2.56220833e-01  -2.92868793e-01
5466  2.56251617e-01  -3.25057598e-01
5467  2.56282401e-01  -3.57246404e-01
5468  2.56313184e-01  -3.89435209e-01
5469  2.56343968e-01  -4.21624015e-01
5470  2.56374752e-01  -4.53812820e-01
5471  2.56405535e-01  -4.86001626e-01
5472  2.56436319e-01  -5.18190431e-01
5473  2.56467102e-01  -5.50379236e-01
5474  2.56497886e-01  -5.82568042e-01
5475  2.56528670e-01  -6.14756847e-01
5476  2.56559453e-01  -6.46945653e-01
5477  2.56590237e-01  -6.79134458e-01
5478  2.56621021e-01  -7.11323264e-01
5479  2.56651804e-01  -7.43512069e-01
5480  2.56682588e-01  -7.75700874e-01
7777  -1.32454988e+00  -5.59143611e-03
7778  -1.32251242e+00  -3.43839700e-02
7779  -1.31850002e+00  -6.30729730e-02
7780  -1.31140929e+00  -9.08534017e-02
7781  -1.30159965e+00  -1.18051770e-01
7782  -1.28935872e+00  -1.44405261e-01
7783  -1.27485702e+00  -1.69795816e-01
7784  -1.25841944e+00  -1.94269567e-01
7785  -1.24032682e+00  -2.17842116e-01
7786  -1.22091962e+00  -2.40573141e-01
7787  -1.20032571e+00  -2.62473530e-01
7788  -1.17886757e+00  -2.83669790e-01
7789  -1.15655934e+00  -3.04037407e-01
7790  -1.13348449e+00  -3.23752077e-01
7791  -1.10984026e+00  -3.42883488e-01
7792  -1.08560466e+00  -3.61424353e-01
7793  -1.06096810e+00  -3.79577093e-01
7794  -1.03599413e+00  -3.97236761e-01
7795  -1.00344987e+00  -4.19315028e-01
7796  -9.77281210e-01  -4.36545107e-01
7797  -9.50880211e-01  -4.53411143e-01
7798  -9.24215541e-01  -4.69920344e-01
7799  -8.97352387e-01  -4.86151503e-01
7800  -8.70302494e-01  -5.02056392e-01
7801  -8.43046815e-01  -5.17664884e-01
7802  -8.15596891e-01  -5.33043767e-01
7803  -7.88051433e-01  -5.48240722e-01
7804  -7.60399419e-01  -5.63143630e-01
7805  -7.32588957e-01  -5.77750119e-01
7806  -7.04637330e-01  -5.92084079e-01
7807  -6.76527007e-01  -6.06120793e-01
7808  -6.48288202e-01  -6.19901994e-01
7809  -6.19928193e-01  -6.33374032e-01
7810  -5.91429845e-01  -6.46519829e-01
7811  -5.62787028e-01  -6.59328741e-01
7812  -5.33992178e-01  -6.71794345e-01
7813  -5.05047641e-01  -6.83927998e-01
7814  -4.75988556e-01  -6.95725282e-01
7815  -4.46795855e-01  -7.07117673e-01
7816  -4.17508080e-01  -7.18091837e-01
7817  -3.88045776e-01  -7.28498951e-01
7818  -3.51661477e-01  -7.40201912e-01
7819  -3.23156956e-01  -7.49117405e-01
7820  -2.93140076e-01  -7.57872067e-01
7821  -2.63653314e-01  -7.65817816e-01
7822  -2.34024957e-01  -7.73114990e-01
7823  -2.04258084e-01  -7.79740872e-01
7824  -1.74369646e-01  -7.85666657e-01
7825  -1.44353746e-01  -7.90851990e-01
7826  -1.14228702e-01  -7.95308857e-01
7827  -8.40546464e-02  -7.98993062e-01
7828  -5.37810802e-02  -8.01801929e-01
7829  -2.34171061e-02  -8.03858244e-01
7830  6.94240675e-03  -8.05113972e-01
7831  3.73121698e-02  -8.05488206e-01
7832  6.77066809e-02  -8.05031363e-01
7833  9.80722058e-02  -8.03761518e-01
7834  1.28381424e-01  -8.01646613e-01
7835  1.58642779e-01  -7.98696836e-01
7836  1.88835995e-01  -7.94956971e-01
7837  2.18919891e-01  -7.90437658e-01
7838  2.59189714e-01  -7.83150613e-01
7839  2.78620367e-01  -7.78988468e-01
7840  3.12938032e-01  -7.71445702e-01
7841  3.42525072e-01  -7.63655398e-01
7842  3.71901278e-01  -7.55009540e-01
7843  4.01093434e-01  -7.45600475e-01
7844  4.30013472e-01  -7.35492392e-01
7845  4.58588970e-01  -7.24575912e-01
7846  4.86868623e-01  -7.12836235e-01
7847  5.14860371e-01  -7.00352805e-01
7848  5.42500990e-01  -6.87156059e-01
7849  5.69712841e-01  -6.73225027e-01
7850  5.96456820e-01  -6.58465710e-01
7851  6.22754274e-01  -6.42910737e-01
7852  6.48563048e-01  -6.26564732e-01
7853  6.73866457e-01  -6.09448041e-01
7854  6.98590038e-01  -5.91601915e-01
7855  7.27069426e-01  -5.69478592e-01
7856  7.50222759e-01  -5.50099335e-01
7857  7.72767722e-01  -5.29980109e-01
7858  7.94574038e-01  -5.09131119e-01
7859  8.15606380e-01  -4.87520180e-01
7860  8.35826129e-01  -4.65210655e-01
7861  8.55122724e-01  -4.42124782e-01
7862  8.73580201e-01  -4.18288917e-01
7863  8.91172653e-01  -3.93856825e-01
7864  9.07743204e-01  -3.68743608e-01
7865  9.23386380e-01  -3.43044245e-01
7866  9.37934624e-01  -3.16767429e-01
7867  9.51376680e-01  -2.89956893e-01
7868  9.63588304e-01  -2.62590400e-01
7869  9.74613223e-01  -2.34721251e-01
7870  9.84389607e-01  -2.06382245e-01
7871  9.92963005e-01  -1.77618846e-01
7872  1.00031185e+00  -1.48653214e-01
7873  1.00606689e+00  -1.19380157e-01
7874  1.01050434e+00  -8.96812530e-02
7875  1.01383973e+00  -5.99573745e-02
7876  1.01550290e+00  -2.97479225e-02
7877  1.01696365e+00  3.48322025e-07
7878  1.01548217e+00  3.01901713e-02
7879  1.01376754e+00  6.09251082e-02
7880  1.01057604e+00  9.12590429e-02
7881  1.00642612e+00  1.21465497e-01
7882  1.00081459e+00  1.51237406e-01
7883  9.93728132e-01  1.80790070e-01
7884  9.85414991e-01  2.10072529e-01
7885  9.75805741e-01  2.38938761e-01
7886  9.64965647e-01  2.67385323e-01
7887  9.52905718e-01  2.95364823e-01
7888  9.39716428e-01  3.22839656e-01
7889  9.25397444e-01  3.49704629e-01
7890  9.09905263e-01  3.75934576e-01
7891  8.93346728e-01  4.01556661e-01
7892  8.75781685e-01  4.26499165e-01
7893  8.57225588e-01  4.50721656e-01
7894  8.37726258e-01  4.74203973e-01
7895  8.17315656e-01  4.96904735e-01
7896  7.96040061e-01  5.18790346e-01
7897  7.73903796e-01  5.39813983e-01
7898  7.50933988e-01  5.60008014e-01
7899  7.27273068e-01  5.79390676e-01
7900  6.98887858e-01  6.00882863e-01
7901  6.74249305e-01  6.18144629e-01
7902  6.49029838e-01  6.34615923e-01
7903  6.23298043e-01  6.50214196e-01
7904  5.97015363e-01  6.64902395e-01
7905  5.70227467e-01  6.78766082e-01
7906  5.43013022e-01  6.91810256e-01
7907  5.15413045e-01  7.04014376e-01
7908  4.87441164e-01  7.15368769e-01
7909  4.59102243e-01  7.25901850e-01
7910  4.30452490e-01  7.35685179e-01
7911  4.01570444e-01  7.44712165e-01
7912  3.72438552e-01  7.52927733e-01
7913  3.43108172e-01  7.60401383e-01
7914  3.13587614e-01  7.67045170e-01
7915  2.79494746e-01  7.73788767e-01
7916  2.57697532e-01  7.77144089e-01
7917  2.16612084e-01  7.83187945e-01
7918  1.85027344e-01  7.86913624e-01
7919  1.53326874e-01  7.89873877e-01
7920  1.21532634e-01  7.92115779e-01
7921  8.97033681e-02  7.93680273e-01
7922  5.78614562e-02  7.94506263e-01
7923  2.59958424e-02  7.94612936e-01
7924  -5.89235165e-03  7.94017529e-01
7925  -3.77618810e-02  7.92779334e-01
7926  -6.95772427e-02  7.90839999e-01
7927  -1.01372855e-01  7.88205821e-01
7928  -1.33150464e-01  7.84949223e-01
7929  -1.64870261e-01  7.81108135e-01
7930  -1.96508033e-01  7.76671144e-01
7931  -2.28079647e-01  7.71638303e-01
7932  -2.59575669e-01  7.66070864e-01
7933  -2.90946263e-01  7.59956302e-01
7934  -3.21285218e-01  7.53453200e-01
7935  -3.53439839e-01  7.46463355e-01
7936  -3.89870914e-01  7.37232788e-01
7937  -4.19605213e-01  7.29226432e-01
7938  -4.49222083e-01  7.20770839e-01
7939  -4.78731576e-01  7.11888070e-01
7940  -5.08094023e-01  7.02614414e-01
7941  -5.37289114e-01  6.92860361e-01
7942  -5.66365737e-01  6.82676836e-01
7943  -5.95297535e-01  6.72082102e-01
7944  -6.24064718e-01  6.61081193e-01
7945  -6.52642902e-01  6.49652104e-01
7946  -6.81039389e-01  6.37766173e-01
7947  -7.09260050e-01  6.25460093e-01
7948  -7.37284787e-01  6.12713785e-01
7949  -7.65129369e-01  5.99547950e-01
7950  -7.92769867e-01  5.85985267e-01
7951  -8.20161942e-01  5.72001162e-01
7952  -8.47288577e-01  5.57550296e-01
7953  -8.74160021e-01  5.42623228e-01
7954  -9.00771903e-01  5.27237690e-01
7955  -9.27073044e-01  5.11409950e-01
7956  -9.53025811e-01  4.95042566e-01
7957  -9.78670470e-01  4.78189556e-01
7958  -1.00392280e+00  4.60841166e-01
7959  -1.03540803e+00  4.38124215e-01
7960  -1.05969725e+00  4.19656767e-01
7961  -1.08350555e+00  4.00619910e-01
7962  -1.10674726e+00  3.80959076e-01
7963  -1.12941991e+00  3.60659805e-01
7964  -1.15146531e+00  3.39762307e-01
7965  -1.17275974e+00  3.18203827e-01
7966  -1.19321795e+00  2.95988543e-01
7967  -1.21269693e+00  2.72969952e-01
7968  -1.23124450e+00  2.49235010e-01
7969  -1.24863071e+00  2.24816222e-01
7970  -1.26468367e+00  1.99591240e-01
7971  -1.27933769e+00  1.73738323e-01
7972  -1.29214123e+00  1.47067851e-01
7973  -1.30320984e+00  1.19737575e-01
7974  -1.31210490e+00  9.18103680e-02
7975  -1.31873391e+00  6.35262081e-02
7976  -1.32251456e+00  3.47595725e-02
7977  -3.21297468e-01  7.43619826e-01
7978  -3.21337625e-01  7.11382975e-01
7979  -3.21377782e-01  6.79146125e-01
7980  -3.21417939e-01  6.46909274e-01
7981  -3.21458097e-01  6.14672424e-01
7982  -3.21498254e-01  5.82435574e-01
7983  -3.21538411e-01  5.50198723e-01
7984  -3.21578568e-01  5.17961873e-01
7985  -3.21618725e-01  4.85725022e-01
7986  -3.21658882e-01  4.53488172e-01
7987  -3.21699039e-01  4.21251322e-01
7988  -3.21739196e-01  3.89014471e-01
7989  -3.21779354e-01  3.56777621e-01
7990  -3.21819511e-01  3.24540770e-01
7991  -3.21859668e-01  2.92303920e-01
7992  -3.21899825e-01  2.60067070e-01
7993  -3.21939982e-01  2.27830219e-01
7994  -3.21980139e-01  1.95593369e-01
7995  -3.22020296e-01  1.63356518e-01
7996  -3.22060453e-01  1.31119668e-01
7997  -3.22100611e-01  9.88828174e-02
7998  -3.22140768e-01  6.66459671e-02
7999  -3.22180925e-01  3.44091167e-02
8000  -3.22221082e-01  2.17226629e-03
8001  -3.22261239e-01  -3.00645841e-02
8002  -3.22301396e-01  -6.23014345e-02
8003  -3.22341553e-01  -9.45382849e-02
8004  -3.22381710e-01  -1.26775135e-01
8005  -3.22421868e-01  -1.59011986e-01
8006  -3.22462025e-01  -1.91248836e-01
8007  -3.22502182e-01  -2.23485686e-01
8008  -3.22542339e-01  -2.55722537e-01
8009  -3.22582496e-01  -2.87959387e-01
8010  -3.22622653e-01  -3.20196238e-01
8011  -3.22662810e-01  -3.52433088e-01
8012  -3.22702967e-01  -3.84669938e-01
8013  -3.22743125e-01  -4.16906789e-01
8014  -3.22783282e-01  -4.49143639e-01
8015  -3.22823439e-01  -4.81380490e-01
8016  -3.22863596e-01  -5.13617340e-01
8017  -3.22903753e-01  -5.45854190e-01
8018  -3.22943910e-01  -5.78091041e-01
8019  -3.22984067e-01  -6.10327891e-01
8020  -3.23024224e-01  -6.42564742e-01
8021  -3.23064382e-01  -6.74801592e-01
8022  -3.23104539e-01  -7.07038442e-01
8023  -3.23144696e-01  -7.39275293e-01
8024  2.57704972e-01  7.69364177e-01
8025  2.57735756e-01  7.37175372e-01
8026  2.57766540e-01  7.04986566e-01
8027  2.57797323e-01  6.72797761e-01
8028  2.57828107e-01  6.40608955e-01
8029  2.57858891e-01  6.08420150e-01
8030  2.57889674e-01  5.76231345e-01
8031  2.57920458e-01  5.44042539e-01
8032  2.57951241e-01  5.11853734e-01
8033  2.57982025e-01  4.79664928e-01
8034  2.58012809e-01  4.47476123e-01
8035  2.58043592e-01  4.15287317e-01
8036  2.58074376e-01  3.83098512e-01
8037  2.58105160e-01  3.50909707e-01
8038  2.58135943e-01  3.18720901e-01
8039  2.58166727e-01  2.86532096e-01
8040  2.58197511e-01  2.54343290e-01
8041  2.58228294e-01  2.22154485e-01
8042  2.58259078e-01  1.89965679e-01
8043  2.58289861e-01  1.57776874e-01
8044  2.58320645e-01  1.25588069e-01
8045  2.58351429e-01  9.33992632e-02
8046  2.58382212e-01  6.12104577e-02
8047  2.58412996e-01  2.90216524e-02
8048  2.58443780e-01  -3.16715308e-03
8049  2.58474563e-01  -3.53559586e-02
8050  2.58505347e-01  -6.75447639e-02
8051  2.58536131e-01  -9.97335694e-02
8052  2.58566914e-01  -1.31922375e-01
8053  2.58597698e-01  -1.64111180e-01
8054  2.58628481e-01  -1.96299986e-01
8055  2.58659265e-01  -2.28488791e-01
8056  2.58690049e-01  -2.60677597e-01
8057  2.58720832e-01  -2.92866402e-01
8058  2.58751616e-01  -3.25055207e-01
8059  2.58782400e-01  -3.57244013e-01
8060  2.58813183e-01  -3.89432818e-01
8061  2.58843967e-01  -4.21621624e-01
8062  2.58874751e-01  -4.53810429e-01
8063  2.58905534e-01  -4.85999235e-01
8064  2.58936318e-01  -5.18188040e-01
8065  2.58967101e-01  -5.50376845e-01
8066  2.58997885e-01  -5.82565651e-01
8067  2.59028669e-01  -6.14754456e-01
8068  2.59059452e-01  -6.46943262e-01
8069  2.59090236e-01  -6.79132067e-01
8070  2.59121020e-01  -7.11320873e-01
8071  2.59151803e-01  -7.43509678e-01
8072  2.59182587e-01  -7.75698483e-01
