1  -1.65130000e+00  -7.94086800e-03
2  -1.62675457e+00  -3.32528277e-03
3  -1.60216514e+00  1.04988663e-03
4  -1.57752789e+00  5.14546842e-03
5  -1.55282681e+00  8.83838677e-03
6  -1.52810790e+00  1.24094286e-02
7  -1.50329829e+00  1.52776797e-02
8  -1.47843821e+00  1.76723152e-02
9  -1.45351944e+00  1.93417417e-02
10  -1.42856929e+00  2.04552742e-02
11  -1.40360000e+00  2.09201086e-02
12  -1.36750949e+00  2.04720334e-02
13  -1.34169490e+00  1.95571948e-02
14  -1.31591504e+00  1.78964638e-02
15  -1.29015726e+00  1.59142963e-02
16  -1.26448279e+00  1.30726822e-02
17  -1.23884197e+00  9.91871548e-03
18  -1.21330296e+00  6.03996940e-03
19  -1.18783715e+00  1.69448496e-03
20  -1.16245890e+00  -3.12873038e-03
21  -1.13718344e+00  -8.46783947e-03
22  -1.11199652e+00  -1.42122899e-02
23  -1.08689877e+00  -2.03326498e-02
24  -1.06190819e+00  -2.68796802e-02
25  -1.03698467e+00  -3.36781698e-02
26  -1.01220012e+00  -4.09649522e-02
27  -9.87469383e-01  -4.84338248e-02
28  -9.62802068e-01  -5.61080482e-02
29  -9.38206416e-01  -6.40107378e-02
30  -9.13652407e-01  -7.20420649e-02
31  -8.89155409e-01  -8.02454088e-02
32  -8.64693003e-01  -8.85513705e-02
33  -8.40261139e-01  -9.69468663e-02
34  -8.15863003e-01  -1.05439945e-01
35  -7.91481137e-01  -1.13979611e-01
36  -7.67107707e-01  -1.22543335e-01
37  -7.42731400e-01  -1.31098729e-01
38  -7.18315020e-01  -1.39539223e-01
39  -6.93887651e-01  -1.47947855e-01
40  -6.69436601e-01  -1.56287121e-01
41  -6.44949224e-01  -1.64519374e-01
42  -6.20423744e-01  -1.72637385e-01
43  -5.95838761e-01  -1.80572373e-01
44  -5.71200034e-01  -1.88339769e-01
45  -5.46512877e-01  -1.95951990e-01
46  -5.21783974e-01  -2.03427152e-01
47  -4.96998226e-01  -2.10710342e-01
48  -4.72137505e-01  -2.17735014e-01
49  -4.47242366e-01  -2.24636644e-01
50  -4.22244838e-01  -2.31152012e-01
51  -3.97170768e-01  -2.37372180e-01
52  -3.72061859e-01  -2.43450353e-01
53  -3.36600000e-01  -2.51398412e-01
54  -3.11643722e-01  -2.56671294e-01
55  -2.86630142e-01  -2.61659425e-01
56  -2.61552157e-01  -2.66318160e-01
57  -2.36383098e-01  -2.70458591e-01
58  -2.11176743e-01  -2.74363439e-01
59  -1.85927022e-01  -2.77970930e-01
60  -1.60626940e-01  -2.81215278e-01
61  -1.35283072e-01  -2.84098216e-01
62  -1.09907483e-01  -2.86682336e-01
63  -8.45010313e-02  -2.88933424e-01
64  -5.90629526e-02  -2.90807262e-01
65  -3.35978632e-02  -2.92274727e-01
66  -8.11364914e-03  -2.93350778e-01
67  1.73833674e-02  -2.94031072e-01
68  4.28884300e-02  -2.94319447e-01
69  6.83954870e-02  -2.94243134e-01
70  9.38983951e-02  -2.93769164e-01
71  1.19386725e-01  -2.92805811e-01
72  1.44858676e-01  -2.91477788e-01
73  1.70305376e-01  -2.89739130e-01
74  1.95718794e-01  -2.87557467e-01
75  2.21100000e-01  -2.85025181e-01
76  2.50684698e-01  -2.81350840e-01
77  2.76720720e-01  -2.77573494e-01
78  3.02686800e-01  -2.73342029e-01
79  3.28561362e-01  -2.68584881e-01
80  3.54347162e-01  -2.63367823e-01
81  3.80005176e-01  -2.57556506e-01
82  4.05568012e-01  -2.51338127e-01
83  4.30975582e-01  -2.44515372e-01
84  4.56232183e-01  -2.37151630e-01
85  4.81282698e-01  -2.29114929e-01
86  5.06149232e-01  -2.20527963e-01
87  5.30764609e-01  -2.11243793e-01
88  5.55163697e-01  -2.01408789e-01
89  5.82800000e-01  -1.89468574e-01
90  6.06056178e-01  -1.78262367e-01
91  6.28994037e-01  -1.66426032e-01
92  6.51405877e-01  -1.53616792e-01
93  6.73182488e-01  -1.39757930e-01
94  6.94152196e-01  -1.24709103e-01
95  7.14067207e-01  -1.08288176e-01
96  7.32605129e-01  -9.03374000e-02
97  7.49548415e-01  -7.08753029e-02
98  7.63800487e-01  -4.93943141e-02
99  7.73461182e-01  -2.55175126e-02
100  7.77100000e-01  0.00000000e+00
101  7.73428773e-01  2.44383665e-02
102  7.62105270e-01  4.63505594e-02
103  7.46577299e-01  6.56229614e-02
104  7.28956046e-01  8.30197017e-02
105  7.09936744e-01  9.88746663e-02
106  6.90064995e-01  1.13653936e-01
107  6.69582768e-01  1.27575900e-01
108  6.48465069e-01  1.40513687e-01
109  6.26898985e-01  1.52689816e-01
110  6.04991708e-01  1.64243414e-01
111  5.82800000e-01  1.75240969e-01
112  5.56744809e-01  1.87102498e-01
113  5.33940061e-01  1.96841276e-01
114  5.10912067e-01  2.06044514e-01
115  4.87735990e-01  2.14867894e-01
116  4.64405631e-01  2.23274815e-01
117  4.40896807e-01  2.31166859e-01
118  4.17275401e-01  2.38718820e-01
119  3.93540680e-01  2.45904534e-01
120  3.69680135e-01  2.52660254e-01
121  3.45701461e-01  2.58983929e-01
122  3.21620913e-01  2.64908961e-01
123  2.97464687e-01  2.70519768e-01
124  2.73254676e-01  2.75892964e-01
125  2.48965473e-01  2.80898151e-01
126  2.21100000e-01  2.86039024e-01
127  1.96000668e-01  2.90265682e-01
128  1.70836838e-01  2.94084956e-01
129  1.45630010e-01  2.97612298e-01
130  1.20383404e-01  3.00837712e-01
131  9.50918815e-02  3.03694900e-01
132  6.97577230e-02  3.06149144e-01
133  4.43838260e-02  3.08147126e-01
134  1.89839471e-02  3.09774971e-01
135  -6.43589720e-03  3.11053194e-01
136  -3.18714930e-02  3.11979916e-01
137  -5.73206874e-02  3.12407302e-01
138  -8.27729406e-02  3.12435105e-01
139  -1.08220865e-01  3.12046562e-01
140  -1.33662268e-01  3.11292959e-01
141  -1.59095971e-01  3.10307612e-01
142  -1.84510364e-01  3.08914147e-01
143  -2.09908265e-01  3.07253166e-01
144  -2.35289497e-01  3.05349925e-01
145  -2.60650347e-01  3.03188571e-01
146  -2.85985647e-01  3.00747436e-01
147  -3.11301999e-01  2.98119204e-01
148  -3.36600000e-01  2.95317199e-01
149  -3.72142161e-01  2.91010569e-01
150  -3.97385778e-01  2.87619983e-01
151  -4.22615032e-01  2.84124261e-01
152  -4.47822233e-01  2.80475037e-01
153  -4.73002614e-01  2.76643065e-01
154  -4.98169733e-01  2.72724859e-01
155  -5.23304711e-01  2.68606738e-01
156  -5.48416724e-01  2.64350084e-01
157  -5.73510245e-01  2.59985324e-01
158  -5.98580844e-01  2.55490780e-01
159  -6.23634971e-01  2.50905575e-01
160  -6.48675727e-01  2.46247647e-01
161  -6.73706988e-01  2.41538902e-01
162  -6.98694982e-01  2.36606185e-01
163  -7.23667923e-01  2.31597394e-01
164  -7.48629032e-01  2.26530255e-01
165  -7.73546477e-01  2.21252256e-01
166  -7.98458934e-01  2.15950780e-01
167  -8.23362955e-01  2.10609879e-01
168  -8.48255406e-01  2.05215262e-01
169  -8.73132340e-01  1.99749529e-01
170  -8.97991190e-01  1.94202218e-01
171  -9.22839195e-01  1.88606469e-01
172  -9.47679594e-01  1.82977028e-01
173  -9.72512983e-01  1.77316717e-01
174  -9.97331251e-01  1.71590477e-01
175  -1.02214543e+00  1.65846532e-01
176  -1.04694997e+00  1.60061207e-01
177  -1.07174451e+00  1.54233125e-01
178  -1.09653237e+00  1.48376630e-01
179  -1.12130697e+00  1.42464338e-01
180  -1.14607546e+00  1.36526455e-01
181  -1.17083474e+00  1.30550347e-01
182  -1.19558295e+00  1.24528540e-01
183  -1.22032393e+00  1.18477092e-01
184  -1.24505345e+00  1.12379027e-01
185  -1.26977527e+00  1.06249784e-01
186  -1.29449727e+00  1.00121253e-01
187  -1.31921830e+00  9.39887739e-02
188  -1.34393597e+00  8.78428145e-02
189  -1.36864160e+00  8.16486452e-02
190  -1.40360000e+00  7.28476893e-02
191  -1.42843908e+00  6.66214070e-02
192  -1.45327842e+00  6.03961490e-02
193  -1.47807699e+00  5.40109809e-02
194  -1.50290153e+00  4.77269552e-02
195  -1.52769709e+00  4.13299550e-02
196  -1.55247985e+00  3.48831473e-02
197  -1.57725830e+00  2.84197996e-02
198  -1.60198592e+00  2.17649554e-02
199  -1.62664753e+00  1.48692559e-02
200  -3.11318271e-01  2.71700609e-01
201  -3.11334544e-01  2.45282013e-01
202  -3.11350816e-01  2.18863418e-01
203  -3.11367089e-01  1.92444823e-01
204  -3.11383361e-01  1.66026228e-01
205  -3.11399634e-01  1.39607633e-01
206  -3.11415906e-01  1.13189038e-01
207  -3.11432179e-01  8.67704425e-02
208  -3.11448451e-01  6.03518474e-02
209  -3.11464724e-01  3.39332522e-02
210  -3.11480996e-01  7.51465706e-03
211  -3.11497269e-01  -1.89039381e-02
212  -3.11513542e-01  -4.53225332e-02
213  -3.11529814e-01  -7.17411284e-02
214  -3.11546087e-01  -9.81597235e-02
215  -3.11562359e-01  -1.24578319e-01
216  -3.11578632e-01  -1.50996914e-01
217  -3.11594904e-01  -1.77415509e-01
218  -3.11611177e-01  -2.03834104e-01
219  -3.11627449e-01  -2.30252699e-01
220  1.95987856e-01  2.64000993e-01
221  1.95975043e-01  2.37736305e-01
222  1.95962231e-01  2.11471616e-01
223  1.95949418e-01  1.85206928e-01
224  1.95936606e-01  1.58942239e-01
225  1.95923793e-01  1.32677551e-01
226  1.95910981e-01  1.06412862e-01
227  1.95898169e-01  8.01481734e-02
228  1.95885356e-01  5.38834848e-02
229  1.95872544e-01  2.76187962e-02
230  1.95859731e-01  1.35410760e-03
231  1.95846919e-01  -2.49105810e-02
232  1.95834106e-01  -5.11752696e-02
233  1.95821294e-01  -7.74399582e-02
234  1.95808481e-01  -1.03704647e-01
235  1.95795669e-01  -1.29969335e-01
236  1.95782856e-01  -1.56234024e-01
237  1.95770044e-01  -1.82498712e-01
238  1.95757231e-01  -2.08763401e-01
239  1.95744419e-01  -2.35028090e-01
240  1.95731606e-01  -2.61292778e-01
2481  -1.64968589e+00  -7.12858374e-03
2482  -1.62684457e+00  -2.83344880e-03
2483  -1.60224993e+00  1.54264450e-03
2484  -1.57760585e+00  5.63935262e-03
2485  -1.55289952e+00  9.33307165e-03
2486  -1.52817236e+00  1.29052557e-02
2487  -1.50335097e+00  1.57748964e-02
2488  -1.47847890e+00  1.81706571e-02
2489  -1.45354730e+00  1.98409649e-02
2490  -1.42858509e+00  2.09550245e-02
2491  -1.40360155e+00  2.14201062e-02
2492  -1.36749753e+00  2.09718904e-02
2493  -1.34166997e+00  2.00565730e-02
2494  -1.31587979e+00  1.83952194e-02
2495  -1.29011057e+00  1.64121116e-02
2496  -1.26442477e+00  1.35693040e-02
2497  -1.23877390e+00  1.04140608e-02
2498  -1.21322337e+00  6.53359357e-03
2499  -1.18774842e+00  2.18654828e-03
2500  -1.16236055e+00  -2.63849890e-03
2501  -1.13707618e+00  -7.97948037e-03
2502  -1.11188170e+00  -1.37256529e-02
2503  -1.08677618e+00  -1.98479112e-02
2504  -1.06177904e+00  -2.63966474e-02
2505  -1.03684836e+00  -3.31971098e-02
2506  -1.01205732e+00  -4.04857764e-02
2507  -9.87322838e-01  -4.79557824e-02
2508  -9.62651325e-01  -5.56313130e-02
2509  -9.38052220e-01  -6.35351082e-02
2510  -9.13495301e-01  -7.15673885e-02
2511  -8.88995646e-01  -7.97716202e-02
2512  -8.64531380e-01  -8.80782129e-02
2513  -8.40097706e-01  -9.64743310e-02
2514  -8.15698175e-01  -1.04967894e-01
2515  -7.91315625e-01  -1.13507800e-01
2516  -7.66942043e-01  -1.22071577e-01
2517  -7.42566928e-01  -1.30626554e-01
2518  -7.18151969e-01  -1.39066556e-01
2519  -6.93725579e-01  -1.47474851e-01
2520  -6.69276236e-01  -1.55813536e-01
2521  -6.44791000e-01  -1.64045069e-01
2522  -6.20268395e-01  -1.72162131e-01
2523  -5.95686805e-01  -1.80096023e-01
2524  -5.71051203e-01  -1.87862433e-01
2525  -5.46366874e-01  -1.95473782e-01
2526  -5.21641153e-01  -2.02947984e-01
2527  -4.96859764e-01  -2.10229896e-01
2528  -4.72002738e-01  -2.17253519e-01
2529  -4.47112521e-01  -2.24153798e-01
2530  -4.22121589e-01  -2.30667440e-01
2531  -3.97051755e-01  -2.36886551e-01
2532  -3.71948360e-01  -2.42963405e-01
2533  -3.36493642e-01  -2.50909855e-01
2534  -3.10143597e-01  -2.56468903e-01
2535  -2.86535587e-01  -2.61168447e-01
2536  -2.61465910e-01  -2.65825655e-01
2537  -2.36304244e-01  -2.69964848e-01
2538  -2.11103110e-01  -2.73868890e-01
2539  -1.85859863e-01  -2.77475461e-01
2540  -1.60566884e-01  -2.80718898e-01
2541  -1.35229487e-01  -2.83601096e-01
2542  -1.09860090e-01  -2.86184587e-01
2543  -8.44606000e-02  -2.88435061e-01
2544  -5.90302029e-02  -2.90308336e-01
2545  -3.35729330e-02  -2.91775349e-01
2546  -8.09643401e-03  -2.92851074e-01
2547  1.73928621e-02  -2.93531162e-01
2548  4.28905086e-02  -2.93819451e-01
2549  6.83900934e-02  -2.93743163e-01
2550  9.38843068e-02  -2.93269363e-01
2551  1.19364266e-01  -2.92306316e-01
2552  1.44828617e-01  -2.90978692e-01
2553  1.70266950e-01  -2.89240609e-01
2554  1.97219107e-01  -2.86916083e-01
2555  2.21044364e-01  -2.84528286e-01
2556  2.50617987e-01  -2.80855310e-01
2557  2.76644613e-01  -2.77079320e-01
2558  3.02601380e-01  -2.72849380e-01
2559  3.28466576e-01  -2.68093948e-01
2560  3.54242355e-01  -2.62878931e-01
2561  3.79890857e-01  -2.57069750e-01
2562  4.05444076e-01  -2.50853731e-01
2563  4.30840762e-01  -2.44033891e-01
2564  4.56085823e-01  -2.36673531e-01
2565  4.81124715e-01  -2.28640544e-01
2566  5.05979387e-01  -2.20057694e-01
2567  5.30582907e-01  -2.10777977e-01
2568  5.54971064e-01  -2.00947386e-01
2569  5.82592279e-01  -1.89013764e-01
2570  6.05832993e-01  -1.77814943e-01
2571  6.28755288e-01  -1.65986715e-01
2572  6.51147525e-01  -1.53188710e-01
2573  6.72902392e-01  -1.39343748e-01
2574  6.93847219e-01  -1.24312884e-01
2575  7.13733988e-01  -1.07915396e-01
2576  7.32242334e-01  -8.99933366e-02
2577  7.49150692e-01  -7.05722901e-02
2578  7.63358180e-01  -4.91611525e-02
2579  7.72978382e-01  -2.53874952e-02
2580  7.76600003e-01  -1.86576662e-06
2581  7.72946608e-01  2.42822979e-02
2582  7.61686380e-01  4.60775553e-02
2583  7.46206387e-01  6.52876636e-02
2584  7.28620030e-01  8.26494404e-02
2585  7.09627352e-01  9.84818858e-02
2586  6.89775199e-01  1.13246483e-01
2587  6.69311554e-01  1.27155849e-01
2588  6.48211515e-01  1.40082746e-01
2589  6.26659427e-01  1.52250940e-01
2590  6.04764059e-01  1.63798244e-01
2591  5.82585379e-01  1.74789374e-01
2592  5.56543028e-01  1.86645022e-01
2593  5.33749085e-01  1.96379185e-01
2594  5.10730333e-01  2.05578711e-01
2595  4.87562282e-01  2.14399038e-01
2596  4.64241307e-01  2.22802589e-01
2597  4.40741109e-01  2.30691719e-01
2598  4.17126825e-01  2.38241405e-01
2599  3.93400127e-01  2.45424696e-01
2600  3.69548273e-01  2.52177955e-01
2601  3.45577975e-01  2.58499418e-01
2602  3.21504617e-01  2.64422674e-01
2603  2.97353956e-01  2.70032183e-01
2604  2.73150049e-01  2.75404033e-01
2605  2.48869655e-01  2.80407418e-01
2606  2.21013126e-01  2.85546629e-01
2607  1.97500304e-01  2.89519261e-01
2608  1.70764676e-01  2.93590191e-01
2609  1.45563681e-01  2.97116717e-01
2610  1.20323657e-01  3.00341295e-01
2611  9.50397099e-02  3.03197629e-01
2612  6.97139907e-02  3.05651060e-01
2613  4.43482110e-02  3.07648396e-01
2614  1.89554018e-02  3.09275786e-01
2615  -6.45755544e-03  3.10553663e-01
2616  -3.18847939e-02  3.11480093e-01
2617  -5.73251585e-02  3.11907322e-01
2618  -8.27693970e-02  3.11935118e-01
2619  -1.08209646e-01  3.11546688e-01
2620  -1.33645188e-01  3.10793251e-01
2621  -1.59072605e-01  3.09808158e-01
2622  -1.84480362e-01  3.08415048e-01
2623  -2.09873256e-01  3.06754393e-01
2624  -2.35249573e-01  3.04851521e-01
2625  -2.60605140e-01  3.02690619e-01
2626  -2.85935854e-01  3.00249921e-01
2627  -3.09802209e-01  2.97777242e-01
2628  -3.36542405e-01  2.94820527e-01
2629  -3.72078807e-01  2.90514599e-01
2630  -3.97318186e-01  2.87124573e-01
2631  -4.22544901e-01  2.83629204e-01
2632  -4.47748801e-01  2.79980459e-01
2633  -4.72926543e-01  2.76148886e-01
2634  -4.98090853e-01  2.72231120e-01
2635  -5.23222509e-01  2.68113541e-01
2636  -5.48332101e-01  2.63857297e-01
2637  -5.73423287e-01  2.59492944e-01
2638  -5.98491723e-01  2.54998787e-01
2639  -6.23544246e-01  2.50413875e-01
2640  -6.48583790e-01  2.45756172e-01
2641  -6.73612353e-01  2.41047940e-01
2642  -6.98597402e-01  2.36115799e-01
2643  -7.23569024e-01  2.31107273e-01
2644  -7.48527490e-01  2.26040674e-01
2645  -7.73442636e-01  2.20763158e-01
2646  -7.98354475e-01  2.15461813e-01
2647  -8.23257582e-01  2.10121109e-01
2648  -8.48148808e-01  2.04726757e-01
2649  -8.73024243e-01  1.99261354e-01
2650  -8.97881817e-01  1.93714327e-01
2651  -9.22729016e-01  1.88118760e-01
2652  -9.47568781e-01  1.82489462e-01
2653  -9.72401220e-01  1.76829368e-01
2654  -9.97218667e-01  1.71103317e-01
2655  -1.02203227e+00  1.65359506e-01
2656  -1.04683598e+00  1.59574374e-01
2657  -1.07162982e+00  1.53746456e-01
2658  -1.09641686e+00  1.47890157e-01
2659  -1.12119066e+00  1.41978055e-01
2660  -1.14595852e+00  1.36040322e-01
2661  -1.17071698e+00  1.30064413e-01
2662  -1.19546445e+00  1.24042786e-01
2663  -1.22020468e+00  1.17991521e-01
2664  -1.24493343e+00  1.11893644e-01
2665  -1.26965496e+00  1.05764475e-01
2666  -1.29437692e+00  9.96359523e-02
2667  -1.31909778e+00  9.35035156e-02
2668  -1.34381485e+00  8.73577070e-02
2669  -1.36851977e+00  8.11637154e-02
2670  -1.40347818e+00  7.23627564e-02
2671  -1.42831752e+00  6.61364092e-02
2672  -1.45315531e+00  5.99115429e-02
2673  -1.47795330e+00  5.35265208e-02
2674  -1.50277773e+00  4.72425246e-02
2675  -1.52757170e+00  4.08459332e-02
2676  -1.55235381e+00  3.43992937e-02
2677  -1.57713023e+00  2.79364800e-02
2678  -1.60185363e+00  2.12827742e-02
2679  -1.62640360e+00  1.44327922e-02
2680  -3.09818271e-01  2.71699685e-01
2681  -3.09834544e-01  2.45281089e-01
2682  -3.09850816e-01  2.18862494e-01
2683  -3.09867089e-01  1.92443899e-01
2684  -3.09883361e-01  1.66025304e-01
2685  -3.09899634e-01  1.39606709e-01
2686  -3.09915906e-01  1.13188114e-01
2687  -3.09932179e-01  8.67695186e-02
2688  -3.09948451e-01  6.03509235e-02
2689  -3.09964724e-01  3.39323283e-02
2690  -3.09980996e-01  7.51373314e-03
2691  -3.09997269e-01  -1.89048621e-02
2692  -3.10013542e-01  -4.53234571e-02
2693  -3.10029814e-01  -7.17420523e-02
2694  -3.10046087e-01  -9.81606474e-02
2695  -3.10062359e-01  -1.24579243e-01
2696  -3.10078632e-01  -1.50997838e-01
2697  -3.10094904e-01  -1.77416433e-01
2698  -3.10111177e-01  -2.03835028e-01
2699  -3.10127449e-01  -2.30253623e-01
2700  1.97487856e-01  2.64000261e-01
2701  1.97475043e-01  2.37735573e-01
2702  1.97462231e-01  2.11470884e-01
2703  1.97449418e-01  1.85206196e-01
2704  1.97436606e-01  1.58941507e-01
2705  1.97423793e-01  1.32676819e-01
2706  1.97410981e-01  1.06412130e-01
2707  1.97398169e-01  8.01474417e-02
2708  1.97385356e-01  5.38827531e-02
2709  1.97372544e-01  2.76180645e-02
2710  1.97359731e-01  1.35337587e-03
2711  1.97346919e-01  -2.49113127e-02
2712  1.97334106e-01  -5.11760013e-02
2713  1.97321294e-01  -7.74406899e-02
2714  1.97308481e-01  -1.03705379e-01
2715  1.97295669e-01  -1.29970067e-01
2716  1.97282856e-01  -1.56234756e-01
2717  1.97270044e-01  -1.82499444e-01
2718  1.97257231e-01  -2.08764133e-01
2719  1.97244419e-01  -2.35028822e-01
2720  1.97231606e-01  -2.61293510e-01
4961  -1.64161535e+00  -3.06716247e-03
4962  -1.62729455e+00  -3.74278944e-04
4963  -1.60267389e+00  4.00643384e-03
4964  -1.57799567e+00  8.10877360e-03
4965  -1.55326308e+00  1.18064960e-02
4966  -1.52849468e+00  1.53843910e-02
4967  -1.50361439e+00  1.82609796e-02
4968  -1.47868232e+00  2.06623667e-02
4969  -1.45368660e+00  2.23370812e-02
4970  -1.42866410e+00  2.34537758e-02
4971  -1.40360930e+00  2.39200942e-02
4972  -1.36743774e+00  2.34711752e-02
4973  -1.34154533e+00  2.25534639e-02
4974  -1.31570352e+00  2.08889974e-02
4975  -1.28987712e+00  1.89011879e-02
4976  -1.26413464e+00  1.60524129e-02
4977  -1.23843357e+00  1.28907871e-02
4978  -1.21282540e+00  9.00171441e-03
4979  -1.18730475e+00  4.64686488e-03
4980  -1.16186879e+00  -1.87341483e-04
4981  -1.13653986e+00  -5.53768487e-03
4982  -1.11130758e+00  -1.12924678e-02
4983  -1.08616323e+00  -1.74242183e-02
4984  -1.06113330e+00  -2.39814833e-02
4985  -1.03616679e+00  -3.07918098e-02
4986  -1.01134335e+00  -3.80898971e-02
4987  -9.86590112e-01  -4.55655704e-02
4988  -9.61897608e-01  -5.32476369e-02
4989  -9.37281239e-01  -6.11569601e-02
4990  -9.12709770e-01  -6.91940067e-02
4991  -8.88196829e-01  -7.74026771e-02
4992  -8.63723267e-01  -8.57124249e-02
4993  -8.39280539e-01  -9.41116548e-02
4994  -8.14874034e-01  -1.02607642e-01
4995  -7.90488067e-01  -1.11148743e-01
4996  -7.66113723e-01  -1.19712788e-01
4997  -7.41744568e-01  -1.28265681e-01
4998  -7.17336713e-01  -1.36703220e-01
4999  -6.92915219e-01  -1.45109832e-01
5000  -6.68474409e-01  -1.53445610e-01
5001  -6.43999880e-01  -1.61673544e-01
5002  -6.19491650e-01  -1.69785859e-01
5003  -5.94927026e-01  -1.77714272e-01
5004  -5.70307046e-01  -1.85475756e-01
5005  -5.45636857e-01  -1.93082741e-01
5006  -5.20927048e-01  -2.00552143e-01
5007  -4.96167453e-01  -2.07827667e-01
5008  -4.71328903e-01  -2.14846041e-01
5009  -4.46463293e-01  -2.21739569e-01
5010  -4.21505343e-01  -2.28244582e-01
5011  -3.96456689e-01  -2.34458404e-01
5012  -3.71380863e-01  -2.40528668e-01
5013  -3.35961851e-01  -2.48467070e-01
5014  -2.99712342e-01  -2.56058734e-01
5015  -2.86062813e-01  -2.58713557e-01
5016  -2.61034677e-01  -2.63363128e-01
5017  -2.35909975e-01  -2.67496134e-01
5018  -2.10734947e-01  -2.71396148e-01
5019  -1.85524067e-01  -2.74998115e-01
5020  -1.60266605e-01  -2.78236997e-01
5021  -1.34961564e-01  -2.81115494e-01
5022  -1.09623125e-01  -2.83695843e-01
5023  -8.42584432e-02  -2.85943248e-01
5024  -5.88664542e-02  -2.87813704e-01
5025  -3.34482822e-02  -2.89278458e-01
5026  -8.01035835e-03  -2.90352557e-01
5027  1.74403356e-02  -2.91031613e-01
5028  4.29009014e-02  -2.91319473e-01
5029  6.83631257e-02  -2.91243309e-01
5030  9.38138653e-02  -2.90770355e-01
5031  1.19251969e-01  -2.89808839e-01
5032  1.44678321e-01  -2.88483214e-01
5033  1.70074819e-01  -2.86748003e-01
5034  2.07651805e-01  -2.83437144e-01
5035  2.20766184e-01  -2.82043811e-01
5036  2.50284434e-01  -2.78377662e-01
5037  2.76264076e-01  -2.74608452e-01
5038  3.02174279e-01  -2.70386133e-01
5039  3.27992647e-01  -2.65639280e-01
5040  3.53718318e-01  -2.60434471e-01
5041  3.79319261e-01  -2.54635972e-01
5042  4.04824394e-01  -2.48431749e-01
5043  4.30166665e-01  -2.41626488e-01
5044  4.55354024e-01  -2.34283035e-01
5045  4.80334802e-01  -2.26268617e-01
5046  5.05130164e-01  -2.17706350e-01
5047  5.29674398e-01  -2.08448898e-01
5048  5.54007899e-01  -1.98640372e-01
5049  5.81553677e-01  -1.86739714e-01
5050  6.04717068e-01  -1.75577822e-01
5051  6.27561545e-01  -1.63790133e-01
5052  6.49855767e-01  -1.51048298e-01
5053  6.71501914e-01  -1.37272840e-01
5054  6.92322336e-01  -1.22331791e-01
5055  7.12067894e-01  -1.06051494e-01
5056  7.30428357e-01  -8.82730198e-02
5057  7.47162080e-01  -6.90572260e-02
5058  7.61146644e-01  -4.79953446e-02
5059  7.70564384e-01  -2.47374082e-02
5060  7.74100021e-01  -1.11945997e-05
5061  7.70535782e-01  2.35019552e-02
5062  7.59591931e-01  4.47125346e-02
5063  7.44351829e-01  6.36111749e-02
5064  7.26939952e-01  8.07981338e-02
5065  7.08080391e-01  9.65179834e-02
5066  6.88326219e-01  1.11209216e-01
5067  6.67955485e-01  1.25055592e-01
5068  6.46943747e-01  1.37928038e-01
5069  6.25461635e-01  1.50056562e-01
5070  6.03625814e-01  1.61572397e-01
5071  5.81512275e-01  1.72531400e-01
5072  5.55534122e-01  1.84357642e-01
5073  5.32794206e-01  1.94068729e-01
5074  5.09821662e-01  2.03249694e-01
5075  4.86693744e-01  2.12054760e-01
5076  4.63419688e-01  2.20441457e-01
5077  4.39962620e-01  2.28316018e-01
5078  4.16383945e-01  2.35854330e-01
5079  3.92697365e-01  2.43025503e-01
5080  3.68888962e-01  2.49766460e-01
5081  3.44960545e-01  2.56076861e-01
5082  3.20923138e-01  2.61991237e-01
5083  2.96800302e-01  2.67594261e-01
5084  2.72626916e-01  2.72959380e-01
5085  2.48390562e-01  2.77953753e-01
5086  2.20578754e-01  2.83084654e-01
5087  2.07929256e-01  2.85318008e-01
5088  1.70403866e-01  2.91116365e-01
5089  1.45232035e-01  2.94638813e-01
5090  1.20024921e-01  2.97859207e-01
5091  9.47788521e-02  3.00711276e-01
5092  6.94953292e-02  3.03160641e-01
5093  4.41701361e-02  3.05154746e-01
5094  1.88126753e-02  3.06779864e-01
5095  -6.56584666e-03  3.08056010e-01
5096  -3.19512987e-02  3.08980978e-01
5097  -5.73475138e-02  3.09407422e-01
5098  -8.27516789e-02  3.09435180e-01
5099  -1.08153551e-01  3.09047317e-01
5100  -1.33559786e-01  3.08294710e-01
5101  -1.58955776e-01  3.07310890e-01
5102  -1.84330352e-01  3.05919553e-01
5103  -2.09698210e-01  3.04260529e-01
5104  -2.35049955e-01  3.02359504e-01
5105  -2.60379105e-01  3.00200858e-01
5106  -2.85686891e-01  2.97762349e-01
5107  -2.99372067e-01  2.96381908e-01
5108  -3.36254431e-01  2.92337168e-01
5109  -3.71762040e-01  2.88034748e-01
5110  -3.96980228e-01  2.84647521e-01
5111  -4.22194246e-01  2.81153918e-01
5112  -4.47381644e-01  2.77507567e-01
5113  -4.72546189e-01  2.73677989e-01
5114  -4.97696451e-01  2.69762427e-01
5115  -5.22811498e-01  2.65647559e-01
5116  -5.47908989e-01  2.61393362e-01
5117  -5.72988500e-01  2.57031042e-01
5118  -5.98046117e-01  2.52538820e-01
5119  -6.23090622e-01  2.47955374e-01
5120  -6.48124103e-01  2.43298798e-01
5121  -6.73139175e-01  2.38593127e-01
5122  -6.98109504e-01  2.33663870e-01
5123  -7.23074529e-01  2.28656666e-01
5124  -7.48019779e-01  2.23592771e-01
5125  -7.72923429e-01  2.18317667e-01
5126  -7.97832181e-01  2.13016980e-01
5127  -8.22730717e-01  2.07677256e-01
5128  -8.47615816e-01  2.02284234e-01
5129  -8.72483757e-01  1.96820478e-01
5130  -8.97334951e-01  1.91274873e-01
5131  -9.22178119e-01  1.85680212e-01
5132  -9.47014716e-01  1.80051633e-01
5133  -9.71842404e-01  1.74392623e-01
5134  -9.96655747e-01  1.68667517e-01
5135  -1.02146645e+00  1.62924378e-01
5136  -1.04626603e+00  1.57140209e-01
5137  -1.07105638e+00  1.51313112e-01
5138  -1.09583928e+00  1.45457790e-01
5139  -1.12060909e+00  1.39546640e-01
5140  -1.14537382e+00  1.33609659e-01
5141  -1.17012816e+00  1.27634744e-01
5142  -1.19487193e+00  1.21614016e-01
5143  -1.21960842e+00  1.15563667e-01
5144  -1.24433336e+00  1.09466731e-01
5145  -1.26905338e+00  1.03337932e-01
5146  -1.29377519e+00  9.72094486e-02
5147  -1.31849520e+00  9.10772242e-02
5148  -1.34320923e+00  8.49321696e-02
5149  -1.36791061e+00  7.87390665e-02
5150  -1.40286908e+00  6.99380920e-02
5151  -1.42770971e+00  6.37114202e-02
5152  -1.45253974e+00  5.74885122e-02
5153  -1.47733487e+00  5.11042202e-02
5154  -1.50215872e+00  4.48203715e-02
5155  -1.52694474e+00  3.84258245e-02
5156  -1.55172362e+00  3.19800259e-02
5157  -1.57648988e+00  2.55198817e-02
5158  -1.60119217e+00  1.88718681e-02
5159  -1.62518398e+00  1.22504736e-02
5160  -2.99387273e-01  2.71693260e-01
5161  -2.99403546e-01  2.45274664e-01
5162  -2.99419818e-01  2.18856069e-01
5163  -2.99436091e-01  1.92437474e-01
5164  -2.99452363e-01  1.66018879e-01
5165  -2.99468636e-01  1.39600284e-01
5166  -2.99484908e-01  1.13181689e-01
5167  -2.99501181e-01  8.67630936e-02
5168  -2.99517453e-01  6.03444985e-02
5169  -2.99533726e-01  3.39259033e-02
5170  -2.99549998e-01  7.50730818e-03
5171  -2.99566271e-01  -1.89112872e-02
5172  -2.99582544e-01  -4.53298821e-02
5173  -2.99598816e-01  -7.17484773e-02
5174  -2.99615089e-01  -9.81670724e-02
5175  -2.99631361e-01  -1.24585668e-01
5176  -2.99647634e-01  -1.51004263e-01
5177  -2.99663906e-01  -1.77422858e-01
5178  -2.99680179e-01  -2.03841453e-01
5179  -2.99696451e-01  -2.30260048e-01
5180  2.07918855e-01  2.63995173e-01
5181  2.07906042e-01  2.37730485e-01
5182  2.07893230e-01  2.11465796e-01
5183  2.07880417e-01  1.85201108e-01
5184  2.07867605e-01  1.58936419e-01
5185  2.07854792e-01  1.32671731e-01
5186  2.07841980e-01  1.06407042e-01
5187  2.07829168e-01  8.01423532e-02
5188  2.07816355e-01  5.38776646e-02
5189  2.07803543e-01  2.76129760e-02
5190  2.07790730e-01  1.34828739e-03
5191  2.07777918e-01  -2.49164012e-02
5192  2.07765105e-01  -5.11810898e-02
5193  2.07752293e-01  -7.74457784e-02
5194  2.07739480e-01  -1.03710467e-01
5195  2.07726668e-01  -1.29975155e-01
5196  2.07713855e-01  -1.56239844e-01
5197  2.07701043e-01  -1.82504532e-01
5198  2.07688230e-01  -2.08769221e-01
5199  2.07675418e-01  -2.35033910e-01
5200  2.07662605e-01  -2.61298598e-01
7441  -1.63515892e+00  1.81974555e-04
7442  -1.62765453e+00  1.59305694e-03
7443  -1.60301306e+00  5.97746532e-03
7444  -1.57830753e+00  1.00843104e-02
7445  -1.55355392e+00  1.37852355e-02
7446  -1.52875253e+00  1.73676993e-02
7447  -1.50382513e+00  2.02498462e-02
7448  -1.47884507e+00  2.26557344e-02
7449  -1.45379803e+00  2.43339742e-02
7450  -1.42872730e+00  2.54527768e-02
7451  -1.40361550e+00  2.59200846e-02
7452  -1.36686868e+00  4.72573692e-02
7453  -1.34035909e+00  4.63168745e-02
7454  -1.31402591e+00  4.46227813e-02
7455  -1.28765533e+00  4.25902251e-02
7456  -1.26137351e+00  3.96846570e-02
7457  -1.23519455e+00  3.64622873e-02
7458  -1.20903784e+00  3.24913141e-02
7459  -1.18308226e+00  2.80621900e-02
7460  -1.15718862e+00  2.31408139e-02
7461  -1.13143564e+00  1.77013713e-02
7462  -1.10584359e+00  1.18646411e-02
7463  -1.08032962e+00  5.64255167e-03
7464  -1.05498765e+00  -9.95883608e-04
7465  -1.02968019e+00  -7.90008862e-03
7466  -1.00454829e+00  -1.52878355e-02
7467  -9.79616617e-01  -2.28174450e-02
7468  -9.54724338e-01  -3.05617152e-02
7469  -9.29943659e-01  -3.85236489e-02
7470  -9.05233717e-01  -4.66060569e-02
7471  -8.80594327e-01  -5.48569719e-02
7472  -8.56032292e-01  -6.31967471e-02
7473  -8.31503404e-01  -7.16255923e-02
7474  -8.07030523e-01  -8.01446460e-02
7475  -7.82612027e-01  -8.86971322e-02
7476  -7.58230435e-01  -9.72637210e-02
7477  -7.33918006e-01  -1.05796774e-01
7478  -7.09577761e-01  -1.14210876e-01
7479  -6.85202863e-01  -1.22601468e-01
7480  -6.60843265e-01  -1.30909583e-01
7481  -6.36470632e-01  -1.39103270e-01
7482  -6.12099217e-01  -1.47170404e-01
7483  -5.87696053e-01  -1.55046677e-01
7484  -5.63224757e-01  -1.62761266e-01
7485  -5.38689143e-01  -1.70326728e-01
7486  -5.14130768e-01  -1.77750445e-01
7487  -4.89578596e-01  -1.84965169e-01
7488  -4.64915878e-01  -1.91933600e-01
7489  -4.40284467e-01  -1.98762864e-01
7490  -4.15640408e-01  -2.05185758e-01
7491  -3.90793328e-01  -2.11349246e-01
7492  -3.65979884e-01  -2.17356782e-01
7493  -3.27878625e-01  -2.11336739e-01
7494  -2.89258768e-01  -2.19412428e-01
7495  -2.78876642e-01  -2.21399231e-01
7496  -2.54479934e-01  -2.25932721e-01
7497  -2.29917077e-01  -2.29971672e-01
7498  -2.05138868e-01  -2.33810461e-01
7499  -1.80419977e-01  -2.37342462e-01
7500  -1.55702363e-01  -2.40512102e-01
7501  -1.30889130e-01  -2.43334344e-01
7502  -1.06021252e-01  -2.45866932e-01
7503  -8.11856610e-02  -2.48067689e-01
7504  -5.63774743e-02  -2.49895305e-01
7505  -3.15535896e-02  -2.51325723e-01
7506  -6.70200833e-03  -2.52375087e-01
7507  1.81619329e-02  -2.53038465e-01
7508  4.30588720e-02  -2.53319801e-01
7509  6.79532157e-02  -2.53245519e-01
7510  9.27431544e-02  -2.52785443e-01
7511  1.17545064e-01  -2.51847194e-01
7512  1.42393829e-01  -2.50551946e-01
7513  1.67154430e-01  -2.48860388e-01
7514  2.18101896e-01  -2.44304045e-01
7515  2.16537851e-01  -2.44279791e-01
7516  2.47109939e-01  -2.54797386e-01
7517  2.72642430e-01  -2.51092701e-01
7518  2.98109475e-01  -2.46942920e-01
7519  3.23482168e-01  -2.42277722e-01
7520  3.48730958e-01  -2.37170054e-01
7521  3.73879272e-01  -2.31473213e-01
7522  3.98926764e-01  -2.25381265e-01
7523  4.23751140e-01  -2.18714746e-01
7524  4.48389347e-01  -2.11532208e-01
7525  4.72817039e-01  -2.03694515e-01
7526  4.97047940e-01  -1.95328135e-01
7527  5.21027930e-01  -1.86282584e-01
7528  5.44841269e-01  -1.76684058e-01
7529  5.80722794e-01  -1.84920474e-01
7530  6.03824328e-01  -1.73788125e-01
7531  6.26606550e-01  -1.62032866e-01
7532  6.48822360e-01  -1.49335969e-01
7533  6.70381531e-01  -1.35616114e-01
7534  6.91102429e-01  -1.20746916e-01
7535  7.10735019e-01  -1.04560372e-01
7536  7.28977176e-01  -8.68967664e-02
7537  7.45571189e-01  -6.78451747e-02
7538  7.59377415e-01  -4.70626983e-02
7539  7.68633186e-01  -2.42173385e-02
7540  7.72100035e-01  -1.86576662e-05
7541  7.68607122e-01  2.28776810e-02
7542  7.57916371e-01  4.36205180e-02
7543  7.42868183e-01  6.22699839e-02
7544  7.25595889e-01  7.93170886e-02
7545  7.06842823e-01  9.49468615e-02
7546  6.87167035e-01  1.09579402e-01
7547  6.66870630e-01  1.23375387e-01
7548  6.45929532e-01  1.36204272e-01
7549  6.24503401e-01  1.48301060e-01
7550  6.02715218e-01  1.59791718e-01
7551  5.80653792e-01  1.70725020e-01
7552  5.45932159e-01  1.62588187e-01
7553  5.23706428e-01  1.72079661e-01
7554  5.01173661e-01  1.81083979e-01
7555  4.78427691e-01  1.89743794e-01
7556  4.55600172e-01  1.97970097e-01
7557  4.32553587e-01  2.05705996e-01
7558  4.09313805e-01  2.13136055e-01
7559  3.86009031e-01  2.20191908e-01
7560  3.62614172e-01  2.26815776e-01
7561  3.39084343e-01  2.33020905e-01
7562  3.15389087e-01  2.38850772e-01
7563  2.91531069e-01  2.44392062e-01
7564  2.67648150e-01  2.49693122e-01
7565  2.43830946e-01  2.54601735e-01
7566  2.16444756e-01  2.59653544e-01
7567  2.18340672e-01  2.45167607e-01
7568  1.64919548e-01  2.53514207e-01
7569  1.40191017e-01  2.56974663e-01
7570  1.15484133e-01  2.60131482e-01
7571  9.08138135e-02  2.62918704e-01
7572  6.61716738e-02  2.65306271e-01
7573  4.14633978e-02  2.67251269e-01
7574  1.66432329e-02  2.68841842e-01
7575  -8.21187314e-03  2.70091677e-01
7576  -3.29621707e-02  2.70994426e-01
7577  -5.76873142e-02  2.71408941e-01
7578  -8.24823634e-02  2.71436135e-01
7579  -1.07300914e-01  2.71056884e-01
7580  -1.32261675e-01  2.70316889e-01
7581  -1.57179974e-01  2.69352405e-01
7582  -1.82050197e-01  2.67988024e-01
7583  -2.07037511e-01  2.66353792e-01
7584  -2.32015760e-01  2.64480833e-01
7585  -2.56943375e-01  2.62356496e-01
7586  -2.81902643e-01  2.59951246e-01
7587  -2.88963917e-01  2.59280490e-01
7588  -3.33513720e-01  2.68702547e-01
7589  -3.68747297e-01  2.64433516e-01
7590  -3.93763808e-01  2.61072927e-01
7591  -4.18856994e-01  2.57596125e-01
7592  -4.43887331e-01  2.53972558e-01
7593  -4.68926281e-01  2.50161971e-01
7594  -4.93942852e-01  2.46267378e-01
7595  -5.18899828e-01  2.42178309e-01
7596  -5.43882140e-01  2.37943600e-01
7597  -5.68850540e-01  2.33600632e-01
7598  -5.93805195e-01  2.29126827e-01
7599  -6.18773390e-01  2.24557332e-01
7600  -6.43749177e-01  2.19911475e-01
7601  -6.68635851e-01  2.15230188e-01
7602  -6.93466075e-01  2.10328373e-01
7603  -7.18368320e-01  2.05333749e-01
7604  -7.43187791e-01  2.00295588e-01
7605  -7.67982037e-01  1.95043443e-01
7606  -7.92861407e-01  1.89749014e-01
7607  -8.17716437e-01  1.84418627e-01
7608  -8.42543230e-01  1.79038251e-01
7609  -8.67339848e-01  1.73590173e-01
7610  -8.92130318e-01  1.68058098e-01
7611  -9.16935129e-01  1.62472069e-01
7612  -9.41741572e-01  1.56850322e-01
7613  -9.66524045e-01  1.51201636e-01
7614  -9.91298329e-01  1.45485521e-01
7615  -1.01608143e+00  1.39748779e-01
7616  -1.04084171e+00  1.33973776e-01
7617  -1.06559882e+00  1.28154486e-01
7618  -1.09034239e+00  1.22308469e-01
7619  -1.11507419e+00  1.16406379e-01
7620  -1.13980911e+00  1.10476547e-01
7621  -1.16452425e+00  1.04511097e-01
7622  -1.18923283e+00  9.84989250e-02
7623  -1.21393370e+00  9.24572954e-02
7624  -1.23862230e+00  8.63693132e-02
7625  -1.26332810e+00  8.02440368e-02
7626  -1.28804840e+00  7.41159275e-02
7627  -1.31276026e+00  6.79857234e-02
7628  -1.33744548e+00  6.18478451e-02
7629  -1.36211310e+00  5.56631979e-02
7630  -1.40238180e+00  6.79983604e-02
7631  -1.42722347e+00  6.17714290e-02
7632  -1.45204729e+00  5.55500877e-02
7633  -1.47684012e+00  4.91663798e-02
7634  -1.50166351e+00  4.28826491e-02
7635  -1.52644318e+00  3.64897374e-02
7636  -1.55121946e+00  3.00446116e-02
7637  -1.57597759e+00  2.35866031e-02
7638  -1.60066300e+00  1.69431432e-02
7639  -1.62420828e+00  1.05046188e-02
7640  -2.88956275e-01  2.71686835e-01
7641  -2.88972548e-01  2.45268239e-01
7642  -2.88988820e-01  2.18849644e-01
7643  -2.89005093e-01  1.92431049e-01
7644  -2.89021365e-01  1.66012454e-01
7645  -2.89037638e-01  1.39593859e-01
7646  -2.89053910e-01  1.13175264e-01
7647  -2.89070183e-01  8.67566687e-02
7648  -2.89086455e-01  6.03380736e-02
7649  -2.89102728e-01  3.39194784e-02
7650  -2.89119000e-01  7.50088322e-03
7651  -2.89135273e-01  -1.89177124e-02
7652  -2.89151546e-01  -4.53363070e-02
7653  -2.89167818e-01  -7.17549022e-02
7654  -2.89184091e-01  -9.81734973e-02
7655  -2.89200363e-01  -1.24592093e-01
7656  -2.89216636e-01  -1.51010688e-01
7657  -2.89232908e-01  -1.77429283e-01
7658  -2.89249181e-01  -2.03847878e-01
7659  -2.89265453e-01  -2.30266473e-01
7660  2.18349853e-01  2.63990084e-01
7661  2.18337040e-01  2.37725396e-01
7662  2.18324228e-01  2.11460707e-01
7663  2.18311415e-01  1.85196019e-01
7664  2.18298603e-01  1.58931330e-01
7665  2.18285790e-01  1.32666642e-01
7666  2.18272978e-01  1.06401954e-01
7667  2.18260166e-01  8.01372647e-02
7668  2.18247353e-01  5.38725761e-02
7669  2.18234541e-01  2.76078875e-02
7670  2.18221728e-01  1.34319892e-03
7671  2.18208916e-01  -2.49214897e-02
7672  2.18196103e-01  -5.11861783e-02
7673  2.18183291e-01  -7.74508669e-02
7674  2.18170478e-01  -1.03715556e-01
7675  2.18157666e-01  -1.29980244e-01
7676  2.18144853e-01  -1.56244933e-01
7677  2.18132041e-01  -1.82509621e-01
7678  2.18119228e-01  -2.08774310e-01
7679  2.18106416e-01  -2.35038999e-01
7680  2.18093603e-01  -2.61303687e-01
9921  -1.62708837e+00  4.24339583e-03
9922  -1.62810452e+00  4.05222680e-03
9923  -1.60343702e+00  8.44125466e-03
9924  -1.57869735e+00  1.25537314e-02
9925  -1.55391747e+00  1.62586599e-02
9926  -1.52907485e+00  1.98468347e-02
9927  -1.50408855e+00  2.27359295e-02
9928  -1.47904850e+00  2.51474440e-02
9929  -1.45393733e+00  2.68300904e-02
9930  -1.42880631e+00  2.79515282e-02
9931  -1.40362325e+00  2.84200726e-02
9932  -1.36680889e+00  4.97566540e-02
9933  -1.34023445e+00  4.88137654e-02
9934  -1.31384964e+00  4.71165593e-02
9935  -1.28742188e+00  4.50793015e-02
9936  -1.26108339e+00  4.21677660e-02
9937  -1.23485422e+00  3.89390136e-02
9938  -1.20863988e+00  3.49594350e-02
9939  -1.18263859e+00  3.05225066e-02
9940  -1.15669686e+00  2.55919713e-02
9941  -1.13089932e+00  2.01431668e-02
9942  -1.10526948e+00  1.42978262e-02
9943  -1.07971666e+00  8.06624456e-03
9944  -1.05434190e+00  1.41928048e-03
9945  -1.02899863e+00  -5.49478862e-03
9946  -1.00383431e+00  -1.28919563e-02
9947  -9.78883891e-01  -2.04272330e-02
9948  -9.53970622e-01  -2.81780391e-02
9949  -9.29172678e-01  -3.61455008e-02
9950  -9.04448186e-01  -4.42326750e-02
9951  -8.79795510e-01  -5.24880288e-02
9952  -8.55224178e-01  -6.08309591e-02
9953  -8.30686237e-01  -6.92629160e-02
9954  -8.06206383e-01  -7.77843934e-02
9955  -7.81784468e-01  -8.63380759e-02
9956  -7.57402114e-01  -9.49049320e-02
9957  -7.33095646e-01  -1.03435900e-01
9958  -7.08762505e-01  -1.11847540e-01
9959  -6.84392504e-01  -1.20236449e-01
9960  -6.60041438e-01  -1.28541657e-01
9961  -6.35679512e-01  -1.36731746e-01
9962  -6.11322472e-01  -1.44794133e-01
9963  -5.86936273e-01  -1.52664927e-01
9964  -5.62480600e-01  -1.60374588e-01
9965  -5.37959126e-01  -1.67935688e-01
9966  -5.13416663e-01  -1.75354604e-01
9967  -4.88886285e-01  -1.82562940e-01
9968  -4.64242042e-01  -1.89526123e-01
9969  -4.39635239e-01  -1.96348635e-01
9970  -4.15024162e-01  -2.02762900e-01
9971  -3.90198262e-01  -2.08921099e-01
9972  -3.65412387e-01  -2.14922045e-01
9973  -3.27346834e-01  -2.08893954e-01
9974  -2.87757385e-01  -2.17168564e-01
9975  -2.78403867e-01  -2.18944341e-01
9976  -2.54048701e-01  -2.23470195e-01
9977  -2.29522807e-01  -2.27502958e-01
9978  -2.04770704e-01  -2.31337718e-01
9979  -1.80084181e-01  -2.34865116e-01
9980  -1.55402084e-01  -2.38030201e-01
9981  -1.30621207e-01  -2.40848742e-01
9982  -1.05784287e-01  -2.43378188e-01
9983  -8.09835043e-02  -2.45575876e-01
9984  -5.62137256e-02  -2.47400674e-01
9985  -3.14289388e-02  -2.48828832e-01
9986  -6.61593267e-03  -2.49876569e-01
9987  1.82094064e-02  -2.50538916e-01
9988  4.30692648e-02  -2.50819823e-01
9989  6.79262479e-02  -2.50745665e-01
9990  9.26727129e-02  -2.50286435e-01
9991  1.17432767e-01  -2.49349718e-01
9992  1.42243534e-01  -2.48056468e-01
9993  1.66962299e-01  -2.46367782e-01
9994  2.19603189e-01  -2.41653976e-01
9995  2.16259671e-01  -2.41795316e-01
9996  2.46776385e-01  -2.52319737e-01
9997  2.72261893e-01  -2.48621832e-01
9998  2.97682374e-01  -2.44479673e-01
9999  3.23008238e-01  -2.39823054e-01
10000  3.48206922e-01  -2.34725594e-01
10001  3.73307677e-01  -2.29039435e-01
10002  3.98307083e-01  -2.22959284e-01
10003  4.23077042e-01  -2.16307343e-01
10004  4.47657548e-01  -2.09141712e-01
10005  4.72027126e-01  -2.01322588e-01
10006  4.96198717e-01  -1.92976791e-01
10007  5.20119421e-01  -1.83953505e-01
10008  5.43878104e-01  -1.74377044e-01
10009  5.79684192e-01  -1.82646423e-01
10010  6.02708403e-01  -1.71551003e-01
10011  6.25412806e-01  -1.59836284e-01
10012  6.47530602e-01  -1.47195558e-01
10013  6.68981053e-01  -1.33545206e-01
10014  6.89577546e-01  -1.18765823e-01
10015  7.09068925e-01  -1.02696470e-01
10016  7.27163200e-01  -8.51764495e-02
10017  7.43582577e-01  -6.63301107e-02
10018  7.57165879e-01  -4.58968904e-02
10019  7.66219188e-01  -2.35672515e-02
10020  7.69600052e-01  -2.79864993e-05
10021  7.66196296e-01  2.20973382e-02
10022  7.55821922e-01  4.22554973e-02
10023  7.41013625e-01  6.05934951e-02
10024  7.23915810e-01  7.74657820e-02
10025  7.05295862e-01  9.29829590e-02
10026  6.85718055e-01  1.07542135e-01
10027  6.65514561e-01  1.21275131e-01
10028  6.44661764e-01  1.34049565e-01
10029  6.23305610e-01  1.46106682e-01
10030  6.01576974e-01  1.57565870e-01
10031  5.79580688e-01  1.68467046e-01
10032  5.44923253e-01  1.60300806e-01
10033  5.22751548e-01  1.69769205e-01
10034  5.00264990e-01  1.78754963e-01
10035  4.77559153e-01  1.87399515e-01
10036  4.54778552e-01  1.95608966e-01
10037  4.31775098e-01  2.03330295e-01
10038  4.08570925e-01  2.10748980e-01
10039  3.85306268e-01  2.17792716e-01
10040  3.61954862e-01  2.24404281e-01
10041  3.38466914e-01  2.30598349e-01
10042  3.14807609e-01  2.36419336e-01
10043  2.90977415e-01  2.41954139e-01
10044  2.67125017e-01  2.47248468e-01
10045  2.43351854e-01  2.52148070e-01
10046  2.16010385e-01  2.57191569e-01
10047  2.19839320e-01  2.42395882e-01
10048  1.64558737e-01  2.51040381e-01
10049  1.39859371e-01  2.54496759e-01
10050  1.15185397e-01  2.57649395e-01
10051  9.05529557e-02  2.60432351e-01
10052  6.59530123e-02  2.62815852e-01
10053  4.12853229e-02  2.64757619e-01
10054  1.65005064e-02  2.66345919e-01
10055  -8.32016435e-03  2.67594023e-01
10056  -3.30286754e-02  2.68495310e-01
10057  -5.77096695e-02  2.68909041e-01
10058  -8.24646453e-02  2.68936197e-01
10059  -1.07244819e-01  2.68557514e-01
10060  -1.32176273e-01  2.67818348e-01
10061  -1.57063145e-01  2.66855137e-01
10062  -1.81900187e-01  2.65492528e-01
10063  -2.06862465e-01  2.63859928e-01
10064  -2.31816142e-01  2.61988816e-01
10065  -2.56717340e-01  2.59866735e-01
10066  -2.81653679e-01  2.57463674e-01
10067  -2.87465366e-01  2.56926918e-01
10068  -3.33225746e-01  2.66219188e-01
10069  -3.68430529e-01  2.61953666e-01
10070  -3.93425850e-01  2.58595875e-01
10071  -4.18506339e-01  2.55120839e-01
10072  -4.43520173e-01  2.51499666e-01
10073  -4.68545926e-01  2.47691074e-01
10074  -4.93548450e-01  2.43798684e-01
10075  -5.18488817e-01  2.39712327e-01
10076  -5.43459027e-01  2.35479665e-01
10077  -5.68415752e-01  2.31138730e-01
10078  -5.93359589e-01  2.26666860e-01
10079  -6.18319766e-01  2.22098832e-01
10080  -6.43289490e-01  2.17454101e-01
10081  -6.68162674e-01  2.12775376e-01
10082  -6.92978177e-01  2.07876445e-01
10083  -7.17873825e-01  2.02883142e-01
10084  -7.42680080e-01  1.97847685e-01
10085  -7.67462831e-01  1.92597953e-01
10086  -7.92339113e-01  1.87304181e-01
10087  -8.17189572e-01  1.81974775e-01
10088  -8.42010238e-01  1.76595728e-01
10089  -8.66799362e-01  1.71149297e-01
10090  -8.91583452e-01  1.65618643e-01
10091  -9.16384233e-01  1.60033522e-01
10092  -9.41187508e-01  1.54412493e-01
10093  -9.65965229e-01  1.48764891e-01
10094  -9.90735410e-01  1.43049721e-01
10095  -1.01551561e+00  1.37313651e-01
10096  -1.04027176e+00  1.31539612e-01
10097  -1.06502538e+00  1.25721142e-01
10098  -1.08976482e+00  1.19876103e-01
10099  -1.11449262e+00  1.13974964e-01
10100  -1.13922441e+00  1.08045884e-01
10101  -1.16393543e+00  1.02081428e-01
10102  -1.18864032e+00  9.60701549e-02
10103  -1.21333744e+00  9.00294415e-02
10104  -1.23802223e+00  8.39424000e-02
10105  -1.26272653e+00  7.78174938e-02
10106  -1.28744667e+00  7.16894238e-02
10107  -1.31215768e+00  6.55594320e-02
10108  -1.33683987e+00  5.94223077e-02
10109  -1.36150393e+00  5.32385489e-02
10110  -1.40177270e+00  6.55736960e-02
10111  -1.42661566e+00  5.93464400e-02
10112  -1.45143172e+00  5.31270571e-02
10113  -1.47622169e+00  4.67440793e-02
10114  -1.50104450e+00  4.04604960e-02
10115  -1.52581622e+00  3.40696287e-02
10116  -1.55058927e+00  2.76253438e-02
10117  -1.57533724e+00  2.11700049e-02
10118  -1.60000153e+00  1.45322370e-02
10119  -1.62298865e+00  8.32230023e-03
10120  -2.87456276e-01  2.71685911e-01
10121  -2.87472549e-01  2.45267315e-01
10122  -2.87488821e-01  2.18848720e-01
10123  -2.87505094e-01  1.92430125e-01
10124  -2.87521366e-01  1.66011530e-01
10125  -2.87537639e-01  1.39592935e-01
10126  -2.87553911e-01  1.13174340e-01
10127  -2.87570184e-01  8.67557447e-02
10128  -2.87586456e-01  6.03371496e-02
10129  -2.87602729e-01  3.39185544e-02
10130  -2.87619001e-01  7.49995929e-03
10131  -2.87635274e-01  -1.89186363e-02
10132  -2.87651547e-01  -4.53372310e-02
10133  -2.87667819e-01  -7.17558262e-02
10134  -2.87684092e-01  -9.81744213e-02
10135  -2.87700364e-01  -1.24593017e-01
10136  -2.87716637e-01  -1.51011612e-01
10137  -2.87732909e-01  -1.77430207e-01
10138  -2.87749182e-01  -2.03848802e-01
10139  -2.87765454e-01  -2.30267397e-01
10140  2.19849853e-01  2.63989353e-01
10141  2.19837040e-01  2.37724665e-01
10142  2.19824228e-01  2.11459976e-01
10143  2.19811415e-01  1.85195288e-01
10144  2.19798603e-01  1.58930599e-01
10145  2.19785790e-01  1.32665911e-01
10146  2.19772978e-01  1.06401222e-01
10147  2.19760166e-01  8.01365330e-02
10148  2.19747353e-01  5.38718444e-02
10149  2.19734541e-01  2.76071558e-02
10150  2.19721728e-01  1.34246719e-03
10151  2.19708916e-01  -2.49222214e-02
10152  2.19696103e-01  -5.11869100e-02
10153  2.19683291e-01  -7.74515986e-02
10154  2.19670478e-01  -1.03716287e-01
10155  2.19657666e-01  -1.29980975e-01
10156  2.19644853e-01  -1.56245664e-01
10157  2.19632041e-01  -1.82510352e-01
10158  2.19619228e-01  -2.08775041e-01
10159  2.19606416e-01  -2.35039730e-01
10160  2.19593603e-01  -2.61304418e-01
