1  3  0  1.23853
230  5  0  1.23826
459  1  0  1.23716
688  5  0  1.0357
2  3  0  -0.0998465
231  5  0  -0.0998142
460  1  0  -0.099765
689  5  0  -0.0997159
3  3  0  -1.304
232  5  0  -1.30396
461  1  0  -1.30389
690  5  0  -1.30382
4  3  0  -2.29205
233  5  0  -2.29202
462  1  0  -2.29198
691  5  0  -2.29194
5  3  0  -3.12223
234  5  0  -3.12223
463  1  0  -3.12222
692  5  0  -3.1222
6  3  0  -3.90273
235  5  0  -3.9027
464  1  0  -3.90267
693  5  0  -3.90264
7  3  0  -4.52815
236  5  0  -4.52815
465  1  0  -4.52816
694  5  0  -4.52816
8  3  0  -5.17049
237  5  0  -5.17048
466  1  0  -5.17046
695  5  0  -5.17044
9  3  0  -5.69889
238  5  0  -5.69888
467  1  0  -5.69888
696  5  0  -5.69887
10  3  0  -6.17514
239  5  0  -6.17514
468  1  0  -6.17514
697  5  0  -6.17514
11  3  0  -6.65792
240  5  0  -6.65791
469  1  0  -6.6579
698  5  0  -6.65788
12  3  0  -7.03534
241  5  0  -7.03533
470  1  0  -7.03533
699  5  0  -7.03533
13  3  0  -7.39351
242  5  0  -7.39351
471  1  0  -7.39351
700  5  0  -7.39351
14  3  0  -7.74011
243  5  0  -7.7401
472  1  0  -7.7401
701  5  0  -7.74009
15  3  0  -8.02165
244  5  0  -8.02164
473  1  0  -8.02164
702  5  0  -8.02163
16  3  0  -8.23037
245  5  0  -8.23037
474  1  0  -8.23037
703  5  0  -8.23037
17  3  0  -8.43661
246  5  0  -8.43661
475  1  0  -8.43661
704  5  0  -8.43661
18  3  0  -8.6228
247  5  0  -8.6228
476  1  0  -8.62279
705  5  0  -8.62279
19  3  0  -8.75911
248  5  0  -8.75911
477  1  0  -8.75911
706  5  0  -8.75911
20  3  0  -8.88347
249  5  0  -8.88347
478  1  0  -8.88347
707  5  0  -8.88347
21  3  0  -9.02098
250  5  0  -9.02098
479  1  0  -9.02098
708  5  0  -9.02098
22  3  0  -9.12709
251  5  0  -9.12709
480  1  0  -9.12709
709  5  0  -9.12709
23  3  0  -9.14427
252  5  0  -9.14427
481  1  0  -9.14427
710  5  0  -9.14427
24  3  0  -9.20393
253  5  0  -9.20393
482  1  0  -9.20393
711  5  0  -9.20393
25  3  0  -9.24004
254  5  0  -9.24004
483  1  0  -9.24004
712  5  0  -9.24004
26  3  0  -9.24077
255  5  0  -9.24077
484  1  0  -9.24077
713  5  0  -9.24077
27  3  0  -9.21453
256  5  0  -9.21453
485  1  0  -9.21453
714  5  0  -9.21453
28  3  0  -9.19284
257  5  0  -9.19284
486  1  0  -9.19284
715  5  0  -9.19284
29  3  0  -9.16828
258  5  0  -9.16828
487  1  0  -9.16828
716  5  0  -9.16828
30  3  0  -9.09085
259  5  0  -9.09085
488  1  0  -9.09085
717  5  0  -9.09085
31  3  0  -8.99832
260  5  0  -8.99832
489  1  0  -8.99832
718  5  0  -8.99832
32  3  0  -8.8891
261  5  0  -8.8891
490  1  0  -8.88911
719  5  0  -8.88911
33  3  0  -8.77005
262  5  0  -8.77006
491  1  0  -8.77006
720  5  0  -8.77006
34  3  0  -8.64464
263  5  0  -8.64464
492  1  0  -8.64464
721  5  0  -8.64464
35  3  0  -8.51618
264  5  0  -8.51618
493  1  0  -8.51618
722  5  0  -8.51618
36  3  0  -8.36209
265  5  0  -8.3621
494  1  0  -8.3621
723  5  0  -8.3621
37  3  0  -8.17843
266  5  0  -8.17843
495  1  0  -8.17843
724  5  0  -8.17843
38  3  0  -8.01439
267  5  0  -8.01439
496  1  0  -8.01439
725  5  0  -8.01439
39  3  0  -7.83759
268  5  0  -7.83759
497  1  0  -7.8376
726  5  0  -7.8376
40  3  0  -7.59685
269  5  0  -7.59685
498  1  0  -7.59685
727  5  0  -7.59685
41  3  0  -7.35224
270  5  0  -7.35224
499  1  0  -7.35224
728  5  0  -7.35223
42  3  0  -7.15752
271  5  0  -7.15752
500  1  0  -7.15752
729  5  0  -7.15752
43  3  0  -6.93789
272  5  0  -6.9379
501  1  0  -6.93791
730  5  0  -6.93792
44  3  0  -6.59223
273  5  0  -6.59222
502  1  0  -6.59221
731  5  0  -6.59221
45  3  0  -6.34722
274  5  0  -6.34722
503  1  0  -6.34721
732  5  0  -6.34721
46  3  0  -6.12905
275  5  0  -6.12906
504  1  0  -6.12907
733  5  0  -6.12908
47  3  0  -5.79344
276  5  0  -5.79344
505  1  0  5.26441
734  5  0  15.5719
48  3  0  -5.45205
277  5  0  -5.4466
506  6  0  -5.44512
735  5  0  -5.44347
49  3  0  -5.15008
278  5  0  -5.14368
507  6  0  -5.14177
736  5  0  -5.13954
50  3  0  -4.87956
279  5  0  -4.87956
508  6  0  -4.87958
737  5  0  -4.8796
51  3  0  -4.55455
280  5  0  -4.55455
509  6  0  -4.55458
738  5  0  -4.55461
52  3  0  -4.1734
281  5  0  -4.1734
510  6  0  -4.17336
739  5  0  -4.17333
53  3  0  -3.85784
282  5  0  -3.85784
511  6  0  -3.85783
740  5  0  -3.85781
54  3  0  -3.57164
283  5  0  -3.57165
512  6  0  -3.57167
741  5  0  -3.5717
55  3  0  -3.22129
284  5  0  -3.22129
513  6  0  -3.22135
742  5  0  -3.2214
56  3  0  -2.77636
285  5  0  -2.77635
514  6  0  -2.77627
743  5  0  -2.7762
57  3  0  -2.46558
286  5  0  -2.46558
515  6  0  -2.46559
744  5  0  -2.4656
58  3  0  -2.13273
287  5  0  -2.13274
516  6  0  -2.1328
745  5  0  -2.13286
59  3  0  -1.69191
288  5  0  -1.6919
517  6  0  -1.69184
746  5  0  -1.69179
60  3  0  -1.34779
289  5  0  -1.34779
518  6  0  -1.34778
747  5  0  -1.34777
61  3  0  -1.02838
290  5  0  -1.02838
519  6  0  -1.0284
748  5  0  -1.02843
62  3  0  -0.665367
291  5  0  -0.665369
520  6  0  -0.665384
749  5  0  -0.6654
63  3  0  -0.273705
292  5  0  -0.2737
521  6  0  -0.273664
750  5  0  -0.273627
64  3  0  0.0469806
293  5  0  0.0469818
522  6  0  0.0469908
751  5  0  0.0469998
65  3  0  0.34765
294  5  0  0.34765
523  6  0  0.347652
752  5  0  0.347654
66  3  0  0.644115
295  5  0  0.64411
524  6  0  0.644069
753  5  0  0.644029
67  3  0  1.02264
296  5  0  1.02264
525  6  0  1.02265
754  5  0  1.02266
68  3  0  1.38345
297  5  0  1.38345
526  6  0  1.38344
755  5  0  1.38343
69  3  0  1.75892
298  5  0  1.75892
527  6  0  1.75891
756  5  0  1.75891
70  3  0  2.14126
299  5  0  2.14126
528  6  0  2.14125
757  5  0  2.14125
71  3  0  2.53081
300  5  0  2.53081
529  6  0  2.53079
758  5  0  2.53077
72  3  0  2.95072
301  5  0  2.95072
530  6  0  2.95074
759  5  0  2.95075
73  3  0  3.34425
302  5  0  3.34425
531  6  0  3.34425
760  5  0  3.34424
74  3  0  3.75032
303  5  0  3.75032
532  6  0  3.7503
761  5  0  3.75029
75  3  0  4.18466
304  5  0  4.18466
533  6  0  4.18465
762  5  0  4.18464
76  3  0  4.63672
305  5  0  4.63672
534  6  0  4.63673
763  5  0  4.63673
77  3  0  5.08077
306  5  0  5.08076
535  6  0  5.08071
764  5  0  5.08065
78  3  0  5.60389
307  5  0  5.60389
536  6  0  5.60388
765  5  0  5.60388
79  3  0  6.13368
308  5  0  6.13368
537  6  0  6.1337
766  5  0  6.13372
80  3  0  6.64931
309  5  0  6.66272
538  6  0  6.68286
767  5  0  6.70072
81  3  0  7.2549
310  5  0  7.27123
539  6  0  7.30332
768  5  0  7.34352
82  3  0  7.86206
311  5  0  7.86206
540  1  0  -6.67331
769  5  0  -19.5964
83  3  0  8.47043
312  5  0  8.47042
541  1  0  8.47042
770  5  0  8.47041
84  3  0  9.11226
313  5  0  9.11225
542  1  0  9.11224
771  5  0  9.11222
85  3  0  9.83347
314  5  0  9.83347
543  1  0  9.83346
772  5  0  9.83345
86  3  0  10.5879
315  5  0  10.5879
544  1  0  10.5879
773  5  0  10.5879
87  3  0  11.3773
316  5  0  11.3773
545  1  0  11.3773
774  5  0  11.3773
88  3  0  12.2658
317  5  0  12.2657
546  1  0  12.2657
775  5  0  12.2657
89  3  0  13.2888
318  5  0  13.2888
547  1  0  13.2887
776  5  0  13.2887
90  3  0  14.4046
319  5  0  14.4046
548  1  0  14.4046
777  5  0  14.4045
91  3  0  15.6322
320  5  0  15.6322
549  1  0  15.6321
778  5  0  15.632
92  3  0  17.0638
321  5  0  17.0637
550  1  0  17.0635
779  5  0  17.0634
93  3  0  18.8332
322  5  0  18.8331
551  1  0  18.8329
780  5  0  18.8327
94  3  0  20.8685
323  5  0  20.8681
552  1  0  20.8676
781  5  0  20.8671
95  3  0  23.5912
324  5  0  23.5906
553  1  0  23.5897
782  5  0  23.5888
96  3  0  27.2404
325  5  0  27.2386
554  1  0  27.2359
783  5  0  27.2332
97  3  0  32.7961
326  5  0  32.7896
555  1  0  32.7795
784  5  0  32.7692
98  3  0  42.5969
327  5  0  42.548
556  1  0  42.4708
785  5  0  42.3902
99  3  0  66.6645
328  5  0  66.5563
557  1  0  66.3797
786  5  0  66.1877
100  3  0  107.099
329  5  0  107.263
558  1  0  107.53
787  5  0  107.817
101  3  0  126.043
330  5  0  126.035
559  1  0  126.021
788  5  0  126.007
102  3  0  135.361
331  5  0  135.366
560  1  0  135.374
789  5  0  135.383
103  3  0  141.044
332  5  0  141.046
561  1  0  141.048
790  5  0  141.051
104  3  0  144.964
333  5  0  144.964
562  1  0  144.966
791  5  0  144.967
105  3  0  147.716
334  5  0  147.716
563  1  0  147.717
792  5  0  147.717
106  3  0  150.029
335  5  0  150.029
564  1  0  150.03
793  5  0  150.03
107  3  0  152.049
336  5  0  152.049
565  1  0  152.049
794  5  0  152.049
108  3  0  153.876
337  5  0  153.876
566  1  0  153.877
795  5  0  153.877
109  3  0  155.308
338  5  0  155.308
567  1  0  155.308
796  5  0  155.308
110  3  0  156.768
339  5  0  156.769
568  1  0  156.769
797  5  0  156.769
111  3  0  158.18
340  5  0  158.18
569  1  0  158.18
798  5  0  158.18
112  3  0  159.388
341  5  0  159.388
570  1  0  159.388
799  5  0  159.388
113  3  0  160.491
342  5  0  160.491
571  1  0  160.491
800  5  0  160.491
114  3  0  161.539
343  5  0  161.539
572  1  0  161.539
801  5  0  161.539
115  3  0  162.563
344  5  0  162.563
573  1  0  162.563
802  5  0  162.563
116  3  0  163.547
345  5  0  163.547
574  1  0  163.547
803  5  0  163.547
117  3  0  164.475
346  5  0  164.475
575  1  0  164.475
804  5  0  164.475
118  3  0  165.365
347  5  0  165.365
576  1  0  165.365
805  5  0  165.365
119  3  0  166.259
348  5  0  166.233
577  6  0  -175.639
806  5  0  -155.948
120  3  0  167.143
349  5  0  167.121
578  6  0  167.08
807  5  0  167.046
121  3  0  168.008
350  5  0  168.008
579  6  0  168.008
808  5  0  168.009
122  3  0  168.759
351  5  0  168.759
580  6  0  168.759
809  5  0  168.758
123  3  0  169.66
352  5  0  169.66
581  6  0  169.661
810  5  0  169.661
124  3  0  170.317
353  5  0  170.317
582  6  0  170.317
811  5  0  170.317
125  3  0  171.064
354  5  0  171.064
583  6  0  171.064
812  5  0  171.064
126  3  0  171.782
355  5  0  171.782
584  6  0  171.782
813  5  0  171.782
127  3  0  172.449
356  5  0  172.449
585  6  0  172.449
814  5  0  172.448
128  3  0  173.181
357  5  0  173.181
586  6  0  173.181
815  5  0  173.181
129  3  0  173.889
358  5  0  173.889
587  6  0  173.889
816  5  0  173.889
130  3  0  174.603
359  5  0  174.603
588  6  0  174.603
817  5  0  174.603
131  3  0  175.272
360  5  0  175.272
589  6  0  175.272
818  5  0  175.272
132  3  0  175.929
361  5  0  175.929
590  6  0  175.929
819  5  0  175.929
133  3  0  176.63
362  5  0  176.63
591  6  0  176.63
820  5  0  176.63
134  3  0  177.332
363  5  0  177.332
592  6  0  177.332
821  5  0  177.332
135  3  0  177.947
364  5  0  177.947
593  6  0  177.947
822  5  0  177.947
136  3  0  178.525
365  5  0  178.525
594  6  0  178.525
823  5  0  178.525
137  3  0  179.088
366  5  0  179.087
595  6  0  179.087
824  5  0  179.086
138  3  0  -179.889
367  5  0  -179.889
596  6  0  -179.888
825  5  0  -179.888
139  3  0  -178.949
368  5  0  -178.949
597  6  0  -178.949
826  5  0  -178.949
140  3  0  -178.027
369  5  0  -178.027
598  6  0  -178.028
827  5  0  -178.028
141  3  0  -176.978
370  5  0  -176.978
599  6  0  -176.978
828  5  0  -176.978
142  3  0  -175.995
371  5  0  -175.995
600  6  0  -175.995
829  5  0  -175.995
143  3  0  -175.321
372  5  0  -175.321
601  6  0  -175.321
830  5  0  -175.321
144  3  0  -174.74
373  5  0  -174.74
602  6  0  -174.74
831  5  0  -174.741
145  3  0  -174.018
374  5  0  -174.018
603  6  0  -174.017
832  5  0  -174.017
146  3  0  -173.426
375  5  0  -173.426
604  6  0  -173.425
833  5  0  -173.425
147  3  0  -173.045
376  5  0  -173.045
605  6  0  -173.045
834  5  0  -173.045
148  3  0  -172.67
377  5  0  -172.67
606  6  0  -172.67
835  5  0  -172.67
149  3  0  -172.147
378  5  0  -172.147
607  6  0  -172.147
836  5  0  -172.146
150  3  0  -171.817
379  5  0  -171.817
608  6  0  -171.817
837  5  0  -171.817
151  3  0  -171.533
380  5  0  -171.54
609  6  0  -171.538
838  5  0  -171.537
152  3  0  -171.172
381  5  0  -171.178
610  6  0  174.8
839  5  0  162.105
153  3  0  -170.839
382  5  0  -170.839
611  1  0  -170.839
840  5  0  -170.839
154  3  0  -170.528
383  5  0  -170.528
612  1  0  -170.528
841  5  0  -170.528
155  3  0  -170.334
384  5  0  -170.334
613  1  0  -170.334
842  5  0  -170.334
156  3  0  -170.123
385  5  0  -170.123
614  1  0  -170.123
843  5  0  -170.123
157  3  0  -169.876
386  5  0  -169.876
615  1  0  -169.876
844  5  0  -169.876
158  3  0  -169.71
387  5  0  -169.71
616  1  0  -169.71
845  5  0  -169.71
159  3  0  -169.555
388  5  0  -169.555
617  1  0  -169.555
846  5  0  -169.555
160  3  0  -169.34
389  5  0  -169.34
618  1  0  -169.34
847  5  0  -169.34
161  3  0  -169.153
390  5  0  -169.153
619  1  0  -169.153
848  5  0  -169.153
162  3  0  -169.041
391  5  0  -169.041
620  1  0  -169.041
849  5  0  -169.041
163  3  0  -168.94
392  5  0  -168.94
621  1  0  -168.94
850  5  0  -168.94
164  3  0  -168.779
393  5  0  -168.779
622  1  0  -168.779
851  5  0  -168.779
165  3  0  -168.694
394  5  0  -168.694
623  1  0  -168.694
852  5  0  -168.694
166  3  0  -168.58
395  5  0  -168.58
624  1  0  -168.58
853  5  0  -168.58
167  3  0  -168.449
396  5  0  -168.449
625  1  0  -168.449
854  5  0  -168.449
168  3  0  -168.399
397  5  0  -168.399
626  1  0  -168.399
855  5  0  -168.399
169  3  0  -168.261
398  5  0  -168.261
627  1  0  -168.261
856  5  0  -168.261
170  3  0  -168.211
399  5  0  -168.211
628  1  0  -168.211
857  5  0  -168.211
171  3  0  -168.184
400  5  0  -168.184
629  1  0  -168.184
858  5  0  -168.184
172  3  0  -168.079
401  5  0  -168.079
630  1  0  -168.079
859  5  0  -168.079
173  3  0  -167.984
402  5  0  -167.984
631  1  0  -167.984
860  5  0  -167.984
174  3  0  -167.982
403  5  0  -167.982
632  1  0  -167.982
861  5  0  -167.982
175  3  0  -167.945
404  5  0  -167.945
633  1  0  -167.945
862  5  0  -167.945
176  3  0  -167.873
405  5  0  -167.873
634  1  0  -167.873
863  5  0  -167.873
177  3  0  -167.852
406  5  0  -167.852
635  1  0  -167.852
864  5  0  -167.852
178  3  0  -167.775
407  5  0  -167.775
636  1  0  -167.775
865  5  0  -167.775
179  3  0  -167.793
408  5  0  -167.793
637  1  0  -167.793
866  5  0  -167.793
180  3  0  -167.781
409  5  0  -167.781
638  1  0  -167.781
867  5  0  -167.781
181  3  0  -167.75
410  5  0  -167.75
639  1  0  -167.75
868  5  0  -167.75
182  3  0  -167.714
411  5  0  -167.714
640  1  0  -167.714
869  5  0  -167.714
183  3  0  -167.697
412  5  0  -167.697
641  1  0  -167.697
870  5  0  -167.697
184  3  0  -167.728
413  5  0  -167.728
642  1  0  -167.728
871  5  0  -167.728
185  3  0  -167.776
414  5  0  -167.776
643  1  0  -167.776
872  5  0  -167.776
186  3  0  -167.75
415  5  0  -167.75
644  1  0  -167.75
873  5  0  -167.75
187  3  0  -167.793
416  5  0  -167.793
645  1  0  -167.793
874  5  0  -167.793
188  3  0  -167.86
417  5  0  -167.86
646  1  0  -167.86
875  5  0  -167.86
189  3  0  -167.905
418  5  0  -167.905
647  1  0  -167.905
876  5  0  -167.905
190  3  0  -167.96
419  5  0  -167.96
648  1  0  -167.96
877  5  0  -167.96
191  3  0  -167.995
420  5  0  -167.995
649  1  0  -167.995
878  5  0  -167.995
192  3  0  -168.108
421  5  0  -168.108
650  1  0  -168.108
879  5  0  -168.108
193  3  0  -168.181
422  5  0  -168.181
651  1  0  -168.181
880  5  0  -168.181
194  3  0  -168.262
423  5  0  -168.262
652  1  0  -168.262
881  5  0  -168.262
195  3  0  -168.414
424  5  0  -168.414
653  1  0  -168.414
882  5  0  -168.414
196  3  0  -168.576
425  5  0  -168.576
654  1  0  -168.576
883  5  0  -168.576
197  3  0  -168.707
426  5  0  -168.707
655  1  0  -168.707
884  5  0  -168.707
198  3  0  -168.9
427  5  0  -168.914
656  1  0  -168.935
885  5  0  -168.957
199  3  0  -156.783
428  5  0  -156.763
657  1  0  -156.691
886  5  0  -155.88
200  2  0  -89.9942
429  1  0  -89.9942
658  1  0  -89.9942
887  2  0  -89.9942
201  2  0  -89.9942
430  1  0  -89.9942
659  1  0  -89.9942
888  2  0  -89.9942
202  2  0  -89.9942
431  1  0  -89.9942
660  1  0  -89.9942
889  2  0  -89.9942
203  2  0  -89.9942
432  1  0  -89.9942
661  1  0  -89.9942
890  2  0  -89.9942
204  2  0  -89.9942
433  1  0  -89.9942
662  1  0  -89.9942
891  2  0  -89.9942
205  2  0  -89.9942
434  1  0  -89.9942
663  1  0  -89.9942
892  2  0  -89.9942
206  2  0  -89.9942
435  1  0  -89.9942
664  1  0  -89.9942
893  2  0  -89.9942
207  2  0  -89.9942
436  1  0  -89.9942
665  1  0  -89.9942
894  2  0  -89.9942
208  2  0  -89.9942
437  1  0  -89.9942
666  1  0  -89.9942
895  2  0  -89.9942
209  2  0  -89.9942
438  1  0  -89.9942
667  1  0  -89.9942
896  2  0  -89.9942
210  2  0  -89.9942
439  1  0  -89.9942
668  1  0  -89.9942
897  2  0  -89.9942
211  2  0  -89.9942
440  1  0  -89.9942
669  1  0  -89.9942
898  2  0  -89.9942
212  2  0  -89.9942
441  1  0  -89.9942
670  1  0  -89.9942
899  2  0  -89.9942
213  2  0  -89.9942
442  1  0  -89.9942
671  1  0  -89.9942
900  2  0  -89.9942
214  2  0  -89.9942
443  1  0  -89.9942
672  1  0  -89.9942
901  2  0  -89.9942
215  2  0  -89.9942
444  1  0  -89.9942
673  1  0  -89.9942
902  2  0  -89.9942
216  2  0  -90.0569
445  1  0  -90.0569
674  1  0  -90.0569
903  2  0  -90.0569
217  2  0  -90.0569
446  1  0  -90.0569
675  1  0  -90.0569
904  2  0  -90.0569
218  2  0  -90.0569
447  1  0  -90.0569
676  1  0  -90.0569
905  2  0  -90.0569
219  2  0  -90.0569
448  1  0  -90.0569
677  1  0  -90.0569
906  2  0  -90.0569
220  2  0  -90.0569
449  1  0  -90.0569
678  1  0  -90.0569
907  2  0  -90.0569
221  2  0  -90.0569
450  1  0  -90.0569
679  1  0  -90.0569
908  2  0  -90.0569
222  2  0  -90.0569
451  1  0  -90.0569
680  1  0  -90.0569
909  2  0  -90.0569
223  2  0  -90.0569
452  1  0  -90.0569
681  1  0  -90.0569
910  2  0  -90.0569
224  2  0  -90.0569
453  1  0  -90.0569
682  1  0  -90.0569
911  2  0  -90.0569
225  2  0  -90.0569
454  1  0  -90.0569
683  1  0  -90.0569
912  2  0  -90.0569
226  2  0  -90.0569
455  1  0  -90.0569
684  1  0  -90.0569
913  2  0  -90.0569
227  2  0  -90.0569
456  1  0  -90.0569
685  1  0  -90.0569
914  2  0  -90.0569
228  2  0  -90.0569
457  1  0  -90.0569
686  1  0  -90.0569
915  2  0  -90.0569
229  2  0  -90.0569
458  1  0  -90.0569
687  1  0  -90.0569
916  2  0  -90.0569
