1  3  0  8.90847
236  5  0  8.90834
471  4  0  8.90772
706  5  0  -171.088
2  3  0  8.19463
237  5  0  8.19463
472  4  0  8.19463
707  5  0  8.19462
3  3  0  7.46958
238  5  0  7.46955
473  4  0  7.46951
708  5  0  7.46948
4  3  0  6.64479
239  5  0  6.64484
474  4  0  6.64493
709  5  0  6.64501
5  3  0  6.07173
240  5  0  6.07159
475  4  0  6.07139
710  5  0  6.07119
6  3  0  4.99385
241  5  0  4.99395
476  4  0  4.99409
711  5  0  4.99424
7  3  0  4.2461
242  5  0  4.24599
477  4  0  4.24583
712  5  0  4.24567
8  3  0  3.13808
243  5  0  3.13809
478  4  0  3.13809
713  5  0  3.1381
9  3  0  2.0421
244  5  0  2.04213
479  4  0  2.04217
714  5  0  2.04221
10  3  0  1.02788
245  5  0  1.0277
480  4  0  1.02743
715  5  0  1.02716
11  3  0  -0.436567
246  5  0  -0.436475
481  1  0  12.115
716  5  0  23.4791
12  3  0  -1.60292
247  5  0  -1.60287
482  1  0  -1.60262
717  5  0  -1.60237
13  3  0  -2.64185
248  5  0  -2.6418
483  1  0  -2.64147
718  5  0  -2.64115
14  3  0  -3.48858
249  5  0  -3.48873
484  1  0  -3.48952
719  5  0  -3.49031
15  3  0  -4.75377
250  5  0  -4.75362
485  1  0  -4.75282
720  5  0  -4.75202
16  3  0  -5.59149
251  5  0  -5.59152
486  1  0  -5.59165
721  5  0  -5.59177
17  3  0  -6.5106
252  5  0  -6.51063
487  1  0  -6.5108
722  5  0  -6.51097
18  3  0  -7.52678
253  5  0  -7.52671
488  1  0  -7.52635
723  5  0  -7.526
19  3  0  -8.32245
254  5  0  -8.32246
489  1  0  -8.32254
724  5  0  -8.32261
20  3  0  -9.16897
255  5  0  -9.169
490  1  0  -9.16917
725  5  0  -9.16934
21  3  0  -10.1222
256  5  0  -10.1221
491  1  0  -10.1219
726  5  0  -10.1216
22  3  0  -10.9208
257  5  0  -10.9208
492  1  0  -10.9205
727  5  0  -10.9202
23  3  0  -11.5028
258  5  0  -11.5028
493  1  0  -11.5029
728  5  0  -11.503
24  3  0  -12.1503
259  5  0  -12.1503
494  1  0  -12.1504
729  5  0  -12.1504
25  3  0  -12.8323
260  5  0  -12.8323
495  1  0  -12.8321
730  5  0  -12.8319
26  3  0  -13.3248
261  5  0  -13.3248
496  1  0  -13.3246
731  5  0  -13.3245
27  3  0  -13.6112
262  5  0  -13.6112
497  1  0  -13.6114
732  5  0  -13.6116
28  3  0  -14.1492
263  5  0  -14.1492
498  1  0  -14.1492
733  5  0  -14.1492
29  3  0  -14.6852
264  5  0  -14.6851
499  1  0  -14.6849
734  5  0  -14.6847
30  3  0  -14.9065
265  5  0  -14.9065
500  1  0  -14.9065
735  5  0  -14.9065
31  3  0  -15.0342
266  5  0  -15.0342
501  1  0  -15.0342
736  5  0  -15.0343
32  3  0  -15.1881
267  5  0  -15.1881
502  1  0  -15.1881
737  5  0  -15.1881
33  3  0  -15.4081
268  5  0  -15.4081
503  1  0  -15.408
738  5  0  -15.408
34  3  0  -15.4826
269  5  0  -15.4826
504  1  0  -15.4826
739  5  0  -15.4826
35  3  0  -15.511
270  5  0  -15.511
505  1  0  -15.511
740  5  0  -15.511
36  3  0  -15.4782
271  5  0  -15.4782
506  1  0  -15.4782
741  5  0  -15.4782
37  3  0  -15.4912
272  5  0  -15.4912
507  1  0  -15.4912
742  5  0  -15.4912
38  3  0  -15.4174
273  5  0  -15.4174
508  1  0  -15.4174
743  5  0  -15.4174
39  3  0  -15.2881
274  5  0  -15.2881
509  1  0  -15.2882
744  5  0  -15.2883
40  3  0  -14.9312
275  5  0  -14.9311
510  1  0  -14.9311
745  5  0  -14.931
41  3  0  -14.7528
276  5  0  -14.7528
511  1  0  -14.7528
746  5  0  -14.7528
42  3  0  -14.5714
277  5  0  -14.5714
512  1  0  -14.5714
747  5  0  -14.5714
43  3  0  -14.3483
278  5  0  -14.3483
513  1  0  -14.3485
748  5  0  -14.3486
44  3  0  -13.8522
279  5  0  -13.8522
514  1  0  -13.852
749  5  0  -13.8519
45  3  0  -13.5535
280  5  0  -13.5535
515  1  0  -13.5534
750  5  0  -13.5534
46  3  0  -13.275
281  5  0  -13.275
516  1  0  -13.2751
751  5  0  -13.2753
47  3  0  -12.7929
282  5  0  -12.7929
517  1  0  -12.7928
752  5  0  -12.7926
48  3  0  -12.4978
283  5  0  -12.4978
518  1  0  -12.498
753  5  0  -12.4981
49  3  0  -12.0372
284  5  0  -12.0372
519  1  0  11.2448
754  5  0  28.812
50  3  0  -11.477
285  5  0  -11.4191
520  6  0  -11.3841
755  5  0  -11.3797
51  3  0  -10.7453
286  5  0  -10.6445
521  6  0  -10.5077
756  5  0  -10.4782
52  3  0  -10.2105
287  5  0  -10.2105
522  6  0  -10.2103
757  5  0  -10.2102
53  3  0  -9.73443
288  5  0  -9.73444
523  6  0  -9.73455
758  5  0  -9.73466
54  3  0  -9.20989
289  5  0  -9.20992
524  6  0  -9.21025
759  5  0  -9.21059
55  3  0  -8.55688
290  5  0  -8.55688
525  6  0  -8.55685
760  5  0  -8.55682
56  3  0  -7.91438
291  5  0  -7.91436
526  6  0  -7.91415
761  5  0  -7.91393
57  3  0  -7.35194
292  5  0  -7.35194
527  6  0  -7.35187
762  5  0  -7.35179
58  3  0  -6.8197
293  5  0  -6.81979
528  6  0  -6.82098
763  5  0  -6.8222
59  3  0  -5.91357
294  5  0  -5.91347
529  6  0  -5.91207
764  5  0  -5.91064
60  3  0  -5.47897
295  5  0  -5.47897
530  6  0  -5.47904
765  5  0  -5.4791
61  3  0  -5.01134
296  5  0  -5.0114
531  6  0  -5.0121
766  5  0  -5.01282
62  3  0  -4.2779
297  5  0  -4.27788
532  6  0  -4.27759
767  5  0  -4.2773
63  3  0  -3.64002
298  5  0  -3.64003
533  6  0  -3.64023
768  5  0  -3.64042
64  3  0  -2.9368
299  5  0  -2.93679
534  6  0  -2.93666
769  5  0  -2.93653
65  3  0  -2.27666
300  5  0  -2.27664
535  6  0  -2.27644
770  5  0  -2.27623
66  3  0  -1.69073
301  5  0  -1.69075
536  6  0  -1.69093
771  5  0  -1.69113
67  3  0  -1.03599
302  5  0  -1.03602
537  6  0  -1.0365
772  5  0  -1.037
68  3  0  -0.232143
303  5  0  -0.232136
538  6  0  -0.232036
773  5  0  -0.231934
69  3  0  0.543212
304  5  0  0.543224
539  6  0  0.543391
774  5  0  0.543561
70  3  0  1.26857
305  5  0  1.26859
540  6  0  1.26878
775  5  0  1.26898
71  3  0  1.93029
306  5  0  1.93026
541  6  0  1.92979
776  5  0  1.9293
72  3  0  2.73689
307  5  0  2.7369
542  6  0  2.73706
777  5  0  2.73723
73  3  0  3.49692
308  5  0  3.49692
543  6  0  3.49683
778  5  0  3.49674
74  3  0  4.28289
309  5  0  4.28287
544  6  0  4.28267
779  5  0  4.28247
75  3  0  5.13835
310  5  0  5.20641
545  6  0  5.2922
780  5  0  5.32991
76  3  0  5.94278
311  5  0  6.06767
546  6  0  6.97252
781  5  0  178.231
77  3  0  6.78384
312  5  0  6.78383
547  1  0  -21.2948
782  5  0  -40.3532
78  3  0  7.70277
313  5  0  7.70279
548  1  0  7.7029
783  5  0  7.70301
79  3  0  8.55199
314  5  0  8.55202
549  1  0  8.55214
784  5  0  8.55226
80  3  0  9.31829
315  5  0  9.31821
550  1  0  9.31771
785  5  0  9.31721
81  3  0  10.3781
316  5  0  10.3781
551  1  0  10.3785
786  5  0  10.3788
82  3  0  11.2608
317  5  0  11.2608
552  1  0  11.2609
787  5  0  11.2609
83  3  0  12.1318
318  5  0  12.1317
553  1  0  12.1314
788  5  0  12.1311
84  3  0  13.1675
319  5  0  13.1674
554  1  0  13.167
789  5  0  13.1665
85  3  0  14.4249
320  5  0  14.425
555  1  0  14.4256
790  5  0  14.4262
86  3  0  15.3951
321  5  0  15.395
556  1  0  15.3946
791  5  0  15.3942
87  3  0  16.5845
322  5  0  16.5845
557  1  0  16.5845
792  5  0  16.5845
88  3  0  17.7817
323  5  0  17.7816
558  1  0  0.504161
793  5  0  -14.2485
89  3  0  19.0674
324  5  0  19.0672
559  4  0  19.0669
794  5  0  19.0665
90  3  0  20.8598
325  5  0  20.8599
560  4  0  20.8601
795  5  0  20.8603
91  3  0  22.4025
326  5  0  22.4022
561  4  0  22.4018
796  5  0  22.4013
92  3  0  24.4957
327  5  0  24.4953
562  4  0  24.4947
797  5  0  24.4941
93  3  0  27.1103
328  5  0  27.1095
563  4  0  27.1084
798  5  0  27.1072
94  3  0  30.5472
329  5  0  30.5466
564  4  0  30.5457
799  5  0  30.5448
95  3  0  34.481
330  5  0  34.4799
565  4  0  34.4781
800  5  0  34.4763
96  3  0  39.2692
331  5  0  39.2663
566  4  0  39.2618
801  5  0  39.2572
97  3  0  45.7192
332  5  0  45.6992
567  4  0  45.6685
802  5  0  45.6366
98  3  0  58.6375
333  5  0  58.6035
568  4  0  58.5505
803  5  0  58.4939
99  3  0  78.06
334  5  0  78.1216
569  4  0  78.2191
804  5  0  78.3248
100  3  0  98.5937
335  5  0  98.5381
570  4  0  98.45
805  5  0  98.3544
101  3  0  116.595
336  5  0  116.623
571  4  0  116.668
806  5  0  116.716
102  3  0  129.042
337  5  0  129.058
572  4  0  129.083
807  5  0  129.109
103  3  0  136.759
338  5  0  136.765
573  4  0  136.773
808  5  0  136.782
104  3  0  141.822
339  5  0  141.825
574  4  0  141.829
809  5  0  141.833
105  3  0  144.879
340  5  0  144.879
575  4  0  144.88
810  5  0  144.881
106  3  0  147.136
341  5  0  147.136
576  4  0  147.136
811  5  0  147.135
107  3  0  149.832
342  5  0  149.833
577  4  0  149.834
812  5  0  149.834
108  3  0  151.796
343  5  0  151.796
578  4  0  151.797
813  5  0  151.797
109  3  0  153.507
344  5  0  153.508
579  4  0  153.508
814  5  0  153.508
110  3  0  154.686
345  5  0  154.685
580  4  0  154.685
815  5  0  154.684
111  3  0  156.534
346  5  0  156.534
581  1  0  171.592
816  5  0  -175.038
112  3  0  157.947
347  5  0  157.947
582  1  0  157.948
817  5  0  157.949
113  3  0  159.071
348  5  0  159.071
583  1  0  159.071
818  5  0  159.071
114  3  0  160.146
349  5  0  160.146
584  1  0  160.146
819  5  0  160.146
115  3  0  161.184
350  5  0  161.184
585  1  0  161.184
820  5  0  161.184
116  3  0  162.238
351  5  0  162.238
586  1  0  162.238
821  5  0  162.238
117  3  0  163.276
352  5  0  163.276
587  1  0  163.276
822  5  0  163.277
118  3  0  163.977
353  5  0  163.977
588  1  0  163.976
823  5  0  163.976
119  3  0  165.061
354  5  0  165.061
589  1  0  165.061
824  5  0  165.062
120  3  0  165.813
355  5  0  165.813
590  1  0  165.812
825  5  0  165.812
121  3  0  166.962
356  5  0  166.962
591  1  0  166.963
826  5  0  166.964
122  3  0  167.47
357  5  0  167.47
592  1  0  167.47
827  5  0  167.469
123  3  0  168.45
358  5  0  168.45
593  1  0  168.45
828  5  0  168.451
124  3  0  169.163
359  5  0  169.044
594  6  0  -117.734
829  5  0  -89.5259
125  3  0  169.89
360  5  0  169.826
595  6  0  169.739
830  5  0  169.701
126  3  0  170.84
361  5  0  170.84
596  6  0  170.841
831  5  0  170.842
127  3  0  171.483
362  5  0  171.483
597  6  0  171.482
832  5  0  171.482
128  3  0  172.296
363  5  0  172.296
598  6  0  172.296
833  5  0  172.296
129  3  0  172.988
364  5  0  172.988
599  6  0  172.988
834  5  0  172.988
130  3  0  173.776
365  5  0  173.776
600  6  0  173.776
835  5  0  173.776
131  3  0  174.523
366  5  0  174.523
601  6  0  174.523
836  5  0  174.523
132  3  0  175.238
367  5  0  175.238
602  6  0  175.237
837  5  0  175.236
133  3  0  176.209
368  5  0  176.209
603  6  0  176.21
838  5  0  176.212
134  3  0  176.803
369  5  0  176.803
604  6  0  176.803
839  5  0  176.802
135  3  0  177.65
370  5  0  177.65
605  6  0  177.651
840  5  0  177.651
136  3  0  178.42
371  5  0  178.421
606  6  0  178.421
841  5  0  178.421
137  3  0  179.049
372  5  0  179.049
607  6  0  179.048
842  5  0  179.047
138  3  0  179.985
373  5  0  179.985
608  6  0  179.985
843  5  0  179.986
139  3  0  -179.231
374  5  0  -179.231
609  6  0  -179.231
844  5  0  -179.23
140  3  0  -178.559
375  5  0  -178.559
610  6  0  -178.559
845  5  0  -178.559
141  3  0  -177.912
376  5  0  -177.912
611  6  0  -177.913
846  5  0  -177.914
142  3  0  -176.984
377  5  0  -176.984
612  6  0  -176.983
847  5  0  -176.981
143  3  0  -176.46
378  5  0  -176.46
613  6  0  -176.46
848  5  0  -176.46
144  3  0  -175.975
379  5  0  -175.975
614  6  0  -175.975
849  5  0  -175.975
145  3  0  -175.425
380  5  0  -175.425
615  6  0  -175.426
850  5  0  -175.427
146  3  0  -174.547
381  5  0  -174.547
616  6  0  -174.546
851  5  0  -174.544
147  3  0  -174.189
382  5  0  -174.19
617  6  0  -174.19
852  5  0  -174.19
148  3  0  -173.758
383  5  0  -173.758
618  6  0  -173.759
853  5  0  -173.759
149  3  0  -173.008
384  5  0  -173.072
619  6  0  -173.206
854  5  0  -173.3
150  3  0  -172.547
385  5  0  -172.584
620  6  0  165.53
855  5  0  150.157
151  3  0  -171.933
386  5  0  -171.933
621  1  0  -171.932
856  5  0  -171.932
152  3  0  -171.421
387  5  0  -171.421
622  1  0  -171.421
857  5  0  -171.42
153  3  0  -171.145
388  5  0  -171.145
623  1  0  -171.145
858  5  0  -171.146
154  3  0  -170.718
389  5  0  -170.718
624  1  0  -170.718
859  5  0  -170.718
155  3  0  -170.393
390  5  0  -170.393
625  1  0  -170.393
860  5  0  -170.393
156  3  0  -170.127
391  5  0  -170.127
626  1  0  -170.127
861  5  0  -170.127
157  3  0  -169.881
392  5  0  -169.881
627  1  0  -169.881
862  5  0  -169.881
158  3  0  -169.725
393  5  0  -169.725
628  1  0  -169.725
863  5  0  -169.725
159  3  0  -169.339
394  5  0  -169.339
629  1  0  -169.339
864  5  0  -169.338
160  3  0  -168.992
395  5  0  -168.992
630  1  0  -168.992
865  5  0  -168.992
161  3  0  -168.668
396  5  0  -168.668
631  1  0  -168.668
866  5  0  -168.668
162  3  0  -168.607
397  5  0  -168.607
632  1  0  -168.607
867  5  0  -168.607
163  3  0  -168.309
398  5  0  -168.309
633  1  0  -168.309
868  5  0  -168.309
164  3  0  -168.205
399  5  0  -168.205
634  1  0  -168.205
869  5  0  -168.204
165  3  0  -168.113
400  5  0  -168.113
635  1  0  -168.113
870  5  0  -168.113
166  3  0  -167.657
401  5  0  -167.656
636  1  0  -167.656
871  5  0  -167.656
167  3  0  -167.735
402  5  0  -167.735
637  1  0  -167.735
872  5  0  -167.735
168  3  0  -167.478
403  5  0  -167.478
638  1  0  -167.478
873  5  0  -167.478
169  3  0  -167.294
404  5  0  -167.294
639  1  0  -167.294
874  5  0  -167.294
170  3  0  -167.474
405  5  0  -167.474
640  1  0  -167.474
875  5  0  -167.474
171  3  0  -167.221
406  5  0  -167.221
641  1  0  -167.221
876  5  0  -167.221
172  3  0  -166.952
407  5  0  -166.952
642  1  0  -166.952
877  5  0  -166.952
173  3  0  -167.041
408  5  0  -167.041
643  1  0  -167.041
878  5  0  -167.041
174  3  0  -167.059
409  5  0  -167.059
644  1  0  -167.06
879  5  0  -167.06
175  3  0  -166.783
410  5  0  -166.783
645  1  0  -166.783
880  5  0  -166.783
176  3  0  -166.768
411  5  0  -166.768
646  1  0  -166.769
881  5  0  -166.769
177  3  0  -166.484
412  5  0  -166.484
647  1  0  -166.484
882  5  0  -166.484
178  3  0  -166.602
413  5  0  -166.602
648  1  0  -166.602
883  5  0  -166.602
179  3  0  -166.571
414  5  0  -166.571
649  1  0  -166.571
884  5  0  -166.571
180  3  0  -166.4
415  5  0  -166.4
650  1  0  -166.4
885  5  0  -166.4
181  3  0  -166.194
416  5  0  -166.194
651  1  0  -166.194
886  5  0  -166.194
182  3  0  -166.048
417  5  0  -166.048
652  1  0  -166.048
887  5  0  -166.048
183  3  0  -166.148
418  5  0  -166.148
653  1  0  -166.148
888  5  0  -166.148
184  3  0  -166.211
419  5  0  -166.211
654  1  0  -166.211
889  5  0  -166.211
185  3  0  -165.97
420  5  0  -165.969
655  1  0  -165.969
890  5  0  -165.969
186  3  0  -165.984
421  5  0  -165.984
656  1  0  -165.984
891  5  0  -165.984
187  3  0  -166.027
422  5  0  -166.027
657  1  0  -166.027
892  5  0  -166.027
188  3  0  -165.977
423  5  0  -165.977
658  1  0  -178.277
893  5  0  170.457
189  3  0  -165.851
424  5  0  -165.851
659  4  0  -165.851
894  5  0  -165.851
190  3  0  -165.702
425  5  0  -165.702
660  4  0  -165.702
895  5  0  -165.702
191  3  0  -165.735
426  5  0  -165.735
661  4  0  -165.735
896  5  0  -165.735
192  3  0  -165.51
427  5  0  -165.51
662  4  0  -165.51
897  5  0  -165.51
193  3  0  -165.307
428  5  0  -165.307
663  4  0  -165.307
898  5  0  -165.307
194  3  0  -165.281
429  5  0  -165.281
664  4  0  -165.281
899  5  0  -165.281
195  3  0  -165.23
430  5  0  -165.23
665  4  0  -165.23
900  5  0  -165.23
196  3  0  -164.79
431  5  0  -164.79
666  4  0  -164.79
901  5  0  -164.79
197  3  0  -164.351
432  5  0  -164.446
667  4  0  -164.593
902  5  0  -164.747
198  3  0  -140.03
433  5  0  -139.925
668  4  0  -139.563
903  5  0  -136.35
199  2  0  -90.0333
434  1  0  -90.0333
669  1  0  -90.0333
904  2  0  89.9667
200  2  0  -90.0333
435  1  0  -90.0333
670  1  0  -90.0333
905  2  0  -90.0333
201  2  0  -90.0333
436  1  0  -90.0333
671  1  0  -90.0333
906  2  0  -90.0333
202  2  0  -90.0333
437  1  0  -90.0333
672  1  0  -90.0333
907  2  0  -90.0333
203  2  0  -90.0333
438  1  0  -90.0333
673  1  0  -90.0333
908  2  0  -90.0333
204  2  0  -90.0333
439  1  0  -90.0333
674  1  0  -90.0333
909  2  0  -90.0333
205  2  0  -90.0333
440  1  0  -90.0333
675  1  0  -90.0333
910  2  0  -90.0333
206  2  0  -90.0333
441  1  0  -90.0333
676  1  0  -90.0333
911  2  0  -90.0333
207  2  0  -90.0333
442  1  0  -90.0333
677  1  0  -90.0333
912  2  0  -90.0333
208  2  0  -90.0333
443  1  0  -90.0333
678  1  0  -90.0333
913  2  0  -90.0333
209  2  0  -90.0333
444  1  0  -90.0333
679  1  0  -90.0333
914  2  0  -90.0333
210  2  0  -90.0333
445  1  0  -90.0333
680  1  0  -90.0333
915  2  0  -90.0333
211  2  0  -90.0333
446  1  0  -90.0333
681  1  0  -90.0333
916  2  0  -90.0333
212  2  0  -90.0333
447  1  0  -90.0333
682  1  0  -90.0333
917  2  0  -90.0333
213  2  0  -90.0333
448  1  0  -90.0333
683  1  0  -90.0333
918  2  0  -90.0333
214  2  0  -90.0333
449  1  0  -90.0333
684  1  0  -90.0333
919  2  0  -90.0333
215  2  0  -90.0333
450  1  0  -90.0333
685  1  0  -90.0333
920  2  0  -90.0333
216  2  0  -90.0333
451  1  0  -90.0333
686  1  0  -90.0333
921  2  0  89.9667
217  2  0  -90.0384
452  1  0  -90.0384
687  1  0  89.9616
922  2  0  89.9616
218  2  0  -90.0384
453  1  0  -90.0384
688  1  0  -90.0384
923  2  0  -90.0384
219  2  0  -90.0384
454  1  0  -90.0384
689  1  0  -90.0384
924  2  0  -90.0384
220  2  0  -90.0384
455  1  0  -90.0384
690  1  0  -90.0384
925  2  0  -90.0384
221  2  0  -90.0384
456  1  0  -90.0384
691  1  0  -90.0384
926  2  0  -90.0384
222  2  0  -90.0384
457  1  0  -90.0384
692  1  0  -90.0384
927  2  0  -90.0384
223  2  0  -90.0384
458  1  0  -90.0384
693  1  0  -90.0384
928  2  0  -90.0384
224  2  0  -90.0384
459  1  0  -90.0384
694  1  0  -90.0384
929  2  0  -90.0384
225  2  0  -90.0384
460  1  0  -90.0384
695  1  0  -90.0384
930  2  0  -90.0384
226  2  0  -90.0384
461  1  0  -90.0384
696  1  0  -90.0384
931  2  0  -90.0384
227  2  0  -90.0384
462  1  0  -90.0384
697  1  0  -90.0384
932  2  0  -90.0384
228  2  0  -90.0384
463  1  0  -90.0384
698  1  0  -90.0384
933  2  0  -90.0384
229  2  0  -90.0384
464  1  0  -90.0384
699  1  0  -90.0384
934  2  0  -90.0384
230  2  0  -90.0384
465  1  0  -90.0384
700  1  0  -90.0384
935  2  0  -90.0384
231  2  0  -90.0384
466  1  0  -90.0384
701  1  0  -90.0384
936  2  0  -90.0384
232  2  0  -90.0384
467  1  0  -90.0384
702  1  0  -90.0384
937  2  0  -90.0384
233  2  0  -90.0384
468  1  0  -90.0384
703  1  0  -90.0384
938  2  0  -90.0384
234  2  0  -90.0384
469  1  0  -90.0384
704  1  0  -90.0384
939  2  0  -90.0384
235  2  0  -90.0384
470  1  0  -90.0384
705  1  0  89.9616
940  2  0  89.9616
