1  -1.28490000e+00  -5.12459520e-03
2  -1.26576286e+00  -2.12489471e-03
3  -1.24659045e+00  6.36059219e-04
4  -1.22738404e+00  3.15425839e-03
5  -1.20814343e+00  5.39571235e-03
6  -1.18888131e+00  7.44463405e-03
7  -1.16958420e+00  9.13081993e-03
8  -1.15026665e+00  1.05650466e-02
9  -1.13092540e+00  1.16254243e-02
10  -1.11156703e+00  1.23156740e-02
11  -1.09220000e+00  1.26631646e-02
12  -1.06524701e+00  1.24577841e-02
13  -1.04563009e+00  1.19088314e-02
14  -1.02602557e+00  1.10042411e-02
15  -1.00643695e+00  9.81007550e-03
16  -9.86879959e-01  8.18371097e-03
17  -9.67347886e-01  6.27150321e-03
18  -9.47849849e-01  4.04632985e-03
19  -9.28393971e-01  1.47566036e-03
20  -9.08975552e-01  -1.36494980e-03
21  -8.89601400e-01  -4.49210879e-03
22  -8.70281550e-01  -7.94121194e-03
23  -8.51011428e-01  -1.16593203e-02
24  -8.31780096e-01  -1.55729639e-02
25  -8.12594440e-01  -1.97036446e-02
26  -7.93459471e-01  -2.40623627e-02
27  -7.74362311e-01  -2.85854767e-02
28  -7.55287965e-01  -3.32039853e-02
29  -7.36257820e-01  -3.80014126e-02
30  -7.17273540e-01  -4.29765937e-02
31  -6.98308475e-01  -4.80251239e-02
32  -6.79354704e-01  -5.31159127e-02
33  -6.60414658e-01  -5.82575710e-02
34  -6.41494504e-01  -6.34719168e-02
35  -6.22581140e-01  -6.87108577e-02
36  -6.03670371e-01  -7.39591712e-02
37  -5.84756602e-01  -7.91966636e-02
38  -5.65844023e-01  -8.44384495e-02
39  -5.46924727e-01  -8.96558715e-02
40  -5.27993689e-01  -9.48305993e-02
41  -5.09030783e-01  -9.98872849e-02
42  -4.90052262e-01  -1.04884898e-01
43  -4.71058001e-01  -1.09822408e-01
44  -4.52044631e-01  -1.14685912e-01
45  -4.32990060e-01  -1.19384572e-01
46  -4.13911120e-01  -1.23983850e-01
47  -3.94810010e-01  -1.28490344e-01
48  -3.75671650e-01  -1.32835984e-01
49  -3.56511281e-01  -1.37082969e-01
50  -3.30000000e-01  -1.42736101e-01
51  -3.10613194e-01  -1.46676615e-01
52  -2.91177539e-01  -1.50369588e-01
53  -2.71707637e-01  -1.53876467e-01
54  -2.52209454e-01  -1.57221414e-01
55  -2.32681099e-01  -1.60387777e-01
56  -2.13117913e-01  -1.63331374e-01
57  -1.93523483e-01  -1.66055339e-01
58  -1.73902898e-01  -1.68586876e-01
59  -1.54259482e-01  -1.70936057e-01
60  -1.34581607e-01  -1.72974283e-01
61  -1.14888790e-01  -1.74863189e-01
62  -9.51814808e-02  -1.76591284e-01
63  -7.54531922e-02  -1.78067012e-01
64  -5.57097535e-02  -1.79323008e-01
65  -3.59529843e-02  -1.80336565e-01
66  -1.61855305e-02  -1.81122443e-01
67  3.58917415e-03  -1.81706140e-01
68  2.33693413e-02  -1.82063830e-01
69  4.31520976e-02  -1.82143984e-01
70  6.29338884e-02  -1.81956431e-01
71  8.27121578e-02  -1.81518454e-01
72  1.02484178e-01  -1.80852082e-01
73  1.22244992e-01  -1.79907436e-01
74  1.41991356e-01  -1.78700760e-01
75  1.61719101e-01  -1.77223348e-01
76  1.81422727e-01  -1.75456652e-01
77  2.01100000e-01  -1.73413862e-01
78  2.22935368e-01  -1.70816396e-01
79  2.42306200e-01  -1.68196406e-01
80  2.61636353e-01  -1.65289561e-01
81  2.80925753e-01  -1.62124471e-01
82  3.00153550e-01  -1.58603116e-01
83  3.19324854e-01  -1.54785940e-01
84  3.38435862e-01  -1.50677808e-01
85  3.57469387e-01  -1.46224909e-01
86  3.76400671e-01  -1.41355410e-01
87  3.95246496e-01  -1.36166125e-01
88  4.13980491e-01  -1.30586782e-01
89  4.32593442e-01  -1.24617379e-01
90  4.53500000e-01  -1.17391132e-01
91  4.72239104e-01  -1.10250432e-01
92  4.90778165e-01  -1.02608200e-01
93  5.09025577e-01  -9.42940158e-02
94  5.26874846e-01  -8.51559735e-02
95  5.44139758e-01  -7.49669656e-02
96  5.60666179e-01  -6.36166371e-02
97  5.76185202e-01  -5.09281400e-02
98  5.90169381e-01  -3.65866802e-02
99  6.00568233e-01  -1.95216957e-02
100  6.04700000e-01  0.00000000e+00
101  6.01857901e-01  1.87858222e-02
102  5.93367253e-01  3.57488327e-02
103  5.81388047e-01  5.05211549e-02
104  5.67524505e-01  6.35590442e-02
105  5.52559670e-01  7.53259759e-02
106  5.36987151e-01  8.62792863e-02
107  5.20993723e-01  9.66114560e-02
108  5.04533010e-01  1.06179508e-01
109  4.87753720e-01  1.15177945e-01
110  4.70712630e-01  1.23671622e-01
111  4.53500000e-01  1.31813214e-01
112  4.32757044e-01  1.40817770e-01
113  4.14258314e-01  1.48311645e-01
114  3.95615848e-01  1.55441395e-01
115  3.76842765e-01  1.62219989e-01
116  3.57949874e-01  1.68657549e-01
117  3.38941727e-01  1.74746607e-01
118  3.19826357e-01  1.80490330e-01
119  3.00641980e-01  1.85999657e-01
120  2.81357041e-01  1.91145165e-01
121  2.62006118e-01  1.96036957e-01
122  2.42561519e-01  2.00539721e-01
123  2.23077088e-01  2.04869863e-01
124  2.01100000e-01  2.09361114e-01
125  1.81682816e-01  2.13072776e-01
126  1.62221284e-01  2.16538172e-01
127  1.42704769e-01  2.19685074e-01
128  1.23154096e-01  2.22612935e-01
129  1.03563721e-01  2.25263175e-01
130  8.39428839e-02  2.27676404e-01
131  6.42911415e-02  2.29819597e-01
132  4.46131003e-02  2.31706429e-01
133  2.49129063e-02  2.33347397e-01
134  5.18733584e-03  2.34654532e-01
135  -1.45505924e-02  2.35756853e-01
136  -3.43018427e-02  2.36567297e-01
137  -5.40627958e-02  2.37112203e-01
138  -7.38288963e-02  2.37440349e-01
139  -9.35976412e-02  2.37445653e-01
140  -1.13363955e-01  2.37180410e-01
141  -1.33126018e-01  2.36683258e-01
142  -1.52881581e-01  2.35962878e-01
143  -1.72623011e-01  2.34922808e-01
144  -1.92353899e-01  2.33702305e-01
145  -2.12073677e-01  2.32314725e-01
146  -2.31779506e-01  2.30737732e-01
147  -2.51458767e-01  2.28859238e-01
148  -2.71125873e-01  2.26857882e-01
149  -2.90777157e-01  2.24708349e-01
150  -3.10398610e-01  2.22298936e-01
151  -3.30000000e-01  2.19731959e-01
152  -3.57249464e-01  2.15869564e-01
153  -3.77153593e-01  2.12866719e-01
154  -3.97043127e-01  2.09768216e-01
155  -4.16909031e-01  2.06521387e-01
156  -4.36756186e-01  2.03162070e-01
157  -4.56587465e-01  1.99710727e-01
158  -4.76403806e-01  1.96173970e-01
159  -4.96210483e-01  1.92583490e-01
160  -5.15992397e-01  1.88859439e-01
161  -5.35751324e-01  1.85015911e-01
162  -5.55488370e-01  1.81060531e-01
163  -5.75221214e-01  1.77084235e-01
164  -5.94933066e-01  1.73005490e-01
165  -6.14637483e-01  1.68890639e-01
166  -6.34335174e-01  1.64744174e-01
167  -6.53999330e-01  1.60441065e-01
168  -6.73669358e-01  1.56164865e-01
169  -6.93319874e-01  1.51800671e-01
170  -7.12956375e-01  1.47373131e-01
171  -7.32606704e-01  1.43007285e-01
172  -7.52237567e-01  1.38554746e-01
173  -7.71847313e-01  1.34010267e-01
174  -7.91464075e-01  1.29496214e-01
175  -8.11082252e-01  1.24988436e-01
176  -8.30678531e-01  1.20386056e-01
177  -8.50273635e-01  1.15778677e-01
178  -8.69845618e-01  1.11074055e-01
179  -8.89427229e-01  1.06409692e-01
180  -9.09006300e-01  1.01734663e-01
181  -9.28571326e-01  9.70013471e-02
182  -9.48119212e-01  9.21977135e-02
183  -9.67654860e-01  8.73444368e-02
184  -9.87198842e-01  8.25250583e-02
185  -1.00674809e+00  7.77271031e-02
186  -1.02627704e+00  7.28469479e-02
187  -1.04580723e+00  6.79717811e-02
188  -1.06534107e+00  6.31112117e-02
189  -1.09220000e+00  5.64029358e-02
190  -1.11153741e+00  5.15282198e-02
191  -1.13086214e+00  4.66032566e-02
192  -1.15018967e+00  4.16893444e-02
193  -1.16949769e+00  3.66993726e-02
194  -1.18878799e+00  3.16412925e-02
195  -1.20807599e+00  2.65743982e-02
196  -1.22735945e+00  2.14904168e-02
197  -1.24660331e+00  1.62584989e-02
198  -1.26580434e+00  1.08740069e-02
199  -3.10410531e-01  2.01800294e-01
200  -3.10422452e-01  1.81301652e-01
201  -3.10434374e-01  1.60803011e-01
202  -3.10446295e-01  1.40304369e-01
203  -3.10458216e-01  1.19805727e-01
204  -3.10470138e-01  9.93070855e-02
205  -3.10482059e-01  7.88084437e-02
206  -3.10493980e-01  5.83098020e-02
207  -3.10505902e-01  3.78111603e-02
208  -3.10517823e-01  1.73125186e-02
209  -3.10529744e-01  -3.18612318e-03
210  -3.10541666e-01  -2.36847649e-02
211  -3.10553587e-01  -4.41834066e-02
212  -3.10565508e-01  -6.46820484e-02
213  -3.10577430e-01  -8.51806901e-02
214  -3.10589351e-01  -1.05679332e-01
215  -3.10601272e-01  -1.26177974e-01
216  1.81669127e-01  1.92623858e-01
217  1.81655438e-01  1.72174941e-01
218  1.81641749e-01  1.51726024e-01
219  1.81628060e-01  1.31277107e-01
220  1.81614371e-01  1.10828189e-01
221  1.81600683e-01  9.03792720e-02
222  1.81586994e-01  6.99303548e-02
223  1.81573305e-01  4.94814375e-02
224  1.81559616e-01  2.90325203e-02
225  1.81545927e-01  8.58360301e-03
226  1.81532238e-01  -1.18653142e-02
227  1.81518549e-01  -3.23142315e-02
228  1.81504861e-01  -5.27631487e-02
229  1.81491172e-01  -7.32120660e-02
230  1.81477483e-01  -9.36609832e-02
231  1.81463794e-01  -1.14109900e-01
232  1.81450105e-01  -1.34558818e-01
233  1.81436416e-01  -1.55007735e-01
2467  -1.28319914e+00  -4.35188482e-03
2468  -1.26583721e+00  -1.63045349e-03
2469  -1.24665859e+00  1.13139503e-03
2470  -1.22744547e+00  3.65047041e-03
2471  -1.20819880e+00  5.89263678e-03
2472  -1.18892952e+00  7.94230464e-03
2473  -1.16962447e+00  9.62919536e-03
2474  -1.15029885e+00  1.10640089e-02
2475  -1.13094800e+00  1.21249135e-02
2476  -1.11158042e+00  1.28154946e-02
2477  -1.09220258e+00  1.31631579e-02
2478  -1.06523811e+00  1.29577049e-02
2479  -1.04561157e+00  1.24084884e-02
2480  -1.02599883e+00  1.15035258e-02
2481  -1.00640102e+00  1.03087826e-02
2482  -9.86834880e-01  8.68167475e-03
2483  -9.67295179e-01  6.76871740e-03
2484  -9.47788752e-01  4.54258302e-03
2485  -9.28325036e-01  1.97088552e-03
2486  -9.08899527e-01  -8.70763344e-04
2487  -8.89517624e-01  -3.99917724e-03
2488  -8.70190248e-01  -7.44961872e-03
2489  -8.50914210e-01  -1.11688628e-02
2490  -8.31677621e-01  -1.50835777e-02
2491  -8.12486294e-01  -1.92154802e-02
2492  -7.93346327e-01  -2.35753324e-02
2493  -7.74245860e-01  -2.80992266e-02
2494  -7.55168019e-01  -3.27185856e-02
2495  -7.36133330e-01  -3.75171584e-02
2496  -7.17145852e-01  -4.24931728e-02
2497  -6.98179315e-01  -4.75420942e-02
2498  -6.79224358e-01  -5.26332017e-02
2499  -6.60282738e-01  -5.77752878e-02
2500  -6.41361345e-01  -6.29899743e-02
2501  -6.22447548e-01  -6.82290349e-02
2502  -6.03536798e-01  -7.34773433e-02
2503  -5.84623112e-01  -7.87148126e-02
2504  -5.65710788e-01  -8.39565278e-02
2505  -5.46792346e-01  -8.91737145e-02
2506  -5.27863355e-01  -9.43478849e-02
2507  -5.08902706e-01  -9.94039669e-02
2508  -4.89925703e-01  -1.04401180e-01
2509  -4.70933150e-01  -1.09338247e-01
2510  -4.51922822e-01  -1.14200976e-01
2511  -4.32871617e-01  -1.18898803e-01
2512  -4.13795125e-01  -1.23497491e-01
2513  -3.94697246e-01  -1.28003226e-01
2514  -3.75562192e-01  -1.32348112e-01
2515  -3.56405043e-01  -1.36594386e-01
2516  -3.29898066e-01  -1.42246602e-01
2517  -3.09165063e-01  -1.46451781e-01
2518  -2.91086554e-01  -1.49877936e-01
2519  -2.71621049e-01  -1.53384021e-01
2520  -2.52127170e-01  -1.56728231e-01
2521  -2.32603887e-01  -1.59893775e-01
2522  -2.13046291e-01  -1.62836530e-01
2523  -1.93457068e-01  -1.65559770e-01
2524  -1.73841220e-01  -1.68090695e-01
2525  -1.54204037e-01  -1.70439141e-01
2526  -1.34531979e-01  -1.72476752e-01
2527  -1.14843081e-01  -1.74365283e-01
2528  -9.51409932e-02  -1.76092926e-01
2529  -7.54186712e-02  -1.77568205e-01
2530  -5.56810725e-02  -1.78823831e-01
2531  -3.59302441e-02  -1.79837082e-01
2532  -1.61682230e-02  -1.80622743e-01
2533  3.60107055e-03  -1.81206282e-01
2534  2.33748744e-02  -1.81563861e-01
2535  4.31507403e-02  -1.81643986e-01
2536  6.29259833e-02  -1.81456493e-01
2537  8.26982019e-02  -1.81018649e-01
2538  1.02463819e-01  -1.80352497e-01
2539  1.22217805e-01  -1.79408176e-01
2540  1.41957436e-01  -1.78201912e-01
2541  1.61678103e-01  -1.76725032e-01
2542  1.82871157e-01  -1.74814205e-01
2543  2.01044653e-01  -1.72916935e-01
2544  2.22872326e-01  -1.70320386e-01
2545  2.42235513e-01  -1.67701428e-01
2546  2.61558695e-01  -1.64795629e-01
2547  2.80840234e-01  -1.61631839e-01
2548  3.00059693e-01  -1.58112004e-01
2549  3.19223492e-01  -1.54296322e-01
2550  3.38326368e-01  -1.50189944e-01
2551  3.57350152e-01  -1.45739334e-01
2552  3.76272020e-01  -1.40872244e-01
2553  3.95108763e-01  -1.35685470e-01
2554  4.13832778e-01  -1.30109099e-01
2555  4.32435414e-01  -1.24143009e-01
2556  4.53329288e-01  -1.16921177e-01
2557  4.72054789e-01  -1.09785644e-01
2558  4.90579197e-01  -1.02149493e-01
2559  5.08807937e-01  -9.38438682e-02
2560  5.26633748e-01  -8.47179416e-02
2561  5.43871003e-01  -7.45453367e-02
2562  5.60366140e-01  -6.32166664e-02
2563  5.75847431e-01  -5.05594789e-02
2564  5.89774395e-01  -3.62801090e-02
2565  6.00103517e-01  -1.93371991e-02
2566  6.04192065e-01  1.48412793e-05
2567  6.01381296e-01  1.86346673e-02
2568  5.92947039e-01  3.54778718e-02
2569  5.81021768e-01  5.01808030e-02
2570  5.67198389e-01  6.31800345e-02
2571  5.52261208e-01  7.49248268e-02
2572  5.36707609e-01  8.58647311e-02
2573  5.20732357e-01  9.61852077e-02
2574  5.04289187e-01  1.05742987e-01
2575  4.87524021e-01  1.14733830e-01
2576  4.70494202e-01  1.23221856e-01
2577  4.53293527e-01  1.31357836e-01
2578  4.32563613e-01  1.40356701e-01
2579  4.14075136e-01  1.47846408e-01
2580  3.95441632e-01  1.54972728e-01
2581  3.76677221e-01  1.61748189e-01
2582  3.57792968e-01  1.68182807e-01
2583  3.38793512e-01  1.74269080e-01
2584  3.19685407e-01  1.80010608e-01
2585  3.00508520e-01  1.85517798e-01
2586  2.81231318e-01  1.90661229e-01
2587  2.61888441e-01  1.95551002e-01
2588  2.42450882e-01  2.00052115e-01
2589  2.22972793e-01  2.04380861e-01
2590  2.01003004e-01  2.08870612e-01
2591  1.83130297e-01  2.12297121e-01
2592  1.62137658e-01  2.16045215e-01
2593  1.42627945e-01  2.19191011e-01
2594  1.23083552e-01  2.22117936e-01
2595  1.03499686e-01  2.24767292e-01
2596  8.38852602e-02  2.27179736e-01
2597  6.42401746e-02  2.29322201e-01
2598  4.45684852e-02  2.31208423e-01
2599  2.48756223e-02  2.32848789e-01
2600  5.15686494e-03  2.34155461e-01
2601  -1.45747828e-02  2.35257439e-01
2602  -3.43189837e-02  2.36067591e-01
2603  -5.40738369e-02  2.36612325e-01
2604  -7.38331133e-02  2.36940367e-01
2605  -9.35943538e-02  2.36945664e-01
2606  -1.13354313e-01  2.36680503e-01
2607  -1.33110620e-01  2.36183495e-01
2608  -1.52859317e-01  2.35463374e-01
2609  -1.72594423e-01  2.34423626e-01
2610  -1.92320916e-01  2.33203394e-01
2611  -2.12036186e-01  2.31816133e-01
2612  -2.31735806e-01  2.30239645e-01
2613  -2.51409701e-01  2.28361651e-01
2614  -2.71073379e-01  2.26360645e-01
2615  -2.90719502e-01  2.24211684e-01
2616  -3.08950796e-01  2.21978619e-01
2617  -3.29932452e-01  2.19236543e-01
2618  -3.57177084e-01  2.15374831e-01
2619  -3.77077816e-01  2.12372494e-01
2620  -3.96964320e-01  2.09274466e-01
2621  -4.16826985e-01  2.06028164e-01
2622  -4.36671600e-01  2.02669277e-01
2623  -4.56500675e-01  1.99218317e-01
2624  -4.76315289e-01  1.95681868e-01
2625  -4.96119639e-01  1.92091812e-01
2626  -5.15898410e-01  1.88368352e-01
2627  -5.35654464e-01  1.84525383e-01
2628  -5.55389862e-01  1.80570331e-01
2629  -5.75121173e-01  1.76594345e-01
2630  -5.94831305e-01  1.72515955e-01
2631  -6.14534881e-01  1.68401279e-01
2632  -6.34230233e-01  1.64255311e-01
2633  -6.53892778e-01  1.59952550e-01
2634  -6.73562047e-01  1.55676516e-01
2635  -6.93210684e-01  1.51312739e-01
2636  -7.12847165e-01  1.46885204e-01
2637  -7.32497183e-01  1.42519427e-01
2638  -7.52125827e-01  1.38067392e-01
2639  -7.71734809e-01  1.33523088e-01
2640  -7.91352027e-01  1.29008930e-01
2641  -8.10969107e-01  1.24501406e-01
2642  -8.30564150e-01  1.19899315e-01
2643  -8.50157983e-01  1.15292236e-01
2644  -8.69729259e-01  1.10587783e-01
2645  -8.89311238e-01  1.05923332e-01
2646  -9.08889452e-01  1.01248508e-01
2647  -9.28452881e-01  9.65155790e-02
2648  -9.47999277e-01  9.17123110e-02
2649  -9.67534729e-01  8.68590827e-02
2650  -9.87079398e-01  8.20395347e-02
2651  -1.00662789e+00  7.72417658e-02
2652  -1.02615588e+00  7.23618490e-02
2653  -1.04568632e+00  6.74866215e-02
2654  -1.06522012e+00  6.26260599e-02
2655  -1.09207831e+00  5.59179701e-02
2656  -1.11141456e+00  5.10435468e-02
2657  -1.13073880e+00  4.61187084e-02
2658  -1.15006551e+00  4.12050044e-02
2659  -1.16937173e+00  3.62154995e-02
2660  -1.18866106e+00  3.11576714e-02
2661  -1.20794874e+00  2.60908624e-02
2662  -1.22723013e+00  2.10074305e-02
2663  -1.24647022e+00  1.57765377e-02
2664  -1.26557106e+00  1.04317605e-02
2665  -3.08962531e-01  2.01799452e-01
2666  -3.08974452e-01  1.81300810e-01
2667  -3.08986374e-01  1.60802169e-01
2668  -3.08998295e-01  1.40303527e-01
2669  -3.09010216e-01  1.19804885e-01
2670  -3.09022138e-01  9.93062434e-02
2671  -3.09034059e-01  7.88076016e-02
2672  -3.09045980e-01  5.83089599e-02
2673  -3.09057902e-01  3.78103182e-02
2674  -3.09069823e-01  1.73116765e-02
2675  -3.09081744e-01  -3.18696530e-03
2676  -3.09093666e-01  -2.36856070e-02
2677  -3.09105587e-01  -4.41842487e-02
2678  -3.09117508e-01  -6.46828905e-02
2679  -3.09129430e-01  -8.51815322e-02
2680  -3.09141351e-01  -1.05680174e-01
2681  -3.09153272e-01  -1.26178816e-01
2682  1.83117127e-01  1.92622889e-01
2683  1.83103438e-01  1.72173972e-01
2684  1.83089749e-01  1.51725055e-01
2685  1.83076060e-01  1.31276138e-01
2686  1.83062371e-01  1.10827220e-01
2687  1.83048683e-01  9.03783027e-02
2688  1.83034994e-01  6.99293855e-02
2689  1.83021305e-01  4.94804682e-02
2690  1.83007616e-01  2.90315510e-02
2691  1.82993927e-01  8.58263368e-03
2692  1.82980238e-01  -1.18662835e-02
2693  1.82966549e-01  -3.23152008e-02
2694  1.82952861e-01  -5.27641180e-02
2695  1.82939172e-01  -7.32130353e-02
2696  1.82925483e-01  -9.36619525e-02
2697  1.82911794e-01  -1.14110869e-01
2698  1.82898105e-01  -1.34559787e-01
2699  1.82884416e-01  -1.55008704e-01
4933  -1.27504524e+00  -6.47511239e-04
4934  -1.26619364e+00  7.39897742e-04
4935  -1.24698523e+00  3.50603493e-03
4936  -1.22773996e+00  6.02931082e-03
4937  -1.20846426e+00  8.27489248e-03
4938  -1.18916063e+00  1.03281374e-02
4939  -1.16981754e+00  1.20184072e-02
4940  -1.15045320e+00  1.34560339e-02
4941  -1.13105632e+00  1.45194647e-02
4942  -1.11164463e+00  1.52116344e-02
4943  -1.09221495e+00  1.55601260e-02
4944  -1.06519545e+00  1.53543253e-02
4945  -1.04552280e+00  1.48038440e-02
4946  -1.02587066e+00  1.38970964e-02
4947  -1.00622875e+00  1.26995847e-02
4948  -9.86618774e-01  1.10689131e-02
4949  -9.67042500e-01  9.15236223e-03
4950  -9.47495855e-01  6.92162072e-03
4951  -9.27994561e-01  4.34499494e-03
4952  -9.08535065e-01  1.49836653e-03
4953  -8.89115999e-01  -1.63606341e-03
4954  -8.69752545e-01  -5.09292081e-03
4955  -8.50448145e-01  -8.81760942e-03
4956  -8.31186356e-01  -1.27374602e-02
4957  -8.11967842e-01  -1.68752203e-02
4958  -7.92803917e-01  -2.12405091e-02
4959  -7.73687593e-01  -2.57681438e-02
4960  -7.54592996e-01  -3.03915793e-02
4961  -7.35536523e-01  -3.51956436e-02
4962  -7.16533716e-01  -4.01756528e-02
4963  -6.97560123e-01  -4.52264496e-02
4964  -6.78599478e-01  -5.03190854e-02
4965  -6.59650312e-01  -5.54632223e-02
4966  -6.40722979e-01  -6.06795417e-02
4967  -6.21807108e-01  -6.59191765e-02
4968  -6.02896446e-01  -7.11674603e-02
4969  -5.83983159e-01  -7.64048192e-02
4970  -5.65072061e-01  -8.16461953e-02
4971  -5.46157714e-01  -8.68622537e-02
4972  -5.27238537e-01  -9.20337521e-02
4973  -5.08288705e-01  -9.70869404e-02
4974  -4.89318979e-01  -1.02082238e-01
4975  -4.70334617e-01  -1.07017176e-01
4976  -4.51338867e-01  -1.11876196e-01
4977  -4.32303801e-01  -1.16570028e-01
4978  -4.13239048e-01  -1.21165885e-01
4979  -3.94156655e-01  -1.25667980e-01
4980  -3.75037451e-01  -1.30009254e-01
4981  -3.55895738e-01  -1.34252118e-01
4982  -3.29409395e-01  -1.39899943e-01
4983  -3.02181440e-01  -1.45382043e-01
4984  -2.90650372e-01  -1.47520956e-01
4985  -2.71205949e-01  -1.51023238e-01
4986  -2.51732699e-01  -1.54363913e-01
4987  -2.32233733e-01  -1.57525527e-01
4988  -2.12702934e-01  -1.60464250e-01
4989  -1.93138674e-01  -1.63184010e-01
4990  -1.73545536e-01  -1.65712002e-01
4991  -1.53938233e-01  -1.68056924e-01
4992  -1.34294065e-01  -1.70091588e-01
4993  -1.14623954e-01  -1.71978320e-01
4994  -9.49468957e-02  -1.73703797e-01
4995  -7.52531777e-02  -1.75176925e-01
4996  -5.55435757e-02  -1.76430778e-01
4997  -3.58212278e-02  -1.77442563e-01
4998  -1.60852506e-02  -1.78227179e-01
4999  3.65810188e-03  -1.78809960e-01
5000  2.34014003e-02  -1.79167007e-01
5001  4.31442335e-02  -1.79246995e-01
5002  6.28880865e-02  -1.79059793e-01
5003  8.26312974e-02  -1.78622583e-01
5004  1.02366219e-01  -1.77957484e-01
5005  1.22087472e-01  -1.77014722e-01
5006  1.41794825e-01  -1.75810434e-01
5007  1.61481561e-01  -1.74336103e-01
5008  1.89856223e-01  -1.71730321e-01
5009  2.00779317e-01  -1.70534666e-01
5010  2.22570105e-01  -1.67942515e-01
5011  2.41896639e-01  -1.65328503e-01
5012  2.61186401e-01  -1.62427717e-01
5013  2.80430255e-01  -1.59270160e-01
5014  2.99609740e-01  -1.55757614e-01
5015  3.18737562e-01  -1.51949094e-01
5016  3.37801451e-01  -1.47851126e-01
5017  3.56778541e-01  -1.43411487e-01
5018  3.75655268e-01  -1.38555949e-01
5019  3.94448468e-01  -1.33381208e-01
5020  4.13124640e-01  -1.27819088e-01
5021  4.31677828e-01  -1.21868878e-01
5022  4.52510897e-01  -1.14668214e-01
5023  4.71171181e-01  -1.07557450e-01
5024  4.89625347e-01  -9.99504531e-02
5025  5.07764572e-01  -9.16858604e-02
5026  5.25477927e-01  -8.26180165e-02
5027  5.42582593e-01  -7.25240480e-02
5028  5.58927753e-01  -6.12992069e-02
5029  5.74228159e-01  -4.87921178e-02
5030  5.87880831e-01  -3.48104067e-02
5031  5.97875668e-01  -1.84527224e-02
5032  6.01757024e-01  8.59903725e-05
5033  5.99096452e-01  1.79100310e-02
5034  5.90932530e-01  3.41788853e-02
5035  5.79265824e-01  4.85491561e-02
5036  5.65634989e-01  6.13630622e-02
5037  5.50830383e-01  7.30017179e-02
5038  5.35367482e-01  8.38773535e-02
5039  5.19479366e-01  9.41417735e-02
5040  5.03120302e-01  1.03650306e-01
5041  4.86422842e-01  1.12604742e-01
5042  4.69447058e-01  1.21065680e-01
5043  4.52303698e-01  1.29174754e-01
5044  4.31636306e-01  1.38146337e-01
5045  4.13196979e-01  1.45616060e-01
5046  3.94606441e-01  1.52725938e-01
5047  3.75883602e-01  1.59486380e-01
5048  3.57040758e-01  1.65906891e-01
5049  3.38082969e-01  1.71979814e-01
5050  3.19009695e-01  1.77710821e-01
5051  2.99868711e-01  1.83207765e-01
5052  2.80628603e-01  1.88341241e-01
5053  2.61324299e-01  1.93221334e-01
5054  2.41920490e-01  1.97714532e-01
5055  2.22472801e-01  2.02036588e-01
5056  2.00538005e-01  2.06519148e-01
5057  1.90110804e-01  2.08571013e-01
5058  1.61736754e-01  2.13681979e-01
5059  1.42259648e-01  2.16822474e-01
5060  1.22745366e-01  2.19744913e-01
5061  1.03192703e-01  2.22390031e-01
5062  8.36090125e-02  2.24798707e-01
5063  6.39958393e-02  2.26937687e-01
5064  4.43546004e-02  2.28820985e-01
5065  2.46968829e-02  2.30458462e-01
5066  5.01078743e-03  2.31762917e-01
5067  -1.46907517e-02  2.32863245e-01
5068  -3.44011577e-02  2.33672000e-01
5069  -5.41267677e-02  2.34215909e-01
5070  -7.38533296e-02  2.34543452e-01
5071  -9.35785938e-02  2.34548716e-01
5072  -1.13308090e-01  2.34283949e-01
5073  -1.33036804e-01  2.33787632e-01
5074  -1.52752585e-01  2.33068751e-01
5075  -1.72457372e-01  2.32030547e-01
5076  -1.92162796e-01  2.30811615e-01
5077  -2.11856453e-01  2.29425880e-01
5078  -2.31526308e-01  2.27851818e-01
5079  -2.51174480e-01  2.25976221e-01
5080  -2.70821723e-01  2.23976892e-01
5081  -2.90443104e-01  2.21830673e-01
5082  -3.01968685e-01  2.20448257e-01
5083  -3.29608625e-01  2.16861517e-01
5084  -3.56830095e-01  2.13003079e-01
5085  -3.76714542e-01  2.10003182e-01
5086  -3.96586519e-01  2.06907426e-01
5087  -4.16433656e-01  2.03663656e-01
5088  -4.36266094e-01  2.00306826e-01
5089  -4.56084605e-01  1.96857704e-01
5090  -4.75890936e-01  1.93322729e-01
5091  -4.95684132e-01  1.89734707e-01
5092  -5.15447834e-01  1.86014081e-01
5093  -5.35190116e-01  1.82173789e-01
5094  -5.54917613e-01  1.78220312e-01
5095  -5.74641577e-01  1.74245815e-01
5096  -5.94343461e-01  1.70169124e-01
5097  -6.14043004e-01  1.66055290e-01
5098  -6.33727144e-01  1.61911700e-01
5099  -6.53381970e-01  1.57610610e-01
5100  -6.73047598e-01  1.53335373e-01
5101  -6.92687225e-01  1.48973594e-01
5102  -7.12323610e-01  1.44546080e-01
5103  -7.31972139e-01  1.40180637e-01
5104  -7.51590147e-01  1.35731015e-01
5105  -7.71195467e-01  1.31187554e-01
5106  -7.90814870e-01  1.26672893e-01
5107  -8.10426690e-01  1.22166584e-01
5108  -8.30015805e-01  1.17565878e-01
5109  -8.49603549e-01  1.12960239e-01
5110  -8.69171434e-01  1.08256594e-01
5111  -8.88755174e-01  1.03591723e-01
5112  -9.08329282e-01  9.89178819e-02
5113  -9.27885053e-01  9.41868065e-02
5114  -9.47424308e-01  8.93852915e-02
5115  -9.66958823e-01  8.45322951e-02
5116  -9.86506785e-01  7.97119344e-02
5117  -1.00605166e+00  7.49150589e-02
5118  -1.02557506e+00  7.00362849e-02
5119  -1.04510665e+00  6.51607665e-02
5120  -1.06464031e+00  6.03002424e-02
5121  -1.09149493e+00  5.35930444e-02
5122  -1.11082562e+00  4.87200245e-02
5123  -1.13014750e+00  4.37957841e-02
5124  -1.14947031e+00  3.88830786e-02
5125  -1.16876786e+00  3.38958118e-02
5126  -1.18805257e+00  2.88391918e-02
5127  -1.20733869e+00  2.37727921e-02
5128  -1.22661016e+00  1.86919942e-02
5129  -1.24583218e+00  1.34660158e-02
5130  -1.26445273e+00  8.31163141e-03
5131  -3.01979532e-01  2.01795391e-01
5132  -3.01991453e-01  1.81296749e-01
5133  -3.02003375e-01  1.60798108e-01
5134  -3.02015296e-01  1.40299466e-01
5135  -3.02027217e-01  1.19800824e-01
5136  -3.02039139e-01  9.93021822e-02
5137  -3.02051060e-01  7.88035406e-02
5138  -3.02062981e-01  5.83048987e-02
5139  -3.02074903e-01  3.78062570e-02
5140  -3.02086824e-01  1.73076155e-02
5141  -3.02098745e-01  -3.19102644e-03
5142  -3.02110667e-01  -2.36896682e-02
5143  -3.02122588e-01  -4.41883097e-02
5144  -3.02134509e-01  -6.46869517e-02
5145  -3.02146431e-01  -8.51855934e-02
5146  -3.02158352e-01  -1.05684235e-01
5147  -3.02170273e-01  -1.26182877e-01
5148  1.90100125e-01  1.92618214e-01
5149  1.90086436e-01  1.72169297e-01
5150  1.90072747e-01  1.51720380e-01
5151  1.90059058e-01  1.31271463e-01
5152  1.90045369e-01  1.10822545e-01
5153  1.90031681e-01  9.03736283e-02
5154  1.90017992e-01  6.99247109e-02
5155  1.90004303e-01  4.94757936e-02
5156  1.89990614e-01  2.90268764e-02
5157  1.89976925e-01  8.57795910e-03
5158  1.89963236e-01  -1.18709581e-02
5159  1.89949547e-01  -3.23198752e-02
5160  1.89935859e-01  -5.27687924e-02
5161  1.89922170e-01  -7.32177099e-02
5162  1.89908481e-01  -9.36666271e-02
5163  1.89894792e-01  -1.14115544e-01
5164  1.89881103e-01  -1.34564462e-01
5165  1.89867414e-01  -1.55013379e-01
7399  -1.26859218e+00  2.28415196e-03
7400  -1.26647572e+00  2.61580775e-03
7401  -1.24724373e+00  5.38533902e-03
7402  -1.22797303e+00  7.91193922e-03
7403  -1.20867434e+00  1.01602238e-02
7404  -1.18934353e+00  1.22162997e-02
7405  -1.16997034e+00  1.39092435e-02
7406  -1.15057536e+00  1.53490967e-02
7407  -1.13114204e+00  1.64145268e-02
7408  -1.11169545e+00  1.71079537e-02
7409  -1.09222474e+00  1.74571008e-02
7410  -1.06494690e+00  2.93181133e-02
7411  -1.04500558e+00  2.87602633e-02
7412  -1.02512386e+00  2.78431156e-02
7413  -1.00522507e+00  2.66294727e-02
7414  -9.85359641e-01  2.49780374e-02
7415  -9.65570283e-01  2.30405490e-02
7416  -9.45789306e-01  2.07829643e-02
7417  -9.26069068e-01  1.81776241e-02
7418  -9.06411545e-01  1.53019826e-02
7419  -8.86775956e-01  1.21325006e-02
7420  -8.67202290e-01  8.63826109e-03
7421  -8.47732640e-01  4.88185007e-03
7422  -8.28324023e-01  9.32075603e-04
7423  -8.08947108e-01  -3.23981340e-03
7424  -7.89643590e-01  -7.63677836e-03
7425  -7.70434881e-01  -1.21862066e-02
7426  -7.51242656e-01  -1.68333944e-02
7427  -7.32059260e-01  -2.16694543e-02
7428  -7.12967138e-01  -2.66727392e-02
7429  -6.93952429e-01  -3.17344631e-02
7430  -6.74958649e-01  -3.68360028e-02
7431  -6.55965516e-01  -4.19920890e-02
7432  -6.37003575e-01  -4.72179228e-02
7433  -6.18075619e-01  -5.24609023e-02
7434  -5.99165473e-01  -5.77090431e-02
7435  -5.80254508e-01  -6.29457583e-02
7436  -5.61350549e-01  -6.81851587e-02
7437  -5.42460061e-01  -7.33946439e-02
7438  -5.23598061e-01  -7.85505739e-02
7439  -5.04711259e-01  -8.35869021e-02
7440  -4.85783935e-01  -8.85710341e-02
7441  -4.66847291e-01  -9.34935778e-02
7442  -4.47936488e-01  -9.83309762e-02
7443  -4.28995451e-01  -1.03001536e-01
7444  -4.09999089e-01  -1.07580900e-01
7445  -3.91006930e-01  -1.12061791e-01
7446  -3.71980072e-01  -1.16382017e-01
7447  -3.52928296e-01  -1.20605014e-01
7448  -3.21831218e-01  -1.03508614e-01
7449  -2.95177206e-01  -1.08875504e-01
7450  -2.83886184e-01  -1.10969576e-01
7451  -2.64768685e-01  -1.14412867e-01
7452  -2.45615363e-01  -1.17698728e-01
7453  -2.26493487e-01  -1.20799417e-01
7454  -2.07378251e-01  -1.23675592e-01
7455  -1.88201114e-01  -1.26341397e-01
7456  -1.68960154e-01  -1.28823903e-01
7457  -1.49816222e-01  -1.31114176e-01
7458  -1.30604556e-01  -1.33103143e-01
7459  -1.11225789e-01  -1.34961971e-01
7460  -9.19368859e-02  -1.36653866e-01
7461  -7.26867502e-02  -1.38093626e-01
7462  -5.34113140e-02  -1.39319984e-01
7463  -3.41306328e-02  -1.40309027e-01
7464  -1.47985383e-02  -1.41077456e-01
7465  4.54252768e-03  -1.41648483e-01
7466  2.38127555e-02  -1.41997284e-01
7467  4.30433280e-02  -1.42075132e-01
7468  6.23003930e-02  -1.41892439e-01
7469  8.15937617e-02  -1.41465065e-01
7470  1.00852666e-01  -1.40816311e-01
7471  1.20066303e-01  -1.39897711e-01
7472  1.39273093e-01  -1.38724069e-01
7473  1.58433632e-01  -1.37289272e-01
7474  1.96864679e-01  -1.33706849e-01
7475  1.96664564e-01  -1.33591109e-01
7476  2.20809230e-01  -1.54087968e-01
7477  2.39922206e-01  -1.51502774e-01
7478  2.59017252e-01  -1.48631197e-01
7479  2.78041535e-01  -1.45509958e-01
7480  2.96988116e-01  -1.42039880e-01
7481  3.15906318e-01  -1.38273085e-01
7482  3.34743051e-01  -1.34224118e-01
7483  3.53448077e-01  -1.29848406e-01
7484  3.72061791e-01  -1.25060169e-01
7485  3.90601298e-01  -1.19955545e-01
7486  4.08998714e-01  -1.14476454e-01
7487  4.31078270e-01  -1.20069117e-01
7488  4.51863216e-01  -1.12885205e-01
7489  4.70471889e-01  -1.05794045e-01
7490  4.88870463e-01  -9.82101197e-02
7491  5.06938846e-01  -8.99780003e-02
7492  5.24563203e-01  -8.09561233e-02
7493  5.41562938e-01  -7.09243881e-02
7494  5.57789404e-01  -5.97817181e-02
7495  5.72946657e-01  -4.73934178e-02
7496  5.86382253e-01  -3.36472756e-02
7497  5.96112536e-01  -1.77527423e-02
7498  5.99829918e-01  1.42298186e-04
7499  5.97288213e-01  1.73365495e-02
7500  5.89338237e-01  3.31508596e-02
7501  5.77876160e-01  4.72578610e-02
7502  5.64397704e-01  5.99250995e-02
7503  5.49698019e-01  7.14797581e-02
7504  5.34306898e-01  8.23045312e-02
7505  5.18487742e-01  9.25245875e-02
7506  5.02195239e-01  1.01994145e-01
7507  4.85551363e-01  1.10919769e-01
7508  4.68618341e-01  1.19359269e-01
7509  4.51520341e-01  1.27447050e-01
7510  4.26233395e-01  1.25267761e-01
7511  4.08080446e-01  1.32621052e-01
7512  3.89740243e-01  1.39635129e-01
7513  3.71259624e-01  1.46308066e-01
7514  3.52658047e-01  1.52646386e-01
7515  3.33943029e-01  1.58641521e-01
7516  3.15072689e-01  1.64311226e-01
7517  2.96140895e-01  1.69748472e-01
7518  2.77116914e-01  1.74823949e-01
7519  2.58037354e-01  1.79647641e-01
7520  2.38830186e-01  1.84094724e-01
7521  2.19559627e-01  1.88377797e-01
7522  1.97828711e-01  1.92818459e-01
7523  1.97067642e-01  1.69486714e-01
7524  1.55519654e-01  1.77033578e-01
7525  1.36548213e-01  1.80091873e-01
7526  1.17500869e-01  1.82944739e-01
7527  9.84320930e-02  1.85524137e-01
7528  7.93250397e-02  1.87874391e-01
7529  6.02067568e-02  1.89959309e-01
7530  4.10377347e-02  1.91797263e-01
7531  2.19250428e-02  1.93389952e-01
7532  2.74545867e-03  1.94660007e-01
7533  -1.64891637e-02  1.95734775e-01
7534  -3.56754881e-02  1.96521850e-01
7535  -5.49476042e-02  1.97052973e-01
7536  -7.41668389e-02  1.97372774e-01
7537  -9.33341928e-02  1.97377519e-01
7538  -1.12591278e-01  1.97118861e-01
7539  -1.31892086e-01  1.96633262e-01
7540  -1.51097408e-01  1.95933620e-01
7541  -1.70332019e-01  1.94919357e-01
7542  -1.89710707e-01  1.93720580e-01
7543  -2.09069208e-01  1.92358525e-01
7544  -2.28277467e-01  1.90822065e-01
7545  -2.47526730e-01  1.88983633e-01
7546  -2.66919118e-01  1.87010323e-01
7547  -2.86156806e-01  1.84906626e-01
7548  -2.95006961e-01  1.83861536e-01
7549  -3.27721865e-01  2.03023552e-01
7550  -3.54808380e-01  1.99184185e-01
7551  -3.74597945e-01  1.96198503e-01
7552  -3.94385279e-01  1.93115990e-01
7553  -4.14141946e-01  1.89886965e-01
7554  -4.33903432e-01  1.86542125e-01
7555  -4.53660392e-01  1.83103710e-01
7556  -4.73418466e-01  1.79577328e-01
7557  -4.93146671e-01  1.76001155e-01
7558  -5.12822579e-01  1.72297041e-01
7559  -5.32484619e-01  1.68472350e-01
7560  -5.52166082e-01  1.64528043e-01
7561  -5.71847236e-01  1.60562218e-01
7562  -5.91501063e-01  1.56495429e-01
7563  -6.11177112e-01  1.52386500e-01
7564  -6.30795921e-01  1.48256771e-01
7565  -6.50405771e-01  1.43965413e-01
7566  -6.70050189e-01  1.39694820e-01
7567  -6.89637317e-01  1.35344683e-01
7568  -7.09273143e-01  1.30917294e-01
7569  -7.28912997e-01  1.26553796e-01
7570  -7.48469032e-01  1.22118234e-01
7571  -7.68053017e-01  1.17579683e-01
7572  -7.87685150e-01  1.13062088e-01
7573  -8.07266323e-01  1.08562863e-01
7574  -8.26820902e-01  1.03970226e-01
7575  -8.46373168e-01  9.93729729e-02
7576  -8.65921292e-01  9.46740418e-02
7577  -8.85515300e-01  9.00067173e-02
7578  -9.05065482e-01  8.53386049e-02
7579  -9.24576635e-01  8.06183311e-02
7580  -9.44074280e-01  7.58270294e-02
7581  -9.63603332e-01  7.09753839e-02
7582  -9.83170481e-01  6.61502887e-02
7583  -1.00269427e+00  6.13586179e-02
7584  -1.02219089e+00  5.64865027e-02
7585  -1.04172929e+00  5.16092891e-02
7586  -1.06126207e+00  4.67489836e-02
7587  -1.09103324e+00  5.17530844e-02
7588  -1.11035953e+00  4.68811752e-02
7589  -1.12967955e+00  4.19574081e-02
7590  -1.14899926e+00  3.70454927e-02
7591  -1.16828995e+00  3.20599973e-02
7592  -1.18757101e+00  2.70043333e-02
7593  -1.20685589e+00  2.19382574e-02
7594  -1.22611951e+00  1.68595441e-02
7595  -1.24532723e+00  1.16374551e-02
7596  -1.26356768e+00  6.63374867e-03
7597  -2.94996534e-01  2.01791330e-01
7598  -2.95008455e-01  1.81292688e-01
7599  -2.95020377e-01  1.60794047e-01
7600  -2.95032298e-01  1.40295405e-01
7601  -2.95044219e-01  1.19796763e-01
7602  -2.95056141e-01  9.92981211e-02
7603  -2.95068062e-01  7.87994797e-02
7604  -2.95079983e-01  5.83008376e-02
7605  -2.95091905e-01  3.78021959e-02
7606  -2.95103826e-01  1.73035546e-02
7607  -2.95115747e-01  -3.19508758e-03
7608  -2.95127669e-01  -2.36937293e-02
7609  -2.95139590e-01  -4.41923706e-02
7610  -2.95151511e-01  -6.46910128e-02
7611  -2.95163433e-01  -8.51896545e-02
7612  -2.95175354e-01  -1.05688296e-01
7613  -2.95187275e-01  -1.26186938e-01
7614  1.97083124e-01  1.92613539e-01
7615  1.97069435e-01  1.72164622e-01
7616  1.97055746e-01  1.51715705e-01
7617  1.97042057e-01  1.31266788e-01
7618  1.97028368e-01  1.10817871e-01
7619  1.97014680e-01  9.03689539e-02
7620  1.97000991e-01  6.99200363e-02
7621  1.96987302e-01  4.94711190e-02
7622  1.96973613e-01  2.90222018e-02
7623  1.96959924e-01  8.57328451e-03
7624  1.96946235e-01  -1.18756327e-02
7625  1.96932546e-01  -3.23245496e-02
7626  1.96918858e-01  -5.27734668e-02
7627  1.96905169e-01  -7.32223845e-02
7628  1.96891480e-01  -9.36713017e-02
7629  1.96877791e-01  -1.14120219e-01
7630  1.96864102e-01  -1.34569137e-01
7631  1.96850413e-01  -1.55018054e-01
9865  -1.26043828e+00  5.98852553e-03
9866  -1.26683216e+00  4.98615897e-03
9867  -1.24757037e+00  7.75997891e-03
9868  -1.22826752e+00  1.02907796e-02
9869  -1.20893980e+00  1.25424795e-02
9870  -1.18957463e+00  1.46021325e-02
9871  -1.17016341e+00  1.62984553e-02
9872  -1.15072971e+00  1.77411217e-02
9873  -1.13125036e+00  1.88090780e-02
9874  -1.11175966e+00  1.95040935e-02
9875  -1.09223711e+00  1.98540689e-02
9876  -1.06490424e+00  3.17147337e-02
9877  -1.04491681e+00  3.11556189e-02
9878  -1.02499569e+00  3.02366862e-02
9879  -1.00505281e+00  2.90202747e-02
9880  -9.85143534e-01  2.73652758e-02
9881  -9.65317604e-01  2.54241938e-02
9882  -9.45496409e-01  2.31620020e-02
9883  -9.25738593e-01  2.05517335e-02
9884  -9.06047083e-01  1.76711125e-02
9885  -8.86374332e-01  1.44956144e-02
9886  -8.66764587e-01  1.09949590e-02
9887  -8.47266575e-01  7.23310343e-03
9888  -8.27832758e-01  3.27819312e-03
9889  -8.08428656e-01  -8.99553465e-04
9890  -7.89101180e-01  -5.30195503e-03
9891  -7.69876614e-01  -9.85512377e-03
9892  -7.50667634e-01  -1.45063882e-02
9893  -7.31462453e-01  -1.93479395e-02
9894  -7.12355003e-01  -2.43552192e-02
9895  -6.93333236e-01  -2.94188186e-02
9896  -6.74333769e-01  -3.45218864e-02
9897  -6.55333091e-01  -3.96800235e-02
9898  -6.36365209e-01  -4.49074902e-02
9899  -6.17435180e-01  -5.01510438e-02
9900  -5.98525122e-01  -5.53991601e-02
9901  -5.79614556e-01  -6.06357649e-02
9902  -5.60711822e-01  -6.58748262e-02
9903  -5.41825428e-01  -7.10831832e-02
9904  -5.22973242e-01  -7.62364412e-02
9905  -5.04097258e-01  -8.12698756e-02
9906  -4.85177212e-01  -8.62520914e-02
9907  -4.66248758e-01  -9.11725077e-02
9908  -4.47352533e-01  -9.60061952e-02
9909  -4.28427635e-01  -1.00672761e-01
9910  -4.09443012e-01  -1.05249293e-01
9911  -3.90466339e-01  -1.09726546e-01
9912  -3.71455330e-01  -1.14043160e-01
9913  -3.52418991e-01  -1.18262747e-01
9914  -3.21342547e-01  -1.01161954e-01
9915  -2.93727951e-01  -1.06717568e-01
9916  -2.83450002e-01  -1.08612597e-01
9917  -2.64353584e-01  -1.12052083e-01
9918  -2.45220893e-01  -1.15334409e-01
9919  -2.26123333e-01  -1.18431170e-01
9920  -2.07034894e-01  -1.21303312e-01
9921  -1.87882721e-01  -1.23965638e-01
9922  -1.68664471e-01  -1.26445210e-01
9923  -1.49550418e-01  -1.28731959e-01
9924  -1.30366642e-01  -1.30717979e-01
9925  -1.11006662e-01  -1.32575008e-01
9926  -9.17427883e-02  -1.34264737e-01
9927  -7.25212566e-02  -1.35702346e-01
9928  -5.32738172e-02  -1.36926931e-01
9929  -3.40216165e-02  -1.37914507e-01
9930  -1.47155659e-02  -1.38681892e-01
9931  4.59955901e-03  -1.39252162e-01
9932  2.38392813e-02  -1.39600430e-01
9933  4.30368212e-02  -1.39678140e-01
9934  6.22624961e-02  -1.39495739e-01
9935  8.15268572e-02  -1.39068999e-01
9936  1.00755066e-01  -1.38421299e-01
9937  1.19935970e-01  -1.37504257e-01
9938  1.39110481e-01  -1.36332591e-01
9939  1.58237089e-01  -1.34900343e-01
9940  1.98314385e-01  -1.31158424e-01
9941  1.96399228e-01  -1.31208840e-01
9942  2.20507009e-01  -1.51710097e-01
9943  2.39583332e-01  -1.49129849e-01
9944  2.58644958e-01  -1.46263286e-01
9945  2.77631556e-01  -1.43148279e-01
9946  2.96538164e-01  -1.39685490e-01
9947  3.15420388e-01  -1.35925857e-01
9948  3.34218134e-01  -1.31885300e-01
9949  3.52876466e-01  -1.27520560e-01
9950  3.71445038e-01  -1.22743873e-01
9951  3.89941004e-01  -1.17651284e-01
9952  4.08290577e-01  -1.12186443e-01
9953  4.30320684e-01  -1.17794986e-01
9954  4.51044825e-01  -1.10632242e-01
9955  4.69588281e-01  -1.03565851e-01
9956  4.87916613e-01  -9.60110795e-02
9957  5.05895481e-01  -8.78199925e-02
9958  5.23407381e-01  -7.88561982e-02
9959  5.40274528e-01  -6.89030993e-02
9960  5.56351017e-01  -5.78642586e-02
9961  5.71327384e-01  -4.56260566e-02
9962  5.84488689e-01  -3.21775734e-02
9963  5.93884687e-01  -1.68682655e-02
9964  5.97394878e-01  2.13447279e-04
9965  5.95003370e-01  1.66119131e-02
9966  5.87323729e-01  3.18518731e-02
9967  5.76120217e-01  4.56262141e-02
9968  5.62834304e-01  5.81081272e-02
9969  5.48267194e-01  6.95566492e-02
9970  5.32966771e-01  8.03171536e-02
9971  5.17234751e-01  9.04811533e-02
9972  5.01026353e-01  9.99014638e-02
9973  4.84450185e-01  1.08790681e-01
9974  4.67571197e-01  1.17203092e-01
9975  4.50530512e-01  1.25263968e-01
9976  4.25306088e-01  1.23057397e-01
9977  4.07202290e-01  1.30390704e-01
9978  3.88905052e-01  1.37388339e-01
9979  3.70466005e-01  1.44046257e-01
9980  3.51905838e-01  1.50370471e-01
9981  3.33232486e-01  1.56352255e-01
9982  3.14396976e-01  1.62011439e-01
9983  2.95501086e-01  1.67438439e-01
9984  2.76514199e-01  1.72503961e-01
9985  2.57473212e-01  1.77317973e-01
9986  2.38299794e-01  1.81757141e-01
9987  2.19059636e-01  1.86033524e-01
9988  1.97363712e-01  1.90466995e-01
9989  1.98513832e-01  1.66782246e-01
9990  1.55118750e-01  1.74670342e-01
9991  1.36179917e-01  1.77723336e-01
9992  1.17162682e-01  1.80571716e-01
9993  9.81251098e-02  1.83146876e-01
9994  7.90487919e-02  1.85493362e-01
9995  5.99624216e-02  1.87574794e-01
9996  4.08238499e-02  1.89409825e-01
9997  2.17463034e-02  1.90999625e-01
9998  2.59938116e-03  1.92267463e-01
9999  -1.66051325e-02  1.93340582e-01
10000  -3.57576621e-02  1.94126259e-01
10001  -5.50005351e-02  1.94656558e-01
10002  -7.41870552e-02  1.94975859e-01
10003  -9.33184328e-02  1.94980571e-01
10004  -1.12545055e-01  1.94722306e-01
10005  -1.31818270e-01  1.94237399e-01
10006  -1.50990676e-01  1.93538998e-01
10007  -1.70194968e-01  1.92526278e-01
10008  -1.89552587e-01  1.91328801e-01
10009  -2.08889475e-01  1.89968273e-01
10010  -2.28067969e-01  1.88434237e-01
10011  -2.47291508e-01  1.86598203e-01
10012  -2.66667463e-01  1.84626570e-01
10013  -2.85880409e-01  1.82525615e-01
10014  -2.93560259e-01  1.81628871e-01
10015  -3.27398039e-01  2.00648526e-01
10016  -3.54461391e-01  1.96812433e-01
10017  -3.74234671e-01  1.93829190e-01
10018  -3.94007478e-01  1.90748951e-01
10019  -4.13748617e-01  1.87522456e-01
10020  -4.33497926e-01  1.84179674e-01
10021  -4.53244321e-01  1.80743097e-01
10022  -4.72994113e-01  1.77218190e-01
10023  -4.92711164e-01  1.73644051e-01
10024  -5.12372004e-01  1.69942770e-01
10025  -5.32020271e-01  1.66120757e-01
10026  -5.51693834e-01  1.62178023e-01
10027  -5.71367640e-01  1.58213687e-01
10028  -5.91013219e-01  1.54148597e-01
10029  -6.10685236e-01  1.50040511e-01
10030  -6.30292832e-01  1.45913160e-01
10031  -6.49894963e-01  1.41623473e-01
10032  -6.69535741e-01  1.37353677e-01
10033  -6.89113858e-01  1.33005538e-01
10034  -7.08749588e-01  1.28578171e-01
10035  -7.28387953e-01  1.24215006e-01
10036  -7.47933352e-01  1.19781858e-01
10037  -7.67513675e-01  1.15244149e-01
10038  -7.87147992e-01  1.10726051e-01
10039  -8.06723906e-01  1.06228041e-01
10040  -8.26272557e-01  1.01636790e-01
10041  -8.45818734e-01  9.70409755e-02
10042  -8.65363466e-01  9.23428533e-02
10043  -8.84959237e-01  8.76751078e-02
10044  -9.04505312e-01  8.30079786e-02
10045  -9.24008808e-01  7.82895587e-02
10046  -9.43499311e-01  7.35000100e-02
10047  -9.63027426e-01  6.86485963e-02
10048  -9.82597868e-01  6.38226884e-02
10049  -1.00211804e+00  5.90319110e-02
10050  -1.02161006e+00  5.41609386e-02
10051  -1.04114963e+00  4.92834340e-02
10052  -1.06068226e+00  4.44231661e-02
10053  -1.09044987e+00  4.94281587e-02
10054  -1.10977058e+00  4.45576529e-02
10055  -1.12908825e+00  3.96344839e-02
10056  -1.14840405e+00  3.47235669e-02
10057  -1.16768608e+00  2.97403096e-02
10058  -1.18696252e+00  2.46858536e-02
10059  -1.20624585e+00  1.96201870e-02
10060  -1.22549954e+00  1.45441078e-02
10061  -1.24468918e+00  9.32693322e-03
10062  -1.26244935e+00  4.51361956e-03
10063  -2.93548534e-01  2.01790488e-01
10064  -2.93560455e-01  1.81291845e-01
10065  -2.93572377e-01  1.60793204e-01
10066  -2.93584298e-01  1.40294563e-01
10067  -2.93596219e-01  1.19795920e-01
10068  -2.93608141e-01  9.92972790e-02
10069  -2.93620062e-01  7.87986376e-02
10070  -2.93631983e-01  5.82999955e-02
10071  -2.93643905e-01  3.78013538e-02
10072  -2.93655826e-01  1.73027125e-02
10073  -2.93667747e-01  -3.19592970e-03
10074  -2.93679669e-01  -2.36945714e-02
10075  -2.93691590e-01  -4.41932127e-02
10076  -2.93703511e-01  -6.46918549e-02
10077  -2.93715433e-01  -8.51904966e-02
10078  -2.93727354e-01  -1.05689138e-01
10079  -2.93739275e-01  -1.26187781e-01
10080  1.98531123e-01  1.92612570e-01
10081  1.98517434e-01  1.72163653e-01
10082  1.98503745e-01  1.51714736e-01
10083  1.98490056e-01  1.31265819e-01
10084  1.98476367e-01  1.10816902e-01
10085  1.98462679e-01  9.03679846e-02
10086  1.98448990e-01  6.99190670e-02
10087  1.98435301e-01  4.94701497e-02
10088  1.98421612e-01  2.90212325e-02
10089  1.98407923e-01  8.57231518e-03
10090  1.98394234e-01  -1.18766020e-02
10091  1.98380545e-01  -3.23255189e-02
10092  1.98366857e-01  -5.27744361e-02
10093  1.98353168e-01  -7.32233538e-02
10094  1.98339479e-01  -9.36722710e-02
10095  1.98325790e-01  -1.14121188e-01
10096  1.98312101e-01  -1.34570106e-01
10097  1.98298412e-01  -1.55019023e-01
