1  3  0  12.3981
262  5  0  12.3975
523  4  0  12.3966
784  5  0  12.3954
2  3  0  9.60128
263  5  0  9.60124
524  4  0  9.60119
785  5  0  9.60114
3  3  0  6.69824
264  5  0  6.69835
525  4  0  6.6985
786  5  0  6.69864
4  3  0  4.10801
265  5  0  4.10777
526  4  0  4.10746
787  5  0  4.10716
5  3  0  0.893185
266  5  0  0.893438
527  4  0  0.89376
788  5  0  0.894081
6  3  0  -1.66016
267  5  0  -1.6599
528  4  0  -1.65956
789  5  0  -1.65922
7  3  0  -3.24964
268  5  0  -3.24986
529  4  0  -3.25014
790  5  0  -3.25042
8  3  0  -5.66388
269  5  0  -5.66364
530  4  0  -5.66333
791  5  0  -5.66302
9  3  0  -7.13111
270  5  0  -7.13135
531  4  0  -7.13167
792  5  0  -7.13198
10  3  0  -9.547
271  5  0  -9.54687
532  1  0  5.74547
793  5  0  19.0021
11  3  0  -11.2705
272  5  0  -11.2705
533  1  0  -11.2697
794  5  0  -11.2689
12  3  0  -12.7167
273  5  0  -12.7168
534  1  0  -12.7179
795  5  0  -12.719
13  3  0  -14.5272
274  5  0  -14.5271
535  1  0  -14.5251
796  5  0  -14.5232
14  3  0  -15.6116
275  5  0  -15.6116
536  1  0  -15.6113
797  5  0  -15.6111
15  3  0  -16.5607
276  5  0  -16.5608
537  1  0  -16.5613
798  5  0  -16.5618
16  3  0  -17.7562
277  5  0  -17.7562
538  1  0  -17.7563
799  5  0  -17.7563
17  3  0  -18.9602
278  5  0  -18.9601
539  1  0  -18.9596
800  5  0  -18.9591
18  3  0  -19.9203
279  5  0  -19.9203
540  1  0  -19.92
801  5  0  -19.9198
19  3  0  -20.7271
280  5  0  -20.7271
541  1  0  -20.727
802  5  0  -20.7268
20  3  0  -21.4178
281  5  0  -21.4178
542  1  0  -21.4178
803  5  0  -21.4178
21  3  0  -22.1019
282  5  0  -22.1019
543  1  0  -22.1018
804  5  0  -22.1018
22  3  0  -22.7447
283  5  0  -22.7446
544  1  0  -22.7444
805  5  0  -22.7442
23  3  0  -23.1941
284  5  0  -23.1941
545  1  0  -23.194
806  5  0  -23.194
24  3  0  -23.5302
285  5  0  -23.5302
546  1  0  -23.5303
807  5  0  -23.5305
25  3  0  -24.0368
286  5  0  -24.0368
547  1  0  -24.0367
808  5  0  -24.0366
26  3  0  -24.4053
287  5  0  -24.4053
548  1  0  -24.4052
809  5  0  -24.4052
27  3  0  -24.6982
288  5  0  -24.6982
549  1  0  -24.6982
810  5  0  -24.6982
28  3  0  -25.0017
289  5  0  -25.0017
550  1  0  -25.0016
811  5  0  -25.0016
29  3  0  -25.1575
290  5  0  -25.1575
551  1  0  -25.1575
812  5  0  -25.1575
30  3  0  -25.2106
291  5  0  -25.2106
552  1  0  -25.2106
813  5  0  -25.2106
31  3  0  -25.2273
292  5  0  -25.2273
553  1  0  -25.2273
814  5  0  -25.2273
32  3  0  -25.2423
293  5  0  -25.2423
554  1  0  -25.2423
815  5  0  -25.2423
33  3  0  -25.1186
294  5  0  -25.1186
555  1  0  -25.1186
816  5  0  -25.1186
34  3  0  -25.0528
295  5  0  -25.0528
556  1  0  -25.0528
817  5  0  -25.0528
35  3  0  -24.9937
296  5  0  -24.9937
557  1  0  -24.9937
818  5  0  -24.9937
36  3  0  -24.9186
297  5  0  -24.9186
558  1  0  -24.9187
819  5  0  -24.9188
37  3  0  -24.5618
298  5  0  -24.5618
559  1  0  -24.5618
820  5  0  -24.5617
38  3  0  -24.292
299  5  0  -24.292
560  1  0  -24.292
821  5  0  -24.292
39  3  0  -24.0305
300  5  0  -24.0305
561  1  0  -24.0307
822  5  0  -24.0309
40  3  0  -23.5052
301  5  0  -23.5052
562  1  0  -23.5051
823  5  0  -23.505
41  3  0  -23.0598
302  5  0  -23.0598
563  1  0  -23.0599
824  5  0  -23.06
42  3  0  -22.519
303  5  0  -22.519
564  1  0  -22.5194
825  5  0  -22.5198
43  3  0  -21.6805
304  5  0  -21.6804
565  1  0  -21.6802
826  5  0  -21.6799
44  3  0  -21.0187
305  5  0  -21.0187
566  1  0  -21.0186
827  5  0  -21.0186
45  3  0  -20.392
306  5  0  -20.392
567  1  0  -20.3922
828  5  0  -20.3925
46  3  0  -19.5918
307  5  0  -19.5919
568  1  0  -19.5923
829  5  0  -19.5928
47  3  0  -18.5257
308  5  0  -18.5257
569  1  0  -18.5255
830  5  0  -18.5254
48  3  0  -17.5373
309  5  0  -17.5373
570  1  0  -17.537
831  5  0  -17.5367
49  3  0  -16.7182
310  5  0  -16.7182
571  1  0  -16.7185
832  5  0  -16.7187
50  3  0  -15.744
311  5  0  -15.744
572  1  0  -15.7444
833  5  0  -15.7449
51  3  0  -14.5696
312  5  0  -14.5696
573  1  0  -14.5697
834  5  0  -14.5698
52  3  0  -13.3663
313  5  0  -13.3663
574  1  0  -13.3659
835  5  0  -13.3655
53  3  0  -12.364
314  5  0  -12.364
575  1  0  -12.3642
836  5  0  -12.3644
54  3  0  -11.2699
315  5  0  -11.27
576  1  0  -11.2709
837  5  0  -11.2718
55  3  0  -9.79696
316  5  0  -9.79697
577  1  0  -9.29271
838  5  0  -8.78024
56  3  0  -8.24594
317  5  0  -8.15207
578  6  0  -8.04916
839  5  0  -8.01332
57  3  0  -6.89007
318  5  0  -6.75194
579  6  0  -6.38022
840  5  0  -6.07291
58  3  0  -5.66426
319  5  0  -5.66426
580  6  0  -5.66427
841  5  0  -5.66429
59  3  0  -4.42346
320  5  0  -4.42346
581  6  0  -4.42346
842  5  0  -4.42345
60  3  0  -3.18402
321  5  0  -3.18409
582  6  0  -3.18512
843  5  0  -3.18618
61  3  0  -1.58526
322  5  0  -1.5852
583  6  0  -1.58426
844  5  0  -1.58331
62  3  0  -0.307667
323  5  0  -0.30763
584  6  0  -0.307089
845  5  0  -0.306538
63  3  0  0.73897
324  5  0  0.738982
585  6  0  0.739166
846  5  0  0.739352
64  3  0  1.69459
325  5  0  1.69458
586  6  0  1.6944
847  5  0  1.69422
65  3  0  2.74013
326  5  0  2.74001
587  6  0  2.73835
848  5  0  2.73665
66  3  0  4.39559
327  5  0  4.39573
588  6  0  4.39764
849  5  0  4.3996
67  3  0  5.31175
328  5  0  5.31172
589  6  0  5.31137
850  5  0  5.31102
68  3  0  6.40102
329  5  0  6.40103
590  6  0  6.40112
851  5  0  6.40122
69  3  0  7.45406
330  5  0  7.52088
591  6  0  7.61522
852  5  0  7.6547
70  3  0  8.38008
331  5  0  8.48087
592  6  0  8.98164
853  5  0  10.345
71  3  0  9.56925
332  5  0  9.56924
593  1  0  8.95337
854  5  0  8.32759
72  3  0  10.8272
333  5  0  10.8272
594  1  0  10.8272
855  5  0  10.8273
73  3  0  12.0529
334  5  0  12.0528
595  1  0  12.0525
856  5  0  12.0521
74  3  0  13.4261
335  5  0  13.4261
596  1  0  13.4268
857  5  0  13.4275
75  3  0  14.4915
336  5  0  14.4915
597  1  0  14.4913
858  5  0  14.491
76  3  0  15.6807
337  5  0  15.6807
598  1  0  15.6806
859  5  0  15.6805
77  3  0  16.9231
338  5  0  16.9231
599  1  0  16.923
860  5  0  16.9228
78  3  0  18.221
339  5  0  18.2209
600  1  0  18.2196
861  5  0  18.2184
79  3  0  19.9599
340  5  0  19.96
601  1  0  19.9613
862  5  0  19.9626
80  3  0  21.246
341  5  0  21.246
602  1  0  21.246
863  5  0  21.246
81  3  0  22.5324
342  5  0  22.5324
603  1  0  22.5314
864  5  0  22.5305
82  3  0  24.1537
343  5  0  24.1536
604  1  0  24.1528
865  5  0  24.1519
83  3  0  26.0251
344  5  0  26.0252
605  1  0  26.0258
866  5  0  26.0264
84  3  0  27.7158
345  5  0  27.7158
606  1  0  27.7151
867  5  0  27.7144
85  3  0  29.6132
346  5  0  29.6131
607  1  0  8.35102
868  5  0  -8.49788
86  3  0  31.7987
347  5  0  31.7988
608  4  0  31.7988
869  5  0  31.7989
87  3  0  33.7783
348  5  0  33.778
609  4  0  33.7776
870  5  0  33.7772
88  3  0  36.7217
349  5  0  36.722
610  4  0  36.7224
871  5  0  36.7228
89  3  0  38.7203
350  5  0  38.72
611  4  0  38.7196
872  5  0  38.7192
90  3  0  41.6157
351  5  0  41.6157
612  4  0  41.6157
873  5  0  41.6157
91  3  0  44.4889
352  5  0  44.4889
613  4  0  44.4889
874  5  0  44.4888
92  3  0  47.4171
353  5  0  47.4163
614  4  0  47.4154
875  5  0  47.4144
93  3  0  51.8686
354  5  0  51.8686
615  4  0  51.8686
876  5  0  51.8686
94  3  0  56.2949
355  5  0  56.2946
616  4  0  56.2943
877  5  0  56.2939
95  3  0  61.1614
356  5  0  61.1604
617  4  0  61.1591
878  5  0  61.1579
96  3  0  67.3292
357  5  0  67.3288
618  4  0  67.3282
879  5  0  67.3276
97  3  0  73.9999
358  5  0  74.0009
619  4  0  74.0022
880  5  0  74.0035
98  3  0  79.4559
359  5  0  79.4556
620  4  0  79.4552
881  5  0  79.4548
99  3  0  85.2837
360  5  0  85.2806
621  4  0  85.2767
882  5  0  85.2727
100  3  0  94.183
361  5  0  94.1886
622  4  0  94.1959
883  5  0  94.2032
101  3  0  98.8566
362  5  0  98.8555
623  4  0  98.8541
884  5  0  98.8528
102  3  0  102.719
363  5  0  102.716
624  4  0  102.714
885  5  0  102.711
103  3  0  109.529
364  5  0  109.53
625  4  0  109.531
886  5  0  109.533
104  3  0  115.242
365  5  0  115.243
626  4  0  115.243
887  5  0  115.244
105  3  0  120.242
366  5  0  120.243
627  4  0  120.243
888  5  0  120.244
106  3  0  124.587
367  5  0  124.587
628  4  0  124.587
889  5  0  124.588
107  3  0  128.526
368  5  0  128.526
629  4  0  128.526
890  5  0  128.526
108  3  0  132.326
369  5  0  132.327
630  4  0  132.327
891  5  0  132.327
109  3  0  135.562
370  5  0  135.562
631  4  0  135.562
892  5  0  135.562
110  3  0  139.018
371  5  0  139.018
632  4  0  139.018
893  5  0  139.019
111  3  0  141.795
372  5  0  141.795
633  4  0  141.795
894  5  0  141.795
112  3  0  144.445
373  5  0  144.445
634  4  0  144.445
895  5  0  144.445
113  3  0  147.407
374  5  0  147.407
635  4  0  147.407
896  5  0  147.407
114  3  0  149.781
375  5  0  149.78
636  1  0  168.415
897  5  0  -175.985
115  3  0  152.305
376  5  0  152.305
637  1  0  152.307
898  5  0  152.309
116  3  0  154.375
377  5  0  154.375
638  1  0  154.375
899  5  0  154.376
117  3  0  156.268
378  5  0  156.267
639  1  0  156.266
900  5  0  156.265
118  3  0  158.52
379  5  0  158.52
640  1  0  158.522
901  5  0  158.525
119  3  0  160.136
380  5  0  160.136
641  1  0  160.135
902  5  0  160.135
120  3  0  161.929
381  5  0  161.929
642  1  0  161.93
903  5  0  161.931
121  3  0  163.424
382  5  0  163.424
643  1  0  163.425
904  5  0  163.425
122  3  0  164.805
383  5  0  164.805
644  1  0  164.804
905  5  0  164.802
123  3  0  166.527
384  5  0  166.527
645  1  0  166.528
906  5  0  166.529
124  3  0  168
385  5  0  168
646  1  0  168
907  5  0  168
125  3  0  169.464
386  5  0  169.464
647  1  0  169.464
908  5  0  169.465
126  3  0  170.683
387  5  0  170.683
648  1  0  170.682
909  5  0  170.682
127  3  0  171.969
388  5  0  171.969
649  1  0  171.969
910  5  0  171.969
128  3  0  173.255
389  5  0  173.255
650  1  0  173.255
911  5  0  173.255
129  3  0  174.514
390  5  0  174.514
651  1  0  174.514
912  5  0  174.514
130  3  0  175.726
391  5  0  175.616
652  6  0  176.726
913  5  0  179.955
131  3  0  176.76
392  5  0  176.686
653  6  0  176.588
914  5  0  176.548
132  3  0  177.746
393  5  0  177.746
654  6  0  177.746
915  5  0  177.747
133  3  0  178.651
394  5  0  178.651
655  6  0  178.651
916  5  0  178.651
134  3  0  179.526
395  5  0  179.526
656  6  0  179.526
917  5  0  179.527
135  3  0  -179.65
396  5  0  -179.65
657  6  0  -179.65
918  5  0  -179.651
136  3  0  -178.623
397  5  0  -178.623
658  6  0  -178.623
919  5  0  -178.622
137  3  0  -177.752
398  5  0  -177.752
659  6  0  -177.752
920  5  0  -177.752
138  3  0  -176.957
399  5  0  -176.957
660  6  0  -176.957
921  5  0  -176.957
139  3  0  -176.189
400  5  0  -176.189
661  6  0  -176.189
922  5  0  -176.189
140  3  0  -175.366
401  5  0  -175.366
662  6  0  -175.366
923  5  0  -175.366
141  3  0  -174.806
402  5  0  -174.806
663  6  0  -174.807
924  5  0  -174.807
142  3  0  -174.163
403  5  0  -174.163
664  6  0  -174.163
925  5  0  -174.163
143  3  0  -173.466
404  5  0  -173.551
665  6  0  -173.787
926  5  0  -173.985
144  3  0  -172.624
405  5  0  -172.683
666  6  0  -173.26
927  5  0  -173.723
145  3  0  -171.981
406  5  0  -171.981
667  1  0  -171.981
928  5  0  -171.981
146  3  0  -171.373
407  5  0  -171.373
668  1  0  -171.373
929  5  0  -171.374
147  3  0  -170.732
408  5  0  -170.731
669  1  0  -170.731
930  5  0  -170.731
148  3  0  -170.17
409  5  0  -170.17
670  1  0  -170.17
931  5  0  -170.17
149  3  0  -169.592
410  5  0  -169.592
671  1  0  -169.592
932  5  0  -169.592
150  3  0  -169.133
411  5  0  -169.133
672  1  0  -169.133
933  5  0  -169.133
151  3  0  -168.675
412  5  0  -168.675
673  1  0  -168.675
934  5  0  -168.675
152  3  0  -168.23
413  5  0  -168.23
674  1  0  -168.23
935  5  0  -168.23
153  3  0  -167.696
414  5  0  -167.696
675  1  0  -167.696
936  5  0  -167.696
154  3  0  -167.154
415  5  0  -167.154
676  1  0  -167.154
937  5  0  -167.154
155  3  0  -166.85
416  5  0  -166.85
677  1  0  -166.85
938  5  0  -166.85
156  3  0  -166.596
417  5  0  -166.596
678  1  0  -166.596
939  5  0  -166.596
157  3  0  -166.336
418  5  0  -166.336
679  1  0  -166.336
940  5  0  -166.336
158  3  0  -165.85
419  5  0  -165.85
680  1  0  -165.85
941  5  0  -165.85
159  3  0  -165.541
420  5  0  -165.541
681  1  0  -165.541
942  5  0  -165.541
160  3  0  -165.268
421  5  0  -165.268
682  1  0  -165.268
943  5  0  -165.268
161  3  0  -165.02
422  5  0  -165.02
683  1  0  -165.02
944  5  0  -165.02
162  3  0  -164.638
423  5  0  -164.638
684  1  0  -164.638
945  5  0  -164.638
163  3  0  -164.483
424  5  0  -164.483
685  1  0  -164.483
946  5  0  -164.483
164  3  0  -164.341
425  5  0  -164.341
686  1  0  -164.341
947  5  0  -164.341
165  3  0  -164.193
426  5  0  -164.193
687  1  0  -164.193
948  5  0  -164.193
166  3  0  -163.866
427  5  0  -163.866
688  1  0  -163.866
949  5  0  -163.866
167  3  0  -163.737
428  5  0  -163.737
689  1  0  -163.737
950  5  0  -163.737
168  3  0  -163.664
429  5  0  -163.664
690  1  0  -163.664
951  5  0  -163.664
169  3  0  -163.553
430  5  0  -163.553
691  1  0  -163.554
952  5  0  -163.554
170  3  0  -163.275
431  5  0  -163.275
692  1  0  -163.275
953  5  0  -163.275
171  3  0  -163.21
432  5  0  -163.21
693  1  0  -163.21
954  5  0  -163.21
172  3  0  -163.079
433  5  0  -163.079
694  1  0  -163.079
955  5  0  -163.079
173  3  0  -163.042
434  5  0  -163.042
695  1  0  -163.042
956  5  0  -163.042
174  3  0  -163.047
435  5  0  -163.047
696  1  0  -163.047
957  5  0  -163.047
175  3  0  -163.015
436  5  0  -163.015
697  1  0  -163.015
958  5  0  -163.015
176  3  0  -162.934
437  5  0  -162.934
698  1  0  -162.934
959  5  0  -162.934
177  3  0  -162.933
438  5  0  -162.933
699  1  0  -162.933
960  5  0  -162.933
178  3  0  -162.885
439  5  0  -162.885
700  1  0  -162.885
961  5  0  -162.885
179  3  0  -162.85
440  5  0  -162.85
701  1  0  -162.85
962  5  0  -162.85
180  3  0  -162.796
441  5  0  -162.796
702  1  0  -162.796
963  5  0  -162.796
181  3  0  -162.755
442  5  0  -162.755
703  1  0  -162.755
964  5  0  -162.755
182  3  0  -162.755
443  5  0  -162.755
704  1  0  -162.755
965  5  0  -162.755
183  3  0  -162.744
444  5  0  -162.744
705  1  0  -162.744
966  5  0  -162.744
184  3  0  -162.799
445  5  0  -162.799
706  1  0  -162.799
967  5  0  -162.799
185  3  0  -162.956
446  5  0  -162.956
707  1  0  -162.956
968  5  0  -162.955
186  3  0  -163.016
447  5  0  -163.016
708  1  0  -163.016
969  5  0  -163.016
187  3  0  -163.099
448  5  0  -163.099
709  1  0  -163.099
970  5  0  -163.099
188  3  0  -163.158
449  5  0  -163.158
710  1  0  -163.158
971  5  0  -163.158
189  3  0  -163.164
450  5  0  -163.164
711  1  0  -178.493
972  5  0  168.104
190  3  0  -163.199
451  5  0  -163.199
712  4  0  -163.199
973  5  0  -163.199
191  3  0  -163.333
452  5  0  -163.333
713  4  0  -163.333
974  5  0  -163.333
192  3  0  -163.439
453  5  0  -163.439
714  4  0  -163.439
975  5  0  -163.439
193  3  0  -163.568
454  5  0  -163.568
715  4  0  -163.568
976  5  0  -163.568
194  3  0  -163.593
455  5  0  -163.593
716  4  0  -163.593
977  5  0  -163.593
195  3  0  -163.505
456  5  0  -163.505
717  4  0  -163.505
978  5  0  -163.505
196  3  0  -163.465
457  5  0  -163.465
718  4  0  -163.465
979  5  0  -163.465
197  3  0  -163.38
458  5  0  -163.38
719  4  0  -163.38
980  5  0  -163.38
198  3  0  -163.35
459  5  0  -163.439
720  4  0  -163.556
981  5  0  -163.677
199  3  0  -127.947
460  5  0  -127.885
721  4  0  -127.792
982  5  0  -127.678
200  2  0  -90.0008
461  1  0  -90.0008
722  1  0  -90.0008
983  2  0  -90.0008
201  2  0  -90.0008
462  1  0  -90.0008
723  1  0  -90.0008
984  2  0  -90.0008
202  2  0  -90.0008
463  1  0  -90.0008
724  1  0  -90.0008
985  2  0  -90.0008
203  2  0  -90.0008
464  1  0  -90.0008
725  1  0  -90.0008
986  2  0  -90.0008
204  2  0  -90.0008
465  1  0  -90.0008
726  1  0  -90.0008
987  2  0  -90.0008
205  2  0  -90.0008
466  1  0  -90.0008
727  1  0  -90.0008
988  2  0  -90.0008
206  2  0  -90.0008
467  1  0  -90.0008
728  1  0  -90.0008
989  2  0  -90.0008
207  2  0  -90.0008
468  1  0  -90.0008
729  1  0  -90.0008
990  2  0  -90.0008
208  2  0  -90.0008
469  1  0  -90.0008
730  1  0  -90.0008
991  2  0  -90.0008
209  2  0  -90.0008
470  1  0  -90.0008
731  1  0  -90.0008
992  2  0  -90.0008
210  2  0  -90.0008
471  1  0  -90.0008
732  1  0  -90.0008
993  2  0  -90.0008
211  2  0  -90.0008
472  1  0  -90.0008
733  1  0  -90.0008
994  2  0  -90.0008
212  2  0  -90.0008
473  1  0  -90.0008
734  1  0  -90.0008
995  2  0  -90.0008
213  2  0  -90.0008
474  1  0  -90.0008
735  1  0  -90.0008
996  2  0  -90.0008
214  2  0  -90.0008
475  1  0  -90.0008
736  1  0  -90.0008
997  2  0  -90.0008
215  2  0  -90.0008
476  1  0  -90.0008
737  1  0  -90.0008
998  2  0  -90.0008
216  2  0  -90.0008
477  1  0  -90.0008
738  1  0  -90.0008
999  2  0  -90.0008
217  2  0  -90.0008
478  1  0  -90.0008
739  1  0  -90.0008
1000  2  0  -90.0008
218  2  0  -90.0008
479  1  0  -90.0008
740  1  0  -90.0008
1001  2  0  -90.0008
219  2  0  -90.0008
480  1  0  -90.0008
741  1  0  -90.0008
1002  2  0  -90.0008
220  2  0  -90.0008
481  1  0  -90.0008
742  1  0  -90.0008
1003  2  0  -90.0008
221  2  0  -90.0008
482  1  0  -90.0008
743  1  0  -90.0008
1004  2  0  -90.0008
222  2  0  -90.0008
483  1  0  -90.0008
744  1  0  -90.0008
1005  2  0  -90.0008
223  2  0  -90.0008
484  1  0  -90.0008
745  1  0  -90.0008
1006  2  0  -90.0008
224  2  0  -90.0008
485  1  0  -90.0008
746  1  0  -90.0008
1007  2  0  -90.0008
225  2  0  -90.0008
486  1  0  -90.0008
747  1  0  -90.0008
1008  2  0  -90.0008
226  2  0  -90.0008
487  1  0  -90.0008
748  1  0  -90.0008
1009  2  0  -90.0008
227  2  0  -90.0008
488  1  0  -90.0008
749  1  0  -90.0008
1010  2  0  -90.0008
228  2  0  -90.0008
489  1  0  -90.0008
750  1  0  -90.0008
1011  2  0  -90.0008
229  2  0  -90.0008
490  1  0  -90.0008
751  1  0  -90.0008
1012  2  0  -90.0008
230  2  0  -90.0008
491  1  0  -90.0008
752  1  0  -90.0008
1013  2  0  -90.0008
231  2  0  -89.9889
492  1  0  -89.9889
753  1  0  -89.9889
1014  2  0  -89.9889
232  2  0  -89.9889
493  1  0  -89.9889
754  1  0  -89.9889
1015  2  0  -89.9889
233  2  0  -89.9889
494  1  0  -89.9889
755  1  0  -89.9889
1016  2  0  -89.9889
234  2  0  -89.9889
495  1  0  -89.9889
756  1  0  -89.9889
1017  2  0  -89.9889
235  2  0  -89.9889
496  1  0  -89.9889
757  1  0  -89.9889
1018  2  0  -89.9889
236  2  0  -89.9889
497  1  0  -89.9889
758  1  0  -89.9889
1019  2  0  -89.9889
237  2  0  -89.9889
498  1  0  -89.9889
759  1  0  -89.9889
1020  2  0  -89.9889
238  2  0  -89.9889
499  1  0  -89.9889
760  1  0  -89.9889
1021  2  0  -89.9889
239  2  0  -89.9889
500  1  0  -89.9889
761  1  0  -89.9889
1022  2  0  -89.9889
240  2  0  -89.9889
501  1  0  -89.9889
762  1  0  -89.9889
1023  2  0  -89.9889
241  2  0  -89.9889
502  1  0  -89.9889
763  1  0  -89.9889
1024  2  0  -89.9889
242  2  0  -89.9889
503  1  0  -89.9889
764  1  0  -89.9889
1025  2  0  -89.9889
243  2  0  -89.9889
504  1  0  -89.9889
765  1  0  -89.9889
1026  2  0  -89.9889
244  2  0  -89.9889
505  1  0  -89.9889
766  1  0  -89.9889
1027  2  0  -89.9889
245  2  0  -89.9889
506  1  0  -89.9889
767  1  0  -89.9889
1028  2  0  -89.9889
246  2  0  -89.9889
507  1  0  -89.9889
768  1  0  -89.9889
1029  2  0  -89.9889
247  2  0  -89.9889
508  1  0  -89.9889
769  1  0  -89.9889
1030  2  0  -89.9889
248  2  0  -89.9889
509  1  0  -89.9889
770  1  0  -89.9889
1031  2  0  -89.9889
249  2  0  -89.9889
510  1  0  -89.9889
771  1  0  -89.9889
1032  2  0  -89.9889
250  2  0  -89.9889
511  1  0  -89.9889
772  1  0  -89.9889
1033  2  0  -89.9889
251  2  0  -89.9889
512  1  0  -89.9889
773  1  0  -89.9889
1034  2  0  -89.9889
252  2  0  -89.9889
513  1  0  -89.9889
774  1  0  -89.9889
1035  2  0  -89.9889
253  2  0  -89.9889
514  1  0  -89.9889
775  1  0  -89.9889
1036  2  0  -89.9889
254  2  0  -89.9889
515  1  0  -89.9889
776  1  0  -89.9889
1037  2  0  -89.9889
255  2  0  -89.9889
516  1  0  -89.9889
777  1  0  -89.9889
1038  2  0  -89.9889
256  2  0  -89.9889
517  1  0  -89.9889
778  1  0  -89.9889
1039  2  0  -89.9889
257  2  0  -89.9889
518  1  0  -89.9889
779  1  0  -89.9889
1040  2  0  -89.9889
258  2  0  -89.9889
519  1  0  -89.9889
780  1  0  -89.9889
1041  2  0  -89.9889
259  2  0  -89.9889
520  1  0  -89.9889
781  1  0  -89.9889
1042  2  0  -89.9889
260  2  0  -89.9889
521  1  0  -89.9889
782  1  0  -89.9889
1043  2  0  -89.9889
261  2  0  -89.9889
522  1  0  -89.9889
783  1  0  -89.9889
1044  2  0  90.0111
