10240  -1.27840512e+00  3.65927039e-01
1  -2.55750000e+00  -1.88050000e-02
2  -2.51558562e+00  -9.59089237e-03
3  -2.47327360e+00  -2.43337032e-03
4  -2.43065405e+00  2.57193159e-03
5  -2.38784779e+00  5.64637033e-03
6  -2.34493620e+00  6.31533815e-03
7  -2.30204022e+00  5.07202729e-03
8  -2.25919175e+00  2.63921635e-03
9  -2.21648485e+00  -1.59634599e-03
10  -2.17390000e+00  -6.92401626e-03
11  -2.11539708e+00  -1.67634199e-02
12  -2.07461953e+00  -2.48897849e-02
13  -2.03406005e+00  -3.40426702e-02
14  -1.99381006e+00  -4.44724650e-02
15  -1.95376386e+00  -5.56623024e-02
16  -1.91390865e+00  -6.75139179e-02
17  -1.87430944e+00  -8.01944720e-02
18  -1.83498531e+00  -9.37042834e-02
19  -1.79589342e+00  -1.07871035e-01
20  -1.75700450e+00  -1.22586994e-01
21  -1.71829590e+00  -1.37770638e-01
22  -1.67977125e+00  -1.53415332e-01
23  -1.64142417e+00  -1.69491396e-01
24  -1.60320423e+00  -1.85867857e-01
25  -1.56508103e+00  -2.02468175e-01
26  -1.52710626e+00  -2.19404857e-01
27  -1.48924123e+00  -2.36585420e-01
28  -1.45146432e+00  -2.53959423e-01
29  -1.41377993e+00  -2.71533299e-01
30  -1.37614349e+00  -2.89209612e-01
31  -1.33852341e+00  -3.06920753e-01
32  -1.30090850e+00  -3.24642887e-01
33  -1.26329822e+00  -3.42374828e-01
34  -1.22564977e+00  -3.60025569e-01
35  -1.18798108e+00  -3.77633076e-01
36  -1.15029424e+00  -3.95201709e-01
37  -1.11258438e+00  -4.12720890e-01
38  -1.07476641e+00  -4.30004850e-01
39  -1.03686745e+00  -4.47110527e-01
40  -9.98890579e-01  -4.64043111e-01
41  -9.60760101e-01  -4.80626816e-01
42  -9.22502546e-01  -4.96913340e-01
43  -8.84093274e-01  -5.12837914e-01
44  -8.45454057e-01  -5.28199071e-01
45  -8.06640367e-01  -5.43112767e-01
46  -7.67666766e-01  -5.57600708e-01
47  -7.28494182e-01  -5.71543149e-01
48  -6.89068270e-01  -5.84754553e-01
49  -6.49421383e-01  -5.97283558e-01
50  -6.09599378e-01  -6.09244497e-01
51  -5.69579308e-01  -6.20526799e-01
52  -5.29336191e-01  -6.30986558e-01
53  -4.88883508e-01  -6.40598635e-01
54  -4.48268618e-01  -6.49501630e-01
55  -4.07490276e-01  -6.57627651e-01
56  -3.49000000e-01  -6.67727476e-01
57  -3.08878561e-01  -6.73548144e-01
58  -2.68632030e-01  -6.78417811e-01
59  -2.28293093e-01  -6.82418757e-01
60  -1.87875238e-01  -6.85545389e-01
61  -1.47396536e-01  -6.87797166e-01
62  -1.06870992e-01  -6.88918723e-01
63  -6.63328959e-02  -6.89136412e-01
64  -2.57970007e-02  -6.88613575e-01
65  1.47251201e-02  -6.87414731e-01
66  5.52198066e-02  -6.85476608e-01
67  9.56418028e-02  -6.82369451e-01
68  1.36008101e-01  -6.78616431e-01
69  1.76293880e-01  -6.74096929e-01
70  2.16491809e-01  -6.68842353e-01
71  2.56600000e-01  -6.62938879e-01
72  3.04543696e-01  -6.54856274e-01
73  3.46117752e-01  -6.46905177e-01
74  3.87512854e-01  -6.38066445e-01
75  4.28684582e-01  -6.28238168e-01
76  4.69666296e-01  -6.17646029e-01
77  5.10419284e-01  -6.06205662e-01
78  5.50914618e-01  -5.93884407e-01
79  5.91119952e-01  -5.80649223e-01
80  6.30905179e-01  -5.66200124e-01
81  6.70356373e-01  -5.50861536e-01
82  7.09453296e-01  -5.34641128e-01
83  7.48075080e-01  -5.17321334e-01
84  7.86109745e-01  -4.98749939e-01
85  8.23579443e-01  -4.79064697e-01
86  8.60375144e-01  -4.58150603e-01
87  9.02600000e-01  -4.31971381e-01
88  9.37673993e-01  -4.08510567e-01
89  9.71499511e-01  -3.83277915e-01
90  1.00442118e+00  -3.56883472e-01
91  1.03596774e+00  -3.28859694e-01
92  1.06606854e+00  -2.99291163e-01
93  1.09462040e+00  -2.68222477e-01
94  1.12067255e+00  -2.35034471e-01
95  1.14408147e+00  -1.99940974e-01
96  1.16442971e+00  -1.62986444e-01
97  1.18068486e+00  -1.24071410e-01
98  1.19231004e+00  -8.35304207e-02
99  1.20003146e+00  -4.20474999e-02
100  1.20350000e+00  0.00000000e+00
101  1.20056823e+00  4.00967118e-02
102  1.19437883e+00  7.98174492e-02
103  1.18553064e+00  1.19019060e-01
104  1.17210187e+00  1.56880084e-01
105  1.15496462e+00  1.93229494e-01
106  1.13472404e+00  2.27947625e-01
107  1.11190717e+00  2.61038898e-01
108  1.08687265e+00  2.92482637e-01
109  1.05980779e+00  3.22199078e-01
110  1.03110624e+00  3.50342870e-01
111  1.00076060e+00  3.76705703e-01
112  9.69173597e-01  4.01567082e-01
113  9.36469790e-01  4.24941621e-01
114  9.02600000e-01  4.46596870e-01
115  8.60355975e-01  4.71202703e-01
116  8.23481519e-01  4.90557956e-01
117  7.85929810e-01  5.08570080e-01
118  7.47803313e-01  5.25332151e-01
119  7.09046534e-01  5.40583577e-01
120  6.69874493e-01  5.54735832e-01
121  6.30278628e-01  5.67655397e-01
122  5.90358973e-01  5.79537513e-01
123  5.50165809e-01  5.90454258e-01
124  5.09661525e-01  6.00158048e-01
125  4.68921083e-01  6.08817809e-01
126  4.27972538e-01  6.16434031e-01
127  3.86871024e-01  6.23177478e-01
128  3.45628641e-01  6.28996768e-01
129  3.04266875e-01  6.33888671e-01
130  2.56600000e-01  6.38466478e-01
131  2.16237980e-01  6.41477856e-01
132  1.75828989e-01  6.43760532e-01
133  1.35386723e-01  6.45352132e-01
134  9.49236764e-02  6.46304763e-01
135  5.44497240e-02  6.46639374e-01
136  1.39751511e-02  6.46392017e-01
137  -2.64870526e-02  6.45419419e-01
138  -6.69296213e-02  6.43831871e-01
139  -1.07346887e-01  6.41683491e-01
140  -1.47732667e-01  6.38993330e-01
141  -1.88075733e-01  6.35723527e-01
142  -2.28384403e-01  6.32059747e-01
143  -2.68648520e-01  6.27943661e-01
144  -3.08859999e-01  6.23333683e-01
145  -3.49000000e-01  6.18133846e-01
146  -4.07342189e-01  6.09914404e-01
147  -4.48084283e-01  6.03733410e-01
148  -4.88754098e-01  5.97096433e-01
149  -5.29357027e-01  5.90060844e-01
150  -5.69887358e-01  5.82616545e-01
151  -6.10356707e-01  5.74847722e-01
152  -6.50762536e-01  5.66755776e-01
153  -6.91103984e-01  5.58349774e-01
154  -7.31365780e-01  5.49568190e-01
155  -7.71542641e-01  5.40406253e-01
156  -8.11670337e-01  5.31031449e-01
157  -8.51756099e-01  5.21478922e-01
158  -8.91798204e-01  5.11744405e-01
159  -9.31756329e-01  5.01670859e-01
160  -9.71659198e-01  4.91381458e-01
161  -1.01151268e+00  4.80902111e-01
162  -1.05132057e+00  4.70250251e-01
163  -1.09105670e+00  4.59333690e-01
164  -1.13076310e+00  4.48309725e-01
165  -1.17044193e+00  4.37186895e-01
166  -1.21009205e+00  4.25962015e-01
167  -1.24967747e+00  4.14511007e-01
168  -1.28923697e+00  4.02970865e-01
169  -1.32878178e+00  3.91380406e-01
170  -1.36830405e+00  3.79713468e-01
171  -1.40776915e+00  3.67854433e-01
172  -1.44722078e+00  3.55950644e-01
173  -1.48664503e+00  3.43956539e-01
174  -1.52606165e+00  3.31937347e-01
175  -1.56547925e+00  3.19921341e-01
176  -1.60489011e+00  3.07883288e-01
177  -1.64428394e+00  2.95789608e-01
178  -1.68367754e+00  2.83695144e-01
179  -1.72306102e+00  2.71567803e-01
180  -1.76243716e+00  2.59416648e-01
181  -1.80180181e+00  2.47228309e-01
182  -1.84115773e+00  2.35011813e-01
183  -1.88051361e+00  2.22795206e-01
184  -1.91986714e+00  2.10570986e-01
185  -1.95923245e+00  1.98384935e-01
186  -1.99863087e+00  1.86306192e-01
187  -2.03804202e+00  1.74269097e-01
188  -2.07747054e+00  1.62289003e-01
189  -2.11691130e+00  1.50349229e-01
190  -2.17390000e+00  1.33103769e-01
191  -2.21221817e+00  1.21534100e-01
192  -2.25056322e+00  1.10053958e-01
193  -2.28892943e+00  9.86446058e-02
194  -2.32732138e+00  8.73221666e-02
195  -2.36571828e+00  7.60165161e-02
196  -2.40409761e+00  6.46514093e-02
197  -2.44246904e+00  5.32596221e-02
198  -2.48082351e+00  4.18109008e-02
199  -2.51916855e+00  3.03305938e-02
200  -3.08860597e-01  5.81498786e-01
201  -3.08861196e-01  5.39663888e-01
202  -3.08861795e-01  4.97828990e-01
203  -3.08862394e-01  4.55994093e-01
204  -3.08862993e-01  4.14159195e-01
10274  -2.81635795e-01  4.97828600e-01
206  -3.08864190e-01  3.30489400e-01
207  -3.08864789e-01  2.88654502e-01
208  -3.08865388e-01  2.46819604e-01
209  -3.08865987e-01  2.04984707e-01
210  -3.08866585e-01  1.63149809e-01
10275  -2.81636394e-01  4.55993703e-01
212  -3.08867783e-01  7.94800139e-02
213  -3.08868382e-01  3.76451163e-02
214  -3.08868981e-01  -4.18978139e-03
215  -3.08869579e-01  -4.60246790e-02
216  -3.08870178e-01  -8.78595767e-02
10276  -2.81636993e-01  4.14158805e-01
218  -3.08871376e-01  -1.71529372e-01
219  -3.08871975e-01  -2.13364270e-01
220  -3.08872573e-01  -2.55199167e-01
221  -3.08873172e-01  -2.97034065e-01
222  -3.08873771e-01  -3.38868963e-01
10277  -2.81637591e-01  3.72323907e-01
224  -3.08874968e-01  -4.22538758e-01
225  -3.08875567e-01  -4.64373655e-01
226  -3.08876166e-01  -5.06208553e-01
227  -3.08876765e-01  -5.48043451e-01
228  -3.08877364e-01  -5.89878348e-01
10278  -2.81638190e-01  3.30489010e-01
230  2.16246168e-01  5.99209462e-01
231  2.16254356e-01  5.56941068e-01
232  2.16262544e-01  5.14672674e-01
233  2.16270732e-01  4.72404280e-01
234  2.16278920e-01  4.30135887e-01
10279  -2.81638789e-01  2.88654112e-01
236  2.16295296e-01  3.45599099e-01
237  2.16303484e-01  3.03330705e-01
238  2.16311672e-01  2.61062311e-01
239  2.16319860e-01  2.18793918e-01
240  2.16328048e-01  1.76525524e-01
10280  -2.81639388e-01  2.46819214e-01
242  2.16344424e-01  9.19887361e-02
243  2.16352612e-01  4.97203422e-02
244  2.16360800e-01  7.45194843e-03
245  2.16368988e-01  -3.48164454e-02
246  2.16377176e-01  -7.70848392e-02
10281  -2.81639987e-01  2.04984317e-01
248  2.16393552e-01  -1.61621627e-01
249  2.16401740e-01  -2.03890021e-01
250  2.16409928e-01  -2.46158414e-01
251  2.16418116e-01  -2.88426808e-01
252  2.16426304e-01  -3.30695202e-01
10282  -2.81640585e-01  1.63149419e-01
254  2.16442680e-01  -4.15231990e-01
255  2.16450868e-01  -4.57500384e-01
256  2.16459056e-01  -4.99768777e-01
257  2.16467244e-01  -5.42037171e-01
258  2.16475432e-01  -5.84305565e-01
10283  -2.81641184e-01  1.21314522e-01
10284  -2.81641783e-01  7.94796241e-02
2775  2.17580244e-01  -5.42036955e-01
10285  -2.81642382e-01  3.76447265e-02
10286  -2.81642981e-01  -4.19017089e-03
10287  -2.81643579e-01  -4.60250685e-02
10288  -2.81644178e-01  -8.78599665e-02
10289  -2.81644777e-01  -1.29694864e-01
10290  -2.81645376e-01  -1.71529762e-01
10291  -2.81645975e-01  -2.13364660e-01
10292  -2.81646573e-01  -2.55199557e-01
10293  -2.81647172e-01  -2.97034455e-01
10294  -2.81647771e-01  -3.38869353e-01
10295  -2.81648370e-01  -3.80704250e-01
10296  -2.81648968e-01  -4.22539148e-01
10245  -1.47539983e+00  3.07036092e-01
10298  -2.81650166e-01  -5.06208943e-01
10299  -2.81650765e-01  -5.48043841e-01
10241  -1.31789055e+00  3.54353995e-01
10300  -2.81651364e-01  -5.89878738e-01
10327  2.43676867e-01  -4.57495110e-01
10301  -2.81651962e-01  -6.31713636e-01
10302  2.43472167e-01  5.99214736e-01
10303  2.43480355e-01  5.56946342e-01
10304  2.43488543e-01  5.14677948e-01
10242  -1.35728702e+00  3.42724293e-01
10305  2.43496731e-01  4.72409554e-01
10306  2.43504919e-01  4.30141161e-01
10307  2.43513107e-01  3.87872767e-01
10308  2.43521295e-01  3.45604373e-01
10309  2.43529483e-01  3.03335979e-01
10243  -1.39664124e+00  3.30898464e-01
10246  -1.51480619e+00  2.95020024e-01
10310  2.43537671e-01  2.61067585e-01
10311  2.43545859e-01  2.18799192e-01
10312  2.43554047e-01  1.76530798e-01
10313  2.43562235e-01  1.34262404e-01
10314  2.43570423e-01  9.19940102e-02
10244  -1.43602961e+00  3.19013782e-01
10315  2.43578611e-01  4.97256163e-02
10316  2.43586799e-01  7.45722250e-03
2743  -3.07762567e-01  -4.64373671e-01
10317  2.43594987e-01  -3.48111713e-02
10318  2.43603175e-01  -7.70795651e-02
2519  -2.55625255e+00  -1.80188317e-02
2520  -2.51568102e+00  -9.10007837e-03
2521  -2.47334448e+00  -1.93841985e-03
2522  -2.43070113e+00  3.06971000e-03
2523  -2.38786960e+00  6.14589421e-03
2524  -2.34493285e+00  6.81532695e-03
2525  -2.30201880e+00  5.57156841e-03
2526  -2.25915290e+00  3.13770448e-03
2527  -2.21642914e+00  -1.09945959e-03
2528  -2.17382748e+00  -6.42930267e-03
2529  -2.11530674e+00  -1.62716480e-02
2530  -2.07451563e+00  -2.44006995e-02
2531  -2.03394229e+00  -3.35567348e-02
2532  -1.99368007e+00  -4.39896593e-02
2533  -1.95362532e+00  -5.51818794e-02
2534  -1.91376114e+00  -6.70361717e-02
2535  -1.87415196e+00  -7.97199190e-02
2536  -1.83481890e+00  -9.32327888e-02
2537  -1.79571976e+00  -1.07402162e-01
2538  -1.75682473e+00  -1.22120431e-01
2539  -1.71811054e+00  -1.37306265e-01
2540  -1.67958053e+00  -1.52953136e-01
2541  -1.64122905e+00  -1.69031039e-01
2542  -1.60300596e+00  -1.85408849e-01
2543  -1.56487939e+00  -2.02010637e-01
2544  -1.52690113e+00  -2.18948872e-01
2545  -1.48903347e+00  -2.36130627e-01
2546  -1.45125420e+00  -2.53505717e-01
2547  -1.41356799e+00  -2.71080439e-01
2548  -1.37593073e+00  -2.88757139e-01
2549  -1.33831037e+00  -3.06468410e-01
2550  -1.30069534e+00  -3.24190603e-01
2551  -1.26308548e+00  -3.41922342e-01
2552  -1.22543778e+00  -3.59572732e-01
2553  -1.18776959e+00  -3.77180008e-01
2554  -1.15008328e+00  -3.94748393e-01
2555  -1.11237513e+00  -4.12266783e-01
2556  -1.07455964e+00  -4.29549605e-01
2557  -1.03666280e+00  -4.46654328e-01
2558  -9.98689063e-01  -4.63585518e-01
2559  -9.60562469e-01  -4.80167532e-01
2560  -9.22308873e-01  -4.96452373e-01
2561  -8.83905164e-01  -5.12374649e-01
2562  -8.45272028e-01  -5.27733383e-01
2563  -8.06463586e-01  -5.42645061e-01
2564  -7.67495822e-01  -5.57130838e-01
2565  -7.28330913e-01  -5.71070557e-01
2566  -6.88913500e-01  -5.84279110e-01
2567  -6.49274131e-01  -5.96805733e-01
2568  -6.09459622e-01  -6.08764426e-01
2569  -5.69448577e-01  -6.20044192e-01
2570  -5.29215501e-01  -6.30501343e-01
2571  -4.88772179e-01  -6.40111187e-01
2572  -4.48166225e-01  -6.49012227e-01
2573  -4.07398872e-01  -6.57136077e-01
2574  -3.48921560e-01  -6.67233667e-01
2575  -3.07765556e-01  -6.73191789e-01
2576  -2.68577322e-01  -6.77920813e-01
2577  -2.28249134e-01  -6.81920693e-01
2578  -1.87842069e-01  -6.85046490e-01
2579  -1.47375732e-01  -6.87297599e-01
2580  -1.06862733e-01  -6.88418791e-01
2581  -6.63347778e-02  -6.88636416e-01
2582  -2.58076183e-02  -6.88113688e-01
2583  1.47057747e-02  -6.86915105e-01
2584  5.51886913e-02  -6.84977577e-01
2585  9.55994973e-02  -6.81871244e-01
2586  1.35957083e-01  -6.78119041e-01
2587  1.76233602e-01  -6.73600576e-01
2588  2.17604681e-01  -6.68182923e-01
2589  2.56522031e-01  -6.62444996e-01
2590  3.04455169e-01  -6.54364173e-01
2591  3.46018581e-01  -6.46415111e-01
2592  3.87402595e-01  -6.37578754e-01
2593  4.28563970e-01  -6.27752933e-01
2594  4.69536161e-01  -6.17163261e-01
2595  5.10278935e-01  -6.05725764e-01
2596  5.50763666e-01  -5.93407738e-01
2597  5.90956422e-01  -5.80176721e-01
2598  6.30729234e-01  -5.65732103e-01
2599  6.70169966e-01  -5.50397583e-01
2600  7.09255178e-01  -5.34182054e-01
2601  7.47863064e-01  -5.16868510e-01
2602  7.85883757e-01  -4.98303924e-01
2603  8.23339603e-01  -4.78625975e-01
2604  8.60119828e-01  -4.57720703e-01
2605  9.02329230e-01  -4.31551044e-01
2606  9.37385420e-01  -4.08102246e-01
2607  9.71193602e-01  -3.82882415e-01
2608  1.00409866e+00  -3.56501394e-01
2609  1.03562641e+00  -3.28494329e-01
2610  1.06570915e+00  -2.98943539e-01
2611  1.09423939e+00  -2.67898702e-01
2612  1.12026762e+00  -2.34741156e-01
2613  1.14365411e+00  -1.99681425e-01
2614  1.16397938e+00  -1.62769185e-01
2615  1.18021306e+00  -1.23905860e-01
2616  1.19182339e+00  -8.34156320e-02
2617  1.19953589e+00  -4.19811131e-02
2618  1.20300001e+00  2.32925613e-06
2619  1.20007105e+00  4.00398954e-02
2620  1.19388767e+00  7.97238620e-02
2621  1.18505031e+00  1.18880202e-01
2622  1.17163955e+00  1.56689667e-01
2623  1.15452209e+00  1.92996748e-01
2624  1.13430194e+00  2.27679605e-01
2625  1.11150553e+00  2.60741092e-01
2626  1.08649203e+00  2.92158404e-01
2627  1.05944778e+00  3.21852099e-01
2628  1.03076709e+00  3.49975473e-01
2629  1.00044193e+00  3.76320413e-01
2630  9.68873526e-01  4.01167135e-01
2631  9.36189658e-01  4.24527464e-01
2632  9.02339447e-01  4.46170124e-01
2633  8.60113897e-01  4.70765212e-01
2634  8.23257171e-01  4.90111114e-01
2635  7.85721044e-01  5.08115749e-01
2636  7.47611114e-01  5.24870567e-01
2637  7.08870023e-01  5.40115769e-01
2638  6.69711978e-01  5.54262980e-01
2639  6.30129747e-01  5.67178077e-01
2640  5.90222115e-01  5.79056608e-01
2641  5.50042022e-01  5.89969824e-01
2642  5.09551292e-01  5.99670351e-01
2643  4.68823382e-01  6.08327447e-01
2644  4.27886343e-01  6.15941517e-01
2645  3.86795614e-01  6.22683197e-01
2646  3.45564345e-01  6.28500919e-01
2647  3.04213609e-01  6.33391516e-01
2648  2.56557498e-01  6.37968288e-01
2649  2.17351091e-01  6.40903826e-01
2650  1.75805057e-01  6.43261105e-01
2651  1.35371007e-01  6.44852379e-01
2652  9.49157252e-02  6.45804826e-01
2653  5.44491851e-02  6.46139374e-01
2654  1.39826868e-02  6.45892074e-01
2655  -2.64712385e-02  6.44919669e-01
2656  -6.69065447e-02  6.43332404e-01
2657  -1.07317000e-01  6.41184385e-01
2658  -1.47695854e-01  6.38494687e-01
2659  -1.88032906e-01  6.35225365e-01
2660  -2.28336348e-01  6.31562062e-01
2661  -2.68594620e-01  6.27446575e-01
2662  -3.07747004e-01  6.22965852e-01
2663  -3.48933005e-01  6.17638355e-01
2664  -4.07269813e-01  6.09419670e-01
2665  -4.48006518e-01  6.03239494e-01
2666  -4.88671148e-01  5.96603362e-01
2667  -5.29269180e-01  5.89568622e-01
2668  -5.69795063e-01  5.82125137e-01
2669  -6.10260483e-01  5.74357068e-01
2670  -6.50662446e-01  5.66265896e-01
2671  -6.90999710e-01  5.57860768e-01
2672  -7.31256920e-01  5.49080184e-01
2673  -7.71430183e-01  5.39919064e-01
2674  -8.11555509e-01  5.30544813e-01
2675  -8.51639089e-01  5.20992806e-01
2676  -8.91678033e-01  5.11259061e-01
2677  -9.31632792e-01  5.01186361e-01
2678  -9.71533199e-01  4.90897594e-01
2679  -1.01138448e+00  4.80418825e-01
2680  -1.05118972e+00  4.69767676e-01
2681  -1.09092359e+00  4.58851733e-01
2682  -1.13062874e+00  4.47828116e-01
2683  -1.17030635e+00  4.36705627e-01
2684  -1.20995448e+00  4.25481313e-01
2685  -1.24953799e+00  4.14030856e-01
2686  -1.28909664e+00  4.02490961e-01
2687  -1.32864068e+00  3.90900727e-01
2688  -1.36816132e+00  3.79234272e-01
2689  -1.40762499e+00  3.67375667e-01
2690  -1.44707580e+00  3.55472125e-01
2691  -1.48649935e+00  3.43478233e-01
2692  -1.52591584e+00  3.31459081e-01
2693  -1.56533332e+00  3.19443110e-01
2694  -1.60474371e+00  3.07405201e-01
2695  -1.64413720e+00  2.95311626e-01
2696  -1.68353059e+00  2.83217225e-01
2697  -1.72291373e+00  2.71089990e-01
2698  -1.76228950e+00  2.58938949e-01
2699  -1.80165375e+00  2.46750733e-01
2700  -1.84100950e+00  2.34534290e-01
2701  -1.88036533e+00  2.22317698e-01
2702  -1.91971905e+00  2.10093420e-01
2703  -1.95908524e+00  1.97907096e-01
10251  -1.71169163e+00  2.34685410e-01
2705  -2.03789631e+00  1.73790798e-01
2706  -2.07732542e+00  1.61810525e-01
2707  -2.11676645e+00  1.49870669e-01
2708  -2.17375533e+00  1.32625156e-01
2709  -2.21207420e+00  1.21055274e-01
2710  -2.25042026e+00  1.09574832e-01
2711  -2.28878745e+00  9.81651874e-02
2712  -2.32718005e+00  8.68425568e-02
2713  -2.36557668e+00  7.55369850e-02
2714  -2.40395547e+00  6.41720374e-02
2715  -2.44232638e+00  5.27804053e-02
2716  -2.48068030e+00  4.13318489e-02
2717  -2.51888639e+00  2.99178130e-02
2718  -3.07747597e-01  5.81498770e-01
2719  -3.07748196e-01  5.39663872e-01
2720  -3.07748795e-01  4.97828974e-01
5232  -2.40335481e+00  6.21462115e-02
2722  -3.07749993e-01  4.14159179e-01
2723  -3.07750591e-01  3.72324281e-01
2724  -3.07751190e-01  3.30489384e-01
2725  -3.07751789e-01  2.88654486e-01
2726  -3.07752388e-01  2.46819588e-01
2727  -3.07752987e-01  2.04984691e-01
2728  -3.07753585e-01  1.63149793e-01
2729  -3.07754184e-01  1.21314896e-01
2730  -3.07754783e-01  7.94799980e-02
2731  -3.07755382e-01  3.76451004e-02
2732  -3.07755981e-01  -4.18979731e-03
2733  -3.07756579e-01  -4.60246949e-02
10252  -1.75103920e+00  2.22543072e-01
2735  -3.07757777e-01  -1.29694490e-01
2736  -3.07758376e-01  -1.71529388e-01
2737  -3.07758975e-01  -2.13364286e-01
2738  -3.07759573e-01  -2.55199183e-01
2739  -3.07760172e-01  -2.97034081e-01
2740  -3.07760771e-01  -3.38868979e-01
2741  -3.07761370e-01  -3.80703876e-01
2742  -3.07761968e-01  -4.22538774e-01
10261  -2.10573068e+00  1.13409173e-01
2744  -3.07763166e-01  -5.06208569e-01
2745  -3.07763765e-01  -5.48043467e-01
2746  -3.07764364e-01  -5.89878364e-01
2747  -3.07764962e-01  -6.31713262e-01
2748  2.17359168e-01  5.99209678e-01
2749  2.17367356e-01  5.56941284e-01
2750  2.17375544e-01  5.14672890e-01
2751  2.17383732e-01  4.72404496e-01
2752  2.17391920e-01  4.30136103e-01
2753  2.17400108e-01  3.87867709e-01
2754  2.17408296e-01  3.45599315e-01
2755  2.17416484e-01  3.03330921e-01
2756  2.17424672e-01  2.61062527e-01
2757  2.17432860e-01  2.18794134e-01
2758  2.17441048e-01  1.76525740e-01
2759  2.17449236e-01  1.34257346e-01
2760  2.17457424e-01  9.19889517e-02
2761  2.17465612e-01  4.97205578e-02
2762  2.17473800e-01  7.45216403e-03
2763  2.17481988e-01  -3.48162298e-02
10253  -1.79037325e+00  2.10364205e-01
2765  2.17498364e-01  -1.19353017e-01
2766  2.17506552e-01  -1.61621411e-01
2767  2.17514740e-01  -2.03889805e-01
2768  2.17522928e-01  -2.46158198e-01
2769  2.17531116e-01  -2.88426592e-01
2770  2.17539304e-01  -3.30694986e-01
2771  2.17547492e-01  -3.72963380e-01
2772  2.17555680e-01  -4.15231774e-01
2773  2.17563868e-01  -4.57500168e-01
2774  2.17572056e-01  -4.99768561e-01
5241  -2.95250591e-01  3.72324102e-01
2776  2.17588432e-01  -5.84305349e-01
2777  2.17596621e-01  -6.26573743e-01
10331  2.43709620e-01  -6.26568685e-01
10321  2.43627739e-01  -2.03884747e-01
10254  -1.82971594e+00  1.98151816e-01
10323  2.43644115e-01  -2.88421534e-01
10255  -1.86906820e+00  1.85936331e-01
10248  -1.59358944e+00  2.70979780e-01
10324  2.43652303e-01  -3.30689928e-01
10256  -1.90843603e+00  1.73707673e-01
10330  2.43701431e-01  -5.84300291e-01
10325  2.43660491e-01  -3.72958322e-01
10257  -1.94786946e+00  1.61500569e-01
10262  -2.17217782e+00  1.27406366e-01
5262  -2.95263166e-01  -5.06208748e-01
10326  2.43668679e-01  -4.15226716e-01
5264  -2.95264364e-01  -5.89878543e-01
10258  -1.98733765e+00  1.49400404e-01
5266  2.29859168e-01  5.99212099e-01
10263  -2.21050441e+00  1.15834159e-01
2734  -3.07757178e-01  -8.78595926e-02
10259  -2.02679499e+00  1.37349206e-01
235  2.16287108e-01  3.87867493e-01
10328  2.43685055e-01  -4.99763503e-01
10260  -2.06626909e+00  1.25355258e-01
5037  -2.55098082e+00  -1.46964847e-02
5038  -2.51608419e+00  -7.02589840e-03
5039  -2.47364402e+00  1.53240814e-04
5040  -2.43090010e+00  5.17332154e-03
5041  -2.38796179e+00  8.25688215e-03
5042  -2.34491871e+00  8.92827961e-03
5043  -2.30192830e+00  7.68262919e-03
5044  -2.25898870e+00  5.24431531e-03
5045  -2.21619370e+00  1.00038231e-03
5046  -2.17352104e+00  -4.33864303e-03
5047  -2.11492499e+00  -1.41934200e-02
5048  -2.07407654e+00  -2.23338247e-02
5049  -2.03344465e+00  -3.15031720e-02
5050  -1.99313071e+00  -4.19493222e-02
5051  -1.95303984e+00  -5.31516115e-02
5052  -1.91313777e+00  -6.50172163e-02
5053  -1.87348646e+00  -7.77144579e-02
5054  -1.83411564e+00  -9.12402529e-02
5055  -1.79498586e+00  -1.05420707e-01
5056  -1.75606500e+00  -1.20148735e-01
5057  -1.71732722e+00  -1.35343825e-01
5058  -1.67877453e+00  -1.50999898e-01
5059  -1.64040447e+00  -1.67085572e-01
5060  -1.60216807e+00  -1.83469079e-01
5061  -1.56402726e+00  -2.00077081e-01
5062  -1.52603426e+00  -2.17021881e-01
5063  -1.48815549e+00  -2.34208671e-01
5064  -1.45036622e+00  -2.51588357e-01
5065  -1.41267234e+00  -2.69166654e-01
5066  -1.37503159e+00  -2.86844989e-01
5067  -1.33741007e+00  -3.04556808e-01
5068  -1.29979450e+00  -3.22279250e-01
5069  -1.26218647e+00  -3.40010135e-01
5070  -1.22454193e+00  -3.57659042e-01
5071  -1.18687582e+00  -3.75265343e-01
5072  -1.14919175e+00  -3.92832682e-01
5073  -1.11149083e+00  -4.10347725e-01
5074  -1.07368585e+00  -4.27625741e-01
5075  -1.03579793e+00  -4.44726433e-01
5076  -9.97837458e-01  -4.61651729e-01
5077  -9.59727274e-01  -4.78226600e-01
5078  -9.21490413e-01  -4.94504325e-01
5079  -8.83110211e-01  -5.10416890e-01
5080  -8.44502776e-01  -5.25765384e-01
5081  -8.05716510e-01  -5.40668538e-01
5082  -7.66773414e-01  -5.55145165e-01
5083  -7.27640938e-01  -5.69073383e-01
5084  -6.88259442e-01  -5.82269887e-01
5085  -6.48651847e-01  -5.94786443e-01
5086  -6.08869013e-01  -6.06735645e-01
5087  -5.68896109e-01  -6.18004695e-01
5088  -5.28705466e-01  -6.28450822e-01
5089  -4.88301704e-01  -6.38051230e-01
5090  -4.47733514e-01  -6.46944007e-01
5091  -4.07012596e-01  -6.55058684e-01
5092  -3.48590074e-01  -6.65146831e-01
5093  -2.95265549e-01  -6.72722893e-01
5094  -2.68346127e-01  -6.75820499e-01
5095  -2.28063363e-01  -6.79815875e-01
5096  -1.87701894e-01  -6.82938145e-01
5097  -1.47287815e-01  -6.85186429e-01
5098  -1.06827830e-01  -6.86306080e-01
5099  -6.63427305e-02  -6.86523431e-01
5100  -2.58524884e-02  -6.86001164e-01
5101  1.46240210e-02  -6.84803688e-01
5102  5.50571979e-02  -6.82868673e-01
5103  9.54207141e-02  -6.79765821e-01
5104  1.35741483e-01  -6.76017069e-01
5105  1.75978868e-01  -6.71502987e-01
5106  2.30103932e-01  -6.64312929e-01
5107  2.56192534e-01  -6.60357844e-01
5108  3.04081054e-01  -6.52284556e-01
5109  3.45599485e-01  -6.44344090e-01
5110  3.86936640e-01  -6.35517770e-01
5111  4.28054263e-01  -6.25702331e-01
5112  4.68986208e-01  -6.15123084e-01
5113  5.09685818e-01  -6.03697715e-01
5114  5.50125740e-01  -5.91393335e-01
5115  5.90265343e-01  -5.78179929e-01
5116  6.29985690e-01  -5.63754248e-01
5117  6.69382212e-01  -5.48436917e-01
5118  7.08417933e-01  -5.32242005e-01
5119  7.46967085e-01  -5.14954878e-01
5120  7.84928734e-01  -4.96419063e-01
5121  8.22326038e-01  -4.76771938e-01
5122  8.59040861e-01  -4.55903948e-01
5123  9.01184956e-01  -4.29774698e-01
5124  9.36165912e-01  -4.06376683e-01
5125  9.69900833e-01  -3.81211034e-01
5126  1.00273571e+00  -3.54886732e-01
5127  1.03418393e+00  -3.26950294e-01
5128  1.06419039e+00  -2.97474482e-01
5129  1.09262923e+00  -2.66530430e-01
5130  1.11855640e+00  -2.33501606e-01
5131  1.14184810e+00  -1.98584571e-01
5132  1.16207628e+00  -1.61851050e-01
5133  1.17821924e+00  -1.23206247e-01
5134  1.18976683e+00  -8.29305348e-02
5135  1.19744159e+00  -4.17005626e-02
5136  1.20088703e+00  1.21726925e-05
5137  1.19796996e+00  3.97997891e-02
5138  1.19181201e+00  7.93283626e-02
5139  1.18302043e+00  1.18293386e-01
5140  1.16968578e+00  1.55884962e-01
5141  1.15265198e+00  1.92013166e-01
5142  1.13251816e+00  2.26546954e-01
5143  1.10980822e+00  2.59482565e-01
5144  1.08488352e+00  2.90788196e-01
5145  1.05792639e+00  3.20385766e-01
5146  1.02933387e+00  3.48422853e-01
5147  9.99095222e-01  3.74692177e-01
5148  9.67605426e-01  3.99476960e-01
5149  9.35005818e-01  4.22777238e-01
5150  9.01238349e-01  4.44366696e-01
5151  8.59090878e-01  4.68916375e-01
5152  8.22309077e-01  4.88222758e-01
5153  7.84838801e-01  5.06195745e-01
5154  7.46798879e-01  5.22919915e-01
5155  7.08124089e-01  5.38138814e-01
5156  6.69025190e-01  5.52264708e-01
5157  6.29500576e-01  5.65160922e-01
5158  5.89643753e-01  5.77024302e-01
5159  5.49518897e-01  5.87922604e-01
5160  5.09085447e-01  5.97609342e-01
5161  4.68410496e-01  6.06255179e-01
5162  4.27522080e-01  6.13860151e-01
5163  3.86476934e-01  6.20594367e-01
5164  3.45292629e-01  6.26405462e-01
5165  3.03988508e-01  6.31290541e-01
5166  2.56377882e-01  6.35862936e-01
5167  2.29851660e-01  6.37966956e-01
5168  1.75703921e-01  6.41150527e-01
5169  1.35304592e-01  6.42740423e-01
5170  9.48821236e-02  6.43692093e-01
5171  5.44469075e-02  6.44026376e-01
5172  1.40145326e-02  6.43779314e-01
5173  -2.64044083e-02  6.42807726e-01
5174  -6.68090229e-02  6.41221655e-01
5175  -1.07190699e-01  6.39075163e-01
5176  -1.47540281e-01  6.36387422e-01
5177  -1.87851920e-01  6.33120130e-01
5178  -2.28133267e-01  6.29458843e-01
5179  -2.68366841e-01  6.25345888e-01
5180  -2.95247013e-01  6.22363240e-01
5181  -3.48649886e-01  6.15544408e-01
5182  -4.06963952e-01  6.07328924e-01
5183  -4.47677883e-01  6.01152207e-01
5184  -4.88320603e-01  5.94519642e-01
5185  -5.28897938e-01  5.87488490e-01
5186  -5.69405025e-01  5.80048448e-01
5187  -6.09853840e-01  5.72283566e-01
5188  -6.50239465e-01  5.64195666e-01
5189  -6.90559047e-01  5.55794228e-01
5190  -7.30796878e-01  5.47017872e-01
5191  -7.70954935e-01  5.37860203e-01
5192  -8.11070248e-01  5.28488289e-01
5193  -8.51144606e-01  5.18938480e-01
5194  -8.91170189e-01  5.09207997e-01
5195  -9.31110723e-01  4.99138871e-01
5196  -9.71000726e-01  4.88852786e-01
5197  -1.01084272e+00  4.78376459e-01
5198  -1.05063675e+00  4.67728317e-01
5199  -1.09036108e+00  4.56814983e-01
5200  -1.13006094e+00  4.45792834e-01
5201  -1.16973340e+00  4.34671789e-01
5202  -1.20937311e+00  4.23449864e-01
5203  -1.24894854e+00  4.12001738e-01
5204  -1.28850362e+00  4.00462884e-01
5205  -1.32804441e+00  3.88873604e-01
5206  -1.36755816e+00  3.77209187e-01
5207  -1.40701576e+00  3.65352400e-01
5208  -1.44646310e+00  3.53449905e-01
5209  -1.48588370e+00  3.41456911e-01
5210  -1.52529962e+00  3.29437931e-01
5211  -1.56471662e+00  3.17422107e-01
5212  -1.60412502e+00  3.05384807e-01
5213  -1.64351706e+00  2.93291675e-01
5214  -1.68290959e+00  2.81197539e-01
5215  -1.72229128e+00  2.69070752e-01
5216  -1.76166548e+00  2.56920194e-01
5217  -1.80102806e+00  2.44732496e-01
5218  -1.84038309e+00  2.32516278e-01
5219  -1.87973872e+00  2.20299747e-01
5220  -1.91909322e+00  2.08075227e-01
5221  -1.95846314e+00  1.95887750e-01
5222  -1.99786628e+00  1.83807557e-01
5223  -2.03728056e+00  1.71769507e-01
5224  -2.07671217e+00  1.59788475e-01
5225  -2.11615434e+00  1.47848274e-01
5226  -2.17314394e+00  1.30602540e-01
5227  -2.21146581e+00  1.19031757e-01
5228  -2.24981609e+00  1.07550048e-01
5229  -2.28818745e+00  9.61391653e-02
5230  -2.32658278e+00  8.48157260e-02
5231  -2.36497829e+00  7.35104864e-02
10267  -2.36403270e+00  7.03081775e-02
5233  -2.44172351e+00  5.07552352e-02
5234  -2.48007509e+00  3.93073758e-02
5235  -2.51769400e+00  2.81734015e-02
5236  -2.95247597e-01  5.81498591e-01
5237  -2.95248196e-01  5.39663693e-01
5238  -2.95248795e-01  4.97828795e-01
5239  -2.95249394e-01  4.55993898e-01
5240  -2.95249993e-01  4.14159000e-01
10264  -2.24886138e+00  1.04350447e-01
5242  -2.95251190e-01  3.30489205e-01
5243  -2.95251789e-01  2.88654307e-01
5244  -2.95252388e-01  2.46819409e-01
5245  -2.95252987e-01  2.04984512e-01
5246  -2.95253585e-01  1.63149614e-01
5247  -2.95254184e-01  1.21314717e-01
5248  -2.95254783e-01  7.94798190e-02
5249  -2.95255382e-01  3.76449214e-02
5250  -2.95255981e-01  -4.18997614e-03
5251  -2.95256579e-01  -4.60248738e-02
5252  -2.95257178e-01  -8.78597716e-02
5253  -2.95257777e-01  -1.29694669e-01
5254  -2.95258376e-01  -1.71529567e-01
5255  -2.95258975e-01  -2.13364465e-01
5256  -2.95259573e-01  -2.55199362e-01
5257  -2.95260172e-01  -2.97034260e-01
5258  -2.95260771e-01  -3.38869158e-01
5259  -2.95261370e-01  -3.80704055e-01
5260  -2.95261968e-01  -4.22538953e-01
5261  -2.95262567e-01  -4.64373850e-01
10268  -2.40240563e+00  5.89449656e-02
5263  -2.95263765e-01  -5.48043646e-01
10247  -1.55421496e+00  2.83006713e-01
5265  -2.95264962e-01  -6.31713441e-01
10249  -1.63295686e+00  2.58894198e-01
5267  2.29867356e-01  5.56943705e-01
5268  2.29875544e-01  5.14675311e-01
5269  2.29883732e-01  4.72406917e-01
5270  2.29891920e-01  4.30138524e-01
5271  2.29900108e-01  3.87870130e-01
5272  2.29908296e-01  3.45601736e-01
5273  2.29916484e-01  3.03333342e-01
5274  2.29924672e-01  2.61064948e-01
5275  2.29932860e-01  2.18796555e-01
5276  2.29941048e-01  1.76528161e-01
5277  2.29949236e-01  1.34259767e-01
5278  2.29957424e-01  9.19913731e-02
5279  2.29965612e-01  4.97229792e-02
5280  2.29973800e-01  7.45458547e-03
5281  2.29981988e-01  -3.48138084e-02
5282  2.29990176e-01  -7.70822022e-02
5283  2.29998364e-01  -1.19350596e-01
5284  2.30006552e-01  -1.61618990e-01
5285  2.30014740e-01  -2.03887384e-01
5286  2.30022928e-01  -2.46155777e-01
5287  2.30031116e-01  -2.88424171e-01
5288  2.30039304e-01  -3.30692565e-01
5289  2.30047492e-01  -3.72960959e-01
5290  2.30055680e-01  -4.15229353e-01
5291  2.30063868e-01  -4.57497747e-01
10269  -2.44077084e+00  4.75550255e-02
5293  2.30080244e-01  -5.42034534e-01
5294  2.30088432e-01  -5.84302928e-01
5295  2.30096621e-01  -6.26571322e-01
10319  2.43611363e-01  -1.19347959e-01
10270  -2.47911873e+00  3.61082675e-02
205  -3.08863591e-01  3.72324297e-01
5292  2.30072056e-01  -4.99766140e-01
10271  -2.51580976e+00  2.54168516e-02
211  -3.08867184e-01  1.21314912e-01
10329  2.43693243e-01  -5.42031897e-01
247  2.16385364e-01  -1.19353233e-01
10272  -2.81634597e-01  5.81498396e-01
10265  -2.28723931e+00  9.29376093e-02
217  -3.08870777e-01  -1.29694474e-01
10266  -2.32563897e+00  8.16128920e-02
10273  -2.81635196e-01  5.39663498e-01
2704  -1.99848457e+00  1.85828076e-01
223  -3.08874370e-01  -3.80703860e-01
10320  2.43619551e-01  -1.61616353e-01
2764  2.17490176e-01  -7.70846236e-02
10250  -1.67233470e+00  2.46804577e-01
229  -3.08877962e-01  -6.31713246e-01
241  2.16336236e-01  1.34257130e-01
7555  -2.54792207e+00  -1.27688001e-02
7556  -2.51631812e+00  -5.82242247e-03
7557  -2.47381782e+00  1.36685936e-03
7558  -2.43101554e+00  6.39387420e-03
7559  -2.38801528e+00  9.48171471e-03
7560  -2.34491050e+00  1.01542521e-02
7561  -2.30187578e+00  8.90750402e-03
7562  -2.25889343e+00  6.46660820e-03
7563  -2.21605709e+00  2.21874775e-03
7564  -2.17334323e+00  -3.12560531e-03
7565  -2.10880588e+00  1.91182237e-02
7566  -2.06703847e+00  1.07958405e-02
7567  -2.02546800e+00  1.41311804e-03
7568  -1.98432513e+00  -9.24502720e-03
7569  -1.94365533e+00  -2.06087150e-02
7570  -1.90314589e+00  -3.26556441e-02
7571  -1.86281919e+00  -4.55691852e-02
7572  -1.82284324e+00  -5.93021546e-02
7573  -1.78322234e+00  -7.36602170e-02
7574  -1.74388744e+00  -8.85446826e-02
7575  -1.70477140e+00  -1.03888133e-01
7576  -1.66585535e+00  -1.19691690e-01
7577  -1.62718745e+00  -1.35901930e-01
7578  -1.58873760e+00  -1.52376771e-01
7579  -1.55036851e+00  -1.69084373e-01
7580  -1.51213923e+00  -1.86134386e-01
7581  -1.47408241e+00  -2.03401892e-01
7582  -1.43613300e+00  -2.20855238e-01
7583  -1.39831604e+00  -2.38490835e-01
7584  -1.36061940e+00  -2.56195390e-01
7585  -1.32297922e+00  -2.73915988e-01
7586  -1.28535519e+00  -2.91642421e-01
7587  -1.24777621e+00  -3.09359625e-01
7588  -1.21018236e+00  -3.26984754e-01
7589  -1.17254969e+00  -3.44575422e-01
7590  -1.13490160e+00  -3.62125995e-01
7591  -1.09731650e+00  -3.79587398e-01
7592  -1.05967992e+00  -3.96788375e-01
7593  -1.02193516e+00  -4.13824450e-01
7594  -9.84187191e-01  -4.30655288e-01
7595  -9.46340046e-01  -4.47115649e-01
7596  -9.08371418e-01  -4.63279317e-01
7597  -8.70368014e-01  -4.79036234e-01
7598  -8.32172523e-01  -4.94220590e-01
7599  -7.93741725e-01  -5.08987097e-01
7600  -7.55194030e-01  -5.23317080e-01
7601  -7.16581426e-01  -5.37060943e-01
7602  -6.77775631e-01  -5.50064315e-01
7603  -6.38677324e-01  -5.62419515e-01
7604  -5.99402220e-01  -5.74216590e-01
7605  -5.60040666e-01  -5.85313866e-01
7606  -5.20530183e-01  -5.95583302e-01
7607  -4.80760525e-01  -6.05032451e-01
7608  -4.40797645e-01  -6.13792795e-01
7609  -4.00821041e-01  -6.21760429e-01
7610  -3.43114199e-01  -6.30674033e-01
7611  -2.82765069e-01  -6.39173228e-01
7612  -2.64526970e-01  -6.41125066e-01
7613  -2.24994576e-01  -6.45046038e-01
7614  -1.85386334e-01  -6.48110036e-01
7615  -1.45835494e-01  -6.50311656e-01
7616  -1.06251257e-01  -6.51405842e-01
7617  -6.64741035e-02  -6.51618678e-01
7618  -2.65937051e-02  -6.51104035e-01
7619  1.32735177e-02  -6.49924823e-01
7620  5.28850368e-02  -6.48031326e-01
7621  9.24673649e-02  -6.44985989e-01
7622  1.32179938e-01  -6.41294246e-01
7623  1.71770867e-01  -6.36852565e-01
7624  2.42596769e-01  -6.27336809e-01
7625  2.50749512e-01  -6.25879844e-01
7626  2.98084417e-01  -6.18950647e-01
7627  3.38881844e-01  -6.11147968e-01
7628  3.79467914e-01  -6.02482526e-01
7629  4.19884244e-01  -5.92833502e-01
7630  4.60171091e-01  -5.82421359e-01
7631  5.00178830e-01  -5.71190388e-01
7632  5.39900521e-01  -5.59104729e-01
7633  5.79188136e-01  -5.46173607e-01
7634  6.18067528e-01  -5.32051463e-01
7635  6.56755394e-01  -5.17009657e-01
7636  6.94997833e-01  -5.01145219e-01
7637  7.32605551e-01  -4.84281510e-01
7638  7.69620787e-01  -4.66206881e-01
7639  8.06079746e-01  -4.47053809e-01
7640  8.58414826e-01  -4.54849834e-01
7641  9.00521027e-01  -4.28744030e-01
7642  9.35458332e-01  -4.05375480e-01
7643  9.69150745e-01  -3.80241269e-01
7644  1.00194491e+00  -3.53949876e-01
7645  1.03334699e+00  -3.26054418e-01
7646  1.06330918e+00  -2.96622109e-01
7647  1.09169499e+00  -2.65736534e-01
7648  1.11756352e+00  -2.32782397e-01
7649  1.14080022e+00  -1.97948158e-01
7650  1.16097206e+00  -1.61318332e-01
7651  1.17706240e+00  -1.22800320e-01
7652  1.18857358e+00  -8.26490729e-02
7653  1.19622645e+00  -4.15377823e-02
7654  1.19966104e+00  1.78840285e-05
7655  1.19675088e+00  3.96604752e-02
7656  1.19060768e+00  7.90988868e-02
7657  1.18184265e+00  1.17952905e-01
7658  1.16855217e+00  1.55418059e-01
7659  1.15156690e+00  1.91442474e-01
7660  1.13148318e+00  2.25889770e-01
7661  1.10882341e+00  2.58752345e-01
7662  1.08395023e+00  2.89993177e-01
7663  1.05704365e+00  3.19534973e-01
7664  1.02850228e+00  3.47521996e-01
7665  9.98313839e-01  3.73747446e-01
7666  9.66869652e-01  3.98496291e-01
7667  9.34318933e-01  4.21761725e-01
7668  9.00599472e-01  4.43320316e-01
7669  8.42693026e-01  4.39281604e-01
7670  8.07112204e-01  4.57954554e-01
7671  7.70697435e-01  4.75420252e-01
7672  7.33779679e-01  4.91653166e-01
7673  6.96167608e-01  5.06450461e-01
7674  6.58016753e-01  5.20234668e-01
7675  6.19415682e-01  5.32828213e-01
7676  5.80373261e-01  5.44448741e-01
7677  5.41133804e-01  5.55107982e-01
7678  5.01618479e-01  5.64573701e-01
7679  4.61792408e-01  5.73039068e-01
7680  4.21683372e-01  5.80498217e-01
7681  3.81368840e-01  5.87112782e-01
7682  3.40937338e-01  5.92817658e-01
7683  3.00380392e-01  5.97614278e-01
7684  2.53498854e-01  6.02116523e-01
7685  2.42358596e-01  6.02167307e-01
7686  1.74033240e-01  6.06285532e-01
7687  1.34207474e-01  6.07852669e-01
7688  9.43270525e-02  6.08791507e-01
7689  5.44092836e-02  6.09121396e-01
7690  1.45405993e-02  6.08878278e-01
7691  -2.53004285e-02  6.07920189e-01
7692  -6.51980444e-02  6.06353851e-01
7693  -1.05104304e-01  6.04232575e-01
7694  -1.44970346e-01  6.01577158e-01
7695  -1.84862184e-01  5.98343406e-01
7696  -2.24778546e-01  5.94715429e-01
7697  -2.64604108e-01  5.90644290e-01
7698  -2.82747494e-01  5.88725091e-01
7699  -3.44111797e-01  5.81980813e-01
7700  -4.02061352e-01  5.73816633e-01
7701  -4.42410238e-01  5.67695353e-01
7702  -4.82701756e-01  5.61119976e-01
7703  -5.22947349e-01  5.54146330e-01
7704  -5.63153162e-01  5.46761463e-01
7705  -6.03335810e-01  5.39047675e-01
7706  -6.43459558e-01  5.31012205e-01
7707  -6.83495727e-01  5.22669937e-01
7708  -7.23422930e-01  5.13961344e-01
7709  -7.63337249e-01  5.04858991e-01
7710  -8.03292054e-01  4.95524538e-01
7711  -8.43218601e-01  4.86009957e-01
7712  -8.83030030e-01  4.76331760e-01
7713  -9.22742553e-01  4.66319930e-01
7714  -9.62465784e-01  4.56076820e-01
7715  -1.00215885e+00  4.45639635e-01
7716  -1.04177320e+00  4.35039684e-01
7717  -1.08134465e+00  4.24168189e-01
7718  -1.12095974e+00  4.13169570e-01
7719  -1.16054964e+00  4.02071671e-01
7720  -1.20005447e+00  3.90888047e-01
7721  -1.23950037e+00  3.79477267e-01
7722  -1.27899814e+00  3.67955115e-01
7723  -1.31848682e+00  3.56381118e-01
7724  -1.35789018e+00  3.44749378e-01
7725  -1.39725047e+00  3.32921730e-01
7726  -1.43664231e+00  3.21036002e-01
7727  -1.47601548e+00  3.09057413e-01
7728  -1.51542241e+00  2.97041175e-01
7729  -1.55483166e+00  2.85027716e-01
7730  -1.59420813e+00  2.73000174e-01
7731  -1.63357700e+00  2.60914149e-01
7732  -1.67295569e+00  2.48824263e-01
7733  -1.71231408e+00  2.36704648e-01
7734  -1.75166322e+00  2.24561828e-01
7735  -1.79099895e+00  2.12382442e-01
7736  -1.83034235e+00  2.00169828e-01
7737  -1.86969481e+00  1.87954282e-01
7738  -1.90906186e+00  1.75725867e-01
7739  -1.94849156e+00  1.63519915e-01
7740  -1.98795593e+00  1.51420923e-01
7741  -2.02741074e+00  1.39370497e-01
7742  -2.06688235e+00  1.27377307e-01
7743  -2.10634279e+00  1.15431568e-01
7744  -2.17278921e+00  1.29428982e-01
7745  -2.21111280e+00  1.17857677e-01
7746  -2.24946554e+00  1.06375232e-01
7747  -2.28783932e+00  9.49636314e-02
7748  -2.32623624e+00  8.36397229e-02
7749  -2.36463109e+00  7.23346761e-02
7750  -2.40300629e+00  6.09707915e-02
7751  -2.44137371e+00  4.95801956e-02
7752  -2.47972394e+00  3.81327406e-02
7753  -2.51700216e+00  2.71612631e-02
7754  -2.82747597e-01  5.81498412e-01
7755  -2.82748196e-01  5.39663514e-01
7756  -2.82748795e-01  4.97828616e-01
7757  -2.82749394e-01  4.55993719e-01
7758  -2.82749993e-01  4.14158821e-01
7759  -2.82750591e-01  3.72323923e-01
7760  -2.82751190e-01  3.30489026e-01
7761  -2.82751789e-01  2.88654128e-01
7762  -2.82752388e-01  2.46819230e-01
7763  -2.82752987e-01  2.04984333e-01
7764  -2.82753585e-01  1.63149435e-01
7765  -2.82754184e-01  1.21314538e-01
7766  -2.82754783e-01  7.94796400e-02
7767  -2.82755382e-01  3.76447424e-02
7768  -2.82755981e-01  -4.19015497e-03
7769  -2.82756579e-01  -4.60250526e-02
7770  -2.82757178e-01  -8.78599506e-02
7771  -2.82757777e-01  -1.29694848e-01
7772  -2.82758376e-01  -1.71529746e-01
7773  -2.82758975e-01  -2.13364644e-01
7774  -2.82759573e-01  -2.55199541e-01
7775  -2.82760172e-01  -2.97034439e-01
7776  -2.82760771e-01  -3.38869337e-01
7777  -2.82761370e-01  -3.80704234e-01
7778  -2.82761968e-01  -4.22539132e-01
7779  -2.82762567e-01  -4.64374029e-01
7780  -2.82763166e-01  -5.06208927e-01
7781  -2.82763765e-01  -5.48043825e-01
7782  -2.82764364e-01  -5.89878722e-01
7783  -2.82764962e-01  -6.31713620e-01
7784  2.42359168e-01  5.99214520e-01
7785  2.42367356e-01  5.56946126e-01
7786  2.42375544e-01  5.14677732e-01
7787  2.42383732e-01  4.72409338e-01
7788  2.42391920e-01  4.30140945e-01
7789  2.42400108e-01  3.87872551e-01
7790  2.42408296e-01  3.45604157e-01
7791  2.42416484e-01  3.03335763e-01
7792  2.42424672e-01  2.61067369e-01
7793  2.42432860e-01  2.18798976e-01
7794  2.42441048e-01  1.76530582e-01
7795  2.42449236e-01  1.34262188e-01
7796  2.42457424e-01  9.19937946e-02
7797  2.42465612e-01  4.97254007e-02
7798  2.42473800e-01  7.45700690e-03
7799  2.42481988e-01  -3.48113869e-02
7800  2.42490176e-01  -7.70797807e-02
7801  2.42498364e-01  -1.19348175e-01
7802  2.42506552e-01  -1.61616569e-01
7803  2.42514740e-01  -2.03884963e-01
7804  2.42522928e-01  -2.46153356e-01
7805  2.42531116e-01  -2.88421750e-01
7806  2.42539304e-01  -3.30690144e-01
10322  2.43635927e-01  -2.46153140e-01
7808  2.42555680e-01  -4.15226932e-01
253  2.16434492e-01  -3.72963596e-01
7810  2.42572056e-01  -4.99763719e-01
7811  2.42580244e-01  -5.42032113e-01
7812  2.42588432e-01  -5.84300506e-01
7813  2.42596621e-01  -6.26568900e-01
259  2.16483621e-01  -6.26573959e-01
7807  2.42547492e-01  -3.72958538e-01
7809  2.42563868e-01  -4.57495326e-01
10297  -2.81649567e-01  -4.64374045e-01
2721  -3.07749394e-01  4.55994077e-01
10073  -2.54265034e+00  -9.44645310e-03
10074  -2.51672129e+00  -3.74824250e-03
10075  -2.47411736e+00  3.45852003e-03
10076  -2.43121451e+00  8.49748574e-03
10077  -2.38810747e+00  1.15927026e-02
10078  -2.34489636e+00  1.22672048e-02
10079  -2.30178528e+00  1.10185648e-02
10080  -2.25872924e+00  8.57321903e-03
10081  -2.21582165e+00  4.31858966e-03
10082  -2.17303678e+00  -1.03494567e-03
10083  -2.10842412e+00  2.11964517e-02
10084  -2.06659938e+00  1.28627153e-02
10085  -2.02497035e+00  3.46668090e-03
10086  -1.98377577e+00  -7.20469015e-03
10087  -1.94306986e+00  -1.85784472e-02
10088  -1.90252252e+00  -3.06366886e-02
10089  -1.86215369e+00  -4.35637241e-02
10090  -1.82213998e+00  -5.73096186e-02
10091  -1.78248844e+00  -7.16787616e-02
10092  -1.74312771e+00  -8.65729869e-02
10093  -1.70398807e+00  -1.01925693e-01
10094  -1.66504935e+00  -1.17738451e-01
10095  -1.62636288e+00  -1.33956463e-01
10096  -1.58789970e+00  -1.50437001e-01
10097  -1.54951638e+00  -1.67150818e-01
10098  -1.51127235e+00  -1.84207395e-01
10099  -1.47320443e+00  -2.01479936e-01
10100  -1.43524503e+00  -2.18937878e-01
10101  -1.39742039e+00  -2.36577050e-01
10102  -1.35972026e+00  -2.54283240e-01
10103  -1.32207892e+00  -2.72004386e-01
10104  -1.28445435e+00  -2.89731068e-01
10105  -1.24687720e+00  -3.07447418e-01
10106  -1.20928650e+00  -3.25071064e-01
10107  -1.17165592e+00  -3.42660757e-01
10108  -1.13401007e+00  -3.60210284e-01
10109  -1.09643220e+00  -3.77668340e-01
10110  -1.05880613e+00  -3.94864511e-01
10111  -1.02107029e+00  -4.11896555e-01
10112  -9.83335586e-01  -4.28721500e-01
10113  -9.45504851e-01  -4.45174716e-01
10114  -9.07552957e-01  -4.61331268e-01
10115  -8.69573061e-01  -4.77078476e-01
10116  -8.31403270e-01  -4.92252591e-01
10117  -7.92994649e-01  -5.07010573e-01
10118  -7.54471621e-01  -5.21331407e-01
10119  -7.15891451e-01  -5.35063769e-01
10120  -6.77121573e-01  -5.48055092e-01
10121  -6.38055039e-01  -5.60400225e-01
10122  -5.98811611e-01  -5.72187809e-01
10123  -5.59488198e-01  -5.83274369e-01
10124  -5.20020148e-01  -5.93532782e-01
10125  -4.80290050e-01  -6.02972494e-01
10126  -4.40364934e-01  -6.11724576e-01
10127  -4.00434766e-01  -6.19683036e-01
10128  -3.42782713e-01  -6.28587196e-01
10129  -2.81652040e-01  -6.37189669e-01
10130  -2.64295774e-01  -6.39024753e-01
10131  -2.24808804e-01  -6.42941220e-01
10132  -1.85246160e-01  -6.46001690e-01
10133  -1.45747577e-01  -6.48200486e-01
10134  -1.06216354e-01  -6.49293130e-01
10135  -6.64820562e-02  -6.49505693e-01
10136  -2.66385752e-02  -6.48991512e-01
10137  1.31917639e-02  -6.47813406e-01
10138  5.27535434e-02  -6.45922421e-01
10139  9.22885817e-02  -6.42880566e-01
10140  1.31964338e-01  -6.39192274e-01
10141  1.71516133e-01  -6.34754976e-01
10142  2.43709326e-01  -6.25048927e-01
10143  2.50420014e-01  -6.23792692e-01
10144  2.97710302e-01  -6.16871030e-01
10145  3.38462748e-01  -6.09076948e-01
10146  3.79001959e-01  -6.00421542e-01
10147  4.19374537e-01  -5.90782900e-01
10148  4.59621138e-01  -5.80381182e-01
10149  4.99585713e-01  -5.69162339e-01
10150  5.39262596e-01  -5.57090326e-01
10151  5.78497057e-01  -5.44176815e-01
10152  6.17323985e-01  -5.30073608e-01
10153  6.55967639e-01  -5.15048991e-01
10154  6.94160588e-01  -4.99205170e-01
10155  7.31709572e-01  -4.82367877e-01
10156  7.68665764e-01  -4.64322021e-01
10157  8.05066182e-01  -4.45199771e-01
10158  8.57335859e-01  -4.53033079e-01
10159  8.99376753e-01  -4.26967684e-01
10160  9.34238824e-01  -4.03649917e-01
10161  9.67857976e-01  -3.78569887e-01
10162  1.00058195e+00  -3.52335214e-01
10163  1.03190451e+00  -3.24510383e-01
10164  1.06179042e+00  -2.95153052e-01
10165  1.09008484e+00  -2.64368262e-01
10166  1.11585229e+00  -2.31542847e-01
10167  1.13899421e+00  -1.96851304e-01
10168  1.15906896e+00  -1.60400196e-01
10169  1.17506858e+00  -1.22100707e-01
10170  1.18651702e+00  -8.21639758e-02
10171  1.19413216e+00  -4.12572318e-02
10172  1.19754806e+00  2.77274649e-05
10173  1.19464979e+00  3.94203690e-02
10174  1.18853202e+00  7.87033874e-02
10175  1.17981277e+00  1.17366090e-01
10176  1.16659839e+00  1.54613354e-01
10177  1.14969679e+00  1.90458891e-01
10178  1.12969940e+00  2.24757119e-01
10179  1.10712609e+00  2.57493818e-01
10180  1.08234173e+00  2.88622969e-01
10181  1.05552226e+00  3.18068639e-01
10182  1.02706906e+00  3.45969376e-01
10183  9.96967133e-01  3.72119210e-01
10184  9.65601552e-01  3.96806116e-01
10185  9.33135093e-01  4.20011499e-01
10186  8.99498374e-01  4.41516888e-01
10187  8.41670007e-01  4.37432767e-01
10188  8.06164110e-01  4.56066198e-01
10189  7.69815192e-01  4.73500248e-01
10190  7.32967445e-01  4.89702514e-01
10191  6.95421674e-01  5.04473506e-01
10192  6.57329964e-01  5.18236396e-01
10193  6.18786511e-01  5.30811058e-01
10194  5.79794899e-01  5.42416436e-01
10195  5.40610680e-01  5.53060762e-01
10196  5.01152634e-01  5.62512692e-01
10197  4.61379522e-01  5.70966800e-01
10198  4.21319110e-01  5.78416852e-01
10199  3.81050160e-01  5.85023952e-01
10200  3.40665623e-01  5.90722201e-01
10201  3.00155291e-01  5.95513303e-01
10202  2.53319238e-01  6.00011171e-01
10203  2.43472020e-01  5.99976795e-01
10204  1.73932104e-01  6.04174954e-01
10205  1.34141059e-01  6.05740713e-01
10206  9.42934509e-02  6.06678774e-01
10207  5.44070060e-02  6.07008397e-01
10208  1.45724452e-02  6.06765518e-01
10209  -2.52335983e-02  6.05808246e-01
10210  -6.51005226e-02  6.04243103e-01
10211  -1.04978002e-01  6.02123353e-01
10212  -1.44814773e-01  5.99469893e-01
10213  -1.84681199e-01  5.96238172e-01
10214  -2.24575465e-01  5.92612210e-01
10215  -2.64376328e-01  5.88543603e-01
10216  -2.81634522e-01  5.86732281e-01
10217  -3.43828677e-01  5.79886866e-01
10218  -4.01755491e-01  5.71725887e-01
10219  -4.42081603e-01  5.65608066e-01
10220  -4.82351210e-01  5.59036256e-01
10221  -5.22576107e-01  5.52066198e-01
10222  -5.62763124e-01  5.44684773e-01
10223  -6.02929167e-01  5.36974174e-01
10224  -6.43036577e-01  5.28941975e-01
10225  -6.83055065e-01  5.20603398e-01
10226  -7.22962888e-01  5.11899032e-01
10227  -7.62862001e-01  5.02800130e-01
10228  -8.02806792e-01  4.93468015e-01
10229  -8.42724118e-01  4.83955631e-01
10230  -8.82522187e-01  4.74280696e-01
10231  -9.22220484e-01  4.64272441e-01
10232  -9.61933311e-01  4.54032012e-01
10233  -1.00161709e+00  4.43597268e-01
10234  -1.04122022e+00  4.33000324e-01
10235  -1.08078214e+00  4.22131439e-01
10236  -1.12039194e+00  4.11134288e-01
10237  -1.15997669e+00  4.00037833e-01
10238  -1.19947310e+00  3.88856599e-01
10239  -1.23891092e+00  3.77448149e-01
