1  4  0  -179.948
224  6  0  -179.95
447  6  0  -179.95
2  4  0  -1.36982
225  6  0  -1.36935
448  6  0  -1.3688
3  4  0  -2.6514
226  6  0  -2.6506
449  6  0  -2.64967
4  4  0  -3.65936
227  6  0  -3.65899
450  6  0  -3.65854
5  4  0  -4.50953
228  6  0  -4.50935
451  6  0  -4.50915
6  4  0  -5.27633
229  6  0  -5.27606
452  6  0  -5.27575
7  4  0  -5.89305
230  6  0  -5.893
453  6  0  -5.89293
8  4  0  -6.47474
231  6  0  -6.47459
454  6  0  -6.4744
9  4  0  -6.94151
232  6  0  -6.94143
455  6  0  -6.94133
10  4  0  -7.33479
233  6  0  -7.33476
456  6  0  -7.33472
11  4  0  -7.69501
234  6  0  -7.69495
457  6  0  -7.69487
12  4  0  -7.9762
235  6  0  -7.97618
458  6  0  -7.97615
13  4  0  -8.22521
236  6  0  -8.22519
459  6  0  -8.22516
14  4  0  -8.42918
237  6  0  -8.42916
460  6  0  -8.42914
15  4  0  -8.59378
238  6  0  -8.59377
461  6  0  -8.59375
16  4  0  -8.72295
239  6  0  -8.72294
462  6  0  -8.72293
17  4  0  -8.82711
240  6  0  -8.8271
463  6  0  -8.82709
18  4  0  -8.90636
241  6  0  -8.90635
464  6  0  -8.90634
19  4  0  -8.95619
242  6  0  -8.95619
465  6  0  -8.95619
20  4  0  -8.9847
243  6  0  -8.9847
466  6  0  -8.9847
21  4  0  -8.99221
244  6  0  -8.99221
467  6  0  -8.99221
22  4  0  -8.98092
245  6  0  -8.98092
468  6  0  -8.98092
23  4  0  -8.95018
246  6  0  -8.95018
469  6  0  -8.95018
24  4  0  -8.90214
247  6  0  -8.90214
470  6  0  -8.90214
25  4  0  -8.84119
248  6  0  -8.84504
471  6  0  -8.85094
26  4  0  -8.77314
249  6  0  -8.77588
472  6  0  -8.77862
27  4  0  -8.68876
250  6  0  -8.68876
473  6  0  -8.68877
28  4  0  -8.58278
251  6  0  -8.58279
474  6  0  -8.5828
29  4  0  -8.45535
252  6  0  -8.45535
475  6  0  -8.45535
30  4  0  -8.33009
253  6  0  -8.33009
476  6  0  -8.33009
31  4  0  -8.20475
254  6  0  -8.20475
477  6  0  -8.20475
32  4  0  -8.07582
255  6  0  -8.07585
478  6  0  -8.07588
33  4  0  -7.87833
256  6  0  -7.87831
479  6  0  -7.87828
34  4  0  -7.73235
257  6  0  -7.73235
480  6  0  -7.73235
35  4  0  -7.58344
258  6  0  -7.58347
481  6  0  -7.58349
36  4  0  -7.38418
259  6  0  -7.38418
482  6  0  -7.38418
37  4  0  -7.18971
260  6  0  -7.1897
483  6  0  -7.1897
38  4  0  -7.0026
261  6  0  -7.0026
484  6  0  -7.0026
39  4  0  -6.81453
262  6  0  -6.81455
485  6  0  -6.81457
40  4  0  -6.60066
263  6  0  -6.60069
486  6  0  -6.60071
41  4  0  -6.34937
264  6  0  -6.34935
487  6  0  -6.34932
42  4  0  -6.13994
265  6  0  -6.13996
488  6  0  -6.13998
43  4  0  -5.89963
266  6  0  -5.89967
489  6  0  -5.89971
44  4  0  -5.60326
267  6  0  -5.60321
490  6  0  -5.60316
45  4  0  -5.37512
268  6  0  -5.37511
491  6  0  -5.3751
46  4  0  -5.1568
269  6  0  -5.15684
492  6  0  -5.15689
47  4  0  -4.87735
270  6  0  -4.87738
493  6  0  -4.8774
48  4  0  -4.56779
271  6  0  -4.56773
494  6  0  -4.56766
49  4  0  -4.33858
272  6  0  -4.33859
495  6  0  -4.33859
50  4  0  -4.10728
273  6  0  -4.10742
496  6  0  -4.10759
51  4  0  -3.71218
274  6  0  -3.71205
497  6  0  -3.7119
52  4  0  -3.46216
275  6  0  -3.46216
498  6  0  -3.46216
53  4  0  -3.2107
276  6  0  -3.21077
499  6  0  -3.21085
54  4  0  -2.87377
277  6  0  -2.87377
500  6  0  -2.87376
55  4  0  -2.54171
278  6  0  -2.54169
501  6  0  -2.54166
56  4  0  -2.23411
279  6  0  -2.23412
502  6  0  -2.23413
57  4  0  -1.91886
280  6  0  -1.91893
503  6  0  -1.91901
58  4  0  -1.53359
281  6  0  -1.53354
504  6  0  -1.53349
59  4  0  -1.19861
282  6  0  -1.19858
505  6  0  -1.19854
60  4  0  -0.902394
283  6  0  -0.90244
506  6  0  -0.902497
61  4  0  -0.552187
284  6  0  -0.552183
507  6  0  -0.552178
62  4  0  -0.206485
285  6  0  -0.206458
508  6  0  -0.206426
63  4  0  0.109223
286  6  0  0.109264
509  6  0  0.109313
64  4  0  0.37213
287  6  0  0.372138
510  6  0  0.372148
65  4  0  0.623352
288  6  0  0.623251
511  6  0  0.623129
66  4  0  0.995312
289  6  0  0.995404
512  6  0  0.995516
67  4  0  1.25846
290  6  0  1.25844
513  6  0  1.25843
68  4  0  1.53897
291  6  0  1.53894
514  6  0  1.5389
69  4  0  1.85726
292  6  0  1.85722
515  6  0  1.85717
70  4  0  2.22348
293  6  0  2.22349
516  6  0  2.22349
71  4  0  2.58328
294  6  0  2.58329
517  6  0  2.58332
72  4  0  2.92476
295  6  0  2.93012
518  6  0  2.93615
73  4  0  3.26449
296  6  0  3.27048
519  6  0  3.2783
74  4  0  3.65776
297  6  0  3.65777
520  6  0  3.65777
75  4  0  4.05141
298  6  0  4.05139
521  6  0  4.05137
76  4  0  4.46008
299  6  0  4.46002
522  6  0  4.45994
77  4  0  4.92262
300  6  0  4.92264
523  6  0  4.92267
78  4  0  5.36406
301  6  0  5.36404
524  6  0  5.36402
79  4  0  5.81824
302  6  0  5.81821
525  6  0  5.81817
80  4  0  6.30031
303  6  0  6.30021
526  6  0  6.3001
81  4  0  6.85128
304  6  0  6.85125
527  6  0  6.8512
82  4  0  7.42807
305  6  0  7.42806
528  6  0  7.42805
83  4  0  8.0104
306  6  0  8.01033
529  6  0  8.01025
84  4  0  8.63319
307  6  0  8.63305
530  6  0  8.63288
85  4  0  9.33469
308  6  0  9.33459
531  6  0  9.33448
86  4  0  10.0923
309  6  0  10.0923
532  6  0  10.0923
87  4  0  10.8491
310  6  0  10.8489
533  6  0  10.8487
88  4  0  11.6797
311  6  0  11.6793
534  6  0  11.6789
89  4  0  12.6495
312  6  0  12.6491
535  6  0  12.6487
90  4  0  13.7388
313  6  0  13.7384
536  6  0  13.7379
91  4  0  14.9462
314  6  0  14.9458
537  6  0  14.9452
92  4  0  16.2817
315  6  0  16.28
538  6  0  16.2779
93  4  0  18.006
316  6  0  18.0052
539  6  0  18.0042
94  4  0  19.8836
317  6  0  19.8796
540  6  0  19.8746
95  4  0  22.3871
318  6  0  22.3792
541  6  0  22.369
96  4  0  25.8029
319  6  0  25.7747
542  6  0  25.7366
97  4  0  31.3041
320  6  0  31.2135
543  6  0  31.0802
98  4  0  40.3854
321  6  0  39.4309
544  6  0  37.4221
99  4  0  63.639
322  6  0  58.9603
545  6  0  -5.98647
100  4  0  110.059
323  6  0  115.756
546  6  0  152.057
101  4  0  127.33
324  6  0  127.193
547  6  0  126.942
102  4  0  136.101
325  6  0  136.174
548  6  0  136.279
103  4  0  141.46
326  6  0  141.482
549  6  0  141.512
104  4  0  145.205
327  6  0  145.214
550  6  0  145.225
105  4  0  148.009
328  6  0  148.013
551  6  0  148.018
106  4  0  150.225
329  6  0  150.226
552  6  0  150.227
107  4  0  152.241
330  6  0  152.243
553  6  0  152.245
108  4  0  153.968
331  6  0  153.969
554  6  0  153.971
109  4  0  155.427
332  6  0  155.427
555  6  0  155.427
110  4  0  156.919
333  6  0  156.919
556  6  0  156.92
111  4  0  158.272
334  6  0  158.273
557  6  0  158.273
112  4  0  159.485
335  6  0  159.485
558  6  0  159.485
113  4  0  160.589
336  6  0  160.589
559  6  0  160.589
114  4  0  161.631
337  6  0  161.63
560  6  0  161.63
115  4  0  162.72
338  6  0  162.72
561  6  0  162.72
116  4  0  163.753
339  6  0  163.753
562  6  0  163.753
117  4  0  164.697
340  6  0  164.697
563  6  0  164.697
118  4  0  165.608
341  6  0  165.608
564  6  0  165.608
119  4  0  166.529
342  6  0  166.529
565  6  0  166.529
120  4  0  167.438
343  6  0  167.439
566  6  0  167.439
121  4  0  168.255
344  6  0  168.255
567  6  0  168.255
122  4  0  169.05
345  6  0  169.05
568  6  0  169.05
123  4  0  169.827
346  6  0  169.827
569  6  0  169.827
124  4  0  170.679
347  6  0  170.679
570  6  0  170.679
125  4  0  171.424
348  6  0  171.424
571  6  0  171.424
126  4  0  172.166
349  6  0  172.166
572  6  0  172.165
127  4  0  172.917
350  6  0  172.89
573  6  0  172.85
128  4  0  173.579
351  6  0  173.558
574  6  0  173.535
129  4  0  174.255
352  6  0  174.255
575  6  0  174.255
130  4  0  174.977
353  6  0  174.976
576  6  0  174.976
131  4  0  175.734
354  6  0  175.734
577  6  0  175.734
132  4  0  176.398
355  6  0  176.398
578  6  0  176.398
133  4  0  176.991
356  6  0  176.991
579  6  0  176.991
134  4  0  177.577
357  6  0  177.577
580  6  0  177.577
135  4  0  178.352
358  6  0  178.352
581  6  0  178.353
136  4  0  178.921
359  6  0  178.921
582  6  0  178.921
137  4  0  179.594
360  6  0  179.594
583  6  0  179.593
138  4  0  -179.538
361  6  0  -179.539
584  6  0  -179.54
139  4  0  -178.415
362  6  0  -178.415
585  6  0  -178.415
140  4  0  -177.225
363  6  0  -177.224
586  6  0  -177.223
141  4  0  -176.369
364  6  0  -176.369
587  6  0  -176.369
142  4  0  -175.519
365  6  0  -175.519
588  6  0  -175.519
143  4  0  -174.711
366  6  0  -174.711
589  6  0  -174.711
144  4  0  -174.051
367  6  0  -174.051
590  6  0  -174.051
145  4  0  -173.529
368  6  0  -173.529
591  6  0  -173.529
146  4  0  -173.049
369  6  0  -173.049
592  6  0  -173.049
147  4  0  -172.53
370  6  0  -172.529
593  6  0  -172.529
148  4  0  -172.206
371  6  0  -172.206
594  6  0  -172.206
149  4  0  -171.892
372  6  0  -171.893
595  6  0  -171.893
150  4  0  -171.477
373  6  0  -171.477
596  6  0  -171.477
151  4  0  -171.202
374  6  0  -171.202
597  6  0  -171.202
152  4  0  -170.973
375  6  0  -170.973
598  6  0  -170.973
153  4  0  -170.706
376  6  0  -170.706
599  6  0  -170.706
154  4  0  -170.438
377  6  0  -170.438
600  6  0  -170.438
155  4  0  -170.253
378  6  0  -170.253
601  6  0  -170.253
156  4  0  -170.08
379  6  0  -170.08
602  6  0  -170.081
157  4  0  -169.832
380  6  0  -169.832
603  6  0  -169.832
158  4  0  -169.665
381  6  0  -169.665
604  6  0  -169.665
159  4  0  -169.52
382  6  0  -169.52
605  6  0  -169.52
160  4  0  -169.36
383  6  0  -169.36
606  6  0  -169.36
161  4  0  -169.219
384  6  0  -169.219
607  6  0  -169.219
162  4  0  -169.098
385  6  0  -169.098
608  6  0  -169.098
163  4  0  -168.986
386  6  0  -168.986
609  6  0  -168.986
164  4  0  -168.871
387  6  0  -168.871
610  6  0  -168.871
165  4  0  -168.755
388  6  0  -168.755
611  6  0  -168.755
166  4  0  -168.673
389  6  0  -168.673
612  6  0  -168.673
167  4  0  -168.593
390  6  0  -168.593
613  6  0  -168.593
168  4  0  -168.488
391  6  0  -168.488
614  6  0  -168.488
169  4  0  -168.419
392  6  0  -168.419
615  6  0  -168.419
170  4  0  -168.354
393  6  0  -168.354
616  6  0  -168.354
171  4  0  -168.29
394  6  0  -168.29
617  6  0  -168.29
172  4  0  -168.225
395  6  0  -168.225
618  6  0  -168.225
173  4  0  -168.173
396  6  0  -168.173
619  6  0  -168.173
174  4  0  -168.127
397  6  0  -168.125
620  6  0  -168.124
175  4  0  -168.089
398  6  0  -168.086
621  6  0  -168.081
176  4  0  -168.054
399  6  0  -168.054
622  6  0  -168.054
177  4  0  -168.026
400  6  0  -168.026
623  6  0  -168.026
178  4  0  -168.004
401  6  0  -168.004
624  6  0  -168.004
179  4  0  -167.986
402  6  0  -167.986
625  6  0  -167.986
180  4  0  -167.973
403  6  0  -167.973
626  6  0  -167.973
181  4  0  -167.973
404  6  0  -167.973
627  6  0  -167.973
182  4  0  -167.975
405  6  0  -167.975
628  6  0  -167.975
183  4  0  -167.983
406  6  0  -167.983
629  6  0  -167.983
184  4  0  -168.003
407  6  0  -168.003
630  6  0  -168.003
185  4  0  -168.029
408  6  0  -168.029
631  6  0  -168.029
186  4  0  -168.064
409  6  0  -168.064
632  6  0  -168.064
187  4  0  -168.11
410  6  0  -168.11
633  6  0  -168.11
188  4  0  -168.159
411  6  0  -168.159
634  6  0  -168.159
189  4  0  -168.228
412  6  0  -168.228
635  6  0  -168.228
190  4  0  -168.305
413  6  0  -168.305
636  6  0  -168.305
191  4  0  -168.401
414  6  0  -168.401
637  6  0  -168.401
192  4  0  -168.505
415  6  0  -168.505
638  6  0  -168.505
193  4  0  -168.641
416  6  0  -168.641
639  6  0  -168.641
194  4  0  -168.778
417  6  0  -168.778
640  6  0  -168.779
195  4  0  -168.955
418  6  0  -168.955
641  6  0  -168.955
196  4  0  -169.148
419  6  0  -169.148
642  6  0  -169.148
197  4  0  -169.382
420  6  0  -169.382
643  6  0  -169.382
198  4  0  -169.723
421  6  0  -169.861
644  6  0  -170.046
199  4  0  20.0518
422  6  0  20.1743
645  6  0  20.1799
200  3  0  -89.9803
423  3  0  -89.9803
646  3  0  90.0197
201  3  0  -89.9803
424  3  0  -89.9803
647  3  0  -89.9803
202  3  0  -89.9803
425  3  0  -89.9803
648  3  0  -89.9803
203  3  0  -89.9803
426  3  0  -89.9803
649  3  0  -89.9803
204  3  0  -89.9803
427  3  0  -89.9803
650  3  0  -89.9803
205  3  0  -89.9803
428  3  0  -89.9803
651  3  0  -89.9803
206  3  0  -89.9803
429  3  0  -89.9803
652  3  0  -89.9803
207  3  0  -89.9803
430  3  0  -89.9803
653  3  0  90.0197
208  3  0  -89.9972
431  3  0  -89.9972
654  3  0  90.0028
209  3  0  -89.9972
432  3  0  -89.9972
655  3  0  -89.9972
210  3  0  -89.9972
433  3  0  -89.9972
656  3  0  -89.9972
211  3  0  -89.9972
434  3  0  -89.9972
657  3  0  -89.9972
212  3  0  -89.9972
435  3  0  -89.9972
658  3  0  -89.9972
213  3  0  -89.9972
436  3  0  -89.9972
659  3  0  -89.9972
214  3  0  -89.9972
437  3  0  -89.9972
660  3  0  -89.9972
215  3  0  -89.9972
438  3  0  -89.9972
661  3  0  -89.9972
216  3  0  -89.9972
439  3  0  -89.9972
662  3  0  -89.9972
217  3  0  -89.9972
440  3  0  -89.9972
663  3  0  -89.9972
218  3  0  -89.9972
441  3  0  -89.9972
664  3  0  -89.9972
219  3  0  -89.9972
442  3  0  -89.9972
665  3  0  -89.9972
220  3  0  -89.9972
443  3  0  -89.9972
666  3  0  -89.9972
221  3  0  -89.9972
444  3  0  -89.9972
667  3  0  -89.9972
222  3  0  -89.9972
445  3  0  -89.9972
668  3  0  -89.9972
223  3  0  -89.9972
446  3  0  -89.9972
669  3  0  90.0028
