1  -5.00000000e-02  -1.00400000e-04
2  -4.89534219e-02  -9.95003410e-05
3  -4.79071324e-02  -1.24523208e-04
4  -4.68616586e-02  -1.72943788e-04
5  -4.58171960e-02  -2.39745050e-04
6  -4.47738338e-02  -3.22035267e-04
7  -4.37316626e-02  -4.18282336e-04
8  -4.26905878e-02  -5.25739706e-04
9  -4.16506569e-02  -6.43761668e-04
10  -4.06117195e-02  -7.70251307e-04
11  -3.95736727e-02  -9.03869147e-04
12  -3.85364863e-02  -1.04401078e-03
13  -3.75000000e-02  -1.18924057e-03
14  -3.63566818e-02  -1.35450907e-03
15  -3.53340640e-02  -1.50604843e-03
16  -3.43118855e-02  -1.66052504e-03
17  -3.32900574e-02  -1.81730563e-03
18  -3.22685160e-02  -1.97594356e-03
19  -3.12471947e-02  -2.13599431e-03
20  -3.02260129e-02  -2.29693334e-03
21  -2.92049113e-02  -2.45838053e-03
22  -2.81838308e-02  -2.61996148e-03
23  -2.71627185e-02  -2.78134116e-03
24  -2.61415198e-02  -2.94217294e-03
25  -2.50000000e-02  -3.12097378e-03
26  -2.39873526e-02  -3.27846135e-03
27  -2.29745191e-02  -3.43474772e-03
28  -2.19614600e-02  -3.58956409e-03
29  -2.09481160e-02  -3.74250645e-03
30  -1.99344349e-02  -3.89319457e-03
31  -1.89204268e-02  -4.04166634e-03
32  -1.79060964e-02  -4.18791935e-03
33  -1.68914389e-02  -4.33188941e-03
34  -1.58762915e-02  -4.47236159e-03
35  -1.48607905e-02  -4.61024656e-03
36  -1.38449339e-02  -4.74549182e-03
37  -1.28286126e-02  -4.87720360e-03
38  -1.18118506e-02  -5.00546494e-03
39  -1.07946760e-02  -5.13040516e-03
40  -9.77709637e-03  -5.25200590e-03
41  -8.75906897e-03  -5.36980747e-03
42  -7.74053576e-03  -5.48314326e-03
43  -6.72159709e-03  -5.59275468e-03
44  -5.70220514e-03  -5.69809158e-03
45  -4.68228133e-03  -5.79815493e-03
46  -3.66197070e-03  -5.89415568e-03
47  -2.64130134e-03  -5.98626776e-03
48  -1.62019156e-03  -6.07340100e-03
49  -5.98628978e-04  -6.15501635e-03
50  4.23249451e-04  -6.23254384e-03
51  1.44543806e-03  -6.30594488e-03
52  2.46810848e-03  -6.37229718e-03
53  3.49105329e-03  -6.43418501e-03
54  4.51426168e-03  -6.49158246e-03
55  5.53779345e-03  -6.54296260e-03
56  6.56160221e-03  -6.58840991e-03
57  7.58563744e-03  -6.62835993e-03
58  8.60988293e-03  -6.66267472e-03
59  9.63433574e-03  -6.69010237e-03
60  1.06589287e-02  -6.71153989e-03
61  1.16836186e-02  -6.72767949e-03
62  1.27083901e-02  -6.73755605e-03
63  1.37332029e-02  -6.74124952e-03
64  1.47580185e-02  -6.73929620e-03
65  1.57828138e-02  -6.73264023e-03
66  1.68075737e-02  -6.72149016e-03
67  1.78322394e-02  -6.70368908e-03
68  1.88568099e-02  -6.68118147e-03
69  1.98812579e-02  -6.65365791e-03
70  2.09055365e-02  -6.62044360e-03
71  2.19295852e-02  -6.58068337e-03
72  2.29533612e-02  -6.53449356e-03
73  2.39768456e-02  -6.48224266e-03
74  2.50000000e-02  -6.42392493e-03
75  2.61462809e-02  -6.35064677e-03
76  2.71719152e-02  -6.27800255e-03
77  2.81970089e-02  -6.19804402e-03
78  2.92214227e-02  -6.10981360e-03
79  3.02451231e-02  -6.01369322e-03
80  3.12680254e-02  -5.90946129e-03
81  3.22900134e-02  -5.79662654e-03
82  3.33108651e-02  -5.67397023e-03
83  3.43304319e-02  -5.54104358e-03
84  3.53485931e-02  -5.39776148e-03
85  3.63651365e-02  -5.24342041e-03
86  3.75000000e-02  -5.05687293e-03
87  3.84791778e-02  -4.88259083e-03
88  3.94559668e-02  -4.69539023e-03
89  4.04299437e-02  -4.49404735e-03
90  4.14003703e-02  -4.27624928e-03
91  4.23664614e-02  -4.04004624e-03
92  4.33273603e-02  -3.78353695e-03
93  4.42820122e-02  -3.50469697e-03
94  4.52278358e-02  -3.19726450e-03
95  4.61630332e-02  -2.85900332e-03
96  4.70825470e-02  -2.48019185e-03
97  4.79777155e-02  -2.04719298e-03
98  4.88267166e-02  -1.53025743e-03
99  4.95791921e-02  -8.83706677e-04
100  5.00000000e-02  0.00000000e+00
101  4.96752223e-02  9.51636682e-04
102  4.90613226e-02  1.75536567e-03
103  4.83318342e-02  2.45798226e-03
104  4.75395252e-02  3.08929563e-03
105  4.67075098e-02  3.66753385e-03
106  4.58481767e-02  4.20435449e-03
107  4.49686750e-02  4.70755588e-03
108  4.40720067e-02  5.17949828e-03
109  4.31615141e-02  5.62421257e-03
110  4.22399828e-02  6.04558915e-03
111  4.13077952e-02  6.44284875e-03
112  4.03664602e-02  6.81798490e-03
113  3.94174019e-02  7.17311508e-03
114  3.84616853e-02  7.50989017e-03
115  3.75000000e-02  7.82922853e-03
116  3.63797285e-02  8.17773477e-03
117  3.53744626e-02  8.47069360e-03
118  3.43645070e-02  8.74704468e-03
119  3.33502816e-02  9.00730337e-03
120  3.23320100e-02  9.25123093e-03
121  3.13099839e-02  9.47896236e-03
122  3.02848146e-02  9.69210814e-03
123  2.92567738e-02  9.89101179e-03
124  2.82261206e-02  1.00759513e-02
125  2.71928311e-02  1.02455498e-02
126  2.61574385e-02  1.04017025e-02
127  2.50000000e-02  1.05609604e-02
128  2.39760048e-02  1.06880124e-02
129  2.29506040e-02  1.08032440e-02
130  2.19239308e-02  1.09065261e-02
131  2.08960277e-02  1.09968797e-02
132  1.98670339e-02  1.10736461e-02
133  1.88372174e-02  1.11384795e-02
134  1.78067857e-02  1.11926424e-02
135  1.67758440e-02  1.12362552e-02
136  1.57444030e-02  1.12659371e-02
137  1.47127350e-02  1.12853664e-02
138  1.36809190e-02  1.12926717e-02
139  1.26490980e-02  1.12843525e-02
140  1.16176374e-02  1.12558042e-02
141  1.05870098e-02  1.12058561e-02
142  9.55724098e-03  1.11405055e-02
143  8.52853532e-03  1.10598911e-02
144  7.50106173e-03  1.09647848e-02
145  6.47477039e-03  1.08578488e-02
146  5.44948693e-03  1.07415613e-02
147  4.42520253e-03  1.06166881e-02
148  3.40209653e-03  1.04825340e-02
149  2.37977069e-03  1.03425949e-02
150  1.35821817e-03  1.01970686e-02
151  3.37744450e-04  1.00441451e-02
152  -6.81976537e-04  9.88631725e-03
153  -1.70106019e-03  9.72441221e-03
154  -2.71938281e-03  9.55776513e-03
155  -3.73691340e-03  9.38636007e-03
156  -4.75388509e-03  9.21167411e-03
157  -5.77032750e-03  9.03391889e-03
158  -6.78599080e-03  8.85176439e-03
159  -7.80111514e-03  8.66663882e-03
160  -8.81577018e-03  8.47895330e-03
161  -9.82989786e-03  8.28843541e-03
162  -1.08435523e-02  8.09541751e-03
163  -1.18567961e-02  7.90025569e-03
164  -1.28696568e-02  7.70311419e-03
165  -1.38821221e-02  7.50395050e-03
166  -1.48941825e-02  7.30273997e-03
167  -1.59059525e-02  7.10007585e-03
168  -1.69174386e-02  6.89599819e-03
169  -1.79285493e-02  6.69006773e-03
170  -1.89394116e-02  6.48292211e-03
171  -1.99500379e-02  6.27462800e-03
172  -2.09604308e-02  6.06520456e-03
173  -2.19705845e-02  5.85463021e-03
174  -2.29805464e-02  5.64313757e-03
175  -2.39903436e-02  5.43086021e-03
176  -2.50000000e-02  5.21791382e-03
177  -2.61419729e-02  4.97631130e-03
178  -2.71636499e-02  4.75962634e-03
179  -2.81852435e-02  4.54254869e-03
180  -2.92067686e-02  4.32514911e-03
181  -3.02282443e-02  4.10751702e-03
182  -3.12497221e-02  3.88989537e-03
183  -3.22712057e-02  3.67230031e-03
184  -3.32927223e-02  3.45486085e-03
185  -3.43143117e-02  3.23776343e-03
186  -3.53360007e-02  3.02113486e-03
187  -3.63578226e-02  2.80513463e-03
188  -3.75000000e-02  2.56464034e-03
189  -3.85391751e-02  2.34677000e-03
190  -3.95786123e-02  2.13015362e-03
191  -4.06183382e-02  1.91492720e-03
192  -4.16584222e-02  1.70143846e-03
193  -4.26988927e-02  1.48984203e-03
194  -4.37398639e-02  1.28072338e-03
195  -4.47813334e-02  1.07410020e-03
196  -4.58234343e-02  8.70686705e-04
197  -4.68662148e-02  6.70787381e-04
198  -4.79098020e-02  4.75144017e-04
199  -4.89543655e-02  2.84783593e-04
200  -2.39899698e-02  4.34219501e-03
201  -2.39895959e-02  3.25352982e-03
202  -2.39892220e-02  2.16486462e-03
203  -2.39888481e-02  1.07619943e-03
204  -2.39884742e-02  -1.24657661e-05
205  -2.39881004e-02  -1.10113096e-03
206  -2.39877265e-02  -2.18979616e-03
207  2.39760574e-02  9.61487148e-03
208  2.39761099e-02  8.54173054e-03
209  2.39761625e-02  7.46858959e-03
210  2.39762150e-02  6.39544865e-03
211  2.39762676e-02  5.32230771e-03
212  2.39763201e-02  4.24916677e-03
213  2.39763727e-02  3.17602582e-03
214  2.39764252e-02  2.10288488e-03
215  2.39764778e-02  1.02974394e-03
216  2.39765303e-02  -4.33970044e-05
217  2.39765829e-02  -1.11653795e-03
218  2.39766354e-02  -2.18967889e-03
219  2.39766880e-02  -3.26281983e-03
220  2.39767405e-02  -4.33596077e-03
221  2.39767931e-02  -5.40910172e-03
2443  -4.71896375e-02  4.02016027e-04
2444  -4.89476591e-02  4.00466448e-04
2445  -4.78895878e-02  3.75168885e-04
2446  -4.68341345e-02  3.26298063e-04
2447  -4.57815817e-02  2.58984960e-04
2448  -4.47311860e-02  1.76142582e-04
2449  -4.36830036e-02  7.93443286e-05
2450  -4.26367275e-02  -2.86491058e-05
2451  -4.15922507e-02  -1.47184671e-04
2452  -4.05495882e-02  -2.74126624e-04
2453  -3.95082805e-02  -4.08163730e-04
2454  -3.84683205e-02  -5.48679146e-04
2455  -3.74295432e-02  -6.94229622e-04
2456  -3.62842688e-02  -8.59780503e-04
2457  -3.52600602e-02  -1.01155532e-03
2458  -3.42366142e-02  -1.16622327e-03
2459  -3.32137798e-02  -1.32315815e-03
2460  -3.21914476e-02  -1.48191880e-03
2461  -3.11695699e-02  -1.64205667e-03
2462  -3.01480504e-02  -1.80304889e-03
2463  -2.91267936e-02  -1.96452061e-03
2464  -2.81057294e-02  -2.12609898e-03
2465  -2.70847983e-02  -2.28745004e-03
2466  -2.60639391e-02  -2.44822837e-03
2467  -2.49228949e-02  -2.62695476e-03
2468  -2.39871930e-02  -2.77252211e-03
2469  -2.28986271e-02  -2.94054088e-03
2470  -2.18863837e-02  -3.09523267e-03
2471  -2.08740468e-02  -3.24802314e-03
2472  -1.98614562e-02  -3.39854913e-03
2473  -1.88485300e-02  -3.54686248e-03
2474  -1.78352978e-02  -3.69295717e-03
2475  -1.68220505e-02  -3.83672757e-03
2476  -1.58083875e-02  -3.97699400e-03
2477  -1.47941616e-02  -4.11470586e-03
2478  -1.37798109e-02  -4.24975096e-03
2479  -1.27651933e-02  -4.38124191e-03
2480  -1.17500832e-02  -4.50929482e-03
2481  -1.07345334e-02  -4.63403547e-03
2482  -9.71869520e-03  -4.75542831e-03
2483  -8.70268397e-03  -4.87299691e-03
2484  -7.68614867e-03  -4.98611002e-03
2485  -6.66916128e-03  -5.09551180e-03
2486  -5.65209856e-03  -5.20060858e-03
2487  -4.63445227e-03  -5.30044781e-03
2488  -3.61608125e-03  -5.39626597e-03
2489  -2.59757512e-03  -5.48818341e-03
2490  -1.57902596e-03  -5.57509849e-03
2491  -5.59806620e-04  -5.65652580e-03
2492  4.60067908e-04  -5.73390128e-03
2493  1.47953041e-03  -5.80710852e-03
2494  2.49939219e-03  -5.87327681e-03
2495  3.52015255e-03  -5.93503250e-03
2496  4.54079761e-03  -5.99228711e-03
2497  5.56141417e-03  -6.04352085e-03
2498  6.58243465e-03  -6.08884409e-03
2499  7.60375411e-03  -6.12868825e-03
2500  8.62494479e-03  -6.16290163e-03
2501  9.64625623e-03  -6.19024449e-03
2502  1.06680955e-02  -6.21162393e-03
2503  1.16899652e-02  -6.22771977e-03
2504  1.27117005e-02  -6.23756701e-03
2505  1.37336274e-02  -6.24124970e-03
2506  1.47559183e-02  -6.23930061e-03
2507  1.57784701e-02  -6.23265910e-03
2508  1.68005112e-02  -6.22154004e-03
2509  1.78224062e-02  -6.20378578e-03
2510  1.88446050e-02  -6.18133045e-03
2511  1.98664411e-02  -6.15387750e-03
2512  2.08877346e-02  -6.12076061e-03
2513  2.19086180e-02  -6.08112319e-03
2514  2.29293469e-02  -6.03507058e-03
2515  2.39771544e-02  -5.98149685e-03
2516  2.49698243e-02  -5.92483634e-03
2517  2.61126686e-02  -5.85177783e-03
2518  2.71348108e-02  -5.77938119e-03
2519  2.81561148e-02  -5.69971915e-03
2520  2.91765989e-02  -5.61182683e-03
2521  3.01964084e-02  -5.51607200e-03
2522  3.12152465e-02  -5.41225470e-03
2523  3.22327544e-02  -5.29991595e-03
2524  3.32487207e-02  -5.17784719e-03
2525  3.42632723e-02  -5.04557451e-03
2526  3.52762265e-02  -4.90302612e-03
2527  3.62870573e-02  -4.74955440e-03
2528  3.74156391e-02  -4.56404107e-03
2529  3.83883114e-02  -4.39091685e-03
2530  3.93582978e-02  -4.20502223e-03
2531  4.03245825e-02  -4.00527439e-03
2532  4.12862437e-02  -3.78944838e-03
2533  4.22426011e-02  -3.55563049e-03
2534  4.31927796e-02  -3.30198941e-03
2535  4.41346223e-02  -3.02691436e-03
2536  4.50654998e-02  -2.72435117e-03
2537  4.59827286e-02  -2.39264482e-03
2538  4.68783678e-02  -2.02378103e-03
2539  4.77385629e-02  -1.60809616e-03
2540  4.85328014e-02  -1.12576536e-03
2541  4.91819659e-02  -5.80043449e-04
2542  4.95008339e-02  2.88655434e-05
2543  4.92283648e-02  7.12951662e-04
2544  4.86881431e-02  1.42259391e-03
2545  4.80022501e-02  2.08198452e-03
2546  4.72408994e-02  2.68826867e-03
2547  4.64323003e-02  3.25008954e-03
2548  4.55915238e-02  3.77525159e-03
2549  4.47280472e-02  4.26926574e-03
2550  4.38458223e-02  4.73358277e-03
2551  4.29478156e-02  5.17218056e-03
2552  4.20379935e-02  5.58820492e-03
2553  4.11172208e-02  5.98059188e-03
2554  4.01862848e-02  6.35157646e-03
2555  3.92466917e-02  6.70315974e-03
2556  3.82998061e-02  7.03682028e-03
2557  3.73469456e-02  7.35323026e-03
2558  3.62355140e-02  7.69898412e-03
2559  3.52385304e-02  7.98952583e-03
2560  3.42363829e-02  8.26373918e-03
2561  3.32298990e-02  8.52201169e-03
2562  3.22193941e-02  8.76407832e-03
2563  3.12047189e-02  8.99016866e-03
2564  3.01864334e-02  9.20188253e-03
2565  2.91651282e-02  9.39948245e-03
2566  2.81414719e-02  9.58316880e-03
2567  2.71150555e-02  9.75163589e-03
2568  2.60860772e-02  9.90682114e-03
2569  2.49351382e-02  1.00651853e-02
2570  2.39763628e-02  1.01844881e-02
2571  2.28976612e-02  1.03060548e-02
2572  2.18770157e-02  1.04087320e-02
2573  2.08555368e-02  1.04985219e-02
2574  1.98327262e-02  1.05748245e-02
2575  1.88083863e-02  1.06393114e-02
2576  1.77830962e-02  1.06932039e-02
2577  1.67580858e-02  1.07365707e-02
2578  1.57325042e-02  1.07660787e-02
2579  1.47062575e-02  1.07854084e-02
2580  1.36811646e-02  1.07926718e-02
2581  1.26580308e-02  1.07844323e-02
2582  1.16366569e-02  1.07561661e-02
2583  1.06149458e-02  1.07066371e-02
2584  9.59260680e-03  1.06417578e-02
2585  8.57111003e-03  1.05617070e-02
2586  7.55001372e-03  1.04671869e-02
2587  6.52885414e-03  1.03607825e-02
2588  5.50791592e-03  1.02449870e-02
2589  4.48796019e-03  1.01206423e-02
2590  3.46850426e-03  9.98696361e-03
2591  2.44893360e-03  9.84740151e-03
2592  1.43052684e-03  9.70232477e-03
2593  4.13033397e-04  9.54984603e-03
2594  -6.04511477e-04  9.39235453e-03
2595  -1.62145856e-03  9.23078930e-03
2596  -2.63747958e-03  9.06451888e-03
2597  -3.65306252e-03  8.89344118e-03
2598  -4.66849579e-03  8.71901940e-03
2599  -5.68312873e-03  8.54158123e-03
2600  -6.69700639e-03  8.35974633e-03
2601  -7.71079068e-03  8.17486500e-03
2602  -8.72413932e-03  7.98742122e-03
2603  -9.73697510e-03  7.79714592e-03
2604  -1.07495044e-02  7.60434216e-03
2605  -1.17617492e-02  7.40937273e-03
2606  -1.27736403e-02  7.21241995e-03
2607  -1.37851198e-02  7.01345019e-03
2608  -1.47963321e-02  6.81240814e-03
2609  -1.58074075e-02  6.60988316e-03
2610  -1.68181022e-02  6.40596525e-03
2611  -1.78284696e-02  6.20018605e-03
2612  -1.88387593e-02  5.99315777e-03
2613  -1.98488337e-02  5.78497740e-03
2614  -2.08586741e-02  5.57566847e-03
2615  -2.18683265e-02  5.36519859e-03
2616  -2.28778758e-02  5.15379234e-03
2617  -2.39898349e-02  4.92000327e-03
2618  -2.48966615e-02  4.72870921e-03
2619  -2.60383587e-02  4.48716501e-03
2620  -2.70598196e-02  4.27052588e-03
2621  -2.80812421e-02  4.05348458e-03
2622  -2.91026345e-02  3.83611324e-03
2623  -3.01240570e-02  3.61849247e-03
2624  -3.11455437e-02  3.40086893e-03
2625  -3.21670709e-02  3.18326458e-03
2626  -3.31887066e-02  2.96579977e-03
2627  -3.42104901e-02  2.74866111e-03
2628  -3.52324418e-02  2.53197686e-03
2629  -3.62546083e-02  2.31590379e-03
2630  -3.73971911e-02  2.07532416e-03
2631  -3.84368725e-02  1.85734771e-03
2632  -3.94769322e-02  1.64060162e-03
2633  -4.05173945e-02  1.42522283e-03
2634  -4.15583332e-02  1.21155869e-03
2635  -4.25998326e-02  9.99753160e-04
2636  -4.36419748e-02  7.90399278e-04
2637  -4.46847876e-02  5.83509839e-04
2638  -4.57284716e-02  3.79787443e-04
2639  -4.67730816e-02  1.79537752e-04
2640  -4.78189146e-02  -1.65260822e-05
2641  -4.88226368e-02  -1.97551909e-04
2642  -2.39896365e-02  4.34219512e-03
2643  -2.39892626e-02  3.25352993e-03
2644  -2.39888887e-02  2.16486473e-03
2645  -2.39885148e-02  1.07619954e-03
2646  -2.39881409e-02  -1.24656516e-05
2647  -2.39877671e-02  -1.10113085e-03
2648  -2.39873932e-02  -2.18979605e-03
2649  2.39763907e-02  9.61487150e-03
2650  2.39764432e-02  8.54173056e-03
2651  2.39764958e-02  7.46858961e-03
2652  2.39765483e-02  6.39544867e-03
2653  2.39766009e-02  5.32230773e-03
2654  2.39766534e-02  4.24916679e-03
2655  2.39767060e-02  3.17602584e-03
2656  2.39767585e-02  2.10288490e-03
2657  2.39768111e-02  1.02974396e-03
2658  2.39768636e-02  -4.33969881e-05
2659  2.39769162e-02  -1.11653793e-03
2660  2.39769687e-02  -2.18967887e-03
2661  2.39770213e-02  -3.26281981e-03
2662  2.39770738e-02  -4.33596075e-03
2663  2.39771264e-02  -5.40910170e-03
4885  -4.29740938e-02  1.15564007e-03
4886  -4.89390149e-02  1.15041663e-03
4887  -4.78632710e-02  1.12470703e-03
4888  -4.67928484e-02  1.07516084e-03
4889  -4.57281603e-02  1.00707998e-03
4890  -4.46672144e-02  9.23409356e-04
4891  -4.36100150e-02  8.25784326e-04
4892  -4.25559370e-02  7.16986795e-04
4893  -4.15046414e-02  5.97680824e-04
4894  -4.04563912e-02  4.70060400e-04
4895  -3.94101922e-02  3.35394397e-04
4896  -3.83660719e-02  1.94318306e-04
4897  -3.73238580e-02  4.82867991e-05
4898  -3.61756493e-02  -1.17687651e-04
4899  -3.51490544e-02  -2.69815667e-04
4900  -3.41237073e-02  -4.24770627e-04
4901  -3.30993635e-02  -5.81936930e-04
4902  -3.20758451e-02  -7.40881653e-04
4903  -3.10531327e-02  -9.01150222e-04
4904  -3.00311066e-02  -1.06222222e-03
4905  -2.90096169e-02  -1.22373073e-03
4906  -2.79885773e-02  -1.38530523e-03
4907  -2.69679179e-02  -1.54661337e-03
4908  -2.59475681e-02  -1.70731152e-03
4909  -2.48072371e-02  -1.88592622e-03
4910  -2.39871204e-02  -2.01358742e-03
4911  -2.27847890e-02  -2.19923062e-03
4912  -2.17737693e-02  -2.35373554e-03
4913  -2.07629429e-02  -2.50629816e-03
4914  -1.97519882e-02  -2.65658097e-03
4915  -1.87406849e-02  -2.80465670e-03
4916  -1.77291000e-02  -2.95051389e-03
4917  -1.67179679e-02  -3.09398481e-03
4918  -1.57065315e-02  -3.23394261e-03
4919  -1.46942182e-02  -3.37139480e-03
4920  -1.36821264e-02  -3.50613968e-03
4921  -1.26700644e-02  -3.63729939e-03
4922  -1.16574320e-02  -3.76503965e-03
4923  -1.06443194e-02  -3.88948095e-03
4924  -9.63109346e-03  -4.01056192e-03
4925  -8.61810646e-03  -4.12778107e-03
4926  -7.60456803e-03  -4.24056015e-03
4927  -6.59050756e-03  -4.34964747e-03
4928  -5.57693870e-03  -4.45438409e-03
4929  -4.56270868e-03  -4.55388712e-03
4930  -3.54724708e-03  -4.64943142e-03
4931  -2.53198578e-03  -4.74105689e-03
4932  -1.51727755e-03  -4.82764472e-03
4933  -5.01573083e-04  -4.90878998e-03
4934  5.15295593e-04  -4.98593744e-03
4935  1.53066893e-03  -5.05885399e-03
4936  2.54631775e-03  -5.12474626e-03
4937  3.56380145e-03  -5.18630372e-03
4938  4.58060150e-03  -5.24334409e-03
4939  5.59684526e-03  -5.29435823e-03
4940  6.61368331e-03  -5.33949536e-03
4941  7.63092912e-03  -5.37918073e-03
4942  8.64753758e-03  -5.41324200e-03
4943  9.66413697e-03  -5.44045767e-03
4944  1.06818457e-02  -5.46174998e-03
4945  1.16994850e-02  -5.47778019e-03
4946  1.27166660e-02  -5.48758345e-03
4947  1.37342642e-02  -5.49124997e-03
4948  1.47527680e-02  -5.48930723e-03
4949  1.57719545e-02  -5.48268740e-03
4950  1.67899174e-02  -5.47161486e-03
4951  1.78076565e-02  -5.45393083e-03
4952  1.88262976e-02  -5.43155393e-03
4953  1.98442159e-02  -5.40420688e-03
4954  2.08610317e-02  -5.37123612e-03
4955  2.18771671e-02  -5.33178292e-03
4956  2.28933254e-02  -5.28593611e-03
4957  2.39774510e-02  -5.23038713e-03
4958  2.49245606e-02  -5.17620345e-03
4959  2.60622503e-02  -5.10347443e-03
4960  2.70791543e-02  -5.03144914e-03
4961  2.80947737e-02  -4.95223185e-03
4962  2.91093632e-02  -4.86484667e-03
4963  3.01233364e-02  -4.76964016e-03
4964  3.11360782e-02  -4.66644482e-03
4965  3.21468660e-02  -4.55485007e-03
4966  3.31555041e-02  -4.43366262e-03
4967  3.41625330e-02  -4.30237092e-03
4968  3.51676765e-02  -4.16092309e-03
4969  3.61699385e-02  -4.00875538e-03
4970  3.72890978e-02  -3.82479328e-03
4971  3.82520118e-02  -3.65340589e-03
4972  3.92117944e-02  -3.46947023e-03
4973  4.01665406e-02  -3.27211495e-03
4974  4.11150537e-02  -3.05924704e-03
4975  4.20568106e-02  -2.82900686e-03
4976  4.29909086e-02  -2.57966809e-03
4977  4.39135375e-02  -2.31024044e-03
4978  4.48219957e-02  -2.01498118e-03
4979  4.57122717e-02  -1.69310708e-03
4980  4.65720989e-02  -1.33916479e-03
4981  4.73798339e-02  -9.49450925e-04
4982  4.80919285e-02  -5.19027254e-04
4983  4.85861266e-02  -1.24548606e-04
4984  4.87520848e-02  7.21638584e-05
4985  4.85580785e-02  3.54924132e-04
4986  4.81283738e-02  9.23436271e-04
4987  4.75078739e-02  1.51798792e-03
4988  4.67929607e-02  2.08672824e-03
4989  4.60194862e-02  2.62392307e-03
4990  4.52065445e-02  3.13159725e-03
4991  4.43671054e-02  3.61183054e-03
4992  4.35065458e-02  4.06470952e-03
4993  4.26272678e-02  4.49413255e-03
4994  4.17350096e-02  4.90212857e-03
4995  4.08313593e-02  5.28720658e-03
4996  3.99160217e-02  5.65196381e-03
4997  3.89906264e-02  5.99822673e-03
4998  3.80569872e-02  6.32721545e-03
4999  3.71173640e-02  6.63923285e-03
5000  3.60191923e-02  6.98085814e-03
5001  3.50346320e-02  7.26777417e-03
5002  3.40441966e-02  7.53878094e-03
5003  3.30493250e-02  7.79407416e-03
5004  3.20504703e-02  8.03334942e-03
5005  3.10468214e-02  8.25697811e-03
5006  3.00388617e-02  8.46654413e-03
5007  2.90276599e-02  8.66218845e-03
5008  2.80144988e-02  8.84399505e-03
5009  2.69983921e-02  9.01076501e-03
5010  2.59790352e-02  9.16449910e-03
5011  2.48378455e-02  9.32152266e-03
5012  2.39767332e-02  9.42922133e-03
5013  2.28182469e-02  9.56027111e-03
5014  2.18066429e-02  9.66204084e-03
5015  2.07948006e-02  9.75098522e-03
5016  1.97812647e-02  9.82659212e-03
5017  1.87651397e-02  9.89055931e-03
5018  1.77475619e-02  9.94404617e-03
5019  1.67314485e-02  9.98704383e-03
5020  1.57146559e-02  1.00162911e-02
5021  1.46965413e-02  1.00354713e-02
5022  1.36815331e-02  1.00426719e-02
5023  1.26714299e-02  1.00345520e-02
5024  1.16651862e-02  1.00067089e-02
5025  1.06568499e-02  9.95780868e-03
5026  9.64565553e-03  9.89363627e-03
5027  8.63497210e-03  9.81443086e-03
5028  7.62344171e-03  9.72078997e-03
5029  6.60997977e-03  9.61518295e-03
5030  5.59555941e-03  9.50012551e-03
5031  4.58209667e-03  9.37657350e-03
5032  3.56811585e-03  9.24360802e-03
5033  2.55267796e-03  9.10461143e-03
5034  1.53898983e-03  8.96020903e-03
5035  5.25966818e-04  8.80839742e-03
5036  -4.88313886e-04  8.65141046e-03
5037  -1.50205613e-03  8.49035492e-03
5038  -2.51462474e-03  8.32464951e-03
5039  -3.52728621e-03  8.15406285e-03
5040  -4.54041184e-03  7.98003732e-03
5041  -5.55233058e-03  7.80307473e-03
5042  -6.56352979e-03  7.62171923e-03
5043  -7.57530398e-03  7.43720427e-03
5044  -8.58669303e-03  7.25012310e-03
5045  -9.59759097e-03  7.06021169e-03
5046  -1.06084326e-02  6.86772914e-03
5047  -1.16191788e-02  6.67304829e-03
5048  -1.26296156e-02  6.47637859e-03
5049  -1.36396163e-02  6.27769973e-03
5050  -1.46495565e-02  6.07691040e-03
5051  -1.56595899e-02  5.87459412e-03
5052  -1.66690976e-02  5.67091585e-03
5053  -1.76783501e-02  5.46536354e-03
5054  -1.86877807e-02  5.25851127e-03
5055  -1.96970274e-02  5.05050150e-03
5056  -2.07060391e-02  4.84136434e-03
5057  -2.17149396e-02  4.63105117e-03
5058  -2.27238700e-02  4.41977450e-03
5059  -2.39892384e-02  4.15368276e-03
5060  -2.47416537e-02  3.99490229e-03
5061  -2.58829373e-02  3.75344559e-03
5062  -2.69040740e-02  3.53687519e-03
5063  -2.79252400e-02  3.31988841e-03
5064  -2.89464333e-02  3.10255943e-03
5065  -2.99677761e-02  2.88495564e-03
5066  -3.09892761e-02  2.66732927e-03
5067  -3.20108687e-02  2.44971099e-03
5068  -3.30326831e-02  2.23220816e-03
5069  -3.40547578e-02  2.01500763e-03
5070  -3.50771033e-02  1.79823987e-03
5071  -3.60997870e-02  1.58205753e-03
5072  -3.72429777e-02  1.34134988e-03
5073  -3.82834186e-02  1.12321429e-03
5074  -3.93244121e-02  9.06273627e-04
5075  -4.03659790e-02  6.90666272e-04
5076  -4.14081997e-02  4.76739029e-04
5077  -4.24512425e-02  2.64619854e-04
5078  -4.34951412e-02  5.49131257e-05
5079  -4.45399688e-02  -1.52375702e-04
5080  -4.55860276e-02  -3.56561451e-04
5081  -4.66333817e-02  -5.57336692e-04
5082  -4.76825836e-02  -7.54031231e-04
5083  -4.86250436e-02  -9.21055162e-04
5084  -2.39893031e-02  4.34219524e-03
5085  -2.39889292e-02  3.25353005e-03
5086  -2.39885553e-02  2.16486485e-03
5087  -2.39881814e-02  1.07619966e-03
5088  -2.39878075e-02  -1.24655372e-05
5089  -2.39874337e-02  -1.10113073e-03
5090  -2.39870598e-02  -2.18979593e-03
5091  2.39767241e-02  9.61487151e-03
5092  2.39767766e-02  8.54173057e-03
5093  2.39768292e-02  7.46858962e-03
5094  2.39768817e-02  6.39544868e-03
5095  2.39769343e-02  5.32230774e-03
5096  2.39769868e-02  4.24916680e-03
5097  2.39770394e-02  3.17602585e-03
5098  2.39770919e-02  2.10288491e-03
5099  2.39771445e-02  1.02974397e-03
5100  2.39771970e-02  -4.33969718e-05
5101  2.39772496e-02  -1.11653792e-03
5102  2.39773021e-02  -2.18967886e-03
5103  2.39773547e-02  -3.26281980e-03
5104  2.39774072e-02  -4.33596074e-03
5105  2.39774598e-02  -5.40910169e-03
7327  -3.87585501e-02  1.90926411e-03
7328  -4.89303708e-02  1.90036682e-03
7329  -4.78369541e-02  1.87424517e-03
7330  -4.67515623e-02  1.82402362e-03
7331  -4.56747389e-02  1.75517499e-03
7332  -4.46032428e-02  1.67067613e-03
7333  -4.35370264e-02  1.57222432e-03
7334  -4.24751465e-02  1.46262269e-03
7335  -4.14170320e-02  1.34254632e-03
7336  -4.03631943e-02  1.21424742e-03
7337  -3.93121039e-02  1.07895252e-03
7338  -3.82638232e-02  9.37315757e-04
7339  -3.72181728e-02  7.90803221e-04
7340  -3.60670297e-02  6.24405200e-04
7341  -3.50380486e-02  4.71923991e-04
7342  -3.40108004e-02  3.16682021e-04
7343  -3.29849471e-02  1.59284289e-04
7344  -3.19602425e-02  1.55491236e-07
7345  -3.09366954e-02  -1.60243769e-04
7346  -2.99141629e-02  -3.21395552e-04
7347  -2.88924403e-02  -4.82940858e-04
7348  -2.78714251e-02  -6.44511479e-04
7349  -2.68510375e-02  -8.05776693e-04
7350  -2.58311971e-02  -9.66394665e-04
7351  -2.46915794e-02  -1.14489768e-03
7352  -2.39870477e-02  -1.25465273e-03
7353  -2.26709510e-02  -1.45792036e-03
7354  -2.16611549e-02  -1.61223841e-03
7355  -2.06518390e-02  -1.76457319e-03
7356  -1.96425202e-02  -1.91461280e-03
7357  -1.86328398e-02  -2.06245091e-03
7358  -1.76229021e-02  -2.20807062e-03
7359  -1.66138852e-02  -2.35124205e-03
7360  -1.56046756e-02  -2.49089123e-03
7361  -1.45942749e-02  -2.62808375e-03
7362  -1.35844419e-02  -2.76252840e-03
7363  -1.25749354e-02  -2.89335686e-03
7364  -1.15647809e-02  -3.02078448e-03
7365  -1.05541055e-02  -3.14492642e-03
7366  -9.54349171e-03  -3.26569554e-03
7367  -8.53352895e-03  -3.38256524e-03
7368  -7.52298739e-03  -3.49501029e-03
7369  -6.51185383e-03  -3.60378315e-03
7370  -5.50177883e-03  -3.70815960e-03
7371  -4.49096509e-03  -3.80732644e-03
7372  -3.47841291e-03  -3.90259686e-03
7373  -2.46639644e-03  -3.99393037e-03
7374  -1.45552914e-03  -4.08019095e-03
7375  -4.43339546e-04  -4.16105417e-03
7376  5.70523278e-04  -4.23797361e-03
7377  1.58180746e-03  -4.31059945e-03
7378  2.59324332e-03  -4.37621570e-03
7379  3.60745034e-03  -4.43757495e-03
7380  4.62040539e-03  -4.49440107e-03
7381  5.63227635e-03  -4.54519560e-03
7382  6.64493196e-03  -4.59014663e-03
7383  7.65810413e-03  -4.62967322e-03
7384  8.67013038e-03  -4.66358236e-03
7385  9.68201771e-03  -4.69067084e-03
7386  1.06955960e-02  -4.71187604e-03
7387  1.17090049e-02  -4.72784061e-03
7388  1.27216315e-02  -4.73759988e-03
7389  1.37349009e-02  -4.74125024e-03
7390  1.47496177e-02  -4.73931384e-03
7391  1.57654389e-02  -4.73271570e-03
7392  1.67793236e-02  -4.72168969e-03
7393  1.77929068e-02  -4.70407588e-03
7394  1.88079902e-02  -4.68177740e-03
7395  1.98219906e-02  -4.65453625e-03
7396  2.08343289e-02  -4.62171163e-03
7397  2.18457163e-02  -4.58244264e-03
7398  2.28573039e-02  -4.53680164e-03
7399  2.39777476e-02  -4.47927741e-03
7400  2.48792970e-02  -4.42757056e-03
7401  2.60118319e-02  -4.35517102e-03
7402  2.70234977e-02  -4.28351709e-03
7403  2.80334326e-02  -4.20474455e-03
7404  2.90421275e-02  -4.11786651e-03
7405  3.00502644e-02  -4.02320833e-03
7406  3.10569099e-02  -3.92063494e-03
7407  3.20609775e-02  -3.80978418e-03
7408  3.30622875e-02  -3.68947806e-03
7409  3.40617937e-02  -3.55916732e-03
7410  3.50591266e-02  -3.41882006e-03
7411  3.60528197e-02  -3.26795637e-03
7412  3.71625565e-02  -3.08554549e-03
7413  3.81157122e-02  -2.91589492e-03
7414  3.90652910e-02  -2.73391823e-03
7415  4.00084987e-02  -2.53895550e-03
7416  4.09438638e-02  -2.32904570e-03
7417  4.18710201e-02  -2.10238324e-03
7418  4.27890375e-02  -1.85734678e-03
7419  4.36924527e-02  -1.59356652e-03
7420  4.45784917e-02  -1.30561119e-03
7421  4.54418148e-02  -9.93569336e-04
7422  4.62658301e-02  -6.54548557e-04
7423  4.70211050e-02  -2.90805692e-04
7424  4.76510557e-02  8.77108514e-05
7425  4.79902874e-02  3.30946236e-04
7426  4.80033357e-02  1.15462173e-04
7427  4.78877922e-02  -3.10339757e-06
7428  4.75686045e-02  4.24278632e-04
7429  4.70134977e-02  9.53991315e-04
7430  4.63450219e-02  1.48518780e-03
7431  4.56066720e-02  1.99775660e-03
7432  4.48215652e-02  2.48794290e-03
7433  4.40061637e-02  2.95439533e-03
7434  4.31672693e-02  3.39583626e-03
7435  4.23067200e-02  3.81608454e-03
7436  4.14320257e-02  4.21605222e-03
7437  4.05454977e-02  4.59382128e-03
7438  3.96457586e-02  4.95235116e-03
7439  3.87345610e-02  5.29329372e-03
7440  3.78141684e-02  5.61761062e-03
7441  3.68877825e-02  5.92523544e-03
7442  3.58028706e-02  6.26273215e-03
7443  3.48307336e-02  6.54602251e-03
7444  3.38520104e-02  6.81382269e-03
7445  3.28687510e-02  7.06613664e-03
7446  3.18815464e-02  7.30262051e-03
7447  3.08889239e-02  7.52378756e-03
7448  2.98912899e-02  7.73120572e-03
7449  2.88901915e-02  7.92489445e-03
7450  2.78875257e-02  8.10482130e-03
7451  2.68817287e-02  8.26989414e-03
7452  2.58719932e-02  8.42217706e-03
7453  2.47405528e-02  8.57786001e-03
7454  2.39771035e-02  8.67395457e-03
7455  2.27388326e-02  8.81448738e-03
7456  2.17362702e-02  8.91534969e-03
7457  2.07340643e-02  9.00344852e-03
7458  1.97298031e-02  9.07835973e-03
7459  1.87218931e-02  9.14180719e-03
7460  1.77120276e-02  9.19488844e-03
7461  1.67048111e-02  9.23751702e-03
7462  1.56968076e-02  9.26650351e-03
7463  1.46868251e-02  9.28553424e-03
7464  1.36819015e-02  9.29267194e-03
7465  1.26848290e-02  9.28467170e-03
7466  1.16937154e-02  9.25725169e-03
7467  1.06987539e-02  9.20898023e-03
7468  9.69870426e-03  9.14551474e-03
7469  8.69883416e-03  9.06715471e-03
7470  7.69686970e-03  8.97439307e-03
7471  6.69110541e-03  8.86958344e-03
7472  5.68320290e-03  8.75526403e-03
7473  4.67623316e-03  8.63250474e-03
7474  3.66772744e-03  8.50025243e-03
7475  2.65642232e-03  8.36182134e-03
7476  1.64745283e-03  8.21809328e-03
7477  6.38900238e-04  8.06694880e-03
7478  -3.72116295e-04  7.91046639e-03
7479  -1.38265369e-03  7.74992055e-03
7480  -2.39176989e-03  7.58478014e-03
7481  -3.40150989e-03  7.41468452e-03
7482  -4.41232789e-03  7.24105525e-03
7483  -5.42153244e-03  7.06456823e-03
7484  -6.43005318e-03  6.88369213e-03
7485  -7.43981729e-03  6.69954353e-03
7486  -8.44924673e-03  6.51282498e-03
7487  -9.45820684e-03  6.32327746e-03
7488  -1.04673608e-02  6.13111613e-03
7489  -1.14766084e-02  5.93672385e-03
7490  -1.24855909e-02  5.74033724e-03
7491  -1.34941128e-02  5.54194927e-03
7492  -1.45027809e-02  5.34141266e-03
7493  -1.55117724e-02  5.13930508e-03
7494  -1.65200930e-02  4.93586644e-03
7495  -1.75282306e-02  4.73054102e-03
7496  -1.85368022e-02  4.52386476e-03
7497  -1.95452211e-02  4.31602561e-03
7498  -2.05534042e-02  4.10706021e-03
7499  -2.15615526e-02  3.89690375e-03
7500  -2.25698641e-02  3.68575665e-03
7501  -2.39886420e-02  3.38736226e-03
7502  -2.45866460e-02  3.26109537e-03
7503  -2.57275159e-02  3.01972616e-03
7504  -2.67483285e-02  2.80322450e-03
7505  -2.77692379e-02  2.58629224e-03
7506  -2.87902321e-02  2.36900562e-03
7507  -2.98114952e-02  2.15141882e-03
7508  -3.08330084e-02  1.93378961e-03
7509  -3.18546665e-02  1.71615740e-03
7510  -3.28766596e-02  1.49861654e-03
7511  -3.38990254e-02  1.28135415e-03
7512  -3.49217649e-02  1.06450288e-03
7513  -3.59449656e-02  8.48211263e-04
7514  -3.70887643e-02  6.07375610e-04
7515  -3.81299646e-02  3.89080856e-04
7516  -3.91718919e-02  1.71945631e-04
7517  -4.02145634e-02  -4.38902851e-05
7518  -4.12580662e-02  -2.58080630e-04
7519  -4.23026524e-02  -4.70513451e-04
7520  -4.33483075e-02  -6.80573027e-04
7521  -4.43951501e-02  -8.88261243e-04
7522  -4.54435835e-02  -1.09291034e-03
7523  -4.64936818e-02  -1.29421114e-03
7524  -4.75462525e-02  -1.49153638e-03
7525  -4.84274505e-02  -1.64455841e-03
7526  -2.39889698e-02  4.34219535e-03
7527  -2.39885959e-02  3.25353016e-03
7528  -2.39882220e-02  2.16486496e-03
7529  -2.39878481e-02  1.07619977e-03
7530  -2.39874742e-02  -1.24654227e-05
7531  -2.39871004e-02  -1.10113062e-03
7532  -2.39867265e-02  -2.18979582e-03
7533  2.39770574e-02  9.61487153e-03
7534  2.39771099e-02  8.54173059e-03
7535  2.39771625e-02  7.46858964e-03
7536  2.39772150e-02  6.39544870e-03
7537  2.39772676e-02  5.32230776e-03
7538  2.39773201e-02  4.24916682e-03
7539  2.39773727e-02  3.17602587e-03
7540  2.39774252e-02  2.10288493e-03
7541  2.39774778e-02  1.02974399e-03
7542  2.39775303e-02  -4.33969554e-05
7543  2.39775829e-02  -1.11653790e-03
7544  2.39776354e-02  -2.18967884e-03
7545  2.39776880e-02  -3.26281978e-03
7546  2.39777405e-02  -4.33596072e-03
7547  2.39777931e-02  -5.40910167e-03
