10240  2.36756492e-01  1.61987618e-01
1  -2.31600000e+00  -2.48664759e-02
2  -2.27820796e+00  -1.56930575e-02
3  -2.24002440e+00  -8.33210245e-03
4  -2.20152877e+00  -2.80900764e-03
5  -2.16283626e+00  1.10873280e-03
6  -2.12398883e+00  2.94465467e-03
7  -2.08510331e+00  3.41859838e-03
8  -2.04621876e+00  2.68997829e-03
9  -2.00737905e+00  7.02811853e-04
10  -1.96860000e+00  -2.24621616e-03
11  -1.91595946e+00  -8.20159607e-03
12  -1.87903865e+00  -1.34547313e-02
13  -1.84224407e+00  -1.95291656e-02
14  -1.80561554e+00  -2.65345906e-02
15  -1.76913322e+00  -3.42674064e-02
16  -1.73278190e+00  -4.25956130e-02
17  -1.69659745e+00  -5.16214830e-02
18  -1.66056532e+00  -6.12366130e-02
19  -1.62472089e+00  -7.15292295e-02
20  -1.58903535e+00  -8.23602703e-02
21  -1.55345587e+00  -9.35359716e-02
22  -1.51800949e+00  -1.05123730e-01
23  -1.48270528e+00  -1.17141140e-01
24  -1.44748039e+00  -1.29388869e-01
25  -1.41235393e+00  -1.41916537e-01
26  -1.37732791e+00  -1.54721847e-01
27  -1.34239105e+00  -1.67768414e-01
28  -1.30751903e+00  -1.80987720e-01
29  -1.27269970e+00  -1.94345160e-01
30  -1.23794781e+00  -2.07877218e-01
31  -1.20325363e+00  -2.21556508e-01
32  -1.16856856e+00  -2.35258979e-01
33  -1.13388007e+00  -2.48952788e-01
34  -1.09919545e+00  -2.62656373e-01
35  -1.06455016e+00  -2.76459044e-01
36  -1.02991190e+00  -2.90279412e-01
37  -9.95265363e-01  -3.04078970e-01
38  -9.60581798e-01  -3.17785243e-01
39  -9.25881780e-01  -3.31449794e-01
40  -8.91151057e-01  -3.45035918e-01
41  -8.56370104e-01  -3.58493107e-01
42  -8.21545249e-01  -3.71836292e-01
43  -7.86647446e-01  -3.84986989e-01
44  -7.51680350e-01  -3.97952646e-01
45  -7.16628913e-01  -4.10688684e-01
46  -6.81497297e-01  -4.23201593e-01
47  -6.46284861e-01  -4.35484528e-01
48  -6.10989095e-01  -4.47526934e-01
49  -5.75580026e-01  -4.59231972e-01
50  -5.40060056e-01  -4.70593618e-01
51  -5.04431013e-01  -4.81607752e-01
52  -4.68679963e-01  -4.92222251e-01
53  -4.32799970e-01  -5.02392596e-01
54  -3.96808280e-01  -5.12157326e-01
55  -3.45100000e-01  -5.25376586e-01
56  -3.08834606e-01  -5.34006355e-01
57  -2.72441108e-01  -5.42086939e-01
58  -2.35912832e-01  -5.49535955e-01
59  -1.99219052e-01  -5.56106590e-01
60  -1.62413825e-01  -5.62024081e-01
61  -1.25509276e-01  -5.67285244e-01
62  -8.84837832e-02  -5.71633852e-01
63  -5.13576505e-02  -5.75014868e-01
64  -1.41672105e-02  -5.77560424e-01
65  2.30714762e-02  -5.79235867e-01
66  6.03407445e-02  -5.79958815e-01
67  9.76183075e-02  -5.79626579e-01
68  1.34871982e-01  -5.78224372e-01
69  1.72055666e-01  -5.75572674e-01
70  2.09138170e-01  -5.71778593e-01
71  2.46100000e-01  -5.66948625e-01
72  2.88895524e-01  -5.60023508e-01
73  3.26006292e-01  -5.52818971e-01
74  3.62881980e-01  -5.44497976e-01
75  3.99488110e-01  -5.35053474e-01
76  4.35836946e-01  -5.24660257e-01
77  4.71916590e-01  -5.13365728e-01
78  5.07713145e-01  -5.01201891e-01
79  5.43199176e-01  -4.88161698e-01
80  5.78275514e-01  -4.74054437e-01
81  6.12997059e-01  -4.59094988e-01
82  6.47383137e-01  -4.43382625e-01
83  6.81302100e-01  -4.26686313e-01
84  7.14738697e-01  -4.09042531e-01
85  7.47704963e-01  -3.90537171e-01
86  7.80136828e-01  -3.71109893e-01
87  8.17400000e-01  -3.46977200e-01
88  8.48741537e-01  -3.25426569e-01
89  8.79215747e-01  -3.02666311e-01
90  9.08925103e-01  -2.78919263e-01
91  9.37659366e-01  -2.54000548e-01
92  9.65264862e-01  -2.27837365e-01
93  9.91788897e-01  -2.00579009e-01
94  1.01653450e+00  -1.71697190e-01
95  1.03915934e+00  -1.41134223e-01
96  1.05912627e+00  -1.08790806e-01
97  1.07492841e+00  -7.42371688e-02
98  1.08551096e+00  -3.77393197e-02
99  1.08990000e+00  0.00000000e+00
100  1.08597679e+00  3.63834721e-02
101  1.07621179e+00  7.16431396e-02
102  1.06074140e+00  1.04784801e-01
103  1.04102385e+00  1.35627923e-01
104  1.01851353e+00  1.64501062e-01
105  9.93761419e-01  1.91489963e-01
106  9.67223666e-01  2.16722978e-01
107  9.39320652e-01  2.40444446e-01
108  9.10198834e-01  2.62650842e-01
109  8.80059079e-01  2.83459482e-01
110  8.49142213e-01  3.03092422e-01
111  8.17400000e-01  3.21364660e-01
112  7.79380390e-01  3.41361834e-01
113  7.46314971e-01  3.57327760e-01
114  7.12811425e-01  3.72354954e-01
115  6.78908642e-01  3.86459384e-01
116  6.44585320e-01  3.99506781e-01
117  6.09950212e-01  4.11705520e-01
118  5.75004550e-01  4.22984437e-01
119  5.39787885e-01  4.33387504e-01
120  5.04360365e-01  4.43047627e-01
121  4.68720975e-01  4.51894699e-01
122  4.32878890e-01  4.59878004e-01
123  3.96880634e-01  4.67123671e-01
124  3.60739567e-01  4.73616670e-01
125  3.24460509e-01  4.79282931e-01
126  2.88074351e-01  4.84219930e-01
127  2.46100000e-01  4.88915738e-01
128  2.09219837e-01  4.92185481e-01
129  1.72290310e-01  4.94845200e-01
130  1.35320391e-01  4.96874528e-01
131  9.83131796e-02  4.98064794e-01
132  6.12946139e-02  4.98813842e-01
133  2.42701128e-02  4.99069674e-01
134  -1.27529705e-02  4.98746475e-01
135  -4.97690575e-02  4.97891506e-01
136  -8.67755302e-02  4.96680307e-01
137  -1.23762212e-01  4.94968618e-01
138  -1.60723069e-01  4.92781208e-01
139  -1.97661768e-01  4.90243099e-01
140  -2.34576099e-01  4.87373177e-01
141  -2.71450169e-01  4.84018591e-01
142  -3.08290231e-01  4.80310201e-01
143  -3.45100000e-01  4.76316122e-01
144  -3.96710412e-01  4.70162528e-01
145  -4.32677170e-01  4.65507830e-01
146  -4.68611655e-01  4.60608209e-01
147  -5.04507681e-01  4.55434526e-01
148  -5.40365812e-01  4.50006648e-01
149  -5.76193671e-01  4.44381150e-01
150  -6.11993891e-01  4.38581641e-01
151  -6.47738003e-01  4.32445547e-01
152  -6.83442963e-01  4.26086802e-01
153  -7.19114527e-01  4.19542435e-01
154  -7.54753434e-01  4.12822175e-01
155  -7.90374519e-01  4.06008097e-01
156  -8.25961637e-01  3.99019652e-01
157  -8.61510632e-01  3.91839253e-01
158  -8.97005496e-01  3.84395552e-01
159  -9.32481795e-01  3.76863978e-01
160  -9.67928385e-01  3.69194412e-01
161  -1.00334271e+00  3.61376640e-01
162  -1.03872368e+00  3.53409134e-01
163  -1.07409654e+00  3.45405718e-01
164  -1.10944547e+00  3.37297765e-01
165  -1.14476363e+00  3.29056495e-01
166  -1.18004601e+00  3.20663152e-01
167  -1.21532155e+00  3.12241157e-01
168  -1.25057055e+00  3.03709071e-01
169  -1.28579847e+00  2.95090045e-01
170  -1.32101780e+00  2.86436088e-01
171  -1.35620312e+00  2.77644812e-01
172  -1.39138884e+00  2.68855099e-01
173  -1.42656556e+00  2.60029521e-01
174  -1.46172658e+00  2.51141547e-01
175  -1.49687202e+00  2.42192126e-01
176  -1.53200953e+00  2.33211628e-01
177  -1.56711647e+00  2.24112372e-01
178  -1.60222677e+00  2.15026056e-01
179  -1.63731940e+00  2.05871847e-01
180  -1.67240422e+00  1.96687664e-01
181  -1.70750226e+00  1.87554176e-01
182  -1.74258166e+00  1.78350004e-01
183  -1.77762977e+00  1.69026961e-01
184  -1.81271145e+00  1.59830827e-01
185  -1.84779372e+00  1.50637042e-01
186  -1.88285598e+00  1.41367115e-01
187  -1.91792432e+00  1.32120202e-01
188  -1.96860000e+00  1.18733005e-01
189  -2.00339294e+00  1.09540797e-01
190  -2.03819357e+00  1.00377757e-01
191  -2.07300232e+00  9.12456047e-02
192  -2.10780758e+00  8.21001747e-02
193  -2.14259588e+00  7.28904846e-02
194  -2.17733661e+00  6.35028819e-02
195  -2.21205298e+00  5.40256478e-02
196  -2.24674360e+00  4.44546172e-02
197  -2.28139176e+00  3.47313160e-02
198  -3.08310393e-01  4.42742922e-01
199  -3.08330555e-01  4.05175642e-01
200  -3.08350717e-01  3.67608362e-01
201  -3.08370879e-01  3.30041082e-01
202  -3.08391041e-01  2.92473802e-01
203  -3.08411203e-01  2.54906522e-01
204  -3.08431365e-01  2.17339242e-01
205  -3.08451527e-01  1.79771962e-01
206  -3.08471689e-01  1.42204683e-01
207  -3.08491851e-01  1.04637403e-01
208  -3.08512013e-01  6.70701227e-02
209  -3.08532175e-01  2.95028429e-02
210  -3.08552338e-01  -8.06443700e-03
211  -3.08572500e-01  -4.56317169e-02
212  -3.08592662e-01  -8.31989968e-02
213  -3.08612824e-01  -1.20766277e-01
214  -3.08632986e-01  -1.58333557e-01
215  -3.08653148e-01  -1.95900836e-01
216  -3.08673310e-01  -2.33468116e-01
217  -3.08693472e-01  -2.71035396e-01
218  -3.08713634e-01  -3.08602676e-01
219  -3.08733796e-01  -3.46169956e-01
220  -3.08753958e-01  -3.83737236e-01
221  -3.08774120e-01  -4.21304516e-01
222  -3.08794282e-01  -4.58871796e-01
223  -3.08814444e-01  -4.96439075e-01
224  2.09217020e-01  4.55497065e-01
225  2.09214204e-01  4.18808648e-01
226  2.09211388e-01  3.82120232e-01
227  2.09208572e-01  3.45431815e-01
228  2.09205756e-01  3.08743399e-01
229  2.09202940e-01  2.72054983e-01
230  2.09200124e-01  2.35366566e-01
231  2.09197308e-01  1.98678150e-01
232  2.09194492e-01  1.61989734e-01
233  2.09191676e-01  1.25301317e-01
234  2.09188860e-01  8.86129010e-02
235  2.09186044e-01  5.19244846e-02
236  2.09183228e-01  1.52360683e-02
237  2.09180412e-01  -2.14523481e-02
238  2.09177595e-01  -5.81407644e-02
239  2.09174779e-01  -9.48291808e-02
240  2.09171963e-01  -1.31517597e-01
241  2.09169147e-01  -1.68206014e-01
242  2.09166331e-01  -2.04894430e-01
243  2.09163515e-01  -2.41582846e-01
244  2.09160699e-01  -2.78271263e-01
245  2.09157883e-01  -3.14959679e-01
246  2.09155067e-01  -3.51648095e-01
247  2.09152251e-01  -3.88336512e-01
248  2.09149435e-01  -4.25024928e-01
249  2.09146619e-01  -4.61713344e-01
250  2.09143803e-01  -4.98401761e-01
251  2.09140986e-01  -5.35090177e-01
10245  2.36742412e-01  -2.14544640e-02
10241  2.36753676e-01  1.25299201e-01
10242  2.36750860e-01  8.86107855e-02
10243  2.36748044e-01  5.19223691e-02
10246  2.36739595e-01  -5.81428803e-02
10244  2.36745228e-01  1.52339528e-02
2503  -2.31497914e+00  -2.41041582e-02
2504  -2.27831428e+00  -1.52044932e-02
2505  -2.24010725e+00  -7.83901464e-03
2506  -2.20158947e+00  -2.31270610e-03
2507  -2.16287326e+00  1.60736195e-03
2508  -2.12400368e+00  3.44443407e-03
2509  -2.08510167e+00  3.91859570e-03
2510  -2.04620130e+00  3.18967334e-03
2511  -2.00734732e+00  1.20180382e-03
2512  -1.96855293e+00  -1.74843657e-03
2513  -1.91589613e+00  -7.70562248e-03
2514  -1.87896271e+00  -1.29605321e-02
2515  -1.84215638e+00  -1.90369154e-02
2516  -1.80551673e+00  -2.60444505e-02
2517  -1.76902555e+00  -3.37791371e-02
2518  -1.73266556e+00  -4.21093365e-02
2519  -1.69647248e+00  -5.11373516e-02
2520  -1.66043186e+00  -6.07547540e-02
2521  -1.62457928e+00  -7.10497021e-02
2522  -1.58888782e+00  -8.18825300e-02
2523  -1.55330327e+00  -9.30598281e-02
2524  -1.51785125e+00  -1.04649432e-01
2525  -1.48254262e+00  -1.16668340e-01
2526  -1.44731430e+00  -1.28917259e-01
2527  -1.41218411e+00  -1.41446260e-01
2528  -1.37715461e+00  -1.54252841e-01
2529  -1.34221497e+00  -1.67300443e-01
2530  -1.30734087e+00  -1.80520538e-01
2531  -1.27251944e+00  -1.93878783e-01
2532  -1.23776540e+00  -2.07411680e-01
2533  -1.20307007e+00  -2.21091419e-01
2534  -1.16838491e+00  -2.34793929e-01
2535  -1.13369641e+00  -2.48487741e-01
2536  -1.09901106e+00  -2.62191615e-01
2537  -1.06436499e+00  -2.75994597e-01
2538  -1.02972675e+00  -2.89814957e-01
2539  -9.95080976e-01  -3.03614211e-01
2540  -9.60398316e-01  -3.17320125e-01
2541  -9.25699103e-01  -3.30984360e-01
2542  -8.90969770e-01  -3.44569941e-01
2543  -8.56190446e-01  -3.58026499e-01
2544  -8.21367644e-01  -3.71368899e-01
2545  -7.86472372e-01  -3.84518642e-01
2546  -7.51508056e-01  -3.97483269e-01
2547  -7.16459654e-01  -4.10218204e-01
2548  -6.81331075e-01  -4.22730032e-01
2549  -6.46121793e-01  -4.35011867e-01
2550  -6.10829901e-01  -4.47052954e-01
2551  -5.75425394e-01  -4.58756484e-01
2552  -5.39910053e-01  -4.70116649e-01
2553  -5.04286020e-01  -4.81129237e-01
2554  -4.68540628e-01  -4.91742058e-01
2555  -4.32666330e-01  -5.01910786e-01
2556  -3.96680895e-01  -5.11673825e-01
2557  -3.44980200e-01  -5.24891150e-01
2558  -3.07553489e-01  -5.33787938e-01
2559  -2.72336962e-01  -5.41597906e-01
2560  -2.35818806e-01  -5.49044875e-01
2561  -1.99135298e-01  -5.55613655e-01
2562  -1.62338853e-01  -5.61529734e-01
2563  -1.25444826e-01  -5.66789415e-01
2564  -8.84319437e-02  -5.71136547e-01
2565  -5.13179030e-02  -5.74516450e-01
2566  -1.41389002e-02  -5.77061226e-01
2567  2.30875627e-02  -5.78736126e-01
2568  6.03433653e-02  -5.79458822e-01
2569  9.76066751e-02  -5.79126714e-01
2570  1.34844792e-01  -5.77725112e-01
2571  1.72012432e-01  -5.75074547e-01
2572  2.10419220e-01  -5.71126007e-01
2573  2.46027663e-01  -5.66453885e-01
2574  2.88807934e-01  -5.59531240e-01
2575  3.25903607e-01  -5.52329629e-01
2576  3.62764482e-01  -5.44011978e-01
2577  3.99356915e-01  -5.34570993e-01
2578  4.35693520e-01  -5.24181270e-01
2579  4.71761457e-01  -5.12890403e-01
2580  5.07546468e-01  -5.00730490e-01
2581  5.43019640e-01  -4.87695043e-01
2582  5.78083295e-01  -4.73592862e-01
2583  6.12794225e-01  -4.58637978e-01
2584  6.47168804e-01  -4.42930893e-01
2585  6.81074996e-01  -4.26240865e-01
2586  7.14499631e-01  -4.08603387e-01
2587  7.47454095e-01  -3.90104660e-01
2588  7.79872421e-01  -3.70685524e-01
2589  8.17122429e-01  -3.46561322e-01
2590  8.48450236e-01  -3.25020190e-01
2591  8.78910016e-01  -3.02270674e-01
2592  9.08605155e-01  -2.78535032e-01
2593  9.37323520e-01  -2.53630133e-01
2594  9.64913644e-01  -2.27481492e-01
2595  9.91419691e-01  -2.00241834e-01
2596  1.01614347e+00  -1.71385588e-01
2597  1.03874531e+00  -1.40853903e-01
2598  1.05868534e+00  -1.08555052e-01
2599  1.07445969e+00  -7.40631070e-02
2600  1.08502083e+00  -3.76404776e-02
2601  1.08940000e+00  2.09107343e-06
2602  1.08548404e+00  3.62893232e-02
2603  1.07574270e+00  7.14700696e-02
2604  1.06030327e+00  1.04543874e-01
2605  1.04061561e+00  1.35339239e-01
2606  1.01813182e+00  1.64178115e-01
2607  9.93404697e-01  1.91139607e-01
2608  9.66889342e-01  2.16351188e-01
2609  9.39007024e-01  2.40055040e-01
2610  9.09905124e-01  2.62246201e-01
2611  8.79782973e-01  2.83042630e-01
2612  8.48883412e-01  3.02664611e-01
2613  8.17158857e-01  3.20926653e-01
2614  7.79155275e-01  3.40915378e-01
2615  7.46103933e-01  3.56874480e-01
2616  7.12613067e-01  3.71895983e-01
2617  6.78723761e-01  3.85994821e-01
2618  6.44413424e-01  3.99037258e-01
2619  6.09790358e-01  4.11231762e-01
2620  5.74856925e-01  4.22506727e-01
2621  5.39651285e-01  4.32906525e-01
2622  5.04234358e-01  4.42563765e-01
2623  4.68606383e-01  4.51408007e-01
2624  4.32775202e-01  4.59388873e-01
2625  3.96787092e-01  4.66632499e-01
2626  3.60656776e-01  4.73123572e-01
2627  3.24388314e-01  4.78788171e-01
2628  2.88012939e-01  4.83723716e-01
2629  2.46050124e-01  4.88418232e-01
2630  2.10500791e-01  4.91580965e-01
2631  1.72258648e-01  4.94346204e-01
2632  1.35298651e-01  4.96375001e-01
2633  9.83000852e-02  4.97564965e-01
2634  6.12878288e-02  4.98313888e-01
2635  2.42705677e-02  4.98569674e-01
2636  -1.27450152e-02  4.98246538e-01
2637  -4.97551066e-02  4.97391701e-01
2638  -8.67557945e-02  4.96180697e-01
2639  -1.23735885e-01  4.94469312e-01
2640  -1.60691162e-01  4.92282227e-01
2641  -1.97625252e-01  4.89744434e-01
2642  -2.34534070e-01  4.86874947e-01
2643  -2.71402480e-01  4.83520870e-01
2644  -3.07009429e-01  4.79941423e-01
2645  -3.45043433e-01  4.75819332e-01
2646  -3.96648726e-01  4.69666348e-01
2647  -4.32611308e-01  4.65012187e-01
2648  -4.68542216e-01  4.60113054e-01
2649  -5.04434600e-01  4.54939896e-01
2650  -5.40289617e-01  4.49512488e-01
2651  -5.76114914e-01  4.43887392e-01
2652  -6.11911614e-01  4.38088457e-01
2653  -6.47651871e-01  4.31953022e-01
2654  -6.83354017e-01  4.25594777e-01
2655  -7.19023089e-01  4.19050867e-01
2656  -7.54660137e-01  4.12330956e-01
2657  -7.90279373e-01  4.05517233e-01
2658  -8.25863966e-01  3.98529284e-01
2659  -8.61409823e-01  3.91349521e-01
2660  -8.96902266e-01  3.83906324e-01
2661  -9.32377008e-01  3.76375082e-01
2662  -9.67821625e-01  3.68705943e-01
2663  -1.00323390e+00  3.60888624e-01
2664  -1.03861359e+00  3.52921405e-01
2665  -1.07398548e+00  3.44918209e-01
2666  -1.10933277e+00  3.36810632e-01
2667  -1.14464896e+00  3.28569821e-01
2668  -1.17993010e+00  3.20176773e-01
2669  -1.21520468e+00  3.11755007e-01
2670  -1.25045232e+00  3.03223250e-01
2671  -1.28567940e+00  2.94604429e-01
2672  -1.32089754e+00  2.85950765e-01
2673  -1.35608193e+00  2.77159722e-01
2674  -1.39126741e+00  2.68370068e-01
2675  -1.42644345e+00  2.59544660e-01
2676  -1.46160362e+00  2.50656902e-01
2677  -1.49674842e+00  2.41707643e-01
2678  -1.53188490e+00  2.32727410e-01
2679  -1.56699111e+00  2.23628342e-01
2680  -1.60210103e+00  2.14542124e-01
2681  -1.63719299e+00  2.05388091e-01
2682  -1.67227795e+00  1.96203871e-01
2683  -1.70737585e+00  1.87070419e-01
2684  -1.74245395e+00  1.77866590e-01
2685  -1.77750211e+00  1.68543532e-01
2686  -1.81258468e+00  1.59347164e-01
2687  -1.84766644e+00  1.50153513e-01
2688  -1.88272834e+00  1.40883682e-01
2689  -1.91779673e+00  1.31636757e-01
2690  -1.96847229e+00  1.18249590e-01
2691  -2.00326543e+00  1.09057330e-01
2692  -2.03806647e+00  9.98941803e-02
2693  -2.07287535e+00  9.07619959e-02
2694  -2.10768007e+00  8.16167076e-02
2695  -2.14246668e+00  7.24074645e-02
2696  -2.17720556e+00  6.30203627e-02
2697  -2.21192065e+00  5.35434765e-02
2698  -2.24660956e+00  4.39729184e-02
2699  -2.28108554e+00  3.43360570e-02
2700  -3.07029393e-01  4.42742234e-01
2701  -3.07049555e-01  4.05174954e-01
2702  -3.07069717e-01  3.67607674e-01
2703  -3.07089879e-01  3.30040394e-01
2704  -3.07110041e-01  2.92473114e-01
2705  -3.07130203e-01  2.54905834e-01
2706  -3.07150365e-01  2.17338554e-01
2707  -3.07170527e-01  1.79771274e-01
2708  -3.07190689e-01  1.42203995e-01
2709  -3.07210851e-01  1.04636715e-01
2710  -3.07231013e-01  6.70694352e-02
2711  -3.07251175e-01  2.95021554e-02
2712  -3.07271338e-01  -8.06512452e-03
2713  -3.07291500e-01  -4.56324044e-02
2714  -3.07311662e-01  -8.31996843e-02
2715  -3.07331824e-01  -1.20766965e-01
2716  -3.07351986e-01  -1.58334245e-01
2717  -3.07372148e-01  -1.95901524e-01
2718  -3.07392310e-01  -2.33468804e-01
2719  -3.07412472e-01  -2.71036084e-01
2720  -3.07432634e-01  -3.08603364e-01
2721  -3.07452796e-01  -3.46170644e-01
2722  -3.07472958e-01  -3.83737924e-01
2723  -3.07493120e-01  -4.21305204e-01
2724  -3.07513282e-01  -4.58872484e-01
2725  -3.07533444e-01  -4.96439763e-01
2726  2.10498020e-01  4.55496967e-01
2727  2.10495204e-01  4.18808550e-01
2728  2.10492388e-01  3.82120134e-01
2729  2.10489572e-01  3.45431717e-01
2730  2.10486756e-01  3.08743301e-01
2731  2.10483940e-01  2.72054885e-01
2732  2.10481124e-01  2.35366468e-01
2733  2.10478308e-01  1.98678052e-01
2734  2.10475492e-01  1.61989636e-01
2735  2.10472676e-01  1.25301219e-01
2736  2.10469860e-01  8.86128027e-02
2737  2.10467044e-01  5.19243863e-02
2738  2.10464228e-01  1.52359700e-02
2739  2.10461412e-01  -2.14524464e-02
2740  2.10458595e-01  -5.81408627e-02
2741  2.10455779e-01  -9.48292791e-02
2742  2.10452963e-01  -1.31517695e-01
2743  2.10450147e-01  -1.68206112e-01
2744  2.10447331e-01  -2.04894528e-01
2745  2.10444515e-01  -2.41582944e-01
2746  2.10441699e-01  -2.78271361e-01
2747  2.10438883e-01  -3.14959777e-01
2748  2.10436067e-01  -3.51648193e-01
2749  2.10433251e-01  -3.88336610e-01
2750  2.10430435e-01  -4.25025026e-01
2751  2.10427619e-01  -4.61713442e-01
2752  2.10424803e-01  -4.98401859e-01
2753  2.10421986e-01  -5.35090275e-01
10250  2.36728331e-01  -2.04896546e-01
10253  2.36719883e-01  -3.14961795e-01
10254  2.36717067e-01  -3.51650211e-01
10255  2.36714251e-01  -3.88338628e-01
10248  2.36733963e-01  -1.31519713e-01
10256  2.36711435e-01  -4.25027044e-01
10252  2.36722699e-01  -2.78273379e-01
10257  2.36708619e-01  -4.61715460e-01
10258  2.36705803e-01  -4.98403877e-01
10259  2.36702986e-01  -5.35092293e-01
5005  -2.31032195e+00  -2.06264647e-02
5006  -2.27879934e+00  -1.29756628e-02
5007  -2.24048522e+00  -5.58954807e-03
5008  -2.20186640e+00  -4.85784847e-05
5009  -2.16304205e+00  3.88210812e-03
5010  -2.12407143e+00  5.72442771e-03
5011  -2.08509420e+00  6.19958347e-03
5012  -2.04612165e+00  5.46928217e-03
5013  -2.00720255e+00  3.47820517e-03
5014  -1.96833820e+00  5.22433909e-04
5015  -1.91560724e+00  -5.44299094e-03
5016  -1.87861626e+00  -1.07059953e-02
5017  -1.84175633e+00  -1.67912701e-02
5018  -1.80506598e+00  -2.38084312e-02
5019  -1.76853435e+00  -3.15516528e-02
5020  -1.73213481e+00  -3.98909434e-02
5021  -1.69590238e+00  -4.89287440e-02
5022  -1.65982301e+00  -5.85565131e-02
5023  -1.62393325e+00  -6.88620979e-02
5024  -1.58821481e+00  -7.97030786e-02
5025  -1.55260710e+00  -9.08876612e-02
5026  -1.51712933e+00  -1.02485684e-01
5027  -1.48180054e+00  -1.14511424e-01
5028  -1.44655662e+00  -1.26765776e-01
5029  -1.41140937e+00  -1.39300858e-01
5030  -1.37636401e+00  -1.52113236e-01
5031  -1.34141171e+00  -1.65165557e-01
5032  -1.30652811e+00  -1.78389253e-01
5033  -1.27169711e+00  -1.91751170e-01
5034  -1.23693323e+00  -2.05287898e-01
5035  -1.20223269e+00  -2.18969685e-01
5036  -1.16754708e+00  -2.32672370e-01
5037  -1.13285855e+00  -2.46366195e-01
5038  -1.09816987e+00  -2.60071388e-01
5039  -1.06352023e+00  -2.73875790e-01
5040  -1.02888208e+00  -2.87696112e-01
5041  -9.94239801e-01  -3.01493978e-01
5042  -9.59561270e-01  -3.15198259e-01
5043  -9.24865731e-01  -3.28861048e-01
5044  -8.90142738e-01  -3.42444152e-01
5045  -8.55370844e-01  -3.55897834e-01
5046  -8.20557412e-01  -3.69236650e-01
5047  -7.85673685e-01  -3.82382042e-01
5048  -7.50722050e-01  -3.95341971e-01
5049  -7.15687494e-01  -4.08071875e-01
5050  -6.80572768e-01  -4.20578769e-01
5051  -6.45377875e-01  -4.32855586e-01
5052  -6.10103656e-01  -4.44890657e-01
5053  -5.74719960e-01  -4.56587308e-01
5054  -5.39225741e-01  -4.67940718e-01
5055  -5.03624560e-01  -4.78946250e-01
5056  -4.67904979e-01  -4.89551416e-01
5057  -4.32056666e-01  -4.99712771e-01
5058  -3.96099767e-01  -5.09468094e-01
5059  -3.44433674e-01  -5.22676591e-01
5060  -2.95053773e-01  -5.34322123e-01
5061  -2.71861849e-01  -5.39366935e-01
5062  -2.35389862e-01  -5.46804570e-01
5063  -1.98753212e-01  -5.53364884e-01
5064  -1.61996833e-01  -5.59274521e-01
5065  -1.25150803e-01  -5.64527444e-01
5066  -8.81954520e-02  -5.68867839e-01
5067  -5.11365751e-02  -5.72242669e-01
5068  -1.40097489e-02  -5.74783885e-01
5069  2.31609495e-02  -5.76456307e-01
5070  6.03553214e-02  -5.77177853e-01
5071  9.75536079e-02  -5.76846332e-01
5072  1.34720750e-01  -5.75447487e-01
5073  1.71815198e-01  -5.72802090e-01
5074  2.22919508e-01  -5.67373661e-01
5075  2.45697663e-01  -5.64196883e-01
5076  2.88408346e-01  -5.57285513e-01
5077  3.25435158e-01  -5.50097250e-01
5078  3.62228455e-01  -5.41794854e-01
5079  3.98758404e-01  -5.32369915e-01
5080  4.35039209e-01  -5.21996129e-01
5081  4.71053742e-01  -5.10721970e-01
5082  5.06786085e-01  -4.98579960e-01
5083  5.42200597e-01  -4.85566163e-01
5084  5.77206392e-01  -4.71487155e-01
5085  6.11868899e-01  -4.56553096e-01
5086  6.46191017e-01  -4.40870094e-01
5087  6.80038948e-01  -4.24208732e-01
5088  7.13409011e-01  -4.06600013e-01
5089  7.46309638e-01  -3.88131547e-01
5090  7.78666198e-01  -3.68749552e-01
5091  8.15856152e-01  -3.44664086e-01
5092  8.47121320e-01  -3.23166291e-01
5093  8.77515269e-01  -3.00465780e-01
5094  9.07145554e-01  -2.76782170e-01
5095  9.35791389e-01  -2.51940300e-01
5096  9.63311385e-01  -2.25857999e-01
5097  9.89735373e-01  -1.98703643e-01
5098  1.01435959e+00  -1.69964059e-01
5099  1.03685651e+00  -1.39575082e-01
5100  1.05667381e+00  -1.07479543e-01
5101  1.07232137e+00  -7.32690371e-02
5102  1.08278484e+00  -3.71895597e-02
5103  1.08711902e+00  1.16305504e-05
5104  1.08323613e+00  3.58598160e-02
5105  1.07360270e+00  7.06805245e-02
5106  1.05830454e+00  1.03444764e-01
5107  1.03875321e+00  1.34022265e-01
5108  1.01639044e+00  1.62704828e-01
5109  9.91777330e-01  1.89541283e-01
5110  9.65364157e-01  2.14655083e-01
5111  9.37576252e-01  2.38278567e-01
5112  9.08565221e-01  2.60400227e-01
5113  8.78523375e-01  2.81140953e-01
5114  8.47702760e-01  3.00712940e-01
5115  8.16058761e-01  3.18928466e-01
5116  7.78128298e-01  3.38878645e-01
5117  7.45141178e-01  3.54806615e-01
5118  7.11708159e-01  3.69802158e-01
5119  6.77880332e-01  3.83875484e-01
5120  6.43629237e-01  3.96895294e-01
5121  6.09061107e-01  4.09070477e-01
5122  5.74183461e-01  4.20327414e-01
5123  5.39028118e-01  4.30712300e-01
5124  5.03659514e-01  4.40356388e-01
5125  4.68083615e-01  4.49187720e-01
5126  4.32302179e-01  4.57157459e-01
5127  3.96360354e-01  4.64391772e-01
5128  3.60279086e-01  4.70874058e-01
5129  3.24058960e-01  4.76531074e-01
5130  2.87732777e-01  4.81459986e-01
5131  2.45822588e-01  4.86148609e-01
5132  2.23000538e-01  4.88288456e-01
5133  1.72114205e-01  4.92069781e-01
5134  1.35199472e-01  4.94096158e-01
5135  9.82403485e-02  4.95284748e-01
5136  6.12568751e-02  4.96033098e-01
5137  2.42726432e-02  4.96288675e-01
5138  -1.27087231e-02  4.95965827e-01
5139  -4.96914626e-02  4.95111589e-01
5140  -8.66657604e-02  4.93901474e-01
5141  -1.23615779e-01  4.92191476e-01
5142  -1.60545600e-01  4.90005876e-01
5143  -1.97458668e-01  4.87469525e-01
5144  -2.34342335e-01  4.84602019e-01
5145  -2.71184920e-01  4.81250269e-01
5146  -2.94509956e-01  4.78955207e-01
5147  -3.44785373e-01  4.73552977e-01
5148  -3.96367317e-01  4.67402773e-01
5149  -4.32310848e-01  4.62751062e-01
5150  -4.68225435e-01  4.57854158e-01
5151  -5.04101205e-01  4.52683392e-01
5152  -5.39942014e-01  4.47258129e-01
5153  -5.75755626e-01  4.41634866e-01
5154  -6.11536267e-01  4.35838551e-01
5155  -6.47258939e-01  4.29706120e-01
5156  -6.82948246e-01  4.23350159e-01
5157  -7.18605950e-01  4.16808334e-01
5158  -7.54234518e-01  4.10090017e-01
5159  -7.89845318e-01  4.03277912e-01
5160  -8.25418390e-01  3.96292228e-01
5161  -8.60949930e-01  3.89115363e-01
5162  -8.96431333e-01  3.81674468e-01
5163  -9.31898971e-01  3.74144736e-01
5164  -9.67334587e-01  3.66477545e-01
5165  -1.00273749e+00  3.58662295e-01
5166  -1.03811134e+00  3.50696385e-01
5167  -1.07347882e+00  3.42694191e-01
5168  -1.10881863e+00  3.34588332e-01
5169  -1.14412585e+00  3.26349616e-01
5170  -1.17940130e+00  3.17957915e-01
5171  -1.21467152e+00  3.09537193e-01
5172  -1.24991296e+00  3.01006935e-01
5173  -1.28513621e+00  2.92389050e-01
5174  -1.32034894e+00  2.83736721e-01
5175  -1.35552905e+00  2.74946740e-01
5176  -1.39071346e+00  2.66157356e-01
5177  -1.42588641e+00  2.57332724e-01
5178  -1.46104268e+00  2.48445950e-01
5179  -1.49618458e+00  2.39497431e-01
5180  -1.53131634e+00  2.30518405e-01
5181  -1.56641922e+00  2.21420197e-01
5182  -1.60152742e+00  2.12334427e-01
5183  -1.63661629e+00  2.03181196e-01
5184  -1.67170191e+00  1.93996806e-01
5185  -1.70679918e+00  1.84863518e-01
5186  -1.74187131e+00  1.75661256e-01
5187  -1.77691973e+00  1.66338131e-01
5188  -1.81200637e+00  1.57140693e-01
5189  -1.84708581e+00  1.47947651e-01
5190  -1.88214603e+00  1.38678261e-01
5191  -1.91721464e+00  1.29431278e-01
5192  -1.96788967e+00  1.16044252e-01
5193  -2.00268371e+00  1.06851754e-01
5194  -2.03748666e+00  9.76881035e-02
5195  -2.07229609e+00  8.85557724e-02
5196  -2.10709835e+00  7.94111310e-02
5197  -2.14187729e+00  7.02039268e-02
5198  -2.17660769e+00  6.08191100e-02
5199  -2.21131697e+00  5.13438111e-02
5200  -2.24599808e+00  4.17754086e-02
5201  -2.27968857e+00  3.25328853e-02
5202  -2.94529395e-01  4.42735526e-01
5203  -2.94549557e-01  4.05168246e-01
5204  -2.94569719e-01  3.67600966e-01
5205  -2.94589881e-01  3.30033686e-01
5206  -2.94610043e-01  2.92466406e-01
5207  -2.94630205e-01  2.54899126e-01
5208  -2.94650367e-01  2.17331846e-01
5209  -2.94670529e-01  1.79764566e-01
5210  -2.94690691e-01  1.42197287e-01
5211  -2.94710853e-01  1.04630007e-01
5212  -2.94731015e-01  6.70627266e-02
5213  -2.94751177e-01  2.94954466e-02
5214  -2.94771340e-01  -8.07183331e-03
5215  -2.94791502e-01  -4.56391130e-02
5216  -2.94811664e-01  -8.32063929e-02
5217  -2.94831826e-01  -1.20773673e-01
5218  -2.94851988e-01  -1.58340953e-01
5219  -2.94872150e-01  -1.95908232e-01
5220  -2.94892312e-01  -2.33475512e-01
5221  -2.94912474e-01  -2.71042792e-01
5222  -2.94932636e-01  -3.08610072e-01
5223  -2.94952798e-01  -3.46177352e-01
5224  -2.94972960e-01  -3.83744632e-01
5225  -2.94993122e-01  -4.21311912e-01
5226  -2.95013284e-01  -4.58879192e-01
5227  -2.95033446e-01  -4.96446471e-01
5228  2.22998020e-01  4.55496007e-01
5229  2.22995204e-01  4.18807590e-01
5230  2.22992388e-01  3.82119174e-01
5231  2.22989572e-01  3.45430757e-01
5232  2.22986756e-01  3.08742341e-01
5233  2.22983940e-01  2.72053925e-01
5234  2.22981124e-01  2.35365508e-01
5235  2.22978308e-01  1.98677092e-01
5236  2.22975492e-01  1.61988676e-01
5237  2.22972676e-01  1.25300259e-01
5238  2.22969860e-01  8.86118432e-02
5239  2.22967044e-01  5.19234268e-02
5240  2.22964228e-01  1.52350105e-02
5241  2.22961412e-01  -2.14534060e-02
5242  2.22958595e-01  -5.81418223e-02
5243  2.22955779e-01  -9.48302386e-02
5244  2.22952963e-01  -1.31518655e-01
5245  2.22950147e-01  -1.68207072e-01
5246  2.22947331e-01  -2.04895488e-01
5247  2.22944515e-01  -2.41583904e-01
5248  2.22941699e-01  -2.78272321e-01
5249  2.22938883e-01  -3.14960737e-01
5250  2.22936067e-01  -3.51649153e-01
5251  2.22933251e-01  -3.88337570e-01
5252  2.22930435e-01  -4.25025986e-01
5253  2.22927619e-01  -4.61714402e-01
5254  2.22924803e-01  -4.98402819e-01
5255  2.22921986e-01  -5.35091235e-01
10247  2.36736779e-01  -9.48312963e-02
10249  2.36731147e-01  -1.68208130e-01
10251  2.36725515e-01  -2.41584962e-01
7507  -2.30713073e+00  -1.82434595e-02
7508  -2.27913171e+00  -1.14484107e-02
7509  -2.24074422e+00  -4.04815559e-03
7510  -2.20205615e+00  1.50286012e-03
7511  -2.16315771e+00  5.44082283e-03
7512  -2.12411785e+00  7.28673812e-03
7513  -2.08508909e+00  7.76257510e-03
7514  -2.04606707e+00  7.03132891e-03
7515  -2.00710335e+00  5.03805405e-03
7516  -1.96819107e+00  2.07849290e-03
7517  -1.91153069e+00  2.64848132e-02
7518  -1.87372759e+00  2.11075840e-02
7519  -1.83611129e+00  1.48968433e-02
7520  -1.79870543e+00  7.74384945e-03
7521  -1.76160311e+00  -1.19807954e-04
7522  -1.72464548e+00  -8.58738296e-03
7523  -1.68785775e+00  -1.77632681e-02
7524  -1.65123158e+00  -2.75373199e-02
7525  -1.61481724e+00  -3.79929993e-02
7526  -1.57871791e+00  -4.89490232e-02
7527  -1.54278351e+00  -6.02363965e-02
7528  -1.50694251e+00  -7.19532162e-02
7529  -1.47132919e+00  -8.40753644e-02
7530  -1.43586506e+00  -9.64063730e-02
7531  -1.40047718e+00  -1.09027269e-01
7532  -1.36520789e+00  -1.21921450e-01
7533  -1.33007699e+00  -1.35040368e-01
7534  -1.29505926e+00  -1.48314869e-01
7535  -1.26009330e+00  -1.61728605e-01
7536  -1.22519053e+00  -1.75319378e-01
7537  -1.19041649e+00  -1.89030074e-01
7538  -1.15572462e+00  -2.02735230e-01
7539  -1.12103561e+00  -2.16429246e-01
7540  -1.08629993e+00  -2.30153040e-01
7541  -1.05159991e+00  -2.43977480e-01
7542  -1.01696311e+00  -2.57797266e-01
7543  -9.82370049e-01  -2.71575556e-01
7544  -9.47749790e-01  -2.85256785e-01
7545  -9.13106081e-01  -2.98899179e-01
7546  -8.78472559e-01  -3.12447320e-01
7547  -8.43805518e-01  -3.25860421e-01
7548  -8.09124293e-01  -3.39148666e-01
7549  -7.74403476e-01  -3.52232658e-01
7550  -7.39630787e-01  -3.65126299e-01
7551  -7.04791607e-01  -3.77785201e-01
7552  -6.69872363e-01  -3.90222479e-01
7553  -6.34880520e-01  -4.02428484e-01
7554  -5.99855673e-01  -4.14378662e-01
7555  -5.64765653e-01  -4.25978245e-01
7556  -5.29569464e-01  -4.37236332e-01
7557  -4.94290761e-01  -4.48142302e-01
7558  -4.58935399e-01  -4.58639450e-01
7559  -4.23453747e-01  -4.68696763e-01
7560  -3.87899515e-01  -4.78343203e-01
7561  -3.35747954e-01  -4.87481517e-01
7562  -2.82535353e-01  -5.00003806e-01
7563  -2.64311073e-01  -5.03911036e-01
7564  -2.28572816e-01  -5.11200316e-01
7565  -1.92680874e-01  -5.17626085e-01
7566  -1.56561245e-01  -5.23433352e-01
7567  -1.20478026e-01  -5.28578868e-01
7568  -8.44369853e-02  -5.32812203e-01
7569  -4.82548048e-02  -5.36106394e-01
7570  -1.19571990e-02  -5.38591040e-01
7571  2.43272548e-02  -5.40224073e-01
7572  6.05453352e-02  -5.40927351e-01
7573  9.67102334e-02  -5.40605144e-01
7574  1.32749403e-01  -5.39250128e-01
7575  1.68680637e-01  -5.36686864e-01
7576  2.35422421e-01  -5.29421374e-01
7577  2.40453098e-01  -5.28327264e-01
7578  2.82769800e-01  -5.25596244e-01
7579  3.18824910e-01  -5.18596336e-01
7580  3.54664625e-01  -5.10509212e-01
7581  3.90312865e-01  -5.01310684e-01
7582  4.25806281e-01  -4.91161797e-01
7583  4.61067234e-01  -4.80123398e-01
7584  4.96056389e-01  -4.68234012e-01
7585  5.30643145e-01  -4.55525719e-01
7586  5.64832487e-01  -4.41773699e-01
7587  5.98811691e-01  -4.27133505e-01
7588  6.32393547e-01  -4.11790328e-01
7589  6.65419355e-01  -3.95533473e-01
7590  6.98019362e-01  -3.78330565e-01
7591  7.30160290e-01  -3.60289105e-01
7592  7.61645284e-01  -3.41431217e-01
7593  8.14988466e-01  -3.43364052e-01
7594  8.46210712e-01  -3.21895951e-01
7595  8.76559553e-01  -2.99229020e-01
7596  9.06145398e-01  -2.75581063e-01
7597  9.34741533e-01  -2.50782383e-01
7598  9.62213476e-01  -2.24745540e-01
7599  9.88581235e-01  -1.97649634e-01
7600  1.01313724e+00  -1.68989991e-01
7601  1.03556225e+00  -1.38698802e-01
7602  1.05529546e+00  -1.06742577e-01
7603  1.07085613e+00  -7.27249199e-02
7604  1.08125269e+00  -3.68805792e-02
7605  1.08555604e+00  1.81672459e-05
7606  1.08169581e+00  3.55655066e-02
7607  1.07213632e+00  7.01395078e-02
7608  1.05693496e+00  1.02691626e-01
7609  1.03747704e+00  1.33119839e-01
7610  1.01519721e+00  1.61695295e-01
7611  9.90662217e-01  1.88446071e-01
7612  9.64319062e-01  2.13492868e-01
7613  9.36595851e-01  2.37061283e-01
7614  9.07647085e-01  2.59135318e-01
7615  8.77660267e-01  2.79837875e-01
7616  8.46893747e-01  2.99375604e-01
7617  8.15304948e-01  3.17559257e-01
7618  7.63636715e-01  3.10138482e-01
7619  7.31555823e-01  3.25627152e-01
7620  6.98939077e-01  3.40256372e-01
7621  6.65978778e-01  3.53969699e-01
7622  6.32563631e-01  3.66670216e-01
7623  5.98770694e-01  3.78572766e-01
7624  5.64680258e-01  3.89575306e-01
7625  5.30234656e-01  3.99749775e-01
7626  4.95547942e-01  4.09208268e-01
7627  4.60706875e-01  4.17857437e-01
7628  4.25627390e-01  4.25670157e-01
7629  3.90338692e-01  4.32773067e-01
7630  3.54949526e-01  4.39131362e-01
7631  3.19411469e-01  4.44681367e-01
7632  2.83779441e-01  4.49516691e-01
7633  2.42611854e-01  4.54122149e-01
7634  2.35497668e-01  4.50916718e-01
7635  1.69818631e-01  4.55891537e-01
7636  1.33623263e-01  4.57879441e-01
7637  9.72909776e-02  4.59046181e-01
7638  6.07649402e-02  4.59785436e-01
7639  2.43056270e-02  4.60037690e-01
7640  -1.21319476e-02  4.59719416e-01
7641  -4.86799948e-02  4.58874702e-01
7642  -8.52348841e-02  4.57678725e-01
7643  -1.21706989e-01  4.55990764e-01
7644  -1.58232249e-01  4.53828765e-01
7645  -1.94811207e-01  4.51315328e-01
7646  -2.31295163e-01  4.48479315e-01
7647  -2.67727338e-01  4.45164536e-01
7648  -2.82028816e-01  4.43811806e-01
7649  -3.41143912e-01  4.41572628e-01
7650  -3.92396366e-01  4.35461663e-01
7651  -4.28071071e-01  4.30844523e-01
7652  -4.63755364e-01  4.25979067e-01
7653  -4.99396699e-01  4.20842057e-01
7654  -5.35037015e-01  4.15447063e-01
7655  -5.70685740e-01  4.09849661e-01
7656  -6.06239771e-01  4.04090321e-01
7657  -6.41714300e-01  3.98000286e-01
7658  -6.77222438e-01  3.91676541e-01
7659  -7.12719739e-01  3.85164132e-01
7660  -7.48228639e-01  3.78468309e-01
7661  -7.83720404e-01  3.71679045e-01
7662  -8.19130912e-01  3.64725305e-01
7663  -8.54460425e-01  3.57589354e-01
7664  -8.89786037e-01  3.50180929e-01
7665  -9.25153425e-01  3.42672517e-01
7666  -9.60462038e-01  3.35032815e-01
7667  -9.95732744e-01  3.27246749e-01
7668  -1.03102424e+00  3.19299318e-01
7669  -1.06632937e+00  3.11311260e-01
7670  -1.10156362e+00  3.03229635e-01
7671  -1.13674420e+00  2.95020487e-01
7672  -1.17193948e+00  2.86647785e-01
7673  -1.20714811e+00  2.78241804e-01
7674  -1.24230213e+00  2.69732693e-01
7675  -1.27747131e+00  2.61128016e-01
7676  -1.31260758e+00  2.52494531e-01
7677  -1.34772748e+00  2.43719534e-01
7678  -1.38289666e+00  2.34933958e-01
7679  -1.41802600e+00  2.26120275e-01
7680  -1.45312732e+00  2.17247392e-01
7681  -1.48822816e+00  2.08309318e-01
7682  -1.52329342e+00  1.99347333e-01
7683  -1.55834936e+00  1.90261244e-01
7684  -1.59343316e+00  1.81181802e-01
7685  -1.62847861e+00  1.72039887e-01
7686  -1.66357342e+00  1.62853095e-01
7687  -1.69866180e+00  1.53722130e-01
7688  -1.73364981e+00  1.44541972e-01
7689  -1.76870181e+00  1.35217901e-01
7690  -1.80384582e+00  1.26005368e-01
7691  -1.83889251e+00  1.16820928e-01
7692  -1.87392917e+00  1.07557751e-01
7693  -1.90900084e+00  9.83099591e-02
7694  -1.96749044e+00  1.14533098e-01
7695  -2.00228510e+00  1.05340437e-01
7696  -2.03708935e+00  9.61764428e-02
7697  -2.07189917e+00  8.70440113e-02
7698  -2.10669975e+00  7.78998130e-02
7699  -2.14147343e+00  6.86940060e-02
7700  -2.17619801e+00  5.93107550e-02
7701  -2.21090331e+00  4.98365436e-02
7702  -2.24557907e+00  4.02696182e-02
7703  -2.27873133e+00  3.12973057e-02
7704  -2.82029397e-01  4.42728817e-01
7705  -2.82049559e-01  4.05161537e-01
7706  -2.82069721e-01  3.67594257e-01
7707  -2.82089883e-01  3.30026977e-01
7708  -2.82110045e-01  2.92459697e-01
7709  -2.82130207e-01  2.54892417e-01
7710  -2.82150369e-01  2.17325137e-01
7711  -2.82170531e-01  1.79757857e-01
7712  -2.82190693e-01  1.42190578e-01
7713  -2.82210855e-01  1.04623298e-01
7714  -2.82231017e-01  6.70560179e-02
7715  -2.82251179e-01  2.94887378e-02
7716  -2.82271342e-01  -8.07854211e-03
7717  -2.82291504e-01  -4.56458217e-02
7718  -2.82311666e-01  -8.32131016e-02
7719  -2.82331828e-01  -1.20780382e-01
7720  -2.82351990e-01  -1.58347662e-01
7721  -2.82372152e-01  -1.95914941e-01
7722  -2.82392314e-01  -2.33482221e-01
7723  -2.82412476e-01  -2.71049501e-01
7724  -2.82432638e-01  -3.08616781e-01
7725  -2.82452800e-01  -3.46184061e-01
7726  -2.82472962e-01  -3.83751341e-01
7727  -2.82493124e-01  -4.21318621e-01
7728  -2.82513286e-01  -4.58885901e-01
7729  -2.82533448e-01  -4.96453180e-01
7730  2.35498020e-01  4.55495047e-01
7731  2.35495204e-01  4.18806631e-01
7732  2.35492388e-01  3.82118215e-01
7733  2.35489572e-01  3.45429798e-01
7734  2.35486756e-01  3.08741382e-01
7735  2.35483940e-01  2.72052966e-01
7736  2.35481124e-01  2.35364549e-01
7737  2.35478308e-01  1.98676133e-01
7738  2.35475492e-01  1.61987717e-01
7739  2.35472676e-01  1.25299300e-01
7740  2.35469860e-01  8.86108838e-02
7741  2.35467044e-01  5.19224674e-02
7742  2.35464228e-01  1.52340511e-02
7743  2.35461412e-01  -2.14543656e-02
7744  2.35458595e-01  -5.81427819e-02
7745  2.35455779e-01  -9.48311980e-02
7746  2.35452963e-01  -1.31519614e-01
7747  2.35450147e-01  -1.68208031e-01
7748  2.35447331e-01  -2.04896447e-01
7749  2.35444515e-01  -2.41584863e-01
7750  2.35441699e-01  -2.78273280e-01
7751  2.35438883e-01  -3.14961696e-01
7752  2.35436067e-01  -3.51650112e-01
7753  2.35433251e-01  -3.88338529e-01
7754  2.35430435e-01  -4.25026945e-01
7755  2.35427619e-01  -4.61715361e-01
7756  2.35424803e-01  -4.98403779e-01
7757  2.35421986e-01  -5.35092195e-01
10009  -2.30247355e+00  -1.47657661e-02
10010  -2.27961676e+00  -9.21958030e-03
10011  -2.24112219e+00  -1.79868902e-03
10012  -2.20233308e+00  3.76698774e-03
10013  -2.16332651e+00  7.71556901e-03
10014  -2.12418560e+00  9.56673176e-03
10015  -2.08508162e+00  1.00435629e-02
10016  -2.04598741e+00  9.31093774e-03
10017  -2.00695858e+00  7.31445540e-03
10018  -1.96797634e+00  4.34936338e-03
10019  -1.91124179e+00  2.87474448e-02
10020  -1.87338114e+00  2.33621208e-02
10021  -1.83571125e+00  1.71424887e-02
10022  -1.79825468e+00  9.97986872e-03
10023  -1.76111191e+00  2.10767638e-03
10024  -1.72411473e+00  -6.36898978e-03
10025  -1.68728765e+00  -1.55546606e-02
10026  -1.65062273e+00  -2.53390790e-02
10027  -1.61417121e+00  -3.58053952e-02
10028  -1.57804489e+00  -4.67695718e-02
10029  -1.54208734e+00  -5.80642297e-02
10030  -1.50622060e+00  -6.97894681e-02
10031  -1.47058711e+00  -8.19184485e-02
10032  -1.43510738e+00  -9.42548895e-02
10033  -1.39970245e+00  -1.06881867e-01
10034  -1.36441728e+00  -1.19781845e-01
10035  -1.32927373e+00  -1.32905483e-01
10036  -1.29424650e+00  -1.46183584e-01
10037  -1.25927097e+00  -1.59600992e-01
10038  -1.22435836e+00  -1.73195596e-01
10039  -1.18957911e+00  -1.86908340e-01
10040  -1.15488680e+00  -2.00613671e-01
10041  -1.12019775e+00  -2.14307700e-01
10042  -1.08545875e+00  -2.28032813e-01
10043  -1.05075515e+00  -2.41858673e-01
10044  -1.01611844e+00  -2.55678421e-01
10045  -9.81528874e-01  -2.69455324e-01
10046  -9.46912744e-01  -2.83134919e-01
10047  -9.12272709e-01  -2.96775867e-01
10048  -8.77645527e-01  -3.10321531e-01
10049  -8.42985916e-01  -3.23731756e-01
10050  -8.08314061e-01  -3.37016418e-01
10051  -7.73604789e-01  -3.50096058e-01
10052  -7.38844781e-01  -3.62985002e-01
10053  -7.04019447e-01  -3.75638871e-01
10054  -6.69114057e-01  -3.88071216e-01
10055  -6.34136603e-01  -4.00272203e-01
10056  -5.99129428e-01  -4.12216365e-01
10057  -5.64060220e-01  -4.23809069e-01
10058  -5.28885152e-01  -4.35060401e-01
10059  -4.93629302e-01  -4.45959315e-01
10060  -4.58299751e-01  -4.56448808e-01
10061  -4.22844083e-01  -4.66498748e-01
10062  -3.87318387e-01  -4.76137471e-01
10063  -3.35201428e-01  -4.85266958e-01
10064  -2.81253255e-01  -4.97958121e-01
10065  -2.63835960e-01  -5.01680066e-01
10066  -2.28143871e-01  -5.08960011e-01
10067  -1.92298788e-01  -5.15377314e-01
10068  -1.56219225e-01  -5.21178140e-01
10069  -1.20184004e-01  -5.26316897e-01
10070  -8.42004936e-02  -5.30543495e-01
10071  -4.80734769e-02  -5.33832612e-01
10072  -1.18280476e-02  -5.36313699e-01
10073  2.44006415e-02  -5.37944254e-01
10074  6.05572913e-02  -5.38646383e-01
10075  9.66571662e-02  -5.38324761e-01
10076  1.32625361e-01  -5.36972503e-01
10077  1.68483403e-01  -5.34414407e-01
10078  2.36703609e-01  -5.26975733e-01
10079  2.40123097e-01  -5.26070262e-01
10080  2.82370213e-01  -5.23350516e-01
10081  3.18356460e-01  -5.16363957e-01
10082  3.54128598e-01  -5.08292088e-01
10083  3.89714354e-01  -4.99109605e-01
10084  4.25151970e-01  -4.88976657e-01
10085  4.60359519e-01  -4.77954965e-01
10086  4.95296007e-01  -4.66083482e-01
10087  5.29824101e-01  -4.53396840e-01
10088  5.63955584e-01  -4.39667992e-01
10089  5.97886365e-01  -4.25048624e-01
10090  6.31415760e-01  -4.09729529e-01
10091  6.64383307e-01  -3.93501340e-01
10092  6.96928742e-01  -3.76327191e-01
10093  7.29015833e-01  -3.58315991e-01
10094  7.60439060e-01  -3.39495245e-01
10095  8.13722189e-01  -3.41466816e-01
10096  8.44881796e-01  -3.20042052e-01
10097  8.75164806e-01  -2.97424126e-01
10098  9.04685797e-01  -2.73828201e-01
10099  9.33209402e-01  -2.49092550e-01
10100  9.60611218e-01  -2.23122047e-01
10101  9.86896916e-01  -1.96111442e-01
10102  1.01135336e+00  -1.67568462e-01
10103  1.03367345e+00  -1.37419981e-01
10104  1.05328393e+00  -1.05667068e-01
10105  1.06871781e+00  -7.19308500e-02
10106  1.07901670e+00  -3.64296614e-02
10107  1.08327506e+00  2.77067229e-05
10108  1.07944790e+00  3.51359993e-02
10109  1.06999633e+00  6.93499626e-02
10110  1.05493623e+00  1.01592517e-01
10111  1.03561464e+00  1.31802865e-01
10112  1.01345583e+00  1.60222008e-01
10113  9.89034850e-01  1.86847747e-01
10114  9.62793877e-01  2.11796763e-01
10115  9.35165079e-01  2.35284810e-01
10116  9.06307181e-01  2.57289344e-01
10117  8.76400669e-01  2.77936198e-01
10118  8.45713095e-01  2.97423932e-01
10119  8.14204852e-01  3.15561070e-01
10120  7.62609738e-01  3.08101749e-01
10121  7.30593068e-01  3.23559287e-01
10122  6.98034169e-01  3.38162547e-01
10123  6.65135349e-01  3.51850362e-01
10124  6.31779443e-01  3.64528252e-01
10125  5.98041442e-01  3.76411481e-01
10126  5.64006793e-01  3.87395993e-01
10127  5.29611488e-01  3.97555550e-01
10128  4.94973098e-01  4.07000890e-01
10129  4.60184107e-01  4.15637150e-01
10130  4.25154366e-01  4.23438743e-01
10131  3.89911954e-01  4.30532340e-01
10132  3.54571835e-01  4.36881849e-01
10133  3.19082114e-01  4.42424270e-01
10134  2.83499279e-01  4.47252962e-01
10135  2.42384318e-01  4.51852526e-01
10136  2.36778485e-01  4.48525476e-01
10137  1.69674188e-01  4.53615115e-01
10138  1.33524084e-01  4.55600599e-01
10139  9.72312410e-02  4.56765964e-01
10140  6.07339864e-02  4.57504646e-01
10141  2.43077024e-02  4.57756691e-01
10142  -1.20956555e-02  4.57438704e-01
10143  -4.86163508e-02  4.56594590e-01
10144  -8.51448500e-02  4.55399502e-01
10145  -1.21586883e-01  4.53712929e-01
10146  -1.58086688e-01  4.51552414e-01
10147  -1.94644622e-01  4.49040419e-01
10148  -2.31103428e-01  4.46206388e-01
10149  -2.67509778e-01  4.42893935e-01
10150  -2.80748974e-01  4.41652214e-01
10151  -3.40885853e-01  4.39306272e-01
10152  -3.92114957e-01  4.33198088e-01
10153  -4.27770610e-01  4.28583398e-01
10154  -4.63438583e-01  4.23720171e-01
10155  -4.99063304e-01  4.18585554e-01
10156  -5.34689412e-01  4.13192704e-01
10157  -5.70326452e-01  4.07597135e-01
10158  -6.05864423e-01  4.01840416e-01
10159  -6.41321367e-01  3.95753385e-01
10160  -6.76816667e-01  3.89431922e-01
10161  -7.12302600e-01  3.82921599e-01
10162  -7.47803020e-01  3.76227370e-01
10163  -7.83286349e-01  3.69439725e-01
10164  -8.18685336e-01  3.62488248e-01
10165  -8.54000532e-01  3.55355196e-01
10166  -8.89315104e-01  3.47949072e-01
10167  -9.24675387e-01  3.40442171e-01
10168  -9.59975000e-01  3.32804418e-01
10169  -9.95236337e-01  3.25020420e-01
10170  -1.03052199e+00  3.17074298e-01
10171  -1.06582271e+00  3.09087242e-01
10172  -1.10104948e+00  3.01007335e-01
10173  -1.13622109e+00  2.92800282e-01
10174  -1.17141068e+00  2.84428926e-01
10175  -1.20661495e+00  2.76023990e-01
10176  -1.24176277e+00  2.67516377e-01
10177  -1.27692812e+00  2.58912636e-01
10178  -1.31205898e+00  2.50280487e-01
10179  -1.34717460e+00  2.41506552e-01
10180  -1.38234270e+00  2.32721245e-01
10181  -1.41746896e+00  2.23908338e-01
10182  -1.45256638e+00  2.15036440e-01
10183  -1.48766431e+00  2.06099106e-01
10184  -1.52272486e+00  1.97138328e-01
10185  -1.55777747e+00  1.88053099e-01
10186  -1.59285955e+00  1.78974106e-01
10187  -1.62790192e+00  1.69832992e-01
10188  -1.66299738e+00  1.60646030e-01
10189  -1.69808513e+00  1.51515229e-01
10190  -1.73306717e+00  1.42336638e-01
10191  -1.76811943e+00  1.33012500e-01
10192  -1.80326751e+00  1.23798897e-01
10193  -1.83831188e+00  1.14615067e-01
10194  -1.87334686e+00  1.05352330e-01
10195  -1.90841875e+00  9.61044809e-02
10196  -1.96690783e+00  1.12327759e-01
10197  -2.00170338e+00  1.03134861e-01
10198  -2.03650954e+00  9.39703660e-02
10199  -2.07131991e+00  8.48377878e-02
10200  -2.10611803e+00  7.56942363e-02
10201  -2.14088403e+00  6.64904683e-02
10202  -2.17560014e+00  5.71095023e-02
10203  -2.21029963e+00  4.76368782e-02
10204  -2.24496759e+00  3.80721083e-02
10205  -2.27733435e+00  2.94941340e-02
10206  -2.80748397e-01  4.42728130e-01
10207  -2.80768559e-01  4.05160850e-01
10208  -2.80788721e-01  3.67593570e-01
10209  -2.80808883e-01  3.30026290e-01
10210  -2.80829045e-01  2.92459010e-01
10211  -2.80849207e-01  2.54891730e-01
10212  -2.80869369e-01  2.17324450e-01
10213  -2.80889531e-01  1.79757170e-01
10214  -2.80909693e-01  1.42189891e-01
10215  -2.80929855e-01  1.04622611e-01
10216  -2.80950017e-01  6.70553304e-02
10217  -2.80970179e-01  2.94880503e-02
10218  -2.80990342e-01  -8.07922963e-03
10219  -2.81010504e-01  -4.56465092e-02
10220  -2.81030666e-01  -8.32137891e-02
10221  -2.81050828e-01  -1.20781069e-01
10222  -2.81070990e-01  -1.58348349e-01
10223  -2.81091152e-01  -1.95915628e-01
10224  -2.81111314e-01  -2.33482908e-01
10225  -2.81131476e-01  -2.71050188e-01
10226  -2.81151638e-01  -3.08617468e-01
10227  -2.81171800e-01  -3.46184748e-01
10228  -2.81191962e-01  -3.83752028e-01
10229  -2.81212124e-01  -4.21319308e-01
10230  -2.81232286e-01  -4.58886588e-01
10231  -2.81252448e-01  -4.96453867e-01
10232  2.36779020e-01  4.55494949e-01
10233  2.36776204e-01  4.18806532e-01
10234  2.36773388e-01  3.82118116e-01
10235  2.36770572e-01  3.45429699e-01
10236  2.36767756e-01  3.08741283e-01
10237  2.36764940e-01  2.72052867e-01
10238  2.36762124e-01  2.35364450e-01
10239  2.36759308e-01  1.98676034e-01
