1  2528  2527  1  2  0  0  0  0
266  5054  5053  2527  2528  0  0  0  0
531  7580  7579  5053  5054  0  0  0  0
796  10106  10105  7579  7580  0  0  0  0
2  2529  2528  2  3  0  0  0  0
267  5055  5054  2528  2529  0  0  0  0
532  7581  7580  5054  5055  0  0  0  0
797  10107  10106  7580  7581  0  0  0  0
3  2530  2529  3  4  0  0  0  0
268  5056  5055  2529  2530  0  0  0  0
533  7582  7581  5055  5056  0  0  0  0
798  10108  10107  7581  7582  0  0  0  0
4  2531  2530  4  5  0  0  0  0
269  5057  5056  2530  2531  0  0  0  0
534  7583  7582  5056  5057  0  0  0  0
799  10109  10108  7582  7583  0  0  0  0
5  2532  2531  5  6  0  0  0  0
270  5058  5057  2531  2532  0  0  0  0
535  7584  7583  5057  5058  0  0  0  0
800  10110  10109  7583  7584  0  0  0  0
6  2533  2532  6  7  0  0  0  0
271  5059  5058  2532  2533  0  0  0  0
536  7585  7584  5058  5059  0  0  0  0
801  10111  10110  7584  7585  0  0  0  0
7  2534  2533  7  8  0  0  0  0
272  5060  5059  2533  2534  0  0  0  0
537  7586  7585  5059  5060  0  0  0  0
802  10112  10111  7585  7586  0  0  0  0
8  2535  2534  8  9  0  0  0  0
273  5061  5060  2534  2535  0  0  0  0
538  7587  7586  5060  5061  0  0  0  0
803  10113  10112  7586  7587  0  0  0  0
9  2536  2535  9  10  0  0  0  0
274  5062  5061  2535  2536  0  0  0  0
539  7588  7587  5061  5062  0  0  0  0
804  10114  10113  7587  7588  0  0  0  0
10  2537  2536  10  11  0  0  0  0
275  5063  5062  2536  2537  0  0  0  0
540  7589  7588  5062  5063  0  0  0  0
805  10115  10114  7588  7589  0  0  0  0
11  2538  2537  11  12  0  0  0  0
276  5064  5063  2537  2538  0  0  0  0
541  7590  7589  5063  5064  0  0  0  0
806  10116  10115  7589  7590  0  0  0  0
12  2539  2538  12  13  0  0  0  0
277  5065  5064  2538  2539  0  0  0  0
542  7591  7590  5064  5065  0  0  0  0
807  10117  10116  7590  7591  0  0  0  0
13  2540  2539  13  14  0  0  0  0
278  5066  5065  2539  2540  0  0  0  0
543  7592  7591  5065  5066  0  0  0  0
808  10118  10117  7591  7592  0  0  0  0
14  2541  2540  14  15  0  0  0  0
279  5067  5066  2540  2541  0  0  0  0
544  7593  7592  5066  5067  0  0  0  0
809  10119  10118  7592  7593  0  0  0  0
15  2542  2541  15  16  0  0  0  0
280  5068  5067  2541  2542  0  0  0  0
545  7594  7593  5067  5068  0  0  0  0
810  10120  10119  7593  7594  0  0  0  0
16  2543  2542  16  17  0  0  0  0
281  5069  5068  2542  2543  0  0  0  0
546  7595  7594  5068  5069  0  0  0  0
811  10121  10120  7594  7595  0  0  0  0
17  2544  2543  17  18  0  0  0  0
282  5070  5069  2543  2544  0  0  0  0
547  7596  7595  5069  5070  0  0  0  0
812  10122  10121  7595  7596  0  0  0  0
18  2545  2544  18  19  0  0  0  0
283  5071  5070  2544  2545  0  0  0  0
548  7597  7596  5070  5071  0  0  0  0
813  10123  10122  7596  7597  0  0  0  0
19  2546  2545  19  20  0  0  0  0
284  5072  5071  2545  2546  0  0  0  0
549  7598  7597  5071  5072  0  0  0  0
814  10124  10123  7597  7598  0  0  0  0
20  2547  2546  20  21  0  0  0  0
285  5073  5072  2546  2547  0  0  0  0
550  7599  7598  5072  5073  0  0  0  0
815  10125  10124  7598  7599  0  0  0  0
21  2548  2547  21  22  0  0  0  0
286  5074  5073  2547  2548  0  0  0  0
551  7600  7599  5073  5074  0  0  0  0
816  10126  10125  7599  7600  0  0  0  0
22  2549  2548  22  23  0  0  0  0
287  5075  5074  2548  2549  0  0  0  0
552  7601  7600  5074  5075  0  0  0  0
817  10127  10126  7600  7601  0  0  0  0
23  2550  2549  23  24  0  0  0  0
288  5076  5075  2549  2550  0  0  0  0
553  7602  7601  5075  5076  0  0  0  0
818  10128  10127  7601  7602  0  0  0  0
24  2551  2550  24  25  0  0  0  0
289  5077  5076  2550  2551  0  0  0  0
554  7603  7602  5076  5077  0  0  0  0
819  10129  10128  7602  7603  0  0  0  0
25  2552  2551  25  26  0  0  0  0
290  5078  5077  2551  2552  0  0  0  0
555  7604  7603  5077  5078  0  0  0  0
820  10130  10129  7603  7604  0  0  0  0
26  2553  2552  26  27  0  0  0  0
291  5079  5078  2552  2553  0  0  0  0
556  7605  7604  5078  5079  0  0  0  0
821  10131  10130  7604  7605  0  0  0  0
27  2554  2553  27  28  0  0  0  0
292  5080  5079  2553  2554  0  0  0  0
557  7606  7605  5079  5080  0  0  0  0
822  10132  10131  7605  7606  0  0  0  0
28  2555  2554  28  29  0  0  0  0
293  5081  5080  2554  2555  0  0  0  0
558  7607  7606  5080  5081  0  0  0  0
823  10133  10132  7606  7607  0  0  0  0
29  2556  2555  29  30  0  0  0  0
294  5082  5081  2555  2556  0  0  0  0
559  7608  7607  5081  5082  0  0  0  0
824  10134  10133  7607  7608  0  0  0  0
30  2557  2556  30  31  0  0  0  0
295  5083  5082  2556  2557  0  0  0  0
560  7609  7608  5082  5083  0  0  0  0
825  10135  10134  7608  7609  0  0  0  0
31  2558  2557  31  32  0  0  0  0
296  5084  5083  2557  2558  0  0  0  0
561  7610  7609  5083  5084  0  0  0  0
826  10136  10135  7609  7610  0  0  0  0
32  2559  2558  32  33  0  0  0  0
297  5085  5084  2558  2559  0  0  0  0
562  7611  7610  5084  5085  0  0  0  0
827  10137  10136  7610  7611  0  0  0  0
33  2560  2559  33  34  0  0  0  0
298  5086  5085  2559  2560  0  0  0  0
563  7612  7611  5085  5086  0  0  0  0
828  10138  10137  7611  7612  0  0  0  0
34  2561  2560  34  35  0  0  0  0
299  5087  5086  2560  2561  0  0  0  0
564  7613  7612  5086  5087  0  0  0  0
829  10139  10138  7612  7613  0  0  0  0
35  2562  2561  35  36  0  0  0  0
300  5088  5087  2561  2562  0  0  0  0
565  7614  7613  5087  5088  0  0  0  0
830  10140  10139  7613  7614  0  0  0  0
36  2563  2562  36  37  0  0  0  0
301  5089  5088  2562  2563  0  0  0  0
566  7615  7614  5088  5089  0  0  0  0
831  10141  10140  7614  7615  0  0  0  0
37  2564  2563  37  38  0  0  0  0
302  5090  5089  2563  2564  0  0  0  0
567  7616  7615  5089  5090  0  0  0  0
832  10142  10141  7615  7616  0  0  0  0
38  2565  2564  38  39  0  0  0  0
303  5091  5090  2564  2565  0  0  0  0
568  7617  7616  5090  5091  0  0  0  0
833  10143  10142  7616  7617  0  0  0  0
39  2566  2565  39  40  0  0  0  0
304  5092  5091  2565  2566  0  0  0  0
569  7618  7617  5091  5092  0  0  0  0
834  10144  10143  7617  7618  0  0  0  0
40  2567  2566  40  41  0  0  0  0
305  5093  5092  2566  2567  0  0  0  0
570  7619  7618  5092  5093  0  0  0  0
835  10145  10144  7618  7619  0  0  0  0
41  2568  2567  41  42  0  0  0  0
306  5094  5093  2567  2568  0  0  0  0
571  7620  7619  5093  5094  0  0  0  0
836  10146  10145  7619  7620  0  0  0  0
42  2569  2568  42  43  0  0  0  0
307  5095  5094  2568  2569  0  0  0  0
572  7621  7620  5094  5095  0  0  0  0
837  10147  10146  7620  7621  0  0  0  0
43  2570  2569  43  44  0  0  0  0
308  5096  5095  2569  2570  0  0  0  0
573  7622  7621  5095  5096  0  0  0  0
838  10148  10147  7621  7622  0  0  0  0
44  2571  2570  44  45  0  0  0  0
309  5097  5096  2570  2571  0  0  0  0
574  7623  7622  5096  5097  0  0  0  0
839  10149  10148  7622  7623  0  0  0  0
45  2572  2571  45  46  0  0  0  0
310  5098  5097  2571  2572  0  0  0  0
575  7624  7623  5097  5098  0  0  0  0
840  10150  10149  7623  7624  0  0  0  0
46  2573  2572  46  47  0  0  0  0
311  5099  5098  2572  2573  0  0  0  0
576  7625  7624  5098  5099  0  0  0  0
841  10151  10150  7624  7625  0  0  0  0
47  2574  2573  47  48  0  0  0  0
312  5100  5099  2573  2574  0  0  0  0
577  7626  7625  5099  5100  0  0  0  0
842  10152  10151  7625  7626  0  0  0  0
48  2575  2574  48  49  0  0  0  0
313  5101  5100  2574  2575  0  0  0  0
578  7627  7626  5100  5101  0  0  0  0
843  10153  10152  7626  7627  0  0  0  0
49  2576  2575  49  50  0  0  0  0
314  5102  5101  2575  2576  0  0  0  0
579  7628  7627  5101  5102  0  0  0  0
844  10154  10153  7627  7628  0  0  0  0
50  2577  2576  50  51  0  0  0  0
315  5103  5102  2576  2577  0  0  0  0
580  7629  7628  5102  5103  0  0  0  0
845  10155  10154  7628  7629  0  0  0  0
51  2578  2577  51  52  0  0  0  0
316  5104  5103  2577  2578  0  0  0  0
581  7630  7629  5103  5104  0  0  0  0
846  10156  10155  7629  7630  0  0  0  0
52  2579  2578  52  53  0  0  0  0
317  5105  5104  2578  2579  0  0  0  0
582  7631  7630  5104  5105  0  0  0  0
847  10157  10156  7630  7631  0  0  0  0
53  2580  2579  53  54  0  0  0  0
318  5106  5105  2579  2580  0  0  0  0
583  7632  7631  5105  5106  0  0  0  0
848  10158  10157  7631  7632  0  0  0  0
54  2581  2580  54  55  0  0  0  0
319  5107  5106  2580  2581  0  0  0  0
584  7633  7632  5106  5107  0  0  0  0
849  10159  10158  7632  7633  0  0  0  0
55  2582  2581  55  56  0  0  0  0
320  5108  5107  2581  2582  0  0  0  0
585  7634  7633  5107  5108  0  0  0  0
850  10160  10159  7633  7634  0  0  0  0
56  2583  2582  56  57  0  0  0  0
321  5109  5108  2582  2583  0  0  0  0
586  7635  7634  5108  5109  0  0  0  0
851  10161  10160  7634  7635  0  0  0  0
57  2584  2583  57  58  0  0  0  0
322  5110  5109  2583  2584  0  0  0  0
587  7636  7635  5109  5110  0  0  0  0
852  10162  10161  7635  7636  0  0  0  0
58  2585  2584  58  59  0  0  0  0
323  5111  5110  2584  2585  0  0  0  0
588  7637  7636  5110  5111  0  0  0  0
853  10163  10162  7636  7637  0  0  0  0
59  2586  2585  59  60  0  0  0  0
324  5112  5111  2585  2586  0  0  0  0
589  7638  7637  5111  5112  0  0  0  0
854  10164  10163  7637  7638  0  0  0  0
60  2587  2586  60  61  0  0  0  0
325  5113  5112  2586  2587  0  0  0  0
590  7639  7638  5112  5113  0  0  0  0
855  10165  10164  7638  7639  0  0  0  0
61  2588  2587  61  62  0  0  0  0
326  5114  5113  2587  2588  0  0  0  0
591  7640  7639  5113  5114  0  0  0  0
856  10166  10165  7639  7640  0  0  0  0
62  2589  2588  62  63  0  0  0  0
327  5115  5114  2588  2589  0  0  0  0
592  7641  7640  5114  5115  0  0  0  0
857  10167  10166  7640  7641  0  0  0  0
63  2590  2589  63  64  0  0  0  0
328  5116  5115  2589  2590  0  0  0  0
593  7642  7641  5115  5116  0  0  0  0
858  10168  10167  7641  7642  0  0  0  0
64  2591  2590  64  65  0  0  0  0
329  5117  5116  2590  2591  0  0  0  0
594  7643  7642  5116  5117  0  0  0  0
859  10169  10168  7642  7643  0  0  0  0
65  2592  2591  65  66  0  0  0  0
330  5118  5117  2591  2592  0  0  0  0
595  7644  7643  5117  5118  0  0  0  0
860  10170  10169  7643  7644  0  0  0  0
66  2593  2592  66  67  0  0  0  0
331  5119  5118  2592  2593  0  0  0  0
596  7645  7644  5118  5119  0  0  0  0
861  10171  10170  7644  7645  0  0  0  0
67  2594  2593  67  68  0  0  0  0
332  5120  5119  2593  2594  0  0  0  0
597  7646  7645  5119  5120  0  0  0  0
862  10172  10171  7645  7646  0  0  0  0
68  2595  2594  68  69  0  0  0  0
333  5121  5120  2594  2595  0  0  0  0
598  7647  7646  5120  5121  0  0  0  0
863  10173  10172  7646  7647  0  0  0  0
69  2596  2595  69  70  0  0  0  0
334  5122  5121  2595  2596  0  0  0  0
599  7648  7647  5121  5122  0  0  0  0
864  10174  10173  7647  7648  0  0  0  0
70  2597  2596  70  71  0  0  0  0
335  5123  5122  2596  2597  0  0  0  0
600  7649  7648  5122  5123  0  0  0  0
865  10175  10174  7648  7649  0  0  0  0
71  2598  2597  71  72  0  0  0  0
336  5124  5123  2597  2598  0  0  0  0
601  7650  7649  5123  5124  0  0  0  0
866  10176  10175  7649  7650  0  0  0  0
72  2599  2598  72  73  0  0  0  0
337  5125  5124  2598  2599  0  0  0  0
602  7651  7650  5124  5125  0  0  0  0
867  10177  10176  7650  7651  0  0  0  0
73  2600  2599  73  74  0  0  0  0
338  5126  5125  2599  2600  0  0  0  0
603  7652  7651  5125  5126  0  0  0  0
868  10178  10177  7651  7652  0  0  0  0
74  2601  2600  74  75  0  0  0  0
339  5127  5126  2600  2601  0  0  0  0
604  7653  7652  5126  5127  0  0  0  0
869  10179  10178  7652  7653  0  0  0  0
75  2602  2601  75  76  0  0  0  0
340  5128  5127  2601  2602  0  0  0  0
605  7654  7653  5127  5128  0  0  0  0
870  10180  10179  7653  7654  0  0  0  0
76  2603  2602  76  77  0  0  0  0
341  5129  5128  2602  2603  0  0  0  0
606  7655  7654  5128  5129  0  0  0  0
871  10181  10180  7654  7655  0  0  0  0
77  2604  2603  77  78  0  0  0  0
342  5130  5129  2603  2604  0  0  0  0
607  7656  7655  5129  5130  0  0  0  0
872  10182  10181  7655  7656  0  0  0  0
78  2605  2604  78  79  0  0  0  0
343  5131  5130  2604  2605  0  0  0  0
608  7657  7656  5130  5131  0  0  0  0
873  10183  10182  7656  7657  0  0  0  0
79  2606  2605  79  80  0  0  0  0
344  5132  5131  2605  2606  0  0  0  0
609  7658  7657  5131  5132  0  0  0  0
874  10184  10183  7657  7658  0  0  0  0
80  2607  2606  80  81  0  0  0  0
345  5133  5132  2606  2607  0  0  0  0
610  7659  7658  5132  5133  0  0  0  0
875  10185  10184  7658  7659  0  0  0  0
81  2608  2607  81  82  0  0  0  0
346  5134  5133  2607  2608  0  0  0  0
611  7660  7659  5133  5134  0  0  0  0
876  10186  10185  7659  7660  0  0  0  0
82  2609  2608  82  83  0  0  0  0
347  5135  5134  2608  2609  0  0  0  0
612  7661  7660  5134  5135  0  0  0  0
877  10187  10186  7660  7661  0  0  0  0
83  2610  2609  83  84  0  0  0  0
348  5136  5135  2609  2610  0  0  0  0
613  7662  7661  5135  5136  0  0  0  0
878  10188  10187  7661  7662  0  0  0  0
84  2611  2610  84  85  0  0  0  0
349  5137  5136  2610  2611  0  0  0  0
614  7663  7662  5136  5137  0  0  0  0
879  10189  10188  7662  7663  0  0  0  0
85  2612  2611  85  86  0  0  0  0
350  5138  5137  2611  2612  0  0  0  0
615  7664  7663  5137  5138  0  0  0  0
880  10190  10189  7663  7664  0  0  0  0
86  2613  2612  86  87  0  0  0  0
351  5139  5138  2612  2613  0  0  0  0
616  7665  7664  5138  5139  0  0  0  0
881  10191  10190  7664  7665  0  0  0  0
87  2614  2613  87  88  0  0  0  0
352  5140  5139  2613  2614  0  0  0  0
617  7666  7665  5139  5140  0  0  0  0
882  10192  10191  7665  7666  0  0  0  0
88  2615  2614  88  89  0  0  0  0
353  5141  5140  2614  2615  0  0  0  0
618  7667  7666  5140  5141  0  0  0  0
883  10193  10192  7666  7667  0  0  0  0
89  2616  2615  89  90  0  0  0  0
354  5142  5141  2615  2616  0  0  0  0
619  7668  7667  5141  5142  0  0  0  0
884  10194  10193  7667  7668  0  0  0  0
90  2617  2616  90  91  0  0  0  0
355  5143  5142  2616  2617  0  0  0  0
620  7669  7668  5142  5143  0  0  0  0
885  10195  10194  7668  7669  0  0  0  0
91  2618  2617  91  92  0  0  0  0
356  5144  5143  2617  2618  0  0  0  0
621  7670  7669  5143  5144  0  0  0  0
886  10196  10195  7669  7670  0  0  0  0
92  2619  2618  92  93  0  0  0  0
357  5145  5144  2618  2619  0  0  0  0
622  7671  7670  5144  5145  0  0  0  0
887  10197  10196  7670  7671  0  0  0  0
93  2620  2619  93  94  0  0  0  0
358  5146  5145  2619  2620  0  0  0  0
623  7672  7671  5145  5146  0  0  0  0
888  10198  10197  7671  7672  0  0  0  0
94  2621  2620  94  95  0  0  0  0
359  5147  5146  2620  2621  0  0  0  0
624  7673  7672  5146  5147  0  0  0  0
889  10199  10198  7672  7673  0  0  0  0
95  2622  2621  95  96  0  0  0  0
360  5148  5147  2621  2622  0  0  0  0
625  7674  7673  5147  5148  0  0  0  0
890  10200  10199  7673  7674  0  0  0  0
96  2623  2622  96  97  0  0  0  0
361  5149  5148  2622  2623  0  0  0  0
626  7675  7674  5148  5149  0  0  0  0
891  10201  10200  7674  7675  0  0  0  0
97  2624  2623  97  98  0  0  0  0
362  5150  5149  2623  2624  0  0  0  0
627  7676  7675  5149  5150  0  0  0  0
892  10202  10201  7675  7676  0  0  0  0
98  2625  2624  98  99  0  0  0  0
363  5151  5150  2624  2625  0  0  0  0
628  7677  7676  5150  5151  0  0  0  0
893  10203  10202  7676  7677  0  0  0  0
99  2626  2625  99  100  0  0  0  0
364  5152  5151  2625  2626  0  0  0  0
629  7678  7677  5151  5152  0  0  0  0
894  10204  10203  7677  7678  0  0  0  0
100  2627  2626  100  101  0  0  0  0
365  5153  5152  2626  2627  0  0  0  0
630  7679  7678  5152  5153  0  0  0  0
895  10205  10204  7678  7679  0  0  0  0
101  2628  2627  101  102  0  0  0  0
366  5154  5153  2627  2628  0  0  0  0
631  7680  7679  5153  5154  0  0  0  0
896  10206  10205  7679  7680  0  0  0  0
102  2629  2628  102  103  0  0  0  0
367  5155  5154  2628  2629  0  0  0  0
632  7681  7680  5154  5155  0  0  0  0
897  10207  10206  7680  7681  0  0  0  0
103  2630  2629  103  104  0  0  0  0
368  5156  5155  2629  2630  0  0  0  0
633  7682  7681  5155  5156  0  0  0  0
898  10208  10207  7681  7682  0  0  0  0
104  2631  2630  104  105  0  0  0  0
369  5157  5156  2630  2631  0  0  0  0
634  7683  7682  5156  5157  0  0  0  0
899  10209  10208  7682  7683  0  0  0  0
105  2632  2631  105  106  0  0  0  0
370  5158  5157  2631  2632  0  0  0  0
635  7684  7683  5157  5158  0  0  0  0
900  10210  10209  7683  7684  0  0  0  0
106  2633  2632  106  107  0  0  0  0
371  5159  5158  2632  2633  0  0  0  0
636  7685  7684  5158  5159  0  0  0  0
901  10211  10210  7684  7685  0  0  0  0
107  2634  2633  107  108  0  0  0  0
372  5160  5159  2633  2634  0  0  0  0
637  7686  7685  5159  5160  0  0  0  0
902  10212  10211  7685  7686  0  0  0  0
108  2635  2634  108  109  0  0  0  0
373  5161  5160  2634  2635  0  0  0  0
638  7687  7686  5160  5161  0  0  0  0
903  10213  10212  7686  7687  0  0  0  0
109  2636  2635  109  110  0  0  0  0
374  5162  5161  2635  2636  0  0  0  0
639  7688  7687  5161  5162  0  0  0  0
904  10214  10213  7687  7688  0  0  0  0
110  2637  2636  110  111  0  0  0  0
375  5163  5162  2636  2637  0  0  0  0
640  7689  7688  5162  5163  0  0  0  0
905  10215  10214  7688  7689  0  0  0  0
111  2638  2637  111  112  0  0  0  0
376  5164  5163  2637  2638  0  0  0  0
641  7690  7689  5163  5164  0  0  0  0
906  10216  10215  7689  7690  0  0  0  0
112  2639  2638  112  113  0  0  0  0
377  5165  5164  2638  2639  0  0  0  0
642  7691  7690  5164  5165  0  0  0  0
907  10217  10216  7690  7691  0  0  0  0
113  2640  2639  113  114  0  0  0  0
378  5166  5165  2639  2640  0  0  0  0
643  7692  7691  5165  5166  0  0  0  0
908  10218  10217  7691  7692  0  0  0  0
114  2641  2640  114  115  0  0  0  0
379  5167  5166  2640  2641  0  0  0  0
644  7693  7692  5166  5167  0  0  0  0
909  10219  10218  7692  7693  0  0  0  0
115  2642  2641  115  116  0  0  0  0
380  5168  5167  2641  2642  0  0  0  0
645  7694  7693  5167  5168  0  0  0  0
910  10220  10219  7693  7694  0  0  0  0
116  2643  2642  116  117  0  0  0  0
381  5169  5168  2642  2643  0  0  0  0
646  7695  7694  5168  5169  0  0  0  0
911  10221  10220  7694  7695  0  0  0  0
117  2644  2643  117  118  0  0  0  0
382  5170  5169  2643  2644  0  0  0  0
647  7696  7695  5169  5170  0  0  0  0
912  10222  10221  7695  7696  0  0  0  0
118  2645  2644  118  119  0  0  0  0
383  5171  5170  2644  2645  0  0  0  0
648  7697  7696  5170  5171  0  0  0  0
913  10223  10222  7696  7697  0  0  0  0
119  2646  2645  119  120  0  0  0  0
384  5172  5171  2645  2646  0  0  0  0
649  7698  7697  5171  5172  0  0  0  0
914  10224  10223  7697  7698  0  0  0  0
120  2647  2646  120  121  0  0  0  0
385  5173  5172  2646  2647  0  0  0  0
650  7699  7698  5172  5173  0  0  0  0
915  10225  10224  7698  7699  0  0  0  0
121  2648  2647  121  122  0  0  0  0
386  5174  5173  2647  2648  0  0  0  0
651  7700  7699  5173  5174  0  0  0  0
916  10226  10225  7699  7700  0  0  0  0
122  2649  2648  122  123  0  0  0  0
387  5175  5174  2648  2649  0  0  0  0
652  7701  7700  5174  5175  0  0  0  0
917  10227  10226  7700  7701  0  0  0  0
123  2650  2649  123  124  0  0  0  0
388  5176  5175  2649  2650  0  0  0  0
653  7702  7701  5175  5176  0  0  0  0
918  10228  10227  7701  7702  0  0  0  0
124  2651  2650  124  125  0  0  0  0
389  5177  5176  2650  2651  0  0  0  0
654  7703  7702  5176  5177  0  0  0  0
919  10229  10228  7702  7703  0  0  0  0
125  2652  2651  125  126  0  0  0  0
390  5178  5177  2651  2652  0  0  0  0
655  7704  7703  5177  5178  0  0  0  0
920  10230  10229  7703  7704  0  0  0  0
126  2653  2652  126  127  0  0  0  0
391  5179  5178  2652  2653  0  0  0  0
656  7705  7704  5178  5179  0  0  0  0
921  10231  10230  7704  7705  0  0  0  0
127  2654  2653  127  128  0  0  0  0
392  5180  5179  2653  2654  0  0  0  0
657  7706  7705  5179  5180  0  0  0  0
922  10232  10231  7705  7706  0  0  0  0
128  2655  2654  128  129  0  0  0  0
393  5181  5180  2654  2655  0  0  0  0
658  7707  7706  5180  5181  0  0  0  0
923  10233  10232  7706  7707  0  0  0  0
129  2656  2655  129  130  0  0  0  0
394  5182  5181  2655  2656  0  0  0  0
659  7708  7707  5181  5182  0  0  0  0
924  10234  10233  7707  7708  0  0  0  0
130  2657  2656  130  131  0  0  0  0
395  5183  5182  2656  2657  0  0  0  0
660  7709  7708  5182  5183  0  0  0  0
925  10235  10234  7708  7709  0  0  0  0
131  2658  2657  131  132  0  0  0  0
396  5184  5183  2657  2658  0  0  0  0
661  7710  7709  5183  5184  0  0  0  0
926  10236  10235  7709  7710  0  0  0  0
132  2659  2658  132  133  0  0  0  0
397  5185  5184  2658  2659  0  0  0  0
662  7711  7710  5184  5185  0  0  0  0
927  10237  10236  7710  7711  0  0  0  0
133  2660  2659  133  134  0  0  0  0
398  5186  5185  2659  2660  0  0  0  0
663  7712  7711  5185  5186  0  0  0  0
928  10238  10237  7711  7712  0  0  0  0
134  2661  2660  134  135  0  0  0  0
399  5187  5186  2660  2661  0  0  0  0
664  7713  7712  5186  5187  0  0  0  0
929  10239  10238  7712  7713  0  0  0  0
135  2662  2661  135  136  0  0  0  0
400  5188  5187  2661  2662  0  0  0  0
665  7714  7713  5187  5188  0  0  0  0
930  10240  10239  7713  7714  0  0  0  0
136  2663  2662  136  137  0  0  0  0
401  5189  5188  2662  2663  0  0  0  0
666  7715  7714  5188  5189  0  0  0  0
931  10241  10240  7714  7715  0  0  0  0
137  2664  2663  137  138  0  0  0  0
402  5190  5189  2663  2664  0  0  0  0
667  7716  7715  5189  5190  0  0  0  0
932  10242  10241  7715  7716  0  0  0  0
138  2665  2664  138  139  0  0  0  0
403  5191  5190  2664  2665  0  0  0  0
668  7717  7716  5190  5191  0  0  0  0
933  10243  10242  7716  7717  0  0  0  0
139  2666  2665  139  140  0  0  0  0
404  5192  5191  2665  2666  0  0  0  0
669  7718  7717  5191  5192  0  0  0  0
934  10244  10243  7717  7718  0  0  0  0
140  2667  2666  140  141  0  0  0  0
405  5193  5192  2666  2667  0  0  0  0
670  7719  7718  5192  5193  0  0  0  0
935  10245  10244  7718  7719  0  0  0  0
141  2668  2667  141  142  0  0  0  0
406  5194  5193  2667  2668  0  0  0  0
671  7720  7719  5193  5194  0  0  0  0
936  10246  10245  7719  7720  0  0  0  0
142  2669  2668  142  143  0  0  0  0
407  5195  5194  2668  2669  0  0  0  0
672  7721  7720  5194  5195  0  0  0  0
937  10247  10246  7720  7721  0  0  0  0
143  2670  2669  143  144  0  0  0  0
408  5196  5195  2669  2670  0  0  0  0
673  7722  7721  5195  5196  0  0  0  0
938  10248  10247  7721  7722  0  0  0  0
144  2671  2670  144  145  0  0  0  0
409  5197  5196  2670  2671  0  0  0  0
674  7723  7722  5196  5197  0  0  0  0
939  10249  10248  7722  7723  0  0  0  0
145  2672  2671  145  146  0  0  0  0
410  5198  5197  2671  2672  0  0  0  0
675  7724  7723  5197  5198  0  0  0  0
940  10250  10249  7723  7724  0  0  0  0
146  2673  2672  146  147  0  0  0  0
411  5199  5198  2672  2673  0  0  0  0
676  7725  7724  5198  5199  0  0  0  0
941  10251  10250  7724  7725  0  0  0  0
147  2674  2673  147  148  0  0  0  0
412  5200  5199  2673  2674  0  0  0  0
677  7726  7725  5199  5200  0  0  0  0
942  10252  10251  7725  7726  0  0  0  0
148  2675  2674  148  149  0  0  0  0
413  5201  5200  2674  2675  0  0  0  0
678  7727  7726  5200  5201  0  0  0  0
943  10253  10252  7726  7727  0  0  0  0
149  2676  2675  149  150  0  0  0  0
414  5202  5201  2675  2676  0  0  0  0
679  7728  7727  5201  5202  0  0  0  0
944  10254  10253  7727  7728  0  0  0  0
150  2677  2676  150  151  0  0  0  0
415  5203  5202  2676  2677  0  0  0  0
680  7729  7728  5202  5203  0  0  0  0
945  10255  10254  7728  7729  0  0  0  0
151  2678  2677  151  152  0  0  0  0
416  5204  5203  2677  2678  0  0  0  0
681  7730  7729  5203  5204  0  0  0  0
946  10256  10255  7729  7730  0  0  0  0
152  2679  2678  152  153  0  0  0  0
417  5205  5204  2678  2679  0  0  0  0
682  7731  7730  5204  5205  0  0  0  0
947  10257  10256  7730  7731  0  0  0  0
153  2680  2679  153  154  0  0  0  0
418  5206  5205  2679  2680  0  0  0  0
683  7732  7731  5205  5206  0  0  0  0
948  10258  10257  7731  7732  0  0  0  0
154  2681  2680  154  155  0  0  0  0
419  5207  5206  2680  2681  0  0  0  0
684  7733  7732  5206  5207  0  0  0  0
949  10259  10258  7732  7733  0  0  0  0
155  2682  2681  155  156  0  0  0  0
420  5208  5207  2681  2682  0  0  0  0
685  7734  7733  5207  5208  0  0  0  0
950  10260  10259  7733  7734  0  0  0  0
156  2683  2682  156  157  0  0  0  0
421  5209  5208  2682  2683  0  0  0  0
686  7735  7734  5208  5209  0  0  0  0
951  10261  10260  7734  7735  0  0  0  0
157  2684  2683  157  158  0  0  0  0
422  5210  5209  2683  2684  0  0  0  0
687  7736  7735  5209  5210  0  0  0  0
952  10262  10261  7735  7736  0  0  0  0
158  2685  2684  158  159  0  0  0  0
423  5211  5210  2684  2685  0  0  0  0
688  7737  7736  5210  5211  0  0  0  0
953  10263  10262  7736  7737  0  0  0  0
159  2686  2685  159  160  0  0  0  0
424  5212  5211  2685  2686  0  0  0  0
689  7738  7737  5211  5212  0  0  0  0
954  10264  10263  7737  7738  0  0  0  0
160  2687  2686  160  161  0  0  0  0
425  5213  5212  2686  2687  0  0  0  0
690  7739  7738  5212  5213  0  0  0  0
955  10265  10264  7738  7739  0  0  0  0
161  2688  2687  161  162  0  0  0  0
426  5214  5213  2687  2688  0  0  0  0
691  7740  7739  5213  5214  0  0  0  0
956  10266  10265  7739  7740  0  0  0  0
162  2689  2688  162  163  0  0  0  0
427  5215  5214  2688  2689  0  0  0  0
692  7741  7740  5214  5215  0  0  0  0
957  10267  10266  7740  7741  0  0  0  0
163  2690  2689  163  164  0  0  0  0
428  5216  5215  2689  2690  0  0  0  0
693  7742  7741  5215  5216  0  0  0  0
958  10268  10267  7741  7742  0  0  0  0
164  2691  2690  164  165  0  0  0  0
429  5217  5216  2690  2691  0  0  0  0
694  7743  7742  5216  5217  0  0  0  0
959  10269  10268  7742  7743  0  0  0  0
165  2692  2691  165  166  0  0  0  0
430  5218  5217  2691  2692  0  0  0  0
695  7744  7743  5217  5218  0  0  0  0
960  10270  10269  7743  7744  0  0  0  0
166  2693  2692  166  167  0  0  0  0
431  5219  5218  2692  2693  0  0  0  0
696  7745  7744  5218  5219  0  0  0  0
961  10271  10270  7744  7745  0  0  0  0
167  2694  2693  167  168  0  0  0  0
432  5220  5219  2693  2694  0  0  0  0
697  7746  7745  5219  5220  0  0  0  0
962  10272  10271  7745  7746  0  0  0  0
168  2695  2694  168  169  0  0  0  0
433  5221  5220  2694  2695  0  0  0  0
698  7747  7746  5220  5221  0  0  0  0
963  10273  10272  7746  7747  0  0  0  0
169  2696  2695  169  170  0  0  0  0
434  5222  5221  2695  2696  0  0  0  0
699  7748  7747  5221  5222  0  0  0  0
964  10274  10273  7747  7748  0  0  0  0
170  2697  2696  170  171  0  0  0  0
435  5223  5222  2696  2697  0  0  0  0
700  7749  7748  5222  5223  0  0  0  0
965  10275  10274  7748  7749  0  0  0  0
171  2698  2697  171  172  0  0  0  0
436  5224  5223  2697  2698  0  0  0  0
701  7750  7749  5223  5224  0  0  0  0
966  10276  10275  7749  7750  0  0  0  0
172  2699  2698  172  173  0  0  0  0
437  5225  5224  2698  2699  0  0  0  0
702  7751  7750  5224  5225  0  0  0  0
967  10277  10276  7750  7751  0  0  0  0
173  2700  2699  173  174  0  0  0  0
438  5226  5225  2699  2700  0  0  0  0
703  7752  7751  5225  5226  0  0  0  0
968  10278  10277  7751  7752  0  0  0  0
174  2701  2700  174  175  0  0  0  0
439  5227  5226  2700  2701  0  0  0  0
704  7753  7752  5226  5227  0  0  0  0
969  10279  10278  7752  7753  0  0  0  0
175  2702  2701  175  176  0  0  0  0
440  5228  5227  2701  2702  0  0  0  0
705  7754  7753  5227  5228  0  0  0  0
970  10280  10279  7753  7754  0  0  0  0
176  2703  2702  176  177  0  0  0  0
441  5229  5228  2702  2703  0  0  0  0
706  7755  7754  5228  5229  0  0  0  0
971  10281  10280  7754  7755  0  0  0  0
177  2704  2703  177  178  0  0  0  0
442  5230  5229  2703  2704  0  0  0  0
707  7756  7755  5229  5230  0  0  0  0
972  10282  10281  7755  7756  0  0  0  0
178  2705  2704  178  179  0  0  0  0
443  5231  5230  2704  2705  0  0  0  0
708  7757  7756  5230  5231  0  0  0  0
973  10283  10282  7756  7757  0  0  0  0
179  2706  2705  179  180  0  0  0  0
444  5232  5231  2705  2706  0  0  0  0
709  7758  7757  5231  5232  0  0  0  0
974  10284  10283  7757  7758  0  0  0  0
180  2707  2706  180  181  0  0  0  0
445  5233  5232  2706  2707  0  0  0  0
710  7759  7758  5232  5233  0  0  0  0
975  10285  10284  7758  7759  0  0  0  0
181  2708  2707  181  182  0  0  0  0
446  5234  5233  2707  2708  0  0  0  0
711  7760  7759  5233  5234  0  0  0  0
976  10286  10285  7759  7760  0  0  0  0
182  2709  2708  182  183  0  0  0  0
447  5235  5234  2708  2709  0  0  0  0
712  7761  7760  5234  5235  0  0  0  0
977  10287  10286  7760  7761  0  0  0  0
183  2710  2709  183  184  0  0  0  0
448  5236  5235  2709  2710  0  0  0  0
713  7762  7761  5235  5236  0  0  0  0
978  10288  10287  7761  7762  0  0  0  0
184  2711  2710  184  185  0  0  0  0
449  5237  5236  2710  2711  0  0  0  0
714  7763  7762  5236  5237  0  0  0  0
979  10289  10288  7762  7763  0  0  0  0
185  2712  2711  185  186  0  0  0  0
450  5238  5237  2711  2712  0  0  0  0
715  7764  7763  5237  5238  0  0  0  0
980  10290  10289  7763  7764  0  0  0  0
186  2713  2712  186  187  0  0  0  0
451  5239  5238  2712  2713  0  0  0  0
716  7765  7764  5238  5239  0  0  0  0
981  10291  10290  7764  7765  0  0  0  0
187  2714  2713  187  188  0  0  0  0
452  5240  5239  2713  2714  0  0  0  0
717  7766  7765  5239  5240  0  0  0  0
982  10292  10291  7765  7766  0  0  0  0
188  2715  2714  188  189  0  0  0  0
453  5241  5240  2714  2715  0  0  0  0
718  7767  7766  5240  5241  0  0  0  0
983  10293  10292  7766  7767  0  0  0  0
189  2716  2715  189  190  0  0  0  0
454  5242  5241  2715  2716  0  0  0  0
719  7768  7767  5241  5242  0  0  0  0
984  10294  10293  7767  7768  0  0  0  0
190  2717  2716  190  191  0  0  0  0
455  5243  5242  2716  2717  0  0  0  0
720  7769  7768  5242  5243  0  0  0  0
985  10295  10294  7768  7769  0  0  0  0
191  2718  2717  191  192  0  0  0  0
456  5244  5243  2717  2718  0  0  0  0
721  7770  7769  5243  5244  0  0  0  0
986  10296  10295  7769  7770  0  0  0  0
192  2719  2718  192  193  0  0  0  0
457  5245  5244  2718  2719  0  0  0  0
722  7771  7770  5244  5245  0  0  0  0
987  10297  10296  7770  7771  0  0  0  0
193  2720  2719  193  194  0  0  0  0
458  5246  5245  2719  2720  0  0  0  0
723  7772  7771  5245  5246  0  0  0  0
988  10298  10297  7771  7772  0  0  0  0
194  2721  2720  194  195  0  0  0  0
459  5247  5246  2720  2721  0  0  0  0
724  7773  7772  5246  5247  0  0  0  0
989  10299  10298  7772  7773  0  0  0  0
195  2722  2721  195  196  0  0  0  0
460  5248  5247  2721  2722  0  0  0  0
725  7774  7773  5247  5248  0  0  0  0
990  10300  10299  7773  7774  0  0  0  0
196  2723  2722  196  197  0  0  0  0
461  5249  5248  2722  2723  0  0  0  0
726  7775  7774  5248  5249  0  0  0  0
991  10301  10300  7774  7775  0  0  0  0
197  2724  2723  197  198  0  0  0  0
462  5250  5249  2723  2724  0  0  0  0
727  7776  7775  5249  5250  0  0  0  0
992  10302  10301  7775  7776  0  0  0  0
198  2725  2724  198  199  0  0  0  0
463  5251  5250  2724  2725  0  0  0  0
728  7777  7776  5250  5251  0  0  0  0
993  10303  10302  7776  7777  0  0  0  0
199  2527  2725  199  1  0  0  0  0
464  5053  5251  2725  2527  0  0  0  0
729  7579  7777  5251  5053  0  0  0  0
994  10105  10303  7777  7579  0  0  0  0
200  2726  2670  144  200  0  0  0  0
465  5252  5196  2670  2726  0  0  0  0
730  7778  7722  5196  5252  0  0  0  0
995  10304  10248  7722  7778  0  0  0  0
201  2727  2726  200  201  0  0  0  0
466  5253  5252  2726  2727  0  0  0  0
731  7779  7778  5252  5253  0  0  0  0
996  10305  10304  7778  7779  0  0  0  0
202  2728  2727  201  202  0  0  0  0
467  5254  5253  2727  2728  0  0  0  0
732  7780  7779  5253  5254  0  0  0  0
997  10306  10305  7779  7780  0  0  0  0
203  2729  2728  202  203  0  0  0  0
468  5255  5254  2728  2729  0  0  0  0
733  7781  7780  5254  5255  0  0  0  0
998  10307  10306  7780  7781  0  0  0  0
204  2730  2729  203  204  0  0  0  0
469  5256  5255  2729  2730  0  0  0  0
734  7782  7781  5255  5256  0  0  0  0
999  10308  10307  7781  7782  0  0  0  0
205  2731  2730  204  205  0  0  0  0
470  5257  5256  2730  2731  0  0  0  0
735  7783  7782  5256  5257  0  0  0  0
1000  10309  10308  7782  7783  0  0  0  0
206  2732  2731  205  206  0  0  0  0
471  5258  5257  2731  2732  0  0  0  0
736  7784  7783  5257  5258  0  0  0  0
1001  10310  10309  7783  7784  0  0  0  0
207  2733  2732  206  207  0  0  0  0
472  5259  5258  2732  2733  0  0  0  0
737  7785  7784  5258  5259  0  0  0  0
1002  10311  10310  7784  7785  0  0  0  0
208  2734  2733  207  208  0  0  0  0
473  5260  5259  2733  2734  0  0  0  0
738  7786  7785  5259  5260  0  0  0  0
1003  10312  10311  7785  7786  0  0  0  0
209  2735  2734  208  209  0  0  0  0
474  5261  5260  2734  2735  0  0  0  0
739  7787  7786  5260  5261  0  0  0  0
1004  10313  10312  7786  7787  0  0  0  0
210  2736  2735  209  210  0  0  0  0
475  5262  5261  2735  2736  0  0  0  0
740  7788  7787  5261  5262  0  0  0  0
1005  10314  10313  7787  7788  0  0  0  0
211  2737  2736  210  211  0  0  0  0
476  5263  5262  2736  2737  0  0  0  0
741  7789  7788  5262  5263  0  0  0  0
1006  10315  10314  7788  7789  0  0  0  0
212  2738  2737  211  212  0  0  0  0
477  5264  5263  2737  2738  0  0  0  0
742  7790  7789  5263  5264  0  0  0  0
1007  10316  10315  7789  7790  0  0  0  0
213  2739  2738  212  213  0  0  0  0
478  5265  5264  2738  2739  0  0  0  0
743  7791  7790  5264  5265  0  0  0  0
1008  10317  10316  7790  7791  0  0  0  0
214  2740  2739  213  214  0  0  0  0
479  5266  5265  2739  2740  0  0  0  0
744  7792  7791  5265  5266  0  0  0  0
1009  10318  10317  7791  7792  0  0  0  0
215  2741  2740  214  215  0  0  0  0
480  5267  5266  2740  2741  0  0  0  0
745  7793  7792  5266  5267  0  0  0  0
1010  10319  10318  7792  7793  0  0  0  0
216  2742  2741  215  216  0  0  0  0
481  5268  5267  2741  2742  0  0  0  0
746  7794  7793  5267  5268  0  0  0  0
1011  10320  10319  7793  7794  0  0  0  0
217  2743  2742  216  217  0  0  0  0
482  5269  5268  2742  2743  0  0  0  0
747  7795  7794  5268  5269  0  0  0  0
1012  10321  10320  7794  7795  0  0  0  0
218  2744  2743  217  218  0  0  0  0
483  5270  5269  2743  2744  0  0  0  0
748  7796  7795  5269  5270  0  0  0  0
1013  10322  10321  7795  7796  0  0  0  0
219  2745  2744  218  219  0  0  0  0
484  5271  5270  2744  2745  0  0  0  0
749  7797  7796  5270  5271  0  0  0  0
1014  10323  10322  7796  7797  0  0  0  0
220  2746  2745  219  220  0  0  0  0
485  5272  5271  2745  2746  0  0  0  0
750  7798  7797  5271  5272  0  0  0  0
1015  10324  10323  7797  7798  0  0  0  0
221  2747  2746  220  221  0  0  0  0
486  5273  5272  2746  2747  0  0  0  0
751  7799  7798  5272  5273  0  0  0  0
1016  10325  10324  7798  7799  0  0  0  0
222  2748  2747  221  222  0  0  0  0
487  5274  5273  2747  2748  0  0  0  0
752  7800  7799  5273  5274  0  0  0  0
1017  10326  10325  7799  7800  0  0  0  0
223  2749  2748  222  223  0  0  0  0
488  5275  5274  2748  2749  0  0  0  0
753  7801  7800  5274  5275  0  0  0  0
1018  10327  10326  7800  7801  0  0  0  0
224  2750  2749  223  224  0  0  0  0
489  5276  5275  2749  2750  0  0  0  0
754  7802  7801  5275  5276  0  0  0  0
1019  10328  10327  7801  7802  0  0  0  0
225  2751  2750  224  225  0  0  0  0
490  5277  5276  2750  2751  0  0  0  0
755  7803  7802  5276  5277  0  0  0  0
1020  10329  10328  7802  7803  0  0  0  0
226  2752  2751  225  226  0  0  0  0
491  5278  5277  2751  2752  0  0  0  0
756  7804  7803  5277  5278  0  0  0  0
1021  10330  10329  7803  7804  0  0  0  0
227  2753  2752  226  227  0  0  0  0
492  5279  5278  2752  2753  0  0  0  0
757  7805  7804  5278  5279  0  0  0  0
1022  10331  10330  7804  7805  0  0  0  0
228  2754  2753  227  228  0  0  0  0
493  5280  5279  2753  2754  0  0  0  0
758  7806  7805  5279  5280  0  0  0  0
1023  10332  10331  7805  7806  0  0  0  0
229  2755  2754  228  229  0  0  0  0
494  5281  5280  2754  2755  0  0  0  0
759  7807  7806  5280  5281  0  0  0  0
1024  10333  10332  7806  7807  0  0  0  0
230  2756  2755  229  230  0  0  0  0
495  5282  5281  2755  2756  0  0  0  0
760  7808  7807  5281  5282  0  0  0  0
1025  10334  10333  7807  7808  0  0  0  0
231  2757  2756  230  231  0  0  0  0
496  5283  5282  2756  2757  0  0  0  0
761  7809  7808  5282  5283  0  0  0  0
1026  10335  10334  7808  7809  0  0  0  0
232  2583  2757  231  57  0  0  0  0
497  5109  5283  2757  2583  0  0  0  0
762  7635  7809  5283  5109  0  0  0  0
1027  10161  10335  7809  7635  0  0  0  0
233  2758  2658  132  232  0  0  0  0
498  5284  5184  2658  2758  0  0  0  0
763  7810  7710  5184  5284  0  0  0  0
1028  10336  10236  7710  7810  0  0  0  0
234  2759  2758  232  233  0  0  0  0
499  5285  5284  2758  2759  0  0  0  0
764  7811  7810  5284  5285  0  0  0  0
1029  10337  10336  7810  7811  0  0  0  0
235  2760  2759  233  234  0  0  0  0
500  5286  5285  2759  2760  0  0  0  0
765  7812  7811  5285  5286  0  0  0  0
1030  10338  10337  7811  7812  0  0  0  0
236  2761  2760  234  235  0  0  0  0
501  5287  5286  2760  2761  0  0  0  0
766  7813  7812  5286  5287  0  0  0  0
1031  10339  10338  7812  7813  0  0  0  0
237  2762  2761  235  236  0  0  0  0
502  5288  5287  2761  2762  0  0  0  0
767  7814  7813  5287  5288  0  0  0  0
1032  10340  10339  7813  7814  0  0  0  0
238  2763  2762  236  237  0  0  0  0
503  5289  5288  2762  2763  0  0  0  0
768  7815  7814  5288  5289  0  0  0  0
1033  10341  10340  7814  7815  0  0  0  0
239  2764  2763  237  238  0  0  0  0
504  5290  5289  2763  2764  0  0  0  0
769  7816  7815  5289  5290  0  0  0  0
1034  10342  10341  7815  7816  0  0  0  0
240  2765  2764  238  239  0  0  0  0
505  5291  5290  2764  2765  0  0  0  0
770  7817  7816  5290  5291  0  0  0  0
1035  10343  10342  7816  7817  0  0  0  0
241  2766  2765  239  240  0  0  0  0
506  5292  5291  2765  2766  0  0  0  0
771  7818  7817  5291  5292  0  0  0  0
1036  10344  10343  7817  7818  0  0  0  0
242  2767  2766  240  241  0  0  0  0
507  5293  5292  2766  2767  0  0  0  0
772  7819  7818  5292  5293  0  0  0  0
1037  10345  10344  7818  7819  0  0  0  0
243  2768  2767  241  242  0  0  0  0
508  5294  5293  2767  2768  0  0  0  0
773  7820  7819  5293  5294  0  0  0  0
1038  10346  10345  7819  7820  0  0  0  0
244  2769  2768  242  243  0  0  0  0
509  5295  5294  2768  2769  0  0  0  0
774  7821  7820  5294  5295  0  0  0  0
1039  10347  10346  7820  7821  0  0  0  0
245  2770  2769  243  244  0  0  0  0
510  5296  5295  2769  2770  0  0  0  0
775  7822  7821  5295  5296  0  0  0  0
1040  10348  10347  7821  7822  0  0  0  0
246  2771  2770  244  245  0  0  0  0
511  5297  5296  2770  2771  0  0  0  0
776  7823  7822  5296  5297  0  0  0  0
1041  10349  10348  7822  7823  0  0  0  0
247  2772  2771  245  246  0  0  0  0
512  5298  5297  2771  2772  0  0  0  0
777  7824  7823  5297  5298  0  0  0  0
1042  10350  10349  7823  7824  0  0  0  0
248  2773  2772  246  247  0  0  0  0
513  5299  5298  2772  2773  0  0  0  0
778  7825  7824  5298  5299  0  0  0  0
1043  10351  10350  7824  7825  0  0  0  0
249  2774  2773  247  248  0  0  0  0
514  5300  5299  2773  2774  0  0  0  0
779  7826  7825  5299  5300  0  0  0  0
1044  10352  10351  7825  7826  0  0  0  0
250  2775  2774  248  249  0  0  0  0
515  5301  5300  2774  2775  0  0  0  0
780  7827  7826  5300  5301  0  0  0  0
1045  10353  10352  7826  7827  0  0  0  0
251  2776  2775  249  250  0  0  0  0
516  5302  5301  2775  2776  0  0  0  0
781  7828  7827  5301  5302  0  0  0  0
1046  10354  10353  7827  7828  0  0  0  0
252  2777  2776  250  251  0  0  0  0
517  5303  5302  2776  2777  0  0  0  0
782  7829  7828  5302  5303  0  0  0  0
1047  10355  10354  7828  7829  0  0  0  0
253  2778  2777  251  252  0  0  0  0
518  5304  5303  2777  2778  0  0  0  0
783  7830  7829  5303  5304  0  0  0  0
1048  10356  10355  7829  7830  0  0  0  0
254  2779  2778  252  253  0  0  0  0
519  5305  5304  2778  2779  0  0  0  0
784  7831  7830  5304  5305  0  0  0  0
1049  10357  10356  7830  7831  0  0  0  0
255  2780  2779  253  254  0  0  0  0
520  5306  5305  2779  2780  0  0  0  0
785  7832  7831  5305  5306  0  0  0  0
1050  10358  10357  7831  7832  0  0  0  0
256  2781  2780  254  255  0  0  0  0
521  5307  5306  2780  2781  0  0  0  0
786  7833  7832  5306  5307  0  0  0  0
1051  10359  10358  7832  7833  0  0  0  0
257  2782  2781  255  256  0  0  0  0
522  5308  5307  2781  2782  0  0  0  0
787  7834  7833  5307  5308  0  0  0  0
1052  10360  10359  7833  7834  0  0  0  0
258  2783  2782  256  257  0  0  0  0
523  5309  5308  2782  2783  0  0  0  0
788  7835  7834  5308  5309  0  0  0  0
1053  10361  10360  7834  7835  0  0  0  0
259  2784  2783  257  258  0  0  0  0
524  5310  5309  2783  2784  0  0  0  0
789  7836  7835  5309  5310  0  0  0  0
1054  10362  10361  7835  7836  0  0  0  0
260  2785  2784  258  259  0  0  0  0
525  5311  5310  2784  2785  0  0  0  0
790  7837  7836  5310  5311  0  0  0  0
1055  10363  10362  7836  7837  0  0  0  0
261  2786  2785  259  260  0  0  0  0
526  5312  5311  2785  2786  0  0  0  0
791  7838  7837  5311  5312  0  0  0  0
1056  10364  10363  7837  7838  0  0  0  0
262  2787  2786  260  261  0  0  0  0
527  5313  5312  2786  2787  0  0  0  0
792  7839  7838  5312  5313  0  0  0  0
1057  10365  10364  7838  7839  0  0  0  0
263  2788  2787  261  262  0  0  0  0
528  5314  5313  2787  2788  0  0  0  0
793  7840  7839  5313  5314  0  0  0  0
1058  10366  10365  7839  7840  0  0  0  0
264  2789  2788  262  263  0  0  0  0
529  5315  5314  2788  2789  0  0  0  0
794  7841  7840  5314  5315  0  0  0  0
1059  10367  10366  7840  7841  0  0  0  0
265  2595  2789  263  69  0  0  0  0
530  5121  5315  2789  2595  0  0  0  0
795  7647  7841  5315  5121  0  0  0  0
1060  10173  10367  7841  7647  0  0  0  0
