1  3  0  4.9411
233  5  0  4.94089
465  4  0  4.94024
697  5  0  4.93511
2  3  0  3.89133
234  5  0  3.89136
466  4  0  3.89139
698  5  0  3.89142
3  3  0  2.93399
235  5  0  2.93401
467  4  0  2.93403
699  5  0  2.93405
4  3  0  2.04459
236  5  0  2.04462
468  4  0  2.04466
700  5  0  2.0447
5  3  0  1.30695
237  5  0  1.30692
469  4  0  1.30689
701  5  0  1.30686
6  3  0  0.443293
238  5  0  0.443342
470  4  0  0.443403
702  5  0  0.443465
7  3  0  -0.157666
239  5  0  -0.157702
471  4  0  -0.157748
703  5  0  -0.157794
8  3  0  -0.963089
240  5  0  -0.963083
472  4  0  -0.963076
704  5  0  -0.963068
9  3  0  -1.73898
241  5  0  -1.73896
473  4  0  -1.73894
705  5  0  -1.73892
10  3  0  -2.41512
242  5  0  -2.41519
474  4  0  -2.41526
706  5  0  -2.41534
11  3  0  -3.39
243  5  0  -3.38997
475  1  0  1.75681
707  5  0  6.80727
12  3  0  -4.19055
244  5  0  -4.1905
476  1  0  -4.19035
708  5  0  -4.1902
13  3  0  -4.7274
245  5  0  -4.72741
477  1  0  -4.72744
709  5  0  -4.72748
14  3  0  -5.33492
246  5  0  -5.33494
478  1  0  -5.335
710  5  0  -5.33506
15  3  0  -6.04953
247  5  0  -6.0495
479  1  0  -6.04939
711  5  0  -6.04928
16  3  0  -6.55761
248  5  0  -6.55761
480  1  0  -6.5576
712  5  0  -6.5576
17  3  0  -7.05575
249  5  0  -7.05576
481  1  0  -7.05578
713  5  0  -7.05581
18  3  0  -7.61297
250  5  0  -7.61296
482  1  0  -7.61292
714  5  0  -7.61288
19  3  0  -8.08101
251  5  0  -8.081
483  1  0  -8.08098
715  5  0  -8.08096
20  3  0  -8.49836
252  5  0  -8.49838
484  1  0  -8.49845
716  5  0  -8.49852
21  3  0  -9.07849
253  5  0  -9.07848
485  1  0  -9.07843
717  5  0  -9.07838
22  3  0  -9.55207
254  5  0  -9.55205
486  1  0  -9.55196
718  5  0  -9.55188
23  3  0  -9.74106
255  5  0  -9.74107
487  1  0  -9.74111
719  5  0  -9.74115
24  3  0  -10.107
256  5  0  -10.107
488  1  0  -10.107
720  5  0  -10.107
25  3  0  -10.4513
257  5  0  -10.4513
489  1  0  -10.4512
721  5  0  -10.4512
26  3  0  -10.698
258  5  0  -10.698
490  1  0  -10.698
722  5  0  -10.698
27  3  0  -10.8282
259  5  0  -10.8282
491  1  0  -10.8283
723  5  0  -10.8283
28  3  0  -11.0504
260  5  0  -11.0504
492  1  0  -11.0504
724  5  0  -11.0504
29  3  0  -11.3612
261  5  0  -11.3612
493  1  0  -11.3612
725  5  0  -11.3612
30  3  0  -11.4626
262  5  0  -11.4626
494  1  0  -11.4626
726  5  0  -11.4626
31  3  0  -11.4519
263  5  0  -11.4519
495  1  0  -11.4519
727  5  0  -11.4519
32  3  0  -11.4597
264  5  0  -11.4597
496  1  0  -11.4597
728  5  0  -11.4597
33  3  0  -11.5063
265  5  0  -11.5063
497  1  0  -11.5063
729  5  0  -11.5063
34  3  0  -11.4956
266  5  0  -11.4956
498  1  0  -11.4956
730  5  0  -11.4956
35  3  0  -11.4513
267  5  0  -11.4513
499  1  0  -11.4513
731  5  0  -11.4513
36  3  0  -11.3163
268  5  0  -11.3163
500  1  0  -11.3163
732  5  0  -11.3163
37  3  0  -11.314
269  5  0  -11.314
501  1  0  -11.314
733  5  0  -11.314
38  3  0  -11.2192
270  5  0  -11.2192
502  1  0  -11.2193
734  5  0  -11.2193
39  3  0  -11.0421
271  5  0  -11.0421
503  1  0  -11.0422
735  5  0  -11.0422
40  3  0  -10.7336
272  5  0  -10.7336
504  1  0  -10.7335
736  5  0  -10.7335
41  3  0  -10.5436
273  5  0  -10.5436
505  1  0  -10.5436
737  5  0  -10.5436
42  3  0  -10.3778
274  5  0  -10.3778
506  1  0  -10.3778
738  5  0  -10.3778
43  3  0  -10.2153
275  5  0  -10.2153
507  1  0  -10.2154
739  5  0  -10.2155
44  3  0  -9.75463
276  5  0  -9.75461
508  1  0  -9.75455
740  5  0  -9.75449
45  3  0  -9.48778
277  5  0  -9.48778
509  1  0  -9.48778
741  5  0  -9.48777
46  3  0  -9.22776
278  5  0  -9.22776
510  1  0  -9.22778
742  5  0  -9.22779
47  3  0  -8.9083
279  5  0  -8.9083
511  1  0  -8.90831
743  5  0  -8.90832
48  3  0  -8.55614
280  5  0  -8.55614
512  1  0  19.0175
744  5  0  37.7583
49  3  0  -8.20726
281  5  0  -8.19571
513  6  0  -8.1927
745  5  0  -8.19468
50  3  0  -7.94001
282  5  0  -7.92427
514  6  0  -7.92002
746  5  0  -7.92468
51  3  0  -7.24262
283  5  0  -7.24257
515  6  0  -7.24181
747  5  0  -7.24104
52  3  0  -6.89526
284  5  0  -6.89526
516  6  0  -6.89525
748  5  0  -6.89525
53  3  0  -6.55391
285  5  0  -6.55393
517  6  0  -6.5542
749  5  0  -6.55448
54  3  0  -6.05331
286  5  0  -6.05329
518  6  0  -6.0531
750  5  0  -6.0529
55  3  0  -5.65969
287  5  0  -5.65969
519  6  0  -5.6597
751  5  0  -5.65971
56  3  0  -5.25933
288  5  0  -5.25933
520  6  0  -5.25938
752  5  0  -5.25943
57  3  0  -4.83116
289  5  0  -4.83118
521  6  0  -4.83143
753  5  0  -4.83168
58  3  0  -4.2788
290  5  0  -4.27879
522  6  0  -4.27869
754  5  0  -4.27859
59  3  0  -3.7725
291  5  0  -3.77248
523  6  0  -3.77225
755  5  0  -3.77202
60  3  0  -3.39328
292  5  0  -3.39327
524  6  0  -3.3932
756  5  0  -3.39313
61  3  0  -3.06387
293  5  0  -3.06392
525  6  0  -3.06461
757  5  0  -3.06531
62  3  0  -2.39516
294  5  0  -2.39512
526  6  0  -2.39444
758  5  0  -2.39374
63  3  0  -2.06074
295  5  0  -2.06075
527  6  0  -2.06078
759  5  0  -2.06081
64  3  0  -1.70492
296  5  0  -1.70496
528  6  0  -1.70549
760  5  0  -1.70604
65  3  0  -1.08076
297  5  0  -1.08074
529  6  0  -1.08042
761  5  0  -1.08009
66  3  0  -0.598452
298  5  0  -0.598436
530  6  0  -0.598179
762  5  0  -0.59792
67  3  0  -0.271624
299  5  0  -0.271629
531  6  0  -0.27171
763  5  0  -0.271792
68  3  0  0.111174
300  5  0  0.111145
532  6  0  0.110692
764  5  0  0.110231
69  3  0  0.718317
301  5  0  0.7183
533  6  0  0.718038
765  5  0  0.71777
70  3  0  1.42311
302  5  0  1.42315
534  6  0  1.4238
766  5  0  1.42446
71  3  0  1.84752
303  5  0  1.84752
535  6  0  1.84744
767  5  0  1.84736
72  3  0  2.31591
304  5  0  2.3159
536  6  0  2.31576
768  5  0  2.31563
73  3  0  2.85024
305  5  0  2.85025
537  6  0  2.85035
769  5  0  2.85045
74  3  0  3.3356
306  5  0  3.33557
538  6  0  3.3351
770  5  0  3.33461
75  3  0  4.02004
307  5  0  4.02006
539  6  0  4.02028
771  5  0  4.02051
76  3  0  4.62833
308  5  0  4.65346
540  6  0  4.69304
772  5  0  4.71639
77  3  0  5.15333
309  5  0  5.18902
541  6  0  5.30648
773  5  0  5.4984
78  3  0  5.7865
310  5  0  5.78649
542  1  0  -26.8733
774  5  0  -46.4163
79  3  0  6.50055
311  5  0  6.50057
543  1  0  6.50062
775  5  0  6.50067
80  3  0  7.12119
312  5  0  7.12119
544  1  0  7.12119
776  5  0  7.12119
81  3  0  7.74694
313  5  0  7.74691
545  1  0  7.7468
777  5  0  7.74669
82  3  0  8.54437
314  5  0  8.54438
546  1  0  8.54441
778  5  0  8.54444
83  3  0  9.29453
315  5  0  9.29455
547  1  0  9.29461
779  5  0  9.29466
84  3  0  9.95169
316  5  0  9.95165
548  1  0  9.95152
780  5  0  9.95138
85  3  0  10.8127
317  5  0  10.8127
549  1  0  10.8126
781  5  0  10.8125
86  3  0  11.7621
318  5  0  11.7621
550  1  0  11.7622
782  5  0  11.7623
87  3  0  12.5979
319  5  0  12.5979
551  1  0  12.5978
783  5  0  12.5977
88  3  0  13.5594
320  5  0  13.5594
552  1  0  13.5593
784  5  0  13.5592
89  3  0  14.6094
321  5  0  14.6093
553  1  0  14.6092
785  5  0  14.609
90  3  0  15.8034
322  5  0  15.8032
554  1  0  9.51829
786  5  0  3.34815
91  3  0  17.3665
323  5  0  17.3666
555  4  0  17.3667
787  5  0  17.3667
92  3  0  18.7796
324  5  0  18.7793
556  4  0  18.7789
788  5  0  18.7785
93  3  0  20.9141
325  5  0  20.914
557  4  0  20.9139
789  5  0  20.9138
94  3  0  23.1882
326  5  0  23.1874
558  4  0  23.1862
790  5  0  23.1851
95  3  0  26.7134
327  5  0  26.7129
559  4  0  26.7123
791  5  0  26.7117
96  3  0  30.748
328  5  0  30.746
560  4  0  30.7434
792  5  0  30.7408
97  3  0  36.4852
329  5  0  36.474
561  4  0  36.4596
793  5  0  36.4448
98  3  0  47.6418
330  5  0  47.5864
562  4  0  47.5136
794  5  0  47.4375
99  3  0  71.5967
331  5  0  71.6693
563  4  0  71.7671
795  5  0  71.8723
100  3  0  102.357
332  5  0  102.306
564  4  0  102.238
796  5  0  102.165
101  3  0  122.311
333  5  0  122.345
565  4  0  122.39
797  5  0  122.437
102  3  0  133.484
334  5  0  133.494
566  4  0  133.507
798  5  0  133.52
103  3  0  140.257
335  5  0  140.261
567  4  0  140.265
799  5  0  140.27
104  3  0  144.428
336  5  0  144.429
568  4  0  144.431
800  5  0  144.432
105  3  0  147.249
337  5  0  147.249
569  4  0  147.25
801  5  0  147.25
106  3  0  149.659
338  5  0  149.659
570  4  0  149.659
802  5  0  149.659
107  3  0  151.961
339  5  0  151.961
571  4  0  151.962
803  5  0  151.962
108  3  0  153.857
340  5  0  153.857
572  4  0  153.858
804  5  0  153.858
109  3  0  155.153
341  5  0  155.153
573  4  0  155.153
805  5  0  155.152
110  3  0  156.964
342  5  0  156.965
574  1  0  163.073
806  5  0  169.083
111  3  0  158.413
343  5  0  158.413
575  1  0  158.414
807  5  0  158.414
112  3  0  159.501
344  5  0  159.501
576  1  0  159.501
808  5  0  159.501
113  3  0  160.618
345  5  0  160.618
577  1  0  160.618
809  5  0  160.618
114  3  0  161.666
346  5  0  161.666
578  1  0  161.666
810  5  0  161.666
115  3  0  162.635
347  5  0  162.635
579  1  0  162.635
811  5  0  162.635
116  3  0  163.709
348  5  0  163.709
580  1  0  163.709
812  5  0  163.709
117  3  0  164.478
349  5  0  164.478
581  1  0  164.478
813  5  0  164.478
118  3  0  165.444
350  5  0  165.444
582  1  0  165.444
814  5  0  165.444
119  3  0  166.248
351  5  0  166.248
583  1  0  166.248
815  5  0  166.248
120  3  0  167.267
352  5  0  167.267
584  1  0  167.267
816  5  0  167.267
121  3  0  167.959
353  5  0  167.958
585  1  0  167.958
817  5  0  167.958
122  3  0  168.837
354  5  0  168.837
586  1  0  168.837
818  5  0  168.837
123  3  0  169.611
355  5  0  169.569
587  6  0  -137.807
819  5  0  -111.032
124  3  0  170.201
356  5  0  170.172
588  6  0  170.115
820  5  0  170.083
125  3  0  171.143
357  5  0  171.143
589  6  0  171.143
821  5  0  171.144
126  3  0  171.8
358  5  0  171.8
590  6  0  171.8
822  5  0  171.799
127  3  0  172.622
359  5  0  172.622
591  6  0  172.622
823  5  0  172.623
128  3  0  173.261
360  5  0  173.261
592  6  0  173.261
824  5  0  173.261
129  3  0  173.966
361  5  0  173.966
593  6  0  173.966
825  5  0  173.966
130  3  0  174.675
362  5  0  174.675
594  6  0  174.675
826  5  0  174.675
131  3  0  175.357
363  5  0  175.357
595  6  0  175.356
827  5  0  175.355
132  3  0  176.279
364  5  0  176.279
596  6  0  176.28
828  5  0  176.281
133  3  0  176.821
365  5  0  176.821
597  6  0  176.821
829  5  0  176.82
134  3  0  177.512
366  5  0  177.512
598  6  0  177.512
830  5  0  177.512
135  3  0  178.216
367  5  0  178.216
599  6  0  178.216
831  5  0  178.216
136  3  0  178.828
368  5  0  178.828
600  6  0  178.828
832  5  0  178.827
137  3  0  179.688
369  5  0  179.688
601  6  0  179.688
833  5  0  179.688
138  3  0  -179.419
370  5  0  -179.419
602  6  0  -179.419
834  5  0  -179.419
139  3  0  -178.572
371  5  0  -178.572
603  6  0  -178.572
835  5  0  -178.572
140  3  0  -177.776
372  5  0  -177.776
604  6  0  -177.777
836  5  0  -177.778
141  3  0  -176.693
373  5  0  -176.693
605  6  0  -176.691
837  5  0  -176.689
142  3  0  -176.139
374  5  0  -176.139
606  6  0  -176.139
838  5  0  -176.139
143  3  0  -175.598
375  5  0  -175.598
607  6  0  -175.598
839  5  0  -175.598
144  3  0  -174.976
376  5  0  -174.976
608  6  0  -174.976
840  5  0  -174.977
145  3  0  -174.146
377  5  0  -174.146
609  6  0  -174.145
841  5  0  -174.144
146  3  0  -173.774
378  5  0  -173.774
610  6  0  -173.774
842  5  0  -173.774
147  3  0  -173.379
379  5  0  -173.379
611  6  0  -173.38
843  5  0  -173.381
148  3  0  -172.719
380  5  0  -172.719
612  6  0  -172.718
844  5  0  -172.718
149  3  0  -172.256
381  5  0  -172.279
613  6  0  -172.286
845  5  0  -172.28
150  3  0  -171.847
382  5  0  -171.864
614  6  0  156.673
846  5  0  136.75
151  3  0  -171.326
383  5  0  -171.326
615  1  0  -171.326
847  5  0  -171.326
152  3  0  -170.993
384  5  0  -170.993
616  1  0  -170.993
848  5  0  -170.993
153  3  0  -170.665
385  5  0  -170.665
617  1  0  -170.665
849  5  0  -170.665
154  3  0  -170.4
386  5  0  -170.4
618  1  0  -170.4
850  5  0  -170.4
155  3  0  -170.174
387  5  0  -170.174
619  1  0  -170.174
851  5  0  -170.174
156  3  0  -169.888
388  5  0  -169.888
620  1  0  -169.888
852  5  0  -169.888
157  3  0  -169.751
389  5  0  -169.751
621  1  0  -169.751
853  5  0  -169.751
158  3  0  -169.496
390  5  0  -169.496
622  1  0  -169.496
854  5  0  -169.496
159  3  0  -169.203
391  5  0  -169.203
623  1  0  -169.203
855  5  0  -169.203
160  3  0  -168.881
392  5  0  -168.881
624  1  0  -168.881
856  5  0  -168.881
161  3  0  -168.803
393  5  0  -168.803
625  1  0  -168.803
857  5  0  -168.803
162  3  0  -168.681
394  5  0  -168.681
626  1  0  -168.681
858  5  0  -168.681
163  3  0  -168.51
395  5  0  -168.51
627  1  0  -168.51
859  5  0  -168.51
164  3  0  -168.467
396  5  0  -168.467
628  1  0  -168.467
860  5  0  -168.467
165  3  0  -168.152
397  5  0  -168.152
629  1  0  -168.152
861  5  0  -168.152
166  3  0  -168.024
398  5  0  -168.024
630  1  0  -168.024
862  5  0  -168.024
167  3  0  -168.074
399  5  0  -168.074
631  1  0  -168.074
863  5  0  -168.074
168  3  0  -167.693
400  5  0  -167.693
632  1  0  -167.693
864  5  0  -167.693
169  3  0  -167.809
401  5  0  -167.809
633  1  0  -167.809
865  5  0  -167.809
170  3  0  -167.774
402  5  0  -167.774
634  1  0  -167.774
866  5  0  -167.774
171  3  0  -167.59
403  5  0  -167.59
635  1  0  -167.59
867  5  0  -167.59
172  3  0  -167.384
404  5  0  -167.384
636  1  0  -167.384
868  5  0  -167.384
173  3  0  -167.577
405  5  0  -167.577
637  1  0  -167.577
869  5  0  -167.577
174  3  0  -167.421
406  5  0  -167.421
638  1  0  -167.421
870  5  0  -167.421
175  3  0  -167.299
407  5  0  -167.299
639  1  0  -167.299
871  5  0  -167.299
176  3  0  -167.241
408  5  0  -167.241
640  1  0  -167.241
872  5  0  -167.241
177  3  0  -167.089
409  5  0  -167.089
641  1  0  -167.089
873  5  0  -167.089
178  3  0  -167.191
410  5  0  -167.191
642  1  0  -167.191
874  5  0  -167.191
179  3  0  -167.165
411  5  0  -167.165
643  1  0  -167.165
875  5  0  -167.165
180  3  0  -167.023
412  5  0  -167.023
644  1  0  -167.023
876  5  0  -167.023
181  3  0  -166.881
413  5  0  -166.881
645  1  0  -166.881
877  5  0  -166.881
182  3  0  -166.805
414  5  0  -166.805
646  1  0  -166.805
878  5  0  -166.805
183  3  0  -166.941
415  5  0  -166.941
647  1  0  -166.941
879  5  0  -166.941
184  3  0  -166.963
416  5  0  -166.963
648  1  0  -166.963
880  5  0  -166.963
185  3  0  -166.793
417  5  0  -166.793
649  1  0  -166.793
881  5  0  -166.793
186  3  0  -166.832
418  5  0  -166.832
650  1  0  -166.832
882  5  0  -166.832
187  3  0  -166.912
419  5  0  -166.912
651  1  0  -166.912
883  5  0  -166.912
188  3  0  -166.916
420  5  0  -166.916
652  1  0  -172.013
884  5  0  -177.03
189  3  0  -166.844
421  5  0  -166.844
653  4  0  -166.844
885  5  0  -166.844
190  3  0  -166.743
422  5  0  -166.743
654  4  0  -166.743
886  5  0  -166.743
191  3  0  -166.901
423  5  0  -166.901
655  4  0  -166.901
887  5  0  -166.901
192  3  0  -166.73
424  5  0  -166.73
656  4  0  -166.73
888  5  0  -166.73
193  3  0  -166.665
425  5  0  -166.665
657  4  0  -166.665
889  5  0  -166.665
194  3  0  -166.741
426  5  0  -166.741
658  4  0  -166.741
890  5  0  -166.741
195  3  0  -166.783
427  5  0  -166.783
659  4  0  -166.783
891  5  0  -166.783
196  3  0  -166.622
428  5  0  -166.622
660  4  0  -166.622
892  5  0  -166.622
197  3  0  -166.499
429  5  0  -166.541
661  4  0  -166.597
893  5  0  -166.653
198  3  0  -147.997
430  5  0  -147.944
662  4  0  -147.806
894  5  0  -147.276
199  2  0  -90.1245
431  1  0  -90.1245
663  1  0  -90.1245
895  2  0  89.8755
200  2  0  -90.1245
432  1  0  -90.1245
664  1  0  -90.1245
896  2  0  -90.1245
201  2  0  -90.1245
433  1  0  -90.1245
665  1  0  -90.1245
897  2  0  -90.1245
202  2  0  -90.1245
434  1  0  -90.1245
666  1  0  -90.1245
898  2  0  -90.1245
203  2  0  -90.1245
435  1  0  -90.1245
667  1  0  -90.1245
899  2  0  -90.1245
204  2  0  -90.1245
436  1  0  -90.1245
668  1  0  -90.1245
900  2  0  -90.1245
205  2  0  -90.1245
437  1  0  -90.1245
669  1  0  -90.1245
901  2  0  -90.1245
206  2  0  -90.1245
438  1  0  -90.1245
670  1  0  -90.1245
902  2  0  -90.1245
207  2  0  -90.1245
439  1  0  -90.1245
671  1  0  -90.1245
903  2  0  -90.1245
208  2  0  -90.1245
440  1  0  -90.1245
672  1  0  -90.1245
904  2  0  -90.1245
209  2  0  -90.1245
441  1  0  -90.1245
673  1  0  -90.1245
905  2  0  -90.1245
210  2  0  -90.1245
442  1  0  -90.1245
674  1  0  -90.1245
906  2  0  -90.1245
211  2  0  -90.1245
443  1  0  -90.1245
675  1  0  -90.1245
907  2  0  -90.1245
212  2  0  -90.1245
444  1  0  -90.1245
676  1  0  -90.1245
908  2  0  -90.1245
213  2  0  -90.1245
445  1  0  -90.1245
677  1  0  -90.1245
909  2  0  -90.1245
214  2  0  -90.1245
446  1  0  -90.1245
678  1  0  -90.1245
910  2  0  -90.1245
215  2  0  -90.1245
447  1  0  -90.1245
679  1  0  -90.1245
911  2  0  89.8755
216  2  0  -89.9202
448  1  0  -89.9202
680  1  0  90.0798
912  2  0  90.0798
217  2  0  -89.9202
449  1  0  -89.9202
681  1  0  -89.9202
913  2  0  -89.9202
218  2  0  -89.9202
450  1  0  -89.9202
682  1  0  -89.9202
914  2  0  -89.9202
219  2  0  -89.9202
451  1  0  -89.9202
683  1  0  -89.9202
915  2  0  -89.9202
220  2  0  -89.9202
452  1  0  -89.9202
684  1  0  -89.9202
916  2  0  -89.9202
221  2  0  -89.9202
453  1  0  -89.9202
685  1  0  -89.9202
917  2  0  -89.9202
222  2  0  -89.9202
454  1  0  -89.9202
686  1  0  -89.9202
918  2  0  -89.9202
223  2  0  -89.9202
455  1  0  -89.9202
687  1  0  -89.9202
919  2  0  -89.9202
224  2  0  -89.9202
456  1  0  -89.9202
688  1  0  -89.9202
920  2  0  -89.9202
225  2  0  -89.9202
457  1  0  -89.9202
689  1  0  -89.9202
921  2  0  -89.9202
226  2  0  -89.9202
458  1  0  -89.9202
690  1  0  -89.9202
922  2  0  -89.9202
227  2  0  -89.9202
459  1  0  -89.9202
691  1  0  -89.9202
923  2  0  -89.9202
228  2  0  -89.9202
460  1  0  -89.9202
692  1  0  -89.9202
924  2  0  -89.9202
229  2  0  -89.9202
461  1  0  -89.9202
693  1  0  -89.9202
925  2  0  -89.9202
230  2  0  -89.9202
462  1  0  -89.9202
694  1  0  -89.9202
926  2  0  -89.9202
231  2  0  -89.9202
463  1  0  -89.9202
695  1  0  -89.9202
927  2  0  -89.9202
232  2  0  -89.9202
464  1  0  -89.9202
696  1  0  -89.9202
928  2  0  90.0798
