1  -1.16200000e+00  -3.20997250e-03
2  -1.14462760e+00  -1.70806725e-03
3  -1.12723132e+00  -5.24753510e-04
4  -1.10981710e+00  3.67769549e-04
5  -1.09239123e+00  9.89869123e-04
6  -1.07495867e+00  1.38758541e-03
7  -1.05752210e+00  1.52248977e-03
8  -1.04008504e+00  1.47450939e-03
9  -1.02265058e+00  1.18142411e-03
10  -1.00522149e+00  6.52270235e-04
11  -9.87800000e-01  -8.25081540e-05
12  -9.63965587e-01  -1.49436295e-03
13  -9.46556617e-01  -2.76991381e-03
14  -9.29160185e-01  -4.20853575e-03
15  -9.11780200e-01  -5.83151146e-03
16  -8.94421798e-01  -7.67112767e-03
17  -8.77080211e-01  -9.66461711e-03
18  -8.59756685e-01  -1.18087904e-02
19  -8.42454831e-01  -1.41213377e-02
20  -8.25172359e-01  -1.65751539e-02
21  -8.07908265e-01  -1.91547827e-02
22  -7.90671111e-01  -2.19090921e-02
23  -7.73457287e-01  -2.48057844e-02
24  -7.56253098e-01  -2.77592391e-02
25  -7.39068210e-01  -3.08225041e-02
26  -7.21902040e-01  -3.39889663e-02
27  -7.04749576e-01  -3.72293403e-02
28  -6.87604516e-01  -4.05086947e-02
29  -6.70472303e-01  -4.38544873e-02
30  -6.53358547e-01  -4.72931798e-02
31  -6.36250842e-01  -5.07621430e-02
32  -6.19142490e-01  -5.42279147e-02
33  -6.02034611e-01  -5.76960226e-02
34  -5.84929558e-01  -6.11780396e-02
35  -5.67823858e-01  -6.46568689e-02
36  -5.50715473e-01  -6.81224648e-02
37  -5.33598970e-01  -7.15477561e-02
38  -5.16482326e-01  -7.49723413e-02
39  -4.99360072e-01  -7.83686139e-02
40  -4.82227373e-01  -8.17119487e-02
41  -4.65076929e-01  -8.49629691e-02
42  -4.47915822e-01  -8.81570914e-02
43  -4.30745520e-01  -9.13015594e-02
44  -4.13566357e-01  -9.43973048e-02
45  -3.96362971e-01  -9.73548206e-02
46  -3.79145960e-01  -1.00232185e-01
47  -3.61916003e-01  -1.03031396e-01
48  -3.44670719e-01  -1.05734495e-01
49  -3.21000000e-01  -1.09295823e-01
50  -3.04015496e-01  -1.11746622e-01
51  -2.87019759e-01  -1.14118229e-01
52  -2.69996197e-01  -1.16281675e-01
53  -2.52959938e-01  -1.18341860e-01
54  -2.35911800e-01  -1.20300499e-01
55  -2.18847001e-01  -1.22110136e-01
56  -2.01770236e-01  -1.23802490e-01
57  -1.84682319e-01  -1.25375455e-01
58  -1.67582840e-01  -1.26820703e-01
59  -1.50470187e-01  -1.28101043e-01
60  -1.33347210e-01  -1.29230096e-01
61  -1.16216902e-01  -1.30245807e-01
62  -9.90809537e-02  -1.31163017e-01
63  -8.19355956e-02  -1.31880174e-01
64  -6.47863145e-02  -1.32497244e-01
65  -4.76335697e-02  -1.33007798e-01
66  -3.04761401e-02  -1.33331475e-01
67  -1.33166395e-02  -1.33510713e-01
68  3.84353274e-03  -1.33592065e-01
69  2.10037752e-02  -1.33558766e-01
70  3.81628805e-02  -1.33343630e-01
71  5.53179924e-02  -1.32917448e-01
72  7.24694165e-02  -1.32364202e-01
73  8.96156364e-02  -1.31670770e-01
74  1.06754793e-01  -1.30817460e-01
75  1.23886175e-01  -1.29818988e-01
76  1.41004371e-01  -1.28615950e-01
77  1.58108885e-01  -1.27233608e-01
78  1.75200000e-01  -1.25694750e-01
79  1.94672470e-01  -1.23721443e-01
80  2.11946336e-01  -1.21753168e-01
81  2.29197980e-01  -1.19597882e-01
82  2.46424920e-01  -1.17254334e-01
83  2.63617697e-01  -1.14671245e-01
84  2.80775279e-01  -1.11863265e-01
85  2.97899446e-01  -1.08858695e-01
86  3.14976416e-01  -1.05597173e-01
87  3.31997081e-01  -1.02053136e-01
88  3.48964118e-01  -9.82611998e-02
89  3.65865012e-01  -9.41851119e-02
90  3.82688285e-01  -8.98000422e-02
91  4.01600000e-01  -8.44473608e-02
92  4.19121803e-01  -7.89676039e-02
93  4.36502873e-01  -7.30574720e-02
94  4.53651107e-01  -6.65043536e-02
95  4.70524733e-01  -5.92763345e-02
96  4.86920837e-01  -5.10251056e-02
97  5.02694296e-01  -4.16414368e-02
98  5.17444950e-01  -3.07313260e-02
99  5.29768328e-01  -1.72093755e-02
100  5.35500000e-01  0.00000000e+00
101  5.31647459e-01  1.75673359e-02
102  5.22013141e-01  3.28056219e-02
103  5.09585549e-01  4.59099095e-02
104  4.95691277e-01  5.74630200e-02
105  4.80989454e-01  6.79777754e-02
106  4.65787154e-01  7.77565958e-02
107  4.50187076e-01  8.68874576e-02
108  4.34232070e-01  9.53848201e-02
109  4.18004357e-01  1.03349800e-01
110  4.01600000e-01  1.10945992e-01
111  3.82973433e-01  1.18866144e-01
112  3.66364466e-01  1.25437639e-01
113  3.49633758e-01  1.31692628e-01
114  3.32784253e-01  1.37620249e-01
115  3.15829066e-01  1.43238877e-01
116  2.98781184e-01  1.48569853e-01
117  2.81636475e-01  1.53580421e-01
118  2.64425757e-01  1.58360341e-01
119  2.47137211e-01  1.62849485e-01
120  2.29787219e-01  1.67095567e-01
121  2.12364956e-01  1.71032521e-01
122  1.94895806e-01  1.74758918e-01
123  1.75200000e-01  1.78645709e-01
124  1.57678566e-01  1.81855093e-01
125  1.40125590e-01  1.84883907e-01
126  1.22525058e-01  1.87626693e-01
127  1.04894113e-01  1.90167199e-01
128  8.72286879e-02  1.92454799e-01
129  6.95389104e-02  1.94545032e-01
130  5.18251189e-02  1.96417513e-01
131  3.40892481e-02  1.98070737e-01
132  1.63348216e-02  1.99512715e-01
133  -1.44065900e-03  2.00668814e-01
134  -1.92261322e-02  2.01656604e-01
135  -3.70218013e-02  2.02429773e-01
136  -5.48260353e-02  2.02984377e-01
137  -7.26353551e-02  2.03348605e-01
138  -9.04480738e-02  2.03445598e-01
139  -1.08259200e-01  2.03265089e-01
140  -1.26066100e-01  2.02821261e-01
141  -1.43865720e-01  2.02129841e-01
142  -1.61648985e-01  2.01102216e-01
143  -1.79421183e-01  1.99902678e-01
144  -1.97181323e-01  1.98535395e-01
145  -2.14925920e-01  1.96975334e-01
146  -2.32645936e-01  1.95158475e-01
147  -2.50353745e-01  1.93226563e-01
148  -2.68047796e-01  1.91172840e-01
149  -2.85717191e-01  1.88915198e-01
150  -3.03367466e-01  1.86513258e-01
151  -3.21000000e-01  1.83985429e-01
152  -3.44795572e-01  1.80355364e-01
153  -3.62166161e-01  1.77601981e-01
154  -3.79520724e-01  1.74749234e-01
155  -3.96861821e-01  1.71816125e-01
156  -4.14191239e-01  1.68814674e-01
157  -4.31505537e-01  1.65726897e-01
158  -4.48812389e-01  1.62597684e-01
159  -4.66105051e-01  1.59391493e-01
160  -4.83381122e-01  1.56096724e-01
161  -5.00638486e-01  1.52705161e-01
162  -5.17891160e-01  1.49289841e-01
163  -5.35136531e-01  1.45837946e-01
164  -5.52371559e-01  1.42334642e-01
165  -5.69603942e-01  1.38818354e-01
166  -5.86816669e-01  1.35207512e-01
167  -6.04021313e-01  1.31557944e-01
168  -6.21229148e-01  1.27923439e-01
169  -6.38412435e-01  1.24174670e-01
170  -6.55603254e-01  1.20460567e-01
171  -6.72791795e-01  1.16735996e-01
172  -6.89968290e-01  1.12956231e-01
173  -7.07131100e-01  1.09114726e-01
174  -7.24306784e-01  1.05331238e-01
175  -7.41472038e-01  1.01500888e-01
176  -7.58629164e-01  9.76340628e-02
177  -7.75782337e-01  9.37497925e-02
178  -7.92925144e-01  8.98199846e-02
179  -8.10074945e-01  8.59208097e-02
180  -8.27222959e-01  8.20137744e-02
181  -8.44361280e-01  7.80644748e-02
182  -8.61489706e-01  7.40724798e-02
183  -8.78612820e-01  7.00577236e-02
184  -8.95745408e-01  6.60837812e-02
185  -9.12879508e-01  6.21163839e-02
186  -9.30001798e-01  5.80981169e-02
187  -9.47126804e-01  5.40914738e-02
188  -9.64257434e-01  5.01089085e-02
189  -9.87800000e-01  4.46375003e-02
190  -1.00523620e+00  4.05621419e-02
191  -1.02266518e+00  3.64558947e-02
192  -1.04010539e+00  3.23976991e-02
193  -1.05753345e+00  2.82875965e-02
194  -1.07495686e+00  2.41577941e-02
195  -1.09238569e+00  2.00509355e-02
196  -1.10981752e+00  1.59568453e-02
197  -1.12723776e+00  1.18136949e-02
198  -1.14464797e+00  7.63008248e-03
199  -3.03405586e-01  1.68968559e-01
200  -3.03443705e-01  1.51423860e-01
201  -3.03481824e-01  1.33879161e-01
202  -3.03519944e-01  1.16334462e-01
203  -3.03558063e-01  9.87897636e-02
204  -3.03596183e-01  8.12450648e-02
205  -3.03634302e-01  6.37003660e-02
206  -3.03672422e-01  4.61556671e-02
207  -3.03710541e-01  2.86109683e-02
208  -3.03748660e-01  1.10662695e-02
209  -3.03786780e-01  -6.47842932e-03
210  -3.03824899e-01  -2.40231281e-02
211  -3.03863019e-01  -4.15678270e-02
212  -3.03901138e-01  -5.91125258e-02
213  -3.03939257e-01  -7.66572246e-02
214  -3.03977377e-01  -9.42019234e-02
215  1.57703879e-01  1.63673405e-01
216  1.57729191e-01  1.45491716e-01
217  1.57754504e-01  1.27310028e-01
218  1.57779817e-01  1.09128340e-01
219  1.57805130e-01  9.09466516e-02
220  1.57830443e-01  7.27649633e-02
221  1.57855756e-01  5.45832751e-02
222  1.57881069e-01  3.64015868e-02
223  1.57906382e-01  1.82198985e-02
224  1.57931695e-01  3.82102676e-05
225  1.57957007e-01  -1.81434780e-02
226  1.57982320e-01  -3.63251663e-02
227  1.58007633e-01  -5.45068545e-02
228  1.58032946e-01  -7.26885428e-02
229  1.58058259e-01  -9.08702311e-02
230  1.58083572e-01  -1.09051919e-01
2461  -1.15997233e+00  -2.53280843e-03
2462  -1.14466610e+00  -1.20955176e-03
2463  -1.12726108e+00  -2.56401587e-05
2464  -1.10983882e+00  8.67297731e-04
2465  -1.09240585e+00  1.48965528e-03
2466  -1.07496631e+00  1.88752709e-03
2467  -1.05752335e+00  2.02248822e-03
2468  -1.04008015e+00  1.97448548e-03
2469  -1.02263879e+00  1.68128511e-03
2470  -1.00520337e+00  1.15194173e-03
2471  -9.87774681e-01  4.16850394e-04
2472  -9.63932535e-01  -9.95456604e-04
2473  -9.46517744e-01  -2.27142718e-03
2474  -9.29116336e-01  -3.71046217e-03
2475  -9.11730608e-01  -5.33397694e-03
2476  -8.94366900e-01  -7.17415061e-03
2477  -8.77020951e-01  -9.16814126e-03
2478  -8.59692855e-01  -1.13128814e-02
2479  -8.42386567e-01  -1.36260196e-02
2480  -8.25100270e-01  -1.60803780e-02
2481  -8.07831872e-01  -1.86606531e-02
2482  -7.90590177e-01  -2.14156858e-02
2483  -7.73373502e-01  -2.43128543e-02
2484  -7.56166927e-01  -2.72667205e-02
2485  -7.38978988e-01  -3.03305291e-02
2486  -7.21810282e-01  -3.34974580e-02
2487  -7.04656201e-01  -3.67381365e-02
2488  -6.87509632e-01  -4.00177803e-02
2489  -6.70375136e-01  -4.33640196e-02
2490  -6.53259617e-01  -4.68030648e-02
2491  -6.36151524e-01  -5.02721064e-02
2492  -6.19043184e-01  -5.37378756e-02
2493  -6.01935072e-01  -5.72060307e-02
2494  -5.84829866e-01  -6.06880789e-02
2495  -5.67724401e-01  -6.41668604e-02
2496  -5.50616783e-01  -6.76323013e-02
2497  -5.33500867e-01  -7.10574747e-02
2498  -5.16384639e-01  -7.44819770e-02
2499  -4.99263548e-01  -7.78780192e-02
2500  -4.82132929e-01  -8.12209493e-02
2501  -4.64984622e-01  -8.44715635e-02
2502  -4.47825042e-01  -8.76654015e-02
2503  -4.30656149e-01  -9.08096115e-02
2504  -4.13479662e-01  -9.39048781e-02
2505  -3.96279404e-01  -9.68618535e-02
2506  -3.79064661e-01  -9.97388389e-02
2507  -3.61837199e-01  -1.02537645e-01
2508  -3.44594811e-01  -1.05240291e-01
2509  -3.20927101e-01  -1.08801166e-01
2510  -3.02997710e-01  -1.11386054e-01
2511  -2.86953689e-01  -1.13622613e-01
2512  -2.69934665e-01  -1.15785476e-01
2513  -2.52901390e-01  -1.17845300e-01
2514  -2.35856902e-01  -1.19803522e-01
2515  -2.18795982e-01  -1.21612746e-01
2516  -2.01722665e-01  -1.23304758e-01
2517  -1.84638348e-01  -1.24877392e-01
2518  -1.67543132e-01  -1.26322282e-01
2519  -1.50435085e-01  -1.27602277e-01
2520  -1.33315964e-01  -1.28731073e-01
2521  -1.16188742e-01  -1.29746601e-01
2522  -9.90571432e-02  -1.30663584e-01
2523  -8.19161579e-02  -1.31380552e-01
2524  -6.47698867e-02  -1.31997514e-01
2525  -4.76214161e-02  -1.32507946e-01
2526  -3.04688134e-02  -1.32831529e-01
2527  -1.33128431e-02  -1.33010727e-01
2528  3.84423280e-03  -1.33092065e-01
2529  2.10001558e-02  -1.33058779e-01
2530  3.81535373e-02  -1.32843717e-01
2531  5.53037236e-02  -1.32417652e-01
2532  7.24512541e-02  -1.31864532e-01
2533  8.95931025e-02  -1.31171278e-01
2534  1.06727815e-01  -1.30318188e-01
2535  1.23854102e-01  -1.29320018e-01
2536  1.40966705e-01  -1.28117371e-01
2537  1.59125066e-01  -1.26644978e-01
2538  1.75152375e-01  -1.25197023e-01
2539  1.94618960e-01  -1.23224315e-01
2540  2.11887040e-01  -1.21256696e-01
2541  2.29133287e-01  -1.19102085e-01
2542  2.46354075e-01  -1.16759378e-01
2543  2.63540174e-01  -1.14177291e-01
2544  2.80691696e-01  -1.11370301e-01
2545  2.97809339e-01  -1.08366881e-01
2546  3.14878551e-01  -1.05106844e-01
2547  3.31891589e-01  -1.01564391e-01
2548  3.48850974e-01  -9.77741697e-02
2549  3.65743337e-01  -9.37001427e-02
2550  3.82557137e-01  -8.93175485e-02
2551  4.01457282e-01  -8.39681620e-02
2552  4.18966688e-01  -7.84922732e-02
2553  4.36333119e-01  -7.25871705e-02
2554  4.53463389e-01  -6.60409295e-02
2555  4.70313812e-01  -5.88230000e-02
2556  4.86680488e-01  -5.05866626e-02
2557  5.02417468e-01  -4.12250643e-02
2558  5.17109921e-01  -3.03601718e-02
2559  5.29336995e-01  -1.69564887e-02
2560  5.34982115e-01  2.73740321e-05
2561  5.31184974e-01  1.73773167e-02
2562  5.21618558e-01  3.24985321e-02
2563  5.09243715e-01  4.55450126e-02
2564  4.95385804e-01  5.70671841e-02
2565  4.80708689e-01  6.75640473e-02
2566  4.65525563e-01  7.73304852e-02
2567  4.49943223e-01  8.64509536e-02
2568  4.34004367e-01  9.49396779e-02
2569  4.17789141e-01  1.02898488e-01
2570  4.01397100e-01  1.10489011e-01
2571  3.82783615e-01  1.18403576e-01
2572  3.66184933e-01  1.24970983e-01
2573  3.49463237e-01  1.31222604e-01
2574  3.32622641e-01  1.37147088e-01
2575  3.15675807e-01  1.42762945e-01
2576  2.98636435e-01  1.48091264e-01
2577  2.81499442e-01  1.53099565e-01
2578  2.64296021e-01  1.57877466e-01
2579  2.47014948e-01  1.62364664e-01
2580  2.29672682e-01  1.66608863e-01
2581  2.12257695e-01  1.70544161e-01
2582  1.94795246e-01  1.74269135e-01
2583  1.75106553e-01  1.78154519e-01
2584  1.58696526e-01  1.81166196e-01
2585  1.40044583e-01  1.84390513e-01
2586  1.22450907e-01  1.87132222e-01
2587  1.04826350e-01  1.89671812e-01
2588  8.71672450e-02  1.91958589e-01
2589  6.94832928e-02  1.94048135e-01
2590  5.17756347e-02  1.95919968e-01
2591  3.40458067e-02  1.97572628e-01
2592  1.62983571e-02  1.99014046e-01
2593  -1.47074822e-03  2.00169720e-01
2594  -1.92508476e-02  2.01157215e-01
2595  -3.70404369e-02  2.01930120e-01
2596  -5.48389311e-02  2.02484543e-01
2597  -7.26418284e-02  2.02848647e-01
2598  -9.04469015e-02  2.02945599e-01
2599  -1.08250437e-01  2.02765166e-01
2600  -1.26050167e-01  2.02321515e-01
2601  -1.43841593e-01  2.01630423e-01
2602  -1.61617727e-01  2.00603194e-01
2603  -1.79385157e-01  1.99403978e-01
2604  -1.97140238e-01  1.98037086e-01
2605  -2.14878525e-01  1.96477585e-01
2606  -2.32593323e-01  1.94661251e-01
2607  -2.50297807e-01  1.92729702e-01
2608  -2.67987286e-01  1.90676515e-01
2609  -2.85651795e-01  1.88419493e-01
2610  -3.02351252e-01  1.86150388e-01
2611  -3.20926820e-01  1.83490813e-01
2612  -3.44718731e-01  1.79861304e-01
2613  -3.62086471e-01  1.77108372e-01
2614  -3.79438480e-01  1.74256045e-01
2615  -3.96777463e-01  1.71323293e-01
2616  -4.14104682e-01  1.68322223e-01
2617  -4.31417165e-01  1.65234769e-01
2618  -4.48722333e-01  1.62105861e-01
2619  -4.66012641e-01  1.58900107e-01
2620  -4.83286078e-01  1.55605841e-01
2621  -5.00541728e-01  1.52214612e-01
2622  -5.17793545e-01  1.48799462e-01
2623  -5.35037665e-01  1.45347818e-01
2624  -5.52271778e-01  1.41844699e-01
2625  -5.69502632e-01  1.38328725e-01
2626  -5.86713464e-01  1.34718279e-01
2627  -6.03917772e-01  1.31068782e-01
2628  -6.21124197e-01  1.27434578e-01
2629  -6.38306353e-01  1.23686053e-01
2630  -6.55497516e-01  1.19971875e-01
2631  -6.72685123e-01  1.16247507e-01
2632  -6.89859956e-01  1.12468108e-01
2633  -7.07022713e-01  1.08626615e-01
2634  -7.24198556e-01  1.04843092e-01
2635  -7.41362625e-01  1.01013006e-01
2636  -7.58518985e-01  9.71463533e-02
2637  -7.75671262e-01  9.32622862e-02
2638  -7.92813858e-01  8.93325266e-02
2639  -8.09963982e-01  8.54332779e-02
2640  -8.27111284e-01  8.15264053e-02
2641  -8.44248397e-01  7.75773840e-02
2642  -8.61375893e-01  7.35856056e-02
2643  -8.78499263e-01  6.95707895e-02
2644  -8.95632524e-01  6.55966906e-02
2645  -9.12765994e-01  6.16294397e-02
2646  -9.29887727e-01  5.76113031e-02
2647  -9.47013240e-01  5.36045413e-02
2648  -9.64144230e-01  4.96218922e-02
2649  -9.87686508e-01  4.41505510e-02
2650  -1.00512197e+00  4.00753650e-02
2651  -1.02255119e+00  3.59690617e-02
2652  -1.03999135e+00  3.19108787e-02
2653  -1.05741841e+00  2.78010113e-02
2654  -1.07484186e+00  2.36711982e-02
2655  -1.09227119e+00  1.95642221e-02
2656  -1.10970251e+00  1.54702514e-02
2657  -1.12712150e+00  1.13273983e-02
2658  -1.14445459e+00  7.16899109e-03
2659  -3.02388588e-01  1.68966349e-01
2660  -3.02426707e-01  1.51421650e-01
2661  -3.02464826e-01  1.33876951e-01
2662  -3.02502946e-01  1.16332252e-01
2663  -3.02541065e-01  9.87875540e-02
2664  -3.02579185e-01  8.12428552e-02
2665  -3.02617304e-01  6.36981564e-02
2666  -3.02655424e-01  4.61534575e-02
2667  -3.02693543e-01  2.86087587e-02
2668  -3.02731662e-01  1.10640599e-02
2669  -3.02769782e-01  -6.48063896e-03
2670  -3.02807901e-01  -2.40253377e-02
2671  -3.02846021e-01  -4.15700366e-02
2672  -3.02884140e-01  -5.91147354e-02
2673  -3.02922259e-01  -7.66594342e-02
2674  -3.02960379e-01  -9.42041330e-02
2675  1.58720878e-01  1.63674821e-01
2676  1.58746190e-01  1.45493132e-01
2677  1.58771503e-01  1.27311444e-01
2678  1.58796816e-01  1.09129756e-01
2679  1.58822129e-01  9.09480675e-02
2680  1.58847442e-01  7.27663792e-02
2681  1.58872755e-01  5.45846910e-02
2682  1.58898068e-01  3.64030027e-02
2683  1.58923381e-01  1.82213144e-02
2684  1.58948694e-01  3.96261310e-05
2685  1.58974006e-01  -1.81420621e-02
2686  1.58999319e-01  -3.63237504e-02
2687  1.59024632e-01  -5.45054386e-02
2688  1.59049945e-01  -7.26871269e-02
2689  1.59075258e-01  -9.08688152e-02
2690  1.59100571e-01  -1.09050503e-01
4921  -1.15375145e+00  -4.55269043e-04
4922  -1.14478422e+00  3.19893760e-04
4923  -1.12735240e+00  1.50563960e-03
4924  -1.10990544e+00  2.39985019e-03
4925  -1.09245071e+00  3.02299922e-03
4926  -1.07498974e+00  3.42134816e-03
4927  -1.05752717e+00  3.55648345e-03
4928  -1.04006515e+00  3.50841211e-03
4929  -1.02260262e+00  3.21485866e-03
4930  -1.00514777e+00  2.68493388e-03
4931  -9.87697003e-01  1.94888242e-03
4932  -9.63831130e-01  5.35188065e-04
4933  -9.46398483e-01  -7.42070214e-04
4934  -9.28981808e-01  -2.18237243e-03
4935  -9.11578458e-01  -3.80754104e-03
4936  -8.94198472e-01  -5.64942501e-03
4937  -8.76839142e-01  -7.64495336e-03
4938  -8.59497026e-01  -9.79143246e-03
4939  -8.42177133e-01  -1.21063837e-02
4940  -8.24879101e-01  -1.45624056e-02
4941  -8.07597498e-01  -1.71446633e-02
4942  -7.90341873e-01  -1.99019153e-02
4943  -7.73116450e-01  -2.28005448e-02
4944  -7.55902554e-01  -2.57556736e-02
4945  -7.38705255e-01  -2.88211497e-02
4946  -7.21528768e-01  -3.19895104e-02
4947  -7.04369728e-01  -3.52311231e-02
4948  -6.87218526e-01  -3.85116549e-02
4949  -6.70077028e-01  -4.18592645e-02
4950  -6.52956098e-01  -4.52993918e-02
4951  -6.35846816e-01  -4.87686739e-02
4952  -6.18738514e-01  -5.22344355e-02
4953  -6.01629688e-01  -5.57027355e-02
4954  -5.84524011e-01  -5.91848795e-02
4955  -5.67419267e-01  -6.26635144e-02
4956  -5.50314001e-01  -6.61284797e-02
4957  -5.33199888e-01  -6.95532914e-02
4958  -5.16084934e-01  -7.29775391e-02
4959  -4.98967413e-01  -7.63728746e-02
4960  -4.81843176e-01  -7.97145632e-02
4961  -4.64701426e-01  -8.29639309e-02
4962  -4.47546527e-01  -8.61568971e-02
4963  -4.30381957e-01  -8.93003153e-02
4964  -4.13213683e-01  -9.23941131e-02
4965  -3.96023021e-01  -9.53494304e-02
4966  -3.78815234e-01  -9.82252529e-02
4967  -3.61595430e-01  -1.01022817e-01
4968  -3.44361924e-01  -1.03724072e-01
4969  -3.20703446e-01  -1.07283558e-01
4970  -3.00322662e-01  -1.10216320e-01
4971  -2.86750988e-01  -1.12102065e-01
4972  -2.69745886e-01  -1.14263136e-01
4973  -2.52721763e-01  -1.16321853e-01
4974  -2.35688473e-01  -1.18278796e-01
4975  -2.18639457e-01  -1.20086752e-01
4976  -2.01576717e-01  -1.21777717e-01
4977  -1.84503444e-01  -1.23349336e-01
4978  -1.67421309e-01  -1.24793127e-01
4979  -1.50327394e-01  -1.26072061e-01
4980  -1.33220100e-01  -1.27200072e-01
4981  -1.16102348e-01  -1.28215035e-01
4982  -9.89840925e-02  -1.29131325e-01
4983  -8.18565230e-02  -1.29847712e-01
4984  -6.47194861e-02  -1.30464342e-01
4985  -4.75841288e-02  -1.30974399e-01
4986  -3.04463350e-02  -1.31297693e-01
4987  -1.33011958e-02  -1.31476772e-01
4988  3.84638058e-03  -1.31558067e-01
4989  2.09890517e-02  -1.31524819e-01
4990  3.81248725e-02  -1.31309985e-01
4991  5.52599467e-02  -1.30884276e-01
4992  7.23955318e-02  -1.30331544e-01
4993  8.95239683e-02  -1.29638837e-01
4994  1.06645047e-01  -1.28786423e-01
4995  1.23755702e-01  -1.27789177e-01
4996  1.40851148e-01  -1.26587729e-01
4997  1.61795108e-01  -1.24877300e-01
4998  1.75006261e-01  -1.23669998e-01
4999  1.94454793e-01  -1.21699124e-01
5000  2.11705119e-01  -1.19733522e-01
5001  2.28934810e-01  -1.17580979e-01
5002  2.46136722e-01  -1.15240855e-01
5003  2.63302334e-01  -1.12661842e-01
5004  2.80435262e-01  -1.09857886e-01
5005  2.97532892e-01  -1.06857997e-01
5006  3.14578302e-01  -1.03602515e-01
5007  3.31567941e-01  -1.00064922e-01
5008  3.48503847e-01  -9.62799612e-02
5009  3.65370037e-01  -9.22122573e-02
5010  3.82154774e-01  -8.78372580e-02
5011  4.01019422e-01  -8.24979801e-02
5012  4.18490794e-01  -7.70339586e-02
5013  4.35812313e-01  -7.11442854e-02
5014  4.52887469e-01  -6.46191444e-02
5015  4.69666705e-01  -5.74321697e-02
5016  4.85943097e-01  -4.92415193e-02
5017  5.01568158e-01  -3.99476333e-02
5018  5.16082051e-01  -2.92214706e-02
5019  5.28013665e-01  -1.61806322e-02
5020  5.33393243e-01  1.11357563e-04
5021  5.29766069e-01  1.67943379e-02
5022  5.20407977e-01  3.15563805e-02
5023  5.08194970e-01  4.44255090e-02
5024  4.94448612e-01  5.58527595e-02
5025  4.79847302e-01  6.62947294e-02
5026  4.64723003e-01  7.60231777e-02
5027  4.49195082e-01  8.51117593e-02
5028  4.33305776e-01  9.35739817e-02
5029  4.17128859e-01  1.01513865e-01
5030  4.00774604e-01  1.09086993e-01
5031  3.82201254e-01  1.16984417e-01
5032  3.65634127e-01  1.23539281e-01
5033  3.48940080e-01  1.29780570e-01
5034  3.32126816e-01  1.35695429e-01
5035  3.15205609e-01  1.41302784e-01
5036  2.98192344e-01  1.46622952e-01
5037  2.81079027e-01  1.51624301e-01
5038  2.63897990e-01  1.56396004e-01
5039  2.46639844e-01  1.60877232e-01
5040  2.29321282e-01  1.65115653e-01
5041  2.11928620e-01  1.69045874e-01
5042  1.94486729e-01  1.72766479e-01
5043  1.74819858e-01  1.76647548e-01
5044  1.61371860e-01  1.79132298e-01
5045  1.39796054e-01  1.82876779e-01
5046  1.22223413e-01  1.85615184e-01
5047  1.04618454e-01  1.88151965e-01
5048  8.69787382e-02  1.90436215e-01
5049  6.93126582e-02  1.92523655e-01
5050  5.16238171e-02  1.94393499e-01
5051  3.39125284e-02  1.96044428e-01
5052  1.61864841e-02  1.97484131e-01
5053  -1.56306195e-03  1.98638500e-01
5054  -1.93266744e-02  1.99625090e-01
5055  -3.70976110e-02  2.00397186e-01
5056  -5.48784952e-02  2.00951054e-01
5057  -7.26616883e-02  2.01314775e-01
5058  -9.04433049e-02  2.01411604e-01
5059  -1.08223552e-01  2.01231401e-01
5060  -1.26001283e-01  2.00788294e-01
5061  -1.43767570e-01  2.00098210e-01
5062  -1.61521826e-01  1.99072195e-01
5063  -1.79274631e-01  1.97873965e-01
5064  -1.97014188e-01  1.96508273e-01
5065  -2.14733116e-01  1.94950493e-01
5066  -2.32431905e-01  1.93135767e-01
5067  -2.50126189e-01  1.91205332e-01
5068  -2.67801642e-01  1.89153790e-01
5069  -2.85451159e-01  1.86898671e-01
5070  -2.99681301e-01  1.84974537e-01
5071  -3.20702303e-01  1.81973333e-01
5072  -3.44482984e-01  1.78345527e-01
5073  -3.61841984e-01  1.75593981e-01
5074  -3.79186154e-01  1.72742939e-01
5075  -3.96518652e-01  1.69811283e-01
5076  -4.13839126e-01  1.66811384e-01
5077  -4.31146038e-01  1.63724919e-01
5078  -4.48446041e-01  1.60596948e-01
5079  -4.65729129e-01  1.57392534e-01
5080  -4.82994481e-01  1.54099810e-01
5081  -5.00244876e-01  1.50709609e-01
5082  -5.17494061e-01  1.47294980e-01
5083  -5.34734344e-01  1.43844105e-01
5084  -5.51965649e-01  1.40341556e-01
5085  -5.69191811e-01  1.36826545e-01
5086  -5.86396833e-01  1.33217313e-01
5087  -6.03600110e-01  1.29568034e-01
5088  -6.20802206e-01  1.25934752e-01
5089  -6.37980892e-01  1.22186976e-01
5090  -6.55173110e-01  1.18472570e-01
5091  -6.72357854e-01  1.14748824e-01
5092  -6.89527587e-01  1.10970548e-01
5093  -7.06690182e-01  1.07129091e-01
5094  -7.23866511e-01  1.03345460e-01
5095  -7.41026946e-01  9.95161842e-02
5096  -7.58180955e-01  9.56500606e-02
5097  -7.75330485e-01  9.17666167e-02
5098  -7.92472431e-01  8.78370053e-02
5099  -8.09623549e-01  8.39375302e-02
5100  -8.26768664e-01  8.00311569e-02
5101  -8.43902072e-01  7.60829895e-02
5102  -8.61026713e-01  7.20918754e-02
5103  -8.78150871e-01  6.80768756e-02
5104  -8.95286197e-01  6.41022966e-02
5105  -9.12417734e-01  6.01354950e-02
5106  -9.29537756e-01  5.61177582e-02
5107  -9.46664826e-01  5.21106325e-02
5108  -9.63796921e-01  4.81277261e-02
5109  -9.87338315e-01  4.26565907e-02
5110  -1.00477152e+00  3.85819336e-02
5111  -1.02220147e+00  3.44754579e-02
5112  -1.03964146e+00  3.04173137e-02
5113  -1.05706546e+00  2.63081681e-02
5114  -1.07448905e+00  2.21783221e-02
5115  -1.09191991e+00  1.80709852e-02
5116  -1.10934968e+00  1.39773812e-02
5117  -1.12676483e+00  9.83544044e-03
5118  -1.14386131e+00  5.75436271e-03
5119  -2.99716095e-01  1.68960543e-01
5120  -2.99754214e-01  1.51415844e-01
5121  -2.99792333e-01  1.33871145e-01
5122  -2.99830453e-01  1.16326446e-01
5123  -2.99868572e-01  9.87817474e-02
5124  -2.99906692e-01  8.12370486e-02
5125  -2.99944811e-01  6.36923498e-02
5126  -2.99982931e-01  4.61476509e-02
5127  -3.00021050e-01  2.86029522e-02
5128  -3.00059169e-01  1.10582533e-02
5129  -3.00097289e-01  -6.48644551e-03
5130  -3.00135408e-01  -2.40311443e-02
5131  -3.00173528e-01  -4.15758432e-02
5132  -3.00211647e-01  -5.91205419e-02
5133  -3.00249766e-01  -7.66652408e-02
5134  -3.00287886e-01  -9.42099396e-02
5135  1.61393375e-01  1.63678542e-01
5136  1.61418687e-01  1.45496853e-01
5137  1.61444000e-01  1.27315165e-01
5138  1.61469313e-01  1.09133477e-01
5139  1.61494626e-01  9.09517882e-02
5140  1.61519939e-01  7.27700999e-02
5141  1.61545252e-01  5.45884117e-02
5142  1.61570565e-01  3.64067234e-02
5143  1.61595878e-01  1.82250351e-02
5144  1.61621191e-01  4.33467751e-05
5145  1.61646503e-01  -1.81383415e-02
5146  1.61671816e-01  -3.63200297e-02
5147  1.61697129e-01  -5.45017179e-02
5148  1.61722442e-01  -7.26834062e-02
5149  1.61747755e-01  -9.08650945e-02
5150  1.61773068e-01  -1.09046782e-01
7381  -1.14955823e+00  9.45106264e-04
7382  -1.14486384e+00  1.35082379e-03
7383  -1.12741395e+00  2.53780601e-03
7384  -1.10995035e+00  3.43287447e-03
7385  -1.09248095e+00  4.05655700e-03
7386  -1.07500553e+00  4.45522756e-03
7387  -1.05752975e+00  4.59048024e-03
7388  -1.04005503e+00  4.54236266e-03
7389  -1.02257824e+00  4.24857121e-03
7390  -1.00511030e+00  3.71825454e-03
7391  -9.87644644e-01  2.98155590e-03
7392  -9.63477800e-01  5.86849690e-03
7393  -9.45982934e-01  4.58675182e-03
7394  -9.28513066e-01  3.14203412e-03
7395  -9.11048316e-01  1.51110296e-03
7396  -8.93611611e-01  -3.36740291e-04
7397  -8.76205654e-01  -2.33762653e-03
7398  -8.58814686e-01  -4.49016491e-03
7399  -8.41447390e-01  -6.81143318e-03
7400  -8.24108470e-01  -9.27325139e-03
7401  -8.06780856e-01  -1.18624175e-02
7402  -7.89476694e-01  -1.46274022e-02
7403  -7.72220788e-01  -1.75311221e-02
7404  -7.54981384e-01  -2.04906502e-02
7405  -7.37751472e-01  -2.35619366e-02
7406  -7.20547874e-01  -2.67352862e-02
7407  -7.03371555e-01  -2.99801543e-02
7408  -6.86204211e-01  -3.32637801e-02
7409  -6.69038315e-01  -3.66161643e-02
7410  -6.51898531e-01  -4.00600620e-02
7411  -6.34785105e-01  -4.35301822e-02
7412  -6.17676934e-01  -4.69959173e-02
7413  -6.00565621e-01  -5.04647219e-02
7414  -5.83458302e-01  -5.39471996e-02
7415  -5.66356073e-01  -5.74253236e-02
7416  -5.49259003e-01  -6.08886321e-02
7417  -5.32151169e-01  -6.43121833e-02
7418  -5.15040657e-01  -6.77355443e-02
7419  -4.97935575e-01  -7.11284172e-02
7420  -4.80833574e-01  -7.44657797e-02
7421  -4.63714670e-01  -7.77108046e-02
7422  -4.46576084e-01  -8.09007326e-02
7423  -4.29426577e-01  -8.40413921e-02
7424  -4.12286916e-01  -8.71300721e-02
7425  -3.95129691e-01  -9.00796118e-02
7426  -3.77946144e-01  -9.29513827e-02
7427  -3.60753020e-01  -9.57446194e-02
7428  -3.43550464e-01  -9.84410274e-02
7429  -3.16289254e-01  -7.73310772e-02
7430  -2.97584561e-01  -8.00255360e-02
7431  -2.82750338e-01  -8.20915503e-02
7432  -2.66020010e-01  -8.42172704e-02
7433  -2.49176538e-01  -8.62541367e-02
7434  -2.32364263e-01  -8.81858438e-02
7435  -2.15550176e-01  -8.99687756e-02
7436  -1.98696189e-01  -9.16390583e-02
7437  -1.81840901e-01  -9.31906380e-02
7438  -1.65016919e-01  -9.46127513e-02
7439  -1.48201925e-01  -9.58707608e-02
7440  -1.31328078e-01  -9.69832480e-02
7441  -1.14397224e-01  -9.79870892e-02
7442  -9.75423174e-02  -9.88896735e-02
7443  -8.06795308e-02  -9.95945983e-02
7444  -6.37247487e-02  -1.00204688e-01
7445  -4.68482031e-02  -1.00707344e-01
7446  -3.00026877e-02  -1.01024944e-01
7447  -1.30713163e-02  -1.01201644e-01
7448  3.88877057e-03  -1.01282097e-01
7449  2.07698927e-02  -1.01249613e-01
7450  3.75591256e-02  -1.01039271e-01
7451  5.43959396e-02  -1.00620607e-01
7452  7.12957616e-02  -1.00075525e-01
7453  8.81594928e-02  -9.93935993e-02
7454  1.05011491e-01  -9.85545247e-02
7455  1.21813615e-01  -9.75755298e-02
7456  1.38570423e-01  -9.63977564e-02
7457  1.64424993e-01  -9.42663685e-02
7458  1.72122462e-01  -9.35316522e-02
7459  1.93882774e-01  -1.16384821e-01
7460  2.11071243e-01  -1.14426241e-01
7461  2.28243246e-01  -1.12280907e-01
7462  2.45379389e-01  -1.09949780e-01
7463  2.62473615e-01  -1.07381477e-01
7464  2.79541757e-01  -1.04588097e-01
7465  2.96569652e-01  -1.01600507e-01
7466  3.13532126e-01  -9.83608987e-02
7467  3.30440235e-01  -9.48402398e-02
7468  3.47294334e-01  -9.10736090e-02
7469  3.64069327e-01  -8.70279368e-02
7470  3.80752799e-01  -8.26794007e-02
7471  4.00724280e-01  -8.15069970e-02
7472  4.18170016e-01  -7.60509747e-02
7473  4.35461262e-01  -7.01717018e-02
7474  4.52499268e-01  -6.36607834e-02
7475  4.69230519e-01  -5.64946740e-02
7476  4.85446055e-01  -4.83348192e-02
7477  5.00995678e-01  -3.90865749e-02
7478  5.15389211e-01  -2.84539236e-02
7479  5.27121668e-01  -1.56576624e-02
7480  5.32322256e-01  1.67967061e-04
7481  5.28809649e-01  1.64013782e-02
7482  5.19591979e-01  3.09213187e-02
7483  5.07488057e-01  4.36709023e-02
7484  4.93816893e-01  5.50341709e-02
7485  4.79266679e-01  6.54391396e-02
7486  4.64182033e-01  7.51419809e-02
7487  4.48690794e-01  8.42090690e-02
7488  4.32834887e-01  9.26534276e-02
7489  4.16683792e-01  1.00580552e-01
7490  4.00355007e-01  1.08141956e-01
7491  3.80172101e-01  1.12039565e-01
7492  3.63714924e-01  1.18550726e-01
7493  3.47117214e-01  1.24756012e-01
7494  3.30399185e-01  1.30637335e-01
7495  3.13567271e-01  1.36215066e-01
7496  2.96644975e-01  1.41506833e-01
7497  2.79614149e-01  1.46483954e-01
7498  2.62511111e-01  1.51234068e-01
7499  2.45332848e-01  1.55694493e-01
7500  2.28096878e-01  1.59912783e-01
7501  2.10782004e-01  1.63825309e-01
7502  1.93411747e-01  1.67530695e-01
7503  1.73820911e-01  1.71396726e-01
7504  1.64087848e-01  1.47898115e-01
7505  1.34890924e-01  1.53000771e-01
7506  1.17733446e-01  1.55673969e-01
7507  1.00515282e-01  1.58155296e-01
7508  8.32582479e-02  1.60389682e-01
7509  6.59449042e-02  1.62435544e-01
7510  4.86274489e-02  1.64266137e-01
7511  3.12820630e-02  1.65882916e-01
7512  1.39784863e-02  1.67288752e-01
7513  -3.38502443e-03  1.68417372e-01
7514  -2.08232408e-02  1.69386101e-01
7515  -3.82260355e-02  1.70142222e-01
7516  -5.56593589e-02  1.70685125e-01
7517  -7.30536576e-02  1.71041313e-01
7518  -9.03723203e-02  1.71135687e-01
7519  -1.07692938e-01  1.70960052e-01
7520  -1.25036482e-01  1.70527670e-01
7521  -1.42306609e-01  1.69857480e-01
7522  -1.59629072e-01  1.68855417e-01
7523  -1.77093207e-01  1.67676654e-01
7524  -1.94526394e-01  1.66334658e-01
7525  -2.11863233e-01  1.64810819e-01
7526  -2.29246056e-01  1.63027852e-01
7527  -2.46739035e-01  1.61119399e-01
7528  -2.64137648e-01  1.59100315e-01
7529  -2.81491279e-01  1.56882749e-01
7530  -2.97074424e-01  1.54768676e-01
7531  -3.19920005e-01  1.76685891e-01
7532  -3.43661558e-01  1.73064023e-01
7533  -3.60990101e-01  1.70317304e-01
7534  -3.78306961e-01  1.67470744e-01
7535  -3.95616862e-01  1.64542906e-01
7536  -4.12913835e-01  1.61547083e-01
7537  -4.30201336e-01  1.58464067e-01
7538  -4.47483341e-01  1.55339360e-01
7539  -4.64741270e-01  1.52139614e-01
7540  -4.81978457e-01  1.48852266e-01
7541  -4.99210538e-01  1.45465644e-01
7542  -5.16450554e-01  1.42052832e-01
7543  -5.33677467e-01  1.38604636e-01
7544  -5.50898989e-01  1.35104069e-01
7545  -5.68108803e-01  1.31592414e-01
7546  -5.85293575e-01  1.27987413e-01
7547  -6.02493260e-01  1.24338893e-01
7548  -6.19680276e-01  1.20708826e-01
7549  -6.36846872e-01  1.16963661e-01
7550  -6.54042767e-01  1.13248458e-01
7551  -6.71217532e-01  1.09526881e-01
7552  -6.88369497e-01  1.05752517e-01
7553  -7.05531526e-01  1.01911185e-01
7554  -7.22709549e-01  9.81271779e-02
7555  -7.39857322e-01  9.43007260e-02
7556  -7.57003139e-01  9.04364463e-02
7557  -7.74143098e-01  8.65551739e-02
7558  -7.91282779e-01  8.26260789e-02
7559  -8.08437358e-01  7.87258148e-02
7560  -8.25574856e-01  7.48211812e-02
7561  -8.42695353e-01  7.08759889e-02
7562  -8.59810049e-01  6.68871897e-02
7563  -8.76936948e-01  6.28715498e-02
7564  -8.94079470e-01  5.88952980e-02
7565  -9.11204272e-01  5.49300619e-02
7566  -9.28318332e-01  5.09137183e-02
7567  -9.45450827e-01  4.69053244e-02
7568  -9.62586772e-01  4.29215216e-02
7569  -9.87103614e-01  4.16495796e-02
7570  -1.00453529e+00  3.75752790e-02
7571  -1.02196574e+00  3.34686872e-02
7572  -1.03940562e+00  2.94105690e-02
7573  -1.05682755e+00  2.53019099e-02
7574  -1.07425123e+00  2.11720418e-02
7575  -1.09168312e+00  1.70644618e-02
7576  -1.10911184e+00  1.29711049e-02
7577  -1.12652441e+00  8.82977912e-03
7578  -1.14346141e+00  4.80082571e-03
7579  -2.97043601e-01  1.68954736e-01
7580  -2.97081720e-01  1.51410037e-01
7581  -2.97119839e-01  1.33865338e-01
7582  -2.97157959e-01  1.16320639e-01
7583  -2.97196078e-01  9.87759409e-02
7584  -2.97234198e-01  8.12312421e-02
7585  -2.97272317e-01  6.36865433e-02
7586  -2.97310437e-01  4.61418444e-02
7587  -2.97348556e-01  2.85971457e-02
7588  -2.97386675e-01  1.10524468e-02
7589  -2.97424795e-01  -6.49225205e-03
7590  -2.97462914e-01  -2.40369508e-02
7591  -2.97501034e-01  -4.15816497e-02
7592  -2.97539153e-01  -5.91263484e-02
7593  -2.97577272e-01  -7.66710473e-02
7594  -2.97615392e-01  -9.42157461e-02
7595  1.64065873e-01  1.63682262e-01
7596  1.64091185e-01  1.45500573e-01
7597  1.64116498e-01  1.27318885e-01
7598  1.64141811e-01  1.09137197e-01
7599  1.64167124e-01  9.09555089e-02
7600  1.64192437e-01  7.27738206e-02
7601  1.64217750e-01  5.45921324e-02
7602  1.64243063e-01  3.64104441e-02
7603  1.64268376e-01  1.82287558e-02
7604  1.64293689e-01  4.70674192e-05
7605  1.64319001e-01  -1.81346208e-02
7606  1.64344314e-01  -3.63163090e-02
7607  1.64369627e-01  -5.44979972e-02
7608  1.64394940e-01  -7.26796855e-02
7609  1.64420253e-01  -9.08613738e-02
7610  1.64445566e-01  -1.09043062e-01
9841  -1.14333735e+00  3.02264565e-03
9842  -1.14498196e+00  2.88026931e-03
9843  -1.12750526e+00  4.06908578e-03
9844  -1.11001698e+00  4.96542693e-03
9845  -1.09252581e+00  5.58990094e-03
9846  -1.07502896e+00  5.98904863e-03
9847  -1.05753357e+00  6.12447547e-03
9848  -1.04004003e+00  6.07628929e-03
9849  -1.02254207e+00  5.78214477e-03
9850  -1.00505470e+00  5.25124669e-03
9851  -9.87566966e-01  4.51358793e-03
9852  -9.63376396e-01  7.39914157e-03
9853  -9.45863673e-01  6.11610879e-03
9854  -9.28378538e-01  4.67012386e-03
9855  -9.10896166e-01  3.03753886e-03
9856  -8.93443184e-01  1.18798531e-03
9857  -8.76023845e-01  -8.14438622e-04
9858  -8.58618857e-01  -2.96871600e-03
9859  -8.41237956e-01  -5.29179725e-03
9860  -8.23887301e-01  -7.75527897e-03
9861  -8.06546482e-01  -1.03464278e-02
9862  -7.89228390e-01  -1.31136317e-02
9863  -7.71963735e-01  -1.60188126e-02
9864  -7.54717011e-01  -1.89796032e-02
9865  -7.37477739e-01  -2.20525571e-02
9866  -7.20266360e-01  -2.52273386e-02
9867  -7.03085081e-01  -2.84731410e-02
9868  -6.85913106e-01  -3.17576547e-02
9869  -6.68740208e-01  -3.51114092e-02
9870  -6.51595012e-01  -3.85563890e-02
9871  -6.34480397e-01  -4.20267498e-02
9872  -6.17372264e-01  -4.54924772e-02
9873  -6.00260237e-01  -4.89614267e-02
9874  -5.83152447e-01  -5.24440001e-02
9875  -5.66050939e-01  -5.59219775e-02
9876  -5.48956221e-01  -5.93848105e-02
9877  -5.31850190e-01  -6.28080000e-02
9878  -5.14740952e-01  -6.62311065e-02
9879  -4.97639440e-01  -6.96232726e-02
9880  -4.80543821e-01  -7.29593936e-02
9881  -4.63431473e-01  -7.62031721e-02
9882  -4.46297570e-01  -7.93922281e-02
9883  -4.29152385e-01  -8.25320959e-02
9884  -4.12020936e-01  -8.56193071e-02
9885  -3.94873308e-01  -8.85671887e-02
9886  -3.77696718e-01  -9.14377967e-02
9887  -3.60511251e-01  -9.42297915e-02
9888  -3.43317577e-01  -9.69248085e-02
9889  -3.16065600e-01  -7.58134690e-02
9890  -2.96564507e-01  -7.86209291e-02
9891  -2.82547637e-01  -8.05710017e-02
9892  -2.65831231e-01  -8.26949307e-02
9893  -2.48996912e-01  -8.47306899e-02
9894  -2.32195834e-01  -8.66611183e-02
9895  -2.15393651e-01  -8.84427822e-02
9896  -1.98550241e-01  -9.01120171e-02
9897  -1.81705998e-01  -9.16625814e-02
9898  -1.64895096e-01  -9.30835963e-02
9899  -1.48094234e-01  -9.43405456e-02
9900  -1.31232215e-01  -9.54522463e-02
9901  -1.14310830e-01  -9.64555240e-02
9902  -9.74692667e-02  -9.73574139e-02
9903  -8.06198959e-02  -9.80617579e-02
9904  -6.36743481e-02  -9.86715161e-02
9905  -4.68109158e-02  -9.91737977e-02
9906  -2.99802093e-02  -9.94911087e-02
9907  -1.30596689e-02  -9.96676886e-02
9908  3.89091835e-03  -9.97480982e-02
9909  2.07587886e-02  -9.97156527e-02
9910  3.75304608e-02  -9.95055393e-02
9911  5.43521628e-02  -9.90872321e-02
9912  7.12400394e-02  -9.85425378e-02
9913  8.80903586e-02  -9.78611580e-02
9914  1.04928723e-01  -9.70227592e-02
9915  1.21715215e-01  -9.60446891e-02
9916  1.38454865e-01  -9.48681152e-02
9917  1.65439730e-01  -9.26400964e-02
9918  1.71976348e-01  -9.20046267e-02
9919  1.93718606e-01  -1.14859631e-01
9920  2.10889323e-01  -1.12903067e-01
9921  2.28044769e-01  -1.10759801e-01
9922  2.45162037e-01  -1.08431257e-01
9923  2.62235775e-01  -1.05866027e-01
9924  2.79285324e-01  -1.03075683e-01
9925  2.96293204e-01  -1.00091623e-01
9926  3.13231876e-01  -9.68565695e-02
9927  3.30116587e-01  -9.33407707e-02
9928  3.46947207e-01  -8.95794006e-02
9929  3.63696027e-01  -8.55400514e-02
9930  3.80350436e-01  -8.11991101e-02
9931  4.00286421e-01  -8.00368151e-02
9932  4.17694123e-01  -7.45926601e-02
9933  4.34940456e-01  -6.87288167e-02
9934  4.51923349e-01  -6.22389984e-02
9935  4.68583413e-01  -5.51038438e-02
9936  4.84708664e-01  -4.69896759e-02
9937  5.00146368e-01  -3.78091439e-02
9938  5.14361342e-01  -2.73152225e-02
9939  5.25798338e-01  -1.48818058e-02
9940  5.30733384e-01  2.51950592e-04
9941  5.27390744e-01  1.58183994e-02
9942  5.18381398e-01  2.99791671e-02
9943  5.06439312e-01  4.25513987e-02
9944  4.92879701e-01  5.38197463e-02
9945  4.78405292e-01  6.41698217e-02
9946  4.63379473e-01  7.38346734e-02
9947  4.47942654e-01  8.28698747e-02
9948  4.32136296e-01  9.12877314e-02
9949  4.16023510e-01  9.91959285e-02
9950  3.99732510e-01  1.06739939e-01
9951  3.79589739e-01  1.10620407e-01
9952  3.63164118e-01  1.17119025e-01
9953  3.46594056e-01  1.23313978e-01
9954  3.29903360e-01  1.29185676e-01
9955  3.13097073e-01  1.34754905e-01
9956  2.96200884e-01  1.40038521e-01
9957  2.79193733e-01  1.45008690e-01
9958  2.62113081e-01  1.49752606e-01
9959  2.44957744e-01  1.54207061e-01
9960  2.27745478e-01  1.58419573e-01
9961  2.10452929e-01  1.62327022e-01
9962  1.93103230e-01  1.66028039e-01
9963  1.73534216e-01  1.69889755e-01
9964  1.65107271e-01  1.46158731e-01
9965  1.34642395e-01  1.51487037e-01
9966  1.17505951e-01  1.54156932e-01
9967  1.00307386e-01  1.56635449e-01
9968  8.30697411e-02  1.58867309e-01
9969  6.57742695e-02  1.60911064e-01
9970  4.84756313e-02  1.62739668e-01
9971  3.11487847e-02  1.64354717e-01
9972  1.38666132e-02  1.65758837e-01
9973  -3.47733816e-03  1.66886152e-01
9974  -2.08990676e-02  1.67853977e-01
9975  -3.82832096e-02  1.68609288e-01
9976  -5.56989231e-02  1.69151635e-01
9977  -7.30735176e-02  1.69507441e-01
9978  -9.03687237e-02  1.69601691e-01
9979  -1.07666053e-01  1.69426287e-01
9980  -1.24987599e-01  1.68994450e-01
9981  -1.42232586e-01  1.68325267e-01
9982  -1.59533172e-01  1.67324418e-01
9983  -1.76982680e-01  1.66146641e-01
9984  -1.94400344e-01  1.64805846e-01
9985  -2.11717824e-01  1.63283726e-01
9986  -2.29084638e-01  1.61502369e-01
9987  -2.46567418e-01  1.59595029e-01
9988  -2.63952003e-01  1.57577590e-01
9989  -2.81290643e-01  1.55361927e-01
9990  -2.96060479e-01  1.53361445e-01
9991  -3.19695488e-01  1.75168410e-01
9992  -3.43425811e-01  1.71548246e-01
9993  -3.60745614e-01  1.68802912e-01
9994  -3.78054636e-01  1.65957638e-01
9995  -3.95358051e-01  1.63030896e-01
9996  -4.12648279e-01  1.60036243e-01
9997  -4.29930209e-01  1.56954217e-01
9998  -4.47207049e-01  1.53830447e-01
9999  -4.64457758e-01  1.50632041e-01
10000  -4.81686860e-01  1.47346236e-01
10001  -4.98913686e-01  1.43960641e-01
10002  -5.16151070e-01  1.40548350e-01
10003  -5.33374146e-01  1.37100923e-01
10004  -5.50592861e-01  1.33600926e-01
10005  -5.67797983e-01  1.30090234e-01
10006  -5.84976944e-01  1.26486447e-01
10007  -6.02175597e-01  1.22838145e-01
10008  -6.19358285e-01  1.19209000e-01
10009  -6.36521411e-01  1.15464584e-01
10010  -6.53718362e-01  1.11749152e-01
10011  -6.70890262e-01  1.08028198e-01
10012  -6.88037128e-01  1.04254956e-01
10013  -7.05198995e-01  1.00413661e-01
10014  -7.22377504e-01  9.66295457e-02
10015  -7.39521643e-01  9.28039042e-02
10016  -7.56665109e-01  8.89401537e-02
10017  -7.73802321e-01  8.50595045e-02
10018  -7.90941353e-01  8.11305576e-02
10019  -8.08096925e-01  7.72300672e-02
10020  -8.25232236e-01  7.33259328e-02
10021  -8.42349029e-01  6.93815943e-02
10022  -8.59460870e-01  6.53934595e-02
10023  -8.76588555e-01  6.13776359e-02
10024  -8.93733142e-01  5.74009040e-02
10025  -9.10856011e-01  5.34361172e-02
10026  -9.27968361e-01  4.94201734e-02
10027  -9.45102413e-01  4.54114156e-02
10028  -9.62239463e-01  4.14273555e-02
10029  -9.86755420e-01  4.01556193e-02
10030  -1.00418484e+00  3.60818476e-02
10031  -1.02161602e+00  3.19750835e-02
10032  -1.03905574e+00  2.79170040e-02
10033  -1.05647459e+00  2.38090666e-02
10034  -1.07389842e+00  1.96791657e-02
10035  -1.09133184e+00  1.55712250e-02
10036  -1.10875901e+00  1.14782347e-02
10037  -1.12616773e+00  7.33782123e-03
10038  -1.14286813e+00  3.38619733e-03
10039  -2.96026603e-01  1.68952527e-01
10040  -2.96064722e-01  1.51407828e-01
10041  -2.96102841e-01  1.33863129e-01
10042  -2.96140961e-01  1.16318430e-01
10043  -2.96179080e-01  9.87737312e-02
10044  -2.96217200e-01  8.12290324e-02
10045  -2.96255319e-01  6.36843336e-02
10046  -2.96293439e-01  4.61396347e-02
10047  -2.96331558e-01  2.85949361e-02
10048  -2.96369677e-01  1.10502371e-02
10049  -2.96407797e-01  -6.49446169e-03
10050  -2.96445916e-01  -2.40391605e-02
10051  -2.96484036e-01  -4.15838594e-02
10052  -2.96522155e-01  -5.91285580e-02
10053  -2.96560274e-01  -7.66732570e-02
10054  -2.96598394e-01  -9.42179558e-02
10055  1.65082872e-01  1.63683678e-01
10056  1.65108184e-01  1.45501989e-01
10057  1.65133497e-01  1.27320301e-01
10058  1.65158810e-01  1.09138613e-01
10059  1.65184123e-01  9.09569248e-02
10060  1.65209436e-01  7.27752365e-02
10061  1.65234749e-01  5.45935483e-02
10062  1.65260062e-01  3.64118600e-02
10063  1.65285375e-01  1.82301717e-02
10064  1.65310688e-01  4.84832826e-05
10065  1.65336000e-01  -1.81332050e-02
10066  1.65361313e-01  -3.63148931e-02
10067  1.65386626e-01  -5.44965813e-02
10068  1.65411939e-01  -7.26782696e-02
10069  1.65437252e-01  -9.08599579e-02
10070  1.65462565e-01  -1.09041646e-01
