1  3  0  12.2926
245  5  0  12.2923
489  4  0  12.2918
733  5  0  12.2907
2  3  0  10.9792
246  5  0  10.9791
490  4  0  10.979
734  5  0  10.9788
3  3  0  9.373
247  5  0  9.37309
491  4  0  9.37321
735  5  0  9.37333
4  3  0  8.01354
248  5  0  8.01357
492  4  0  8.01362
736  5  0  8.01368
5  3  0  6.77314
249  5  0  6.77296
493  4  0  6.77269
737  5  0  6.77241
6  3  0  4.99581
250  5  0  4.99596
494  4  0  4.99618
738  5  0  4.99641
7  3  0  3.64233
251  5  0  3.64223
495  4  0  3.64208
739  5  0  3.64193
8  3  0  1.99752
252  5  0  1.99763
496  4  0  1.99781
740  5  0  1.99798
9  3  0  0.702413
253  5  0  0.702389
497  4  0  0.702354
741  5  0  0.702319
10  3  0  -0.670922
254  5  0  -0.671085
498  4  0  -0.671329
742  5  0  -0.671571
11  3  0  -2.49418
255  5  0  -2.4941
499  1  0  14.9047
743  5  0  29.4384
12  3  0  -3.98523
256  5  0  -3.98521
500  1  0  -3.98498
744  5  0  -3.98475
13  3  0  -5.40367
257  5  0  -5.40354
501  1  0  -5.40224
745  5  0  -5.40097
14  3  0  -6.32286
258  5  0  -6.32311
502  1  0  -6.32569
746  5  0  -6.32821
15  3  0  -8.1022
259  5  0  -8.1019
503  1  0  -8.09873
747  5  0  -8.09562
16  3  0  -8.66725
260  5  0  -8.66751
504  1  0  -8.67015
748  5  0  -8.67275
17  3  0  -10.3075
261  5  0  -10.3073
505  1  0  -10.305
749  5  0  -10.3027
18  3  0  -11.0846
262  5  0  -11.0846
506  1  0  -11.0855
750  5  0  -11.0863
19  3  0  -12.2444
263  5  0  -12.2443
507  1  0  -12.2441
751  5  0  -12.2439
20  3  0  -13.3064
264  5  0  -13.3063
508  1  0  -13.3056
752  5  0  -13.3049
21  3  0  -14.0167
265  5  0  -14.0167
509  1  0  -14.0169
753  5  0  -14.0171
22  3  0  -14.8452
266  5  0  -14.8452
510  1  0  -14.8451
754  5  0  -14.8451
23  3  0  -15.6574
267  5  0  -15.6573
511  1  0  -15.6569
755  5  0  -15.6564
24  3  0  -16.1654
268  5  0  -16.1655
512  1  0  -16.166
756  5  0  -16.1666
25  3  0  -17.0253
269  5  0  -17.0252
513  1  0  -17.0246
757  5  0  -17.0239
26  3  0  -17.3746
270  5  0  -17.3746
514  1  0  -17.3748
758  5  0  -17.375
27  3  0  -17.9281
271  5  0  -17.9281
515  1  0  -17.9278
759  5  0  -17.9276
28  3  0  -18.2737
272  5  0  -18.2737
516  1  0  -18.2736
760  5  0  -18.2735
29  3  0  -18.5319
273  5  0  -18.532
517  1  0  -18.532
761  5  0  -18.5321
30  3  0  -18.8996
274  5  0  -18.8996
518  1  0  -18.8996
762  5  0  -18.8996
31  3  0  -19.2417
275  5  0  -19.2417
519  1  0  -19.2416
763  5  0  -19.2415
32  3  0  -19.366
276  5  0  -19.366
520  1  0  -19.366
764  5  0  -19.366
33  3  0  -19.4603
277  5  0  -19.4603
521  1  0  -19.4603
765  5  0  -19.4603
34  3  0  -19.589
278  5  0  -19.589
522  1  0  -19.5891
766  5  0  -19.5891
35  3  0  -19.7504
279  5  0  -19.7504
523  1  0  -19.7504
767  5  0  -19.7503
36  3  0  -19.6755
280  5  0  -19.6755
524  1  0  -19.6755
768  5  0  -19.6756
37  3  0  -19.5818
281  5  0  -19.5818
525  1  0  -19.5818
769  5  0  -19.5818
38  3  0  -19.5364
282  5  0  -19.5364
526  1  0  -19.5364
770  5  0  -19.5365
39  3  0  -19.3961
283  5  0  -19.3961
527  1  0  -19.3961
771  5  0  -19.3961
40  3  0  -19.2647
284  5  0  -19.2647
528  1  0  -19.2648
772  5  0  -19.2648
41  3  0  -19.0864
285  5  0  -19.0864
529  1  0  -19.0865
773  5  0  -19.0866
42  3  0  -18.7921
286  5  0  -18.7921
530  1  0  -18.7921
774  5  0  -18.792
43  3  0  -18.5548
287  5  0  -18.5548
531  1  0  -18.5548
775  5  0  -18.5548
44  3  0  -18.3464
288  5  0  -18.3464
532  1  0  -18.3464
776  5  0  -18.3464
45  3  0  -18.0966
289  5  0  -18.0966
533  1  0  -18.0969
777  5  0  -18.0971
46  3  0  -17.5519
290  5  0  -17.5518
534  1  0  -17.5516
778  5  0  -17.5513
47  3  0  -17.3619
291  5  0  -17.3619
535  1  0  -17.362
779  5  0  -17.3621
48  3  0  -17.0635
292  5  0  -17.0636
536  1  0  -17.0641
780  5  0  -17.0646
49  3  0  -16.3212
293  5  0  -16.3211
537  1  0  -16.3206
781  5  0  -16.3202
50  3  0  -15.9562
294  5  0  -15.9562
538  1  0  -15.9564
782  5  0  -15.9565
51  3  0  -15.4429
295  5  0  -15.4429
539  1  0  -15.443
783  5  0  -15.4431
52  3  0  -14.8689
296  5  0  -14.8689
540  1  0  -14.8688
784  5  0  -14.8687
53  3  0  -14.358
297  5  0  -14.358
541  1  0  -8.34203
785  5  0  -2.3937
54  3  0  -13.4492
298  5  0  -13.3767
542  6  0  -13.3176
786  5  0  -13.3029
55  3  0  -12.6081
299  5  0  -12.4832
543  6  0  -12.1894
787  5  0  -12.0187
56  3  0  -12.0172
300  5  0  -12.0172
544  6  0  -12.0172
788  5  0  -12.0172
57  3  0  -11.4024
301  5  0  -11.4025
545  6  0  -11.4031
789  5  0  -11.4037
58  3  0  -10.5111
302  5  0  -10.5111
546  6  0  -10.5117
790  5  0  -10.5124
59  3  0  -9.40992
303  5  0  -9.40984
547  6  0  -9.40882
791  5  0  -9.40777
60  3  0  -8.69213
304  5  0  -8.69215
548  6  0  -8.69239
792  5  0  -8.69263
61  3  0  -7.86933
305  5  0  -7.86939
549  6  0  -7.87017
793  5  0  -7.87098
62  3  0  -6.76898
306  5  0  -6.76901
550  6  0  -6.76941
794  5  0  -6.76983
63  3  0  -5.55001
307  5  0  -5.54998
551  6  0  -5.54967
795  5  0  -5.54935
64  3  0  -4.42165
308  5  0  -4.42167
552  6  0  -4.42189
796  5  0  -4.42212
65  3  0  -3.22881
309  5  0  -3.22882
553  6  0  -3.22893
797  5  0  -3.22905
66  3  0  -2.00386
310  5  0  -2.00385
554  6  0  -2.00379
798  5  0  -2.00372
67  3  0  -0.796983
311  5  0  -0.797049
555  6  0  -0.797963
799  5  0  -0.798905
68  3  0  0.642786
312  5  0  0.64272
556  6  0  0.641817
800  5  0  0.64088
69  3  0  2.28012
313  5  0  2.28019
557  6  0  2.28114
801  5  0  2.28212
70  3  0  3.70983
314  5  0  3.70982
558  6  0  3.70969
802  5  0  3.70956
71  3  0  5.18743
315  5  0  5.31318
559  6  0  5.46822
803  5  0  5.53045
72  3  0  6.58873
316  5  0  6.81273
560  6  0  8.58004
804  5  0  174.547
73  3  0  8.09539
317  5  0  8.09536
561  1  0  0.587949
805  5  0  -6.87605
74  3  0  9.72327
318  5  0  9.7233
562  1  0  9.72361
806  5  0  9.72393
75  3  0  11.2649
319  5  0  11.265
563  1  0  11.2657
807  5  0  11.2664
76  3  0  12.5943
320  5  0  12.5943
564  1  0  12.5941
808  5  0  12.5939
77  3  0  13.9867
321  5  0  13.9867
565  1  0  13.9871
809  5  0  13.9875
78  3  0  15.256
322  5  0  15.256
566  1  0  15.2556
810  5  0  15.2553
79  3  0  16.6363
323  5  0  16.6364
567  1  0  16.6367
811  5  0  16.6369
80  3  0  17.9232
324  5  0  17.9231
568  1  0  17.9223
812  5  0  17.9215
81  3  0  19.4564
325  5  0  19.4565
569  1  0  19.4576
813  5  0  19.4587
82  3  0  20.6466
326  5  0  20.6465
570  1  0  20.6449
814  5  0  20.6434
83  3  0  22.3071
327  5  0  22.3072
571  1  0  22.3081
815  5  0  22.3091
84  3  0  23.7008
328  5  0  23.7008
572  1  0  23.7005
816  5  0  23.7001
85  3  0  25.1927
329  5  0  25.1927
573  1  0  25.1929
817  5  0  25.1932
86  3  0  26.6105
330  5  0  26.6104
574  1  0  2.59699
818  5  0  -15.3058
87  3  0  28.2709
331  5  0  28.2708
575  4  0  28.2706
819  5  0  28.2704
88  3  0  30.2948
332  5  0  30.2949
576  4  0  30.2951
820  5  0  30.2953
89  3  0  32.0183
333  5  0  32.0181
577  4  0  32.0178
821  5  0  32.0174
90  3  0  34.2379
334  5  0  34.2377
578  4  0  34.2375
822  5  0  34.2372
91  3  0  36.8467
335  5  0  36.8466
579  4  0  36.8466
823  5  0  36.8465
92  3  0  39.5227
336  5  0  39.5223
580  4  0  39.5218
824  5  0  39.5212
93  3  0  42.7892
337  5  0  42.7887
581  4  0  42.788
825  5  0  42.7872
94  3  0  46.7023
338  5  0  46.7018
582  4  0  46.7011
826  5  0  46.7003
95  3  0  51.1707
339  5  0  51.1679
583  4  0  51.1638
827  5  0  51.1596
96  3  0  57.9348
340  5  0  57.9285
584  4  0  57.9187
828  5  0  57.9088
97  3  0  68.2208
341  5  0  68.2122
585  4  0  68.1989
829  5  0  68.1852
98  3  0  81.9006
342  5  0  81.9206
586  4  0  81.9516
830  5  0  81.9838
99  3  0  98.3169
343  5  0  98.2836
587  4  0  98.2319
831  5  0  98.1777
100  3  0  115.421
344  5  0  115.44
588  4  0  115.47
832  5  0  115.5
101  3  0  126.568
345  5  0  126.578
589  4  0  126.592
833  5  0  126.607
102  3  0  132.852
346  5  0  132.854
590  4  0  132.857
834  5  0  132.859
103  3  0  137.669
347  5  0  137.67
591  4  0  137.672
835  5  0  137.673
104  3  0  141.192
348  5  0  141.192
592  4  0  141.193
836  5  0  141.194
105  3  0  144.012
349  5  0  144.012
593  4  0  144.012
837  5  0  144.013
106  3  0  146.678
350  5  0  146.678
594  4  0  146.679
838  5  0  146.679
107  3  0  149.007
351  5  0  149.007
595  4  0  149.007
839  5  0  149.008
108  3  0  150.798
352  5  0  150.798
596  4  0  150.798
840  5  0  150.798
109  3  0  152.576
353  5  0  152.576
597  4  0  152.576
841  5  0  152.576
110  3  0  154.583
354  5  0  154.583
598  1  0  175.843
842  5  0  -167.324
111  3  0  156.143
355  5  0  156.143
599  1  0  156.144
843  5  0  156.145
112  3  0  157.519
356  5  0  157.519
600  1  0  157.519
844  5  0  157.52
113  3  0  158.708
357  5  0  158.708
601  1  0  158.708
845  5  0  158.708
114  3  0  159.989
358  5  0  159.989
602  1  0  159.989
846  5  0  159.988
115  3  0  161.425
359  5  0  161.425
603  1  0  161.427
847  5  0  161.428
116  3  0  162.376
360  5  0  162.376
604  1  0  162.375
848  5  0  162.374
117  3  0  163.586
361  5  0  163.586
605  1  0  163.586
849  5  0  163.586
118  3  0  164.756
362  5  0  164.756
606  1  0  164.756
850  5  0  164.757
119  3  0  165.853
363  5  0  165.853
607  1  0  165.853
851  5  0  165.853
120  3  0  166.982
364  5  0  166.982
608  1  0  166.983
852  5  0  166.983
121  3  0  167.748
365  5  0  167.748
609  1  0  167.747
853  5  0  167.747
122  3  0  168.768
366  5  0  168.768
610  1  0  168.768
854  5  0  168.767
123  3  0  170.003
367  5  0  170.003
611  1  0  170.003
855  5  0  170.004
124  3  0  171.044
368  5  0  171.044
612  1  0  171.043
856  5  0  171.043
125  3  0  172.24
369  5  0  172.084
613  6  0  -156.4
857  5  0  -80.6974
126  3  0  173.198
370  5  0  173.111
614  6  0  173.003
858  5  0  172.961
127  3  0  173.971
371  5  0  173.971
615  6  0  173.971
859  5  0  173.971
128  3  0  174.907
372  5  0  174.907
616  6  0  174.906
860  5  0  174.905
129  3  0  176.05
373  5  0  176.05
617  6  0  176.051
861  5  0  176.052
130  3  0  176.884
374  5  0  176.884
618  6  0  176.884
862  5  0  176.884
131  3  0  177.708
375  5  0  177.708
619  6  0  177.708
863  5  0  177.707
132  3  0  178.561
376  5  0  178.561
620  6  0  178.561
864  5  0  178.561
133  3  0  179.38
377  5  0  179.38
621  6  0  179.38
865  5  0  179.38
134  3  0  -179.877
378  5  0  -179.877
622  6  0  -179.877
866  5  0  -179.878
135  3  0  -178.997
379  5  0  -178.997
623  6  0  -178.997
867  5  0  -178.997
136  3  0  -178.099
380  5  0  -178.099
624  6  0  -178.098
868  5  0  -178.098
137  3  0  -177.436
381  5  0  -177.436
625  6  0  -177.435
869  5  0  -177.435
138  3  0  -176.961
382  5  0  -176.962
626  6  0  -176.962
870  5  0  -176.963
139  3  0  -176.104
383  5  0  -176.104
627  6  0  -176.103
871  5  0  -176.103
140  3  0  -175.568
384  5  0  -175.568
628  6  0  -175.568
872  5  0  -175.568
141  3  0  -175.097
385  5  0  -175.097
629  6  0  -175.097
873  5  0  -175.097
142  3  0  -174.626
386  5  0  -174.721
630  6  0  -175.067
874  5  0  -175.585
143  3  0  -173.997
387  5  0  -174.052
631  6  0  -179.526
875  5  0  176.069
144  3  0  -173.518
388  5  0  -173.518
632  1  0  -173.518
876  5  0  -173.518
145  3  0  -173.078
389  5  0  -173.078
633  1  0  -173.078
877  5  0  -173.078
146  3  0  -172.592
390  5  0  -172.592
634  1  0  -172.591
878  5  0  -172.591
147  3  0  -172.201
391  5  0  -172.201
635  1  0  -172.201
879  5  0  -172.201
148  3  0  -171.987
392  5  0  -171.987
636  1  0  -171.987
880  5  0  -171.987
149  3  0  -171.488
393  5  0  -171.488
637  1  0  -171.488
881  5  0  -171.488
150  3  0  -171.234
394  5  0  -171.234
638  1  0  -171.234
882  5  0  -171.234
151  3  0  -170.993
395  5  0  -170.993
639  1  0  -170.993
883  5  0  -170.993
152  3  0  -170.526
396  5  0  -170.526
640  1  0  -170.526
884  5  0  -170.525
153  3  0  -170.349
397  5  0  -170.349
641  1  0  -170.349
885  5  0  -170.349
154  3  0  -170.133
398  5  0  -170.133
642  1  0  -170.133
886  5  0  -170.133
155  3  0  -169.852
399  5  0  -169.852
643  1  0  -169.852
887  5  0  -169.852
156  3  0  -169.52
400  5  0  -169.52
644  1  0  -169.52
888  5  0  -169.52
157  3  0  -169.415
401  5  0  -169.415
645  1  0  -169.415
889  5  0  -169.415
158  3  0  -169.19
402  5  0  -169.19
646  1  0  -169.19
890  5  0  -169.19
159  3  0  -168.855
403  5  0  -168.855
647  1  0  -168.855
891  5  0  -168.855
160  3  0  -168.677
404  5  0  -168.677
648  1  0  -168.677
892  5  0  -168.678
161  3  0  -168.442
405  5  0  -168.442
649  1  0  -168.442
893  5  0  -168.442
162  3  0  -168.29
406  5  0  -168.29
650  1  0  -168.29
894  5  0  -168.29
163  3  0  -168.159
407  5  0  -168.159
651  1  0  -168.159
895  5  0  -168.159
164  3  0  -167.944
408  5  0  -167.944
652  1  0  -167.944
896  5  0  -167.944
165  3  0  -167.824
409  5  0  -167.824
653  1  0  -167.824
897  5  0  -167.824
166  3  0  -167.675
410  5  0  -167.675
654  1  0  -167.675
898  5  0  -167.675
167  3  0  -167.543
411  5  0  -167.543
655  1  0  -167.543
899  5  0  -167.543
168  3  0  -167.472
412  5  0  -167.472
656  1  0  -167.472
900  5  0  -167.472
169  3  0  -167.307
413  5  0  -167.307
657  1  0  -167.306
901  5  0  -167.306
170  3  0  -167.24
414  5  0  -167.24
658  1  0  -167.24
902  5  0  -167.24
171  3  0  -167.157
415  5  0  -167.157
659  1  0  -167.157
903  5  0  -167.157
172  3  0  -167.048
416  5  0  -167.048
660  1  0  -167.048
904  5  0  -167.048
173  3  0  -166.938
417  5  0  -166.938
661  1  0  -166.938
905  5  0  -166.938
174  3  0  -166.87
418  5  0  -166.87
662  1  0  -166.87
906  5  0  -166.87
175  3  0  -166.694
419  5  0  -166.694
663  1  0  -166.694
907  5  0  -166.694
176  3  0  -166.662
420  5  0  -166.662
664  1  0  -166.662
908  5  0  -166.662
177  3  0  -166.556
421  5  0  -166.556
665  1  0  -166.556
909  5  0  -166.556
178  3  0  -166.473
422  5  0  -166.473
666  1  0  -166.473
910  5  0  -166.473
179  3  0  -166.495
423  5  0  -166.495
667  1  0  -166.495
911  5  0  -166.495
180  3  0  -166.371
424  5  0  -166.371
668  1  0  -166.371
912  5  0  -166.371
181  3  0  -166.159
425  5  0  -166.159
669  1  0  -166.159
913  5  0  -166.159
182  3  0  -166.267
426  5  0  -166.267
670  1  0  -166.267
914  5  0  -166.267
183  3  0  -166.251
427  5  0  -166.251
671  1  0  -166.251
915  5  0  -166.251
184  3  0  -166.136
428  5  0  -166.136
672  1  0  -166.136
916  5  0  -166.136
185  3  0  -166.089
429  5  0  -166.089
673  1  0  -166.089
917  5  0  -166.089
186  3  0  -166.037
430  5  0  -166.037
674  1  0  176.365
918  5  0  161.57
187  3  0  -166.064
431  5  0  -166.064
675  4  0  -166.064
919  5  0  -166.064
188  3  0  -166.072
432  5  0  -166.072
676  4  0  -166.072
920  5  0  -166.072
189  3  0  -165.882
433  5  0  -165.882
677  4  0  -165.882
921  5  0  -165.882
190  3  0  -165.976
434  5  0  -165.976
678  4  0  -165.976
922  5  0  -165.976
191  3  0  -165.735
435  5  0  -165.735
679  4  0  -165.735
923  5  0  -165.735
192  3  0  -165.491
436  5  0  -165.491
680  4  0  -165.491
924  5  0  -165.491
193  3  0  -165.383
437  5  0  -165.383
681  4  0  -165.383
925  5  0  -165.383
194  3  0  -165.052
438  5  0  -165.052
682  4  0  -165.052
926  5  0  -165.052
195  3  0  -164.61
439  5  0  -164.78
683  4  0  -165.047
927  5  0  -165.328
196  3  0  -125.639
440  5  0  -125.525
684  4  0  -125.303
928  5  0  -124.985
197  2  0  -90.0386
441  1  0  -90.0386
685  1  0  -90.0386
929  2  0  89.9614
198  2  0  -90.0386
442  1  0  -90.0386
686  1  0  -90.0386
930  2  0  -90.0386
199  2  0  -90.0386
443  1  0  -90.0386
687  1  0  -90.0386
931  2  0  -90.0386
200  2  0  -90.0386
444  1  0  -90.0386
688  1  0  -90.0386
932  2  0  -90.0386
201  2  0  -90.0386
445  1  0  -90.0386
689  1  0  -90.0386
933  2  0  -90.0386
202  2  0  -90.0386
446  1  0  -90.0386
690  1  0  -90.0386
934  2  0  -90.0386
203  2  0  -90.0386
447  1  0  -90.0386
691  1  0  -90.0386
935  2  0  -90.0386
204  2  0  -90.0386
448  1  0  -90.0386
692  1  0  -90.0386
936  2  0  -90.0386
205  2  0  -90.0386
449  1  0  -90.0386
693  1  0  -90.0386
937  2  0  -90.0386
206  2  0  -90.0386
450  1  0  -90.0386
694  1  0  -90.0386
938  2  0  -90.0386
207  2  0  -90.0386
451  1  0  -90.0386
695  1  0  -90.0386
939  2  0  -90.0386
208  2  0  -90.0386
452  1  0  -90.0386
696  1  0  -90.0386
940  2  0  -90.0386
209  2  0  -90.0386
453  1  0  -90.0386
697  1  0  -90.0386
941  2  0  -90.0386
210  2  0  -90.0386
454  1  0  -90.0386
698  1  0  -90.0386
942  2  0  -90.0386
211  2  0  -90.0386
455  1  0  -90.0386
699  1  0  -90.0386
943  2  0  -90.0386
212  2  0  -90.0386
456  1  0  -90.0386
700  1  0  -90.0386
944  2  0  -90.0386
213  2  0  -90.0386
457  1  0  -90.0386
701  1  0  -90.0386
945  2  0  -90.0386
214  2  0  -90.0386
458  1  0  -90.0386
702  1  0  -90.0386
946  2  0  -90.0386
215  2  0  -90.0386
459  1  0  -90.0386
703  1  0  -90.0386
947  2  0  -90.0386
216  2  0  -90.0386
460  1  0  -90.0386
704  1  0  -90.0386
948  2  0  -90.0386
217  2  0  -90.0386
461  1  0  -90.0386
705  1  0  -90.0386
949  2  0  -90.0386
218  2  0  -90.0386
462  1  0  -90.0386
706  1  0  -90.0386
950  2  0  -90.0386
219  2  0  -90.0386
463  1  0  -90.0386
707  1  0  -90.0386
951  2  0  89.9614
220  2  0  -90.021
464  1  0  -90.021
708  1  0  -90.021
952  2  0  89.979
221  2  0  -90.021
465  1  0  -90.021
709  1  0  -90.021
953  2  0  -90.021
222  2  0  -90.021
466  1  0  -90.021
710  1  0  -90.021
954  2  0  -90.021
223  2  0  -90.021
467  1  0  -90.021
711  1  0  -90.021
955  2  0  -90.021
224  2  0  -90.021
468  1  0  -90.021
712  1  0  -90.021
956  2  0  -90.021
225  2  0  -90.021
469  1  0  -90.021
713  1  0  -90.021
957  2  0  -90.021
226  2  0  -90.021
470  1  0  -90.021
714  1  0  -90.021
958  2  0  -90.021
227  2  0  -90.021
471  1  0  -90.021
715  1  0  -90.021
959  2  0  -90.021
228  2  0  -90.021
472  1  0  -90.021
716  1  0  -90.021
960  2  0  -90.021
229  2  0  -90.021
473  1  0  -90.021
717  1  0  -90.021
961  2  0  -90.021
230  2  0  -90.021
474  1  0  -90.021
718  1  0  -90.021
962  2  0  -90.021
231  2  0  -90.021
475  1  0  -90.021
719  1  0  -90.021
963  2  0  -90.021
232  2  0  -90.021
476  1  0  -90.021
720  1  0  -90.021
964  2  0  -90.021
233  2  0  -90.021
477  1  0  -90.021
721  1  0  -90.021
965  2  0  -90.021
234  2  0  -90.021
478  1  0  -90.021
722  1  0  -90.021
966  2  0  -90.021
235  2  0  -90.021
479  1  0  -90.021
723  1  0  -90.021
967  2  0  -90.021
236  2  0  -90.021
480  1  0  -90.021
724  1  0  -90.021
968  2  0  -90.021
237  2  0  -90.021
481  1  0  -90.021
725  1  0  -90.021
969  2  0  -90.021
238  2  0  -90.021
482  1  0  -90.021
726  1  0  -90.021
970  2  0  -90.021
239  2  0  -90.021
483  1  0  -90.021
727  1  0  -90.021
971  2  0  -90.021
240  2  0  -90.021
484  1  0  -90.021
728  1  0  -90.021
972  2  0  -90.021
241  2  0  -90.021
485  1  0  -90.021
729  1  0  -90.021
973  2  0  -90.021
242  2  0  -90.021
486  1  0  -90.021
730  1  0  -90.021
974  2  0  -90.021
243  2  0  -90.021
487  1  0  -90.021
731  1  0  -90.021
975  2  0  -90.021
244  2  0  -90.021
488  1  0  -90.021
732  1  0  -90.021
976  2  0  89.979
