1  -1.90660000e+00  -1.58751156e-02
2  -1.87843589e+00  -9.73815358e-03
3  -1.85013858e+00  -4.24835419e-03
4  -1.82169852e+00  4.46094041e-04
5  -1.79315510e+00  4.46448405e-03
6  -1.76453211e+00  7.86397801e-03
7  -1.73581707e+00  1.03740879e-02
8  -1.70705111e+00  1.22052336e-02
9  -1.67824421e+00  1.32099327e-02
10  -1.64942190e+00  1.35632971e-02
11  -1.62060000e+00  1.32257967e-02
12  -1.57790759e+00  1.13661398e-02
13  -1.54756919e+00  9.25252651e-03
14  -1.51729110e+00  6.38843824e-03
15  -1.48706271e+00  3.03900633e-03
16  -1.45695351e+00  -1.24737690e-03
17  -1.42688696e+00  -5.83059823e-03
18  -1.39696536e+00  -1.12723527e-02
19  -1.36711899e+00  -1.71196163e-02
20  -1.33739796e+00  -2.35696268e-02
21  -1.30780124e+00  -3.05694863e-02
22  -1.27829318e+00  -3.79358071e-02
23  -1.24889591e+00  -4.57276928e-02
24  -1.21961078e+00  -5.39358768e-02
25  -1.19039953e+00  -6.24034174e-02
26  -1.16131858e+00  -7.13084147e-02
27  -1.13229241e+00  -8.03905140e-02
28  -1.10335556e+00  -8.97525250e-02
29  -1.07447549e+00  -9.92889674e-02
30  -1.04563876e+00  -1.08955483e-01
31  -1.01686456e+00  -1.18806877e-01
32  -9.88149707e-01  -1.28829911e-01
33  -9.59456651e-01  -1.38915204e-01
34  -9.30780228e-01  -1.49047699e-01
35  -9.02126642e-01  -1.59244611e-01
36  -8.73501889e-01  -1.69522161e-01
37  -8.44863749e-01  -1.79762311e-01
38  -8.16208868e-01  -1.89955592e-01
39  -7.87545924e-01  -2.00126181e-01
40  -7.58858176e-01  -2.10226549e-01
41  -7.30147368e-01  -2.20261103e-01
42  -7.01405473e-01  -2.30206253e-01
43  -6.72612844e-01  -2.40003644e-01
44  -6.43779910e-01  -2.49681690e-01
45  -6.14912024e-01  -2.59254751e-01
46  -5.86002581e-01  -2.68701906e-01
47  -5.57004628e-01  -2.77873800e-01
48  -5.27976473e-01  -2.86949501e-01
49  -4.98901617e-01  -2.95873844e-01
50  -4.69713352e-01  -3.04420793e-01
51  -4.40471369e-01  -3.12781618e-01
52  -4.11156287e-01  -3.20879976e-01
53  -3.81760865e-01  -3.28684409e-01
54  -3.40000000e-01  -3.39374143e-01
55  -3.10474227e-01  -3.46440229e-01
56  -2.80848465e-01  -3.53072272e-01
57  -2.51154939e-01  -3.59393135e-01
58  -2.21395129e-01  -3.65395079e-01
59  -1.91545046e-01  -3.70933433e-01
60  -1.61594785e-01  -3.75897001e-01
61  -1.31584885e-01  -3.80484943e-01
62  -1.01513072e-01  -3.84641340e-01
63  -7.13651864e-02  -3.88219700e-01
64  -4.11480934e-02  -3.91155897e-01
65  -1.08804725e-02  -3.93496369e-01
66  1.94283901e-02  -3.95206184e-01
67  4.97676011e-02  -3.96267698e-01
68  8.01233462e-02  -3.96689967e-01
69  1.10480962e-01  -3.96349373e-01
70  1.40815594e-01  -3.95141555e-01
71  1.71108898e-01  -3.93177354e-01
72  2.01342072e-01  -3.90441939e-01
73  2.31500000e-01  -3.86968401e-01
74  2.65968428e-01  -3.82065646e-01
75  2.96064786e-01  -3.76908605e-01
76  3.26013279e-01  -3.70943373e-01
77  3.55815617e-01  -3.64284880e-01
78  3.85447982e-01  -3.56904006e-01
79  4.14909686e-01  -3.48868509e-01
80  4.44169434e-01  -3.40125587e-01
81  4.73225494e-01  -3.30727751e-01
82  5.02019542e-01  -3.20555878e-01
83  5.30595541e-01  -3.09788307e-01
84  5.58847613e-01  -2.98197209e-01
85  5.86808837e-01  -2.85922615e-01
86  6.14441004e-01  -2.72924220e-01
87  6.41742675e-01  -2.59246303e-01
88  6.72900000e-01  -2.42490200e-01
89  6.99810720e-01  -2.26768117e-01
90  7.26233986e-01  -2.10245286e-01
91  7.51998588e-01  -1.92710703e-01
92  7.76937669e-01  -1.74022169e-01
93  8.00976342e-01  -1.54190176e-01
94  8.23844958e-01  -1.33021545e-01
95  8.45211479e-01  -1.10346036e-01
96  8.64745376e-01  -8.60758249e-02
97  8.81271934e-01  -5.96935391e-02
98  8.92814788e-01  -3.08018143e-02
99  8.97200000e-01  0.00000000e+00
100  8.92953740e-01  2.90279890e-02
101  8.80370936e-01  5.55055420e-02
102  8.62866026e-01  7.91045854e-02
103  8.42874543e-01  1.00654390e-01
104  8.21143883e-01  1.20449726e-01
105  7.98232735e-01  1.38876196e-01
106  7.74441780e-01  1.56153581e-01
107  7.49873190e-01  1.72305570e-01
108  7.24667319e-01  1.87446729e-01
109  6.99000279e-01  2.01792517e-01
110  6.72900000e-01  2.15335436e-01
111  6.41324743e-01  2.30339806e-01
112  6.13664743e-01  2.42572009e-01
113  5.85717708e-01  2.54137261e-01
114  5.57536426e-01  2.65120001e-01
115  5.29116505e-01  2.75470079e-01
116  5.00445863e-01  2.85104764e-01
117  4.71619407e-01  2.94262454e-01
118  4.42605948e-01  3.02809486e-01
119  4.13423795e-01  3.10762023e-01
120  3.84094677e-01  3.18154397e-01
121  3.54625729e-01  3.24967705e-01
122  3.25068408e-01  3.31386311e-01
123  2.95402042e-01  3.37277487e-01
124  2.65616800e-01  3.42527967e-01
125  2.31500000e-01  3.47904751e-01
126  2.01614310e-01  3.51970718e-01
127  1.71663453e-01  3.55536860e-01
128  1.41668239e-01  3.58704609e-01
129  1.11624620e-01  3.61382377e-01
130  8.15332622e-02  3.63460123e-01
131  5.14152523e-02  3.65099537e-01
132  2.12773257e-02  3.66305994e-01
133  -8.87501574e-03  3.67063465e-01
134  -3.90358621e-02  3.67389860e-01
135  -6.91988379e-02  3.67325147e-01
136  -9.93570616e-02  3.66797298e-01
137  -1.29501971e-01  3.65796576e-01
138  -1.59634446e-01  3.64447096e-01
139  -1.89754789e-01  3.62848245e-01
140  -2.19848122e-01  3.60798836e-01
141  -2.49920710e-01  3.58468001e-01
142  -2.79972950e-01  3.55890121e-01
143  -3.10002768e-01  3.53060859e-01
144  -3.40000000e-01  3.49902476e-01
145  -3.81946336e-01  3.45136571e-01
146  -4.11556449e-01  3.41541781e-01
147  -4.41134558e-01  3.37695817e-01
148  -4.70686206e-01  3.33648252e-01
149  -5.00222557e-01  3.29490174e-01
150  -5.29721552e-01  3.25075203e-01
151  -5.59200667e-01  3.20529536e-01
152  -5.88660361e-01  3.15859765e-01
153  -6.18081122e-01  3.10950108e-01
154  -6.47486587e-01  3.05949846e-01
155  -6.76872890e-01  3.00838597e-01
156  -7.06233826e-01  2.95583162e-01
157  -7.35563877e-01  2.90157993e-01
158  -7.64883910e-01  2.84678850e-01
159  -7.94181911e-01  2.79084479e-01
160  -8.23446993e-01  2.73319059e-01
161  -8.52694075e-01  2.67462954e-01
162  -8.81916814e-01  2.61486806e-01
163  -9.11123663e-01  2.55433300e-01
164  -9.40316507e-01  2.49312607e-01
165  -9.69486251e-01  2.43082736e-01
166  -9.98642811e-01  2.36791443e-01
167  -1.02778297e+00  2.30424743e-01
168  -1.05690838e+00  2.23990776e-01
169  -1.08602574e+00  2.17520445e-01
170  -1.11512433e+00  2.10966274e-01
171  -1.14421533e+00  2.04378452e-01
172  -1.17329668e+00  1.97748205e-01
173  -1.20236541e+00  1.91062812e-01
174  -1.23142122e+00  1.84321469e-01
175  -1.26046907e+00  1.77545949e-01
176  -1.28949591e+00  1.70680972e-01
177  -1.31851893e+00  1.63799833e-01
178  -1.34752923e+00  1.56865311e-01
179  -1.37652943e+00  1.49888656e-01
180  -1.40553227e+00  1.42922949e-01
181  -1.43451974e+00  1.35894354e-01
182  -1.46348120e+00  1.28758574e-01
183  -1.49245608e+00  1.21677500e-01
184  -1.52142895e+00  1.14588258e-01
185  -1.55038761e+00  1.07441122e-01
186  -1.57934033e+00  1.00269960e-01
187  -1.62060000e+00  9.00111217e-02
188  -1.64927701e+00  8.28950672e-02
189  -1.67795505e+00  7.57831904e-02
190  -1.70660930e+00  6.85762099e-02
191  -1.73527536e+00  6.14161998e-02
192  -1.76391099e+00  5.41356961e-02
193  -1.79251540e+00  4.67332242e-02
194  -1.82110580e+00  3.92768329e-02
195  -1.84965262e+00  3.16554977e-02
196  -1.87813603e+00  2.38004829e-02
197  -3.10023267e-01  3.22647769e-01
198  -3.10043765e-01  2.92234678e-01
199  -3.10064263e-01  2.61821587e-01
200  -3.10084761e-01  2.31408496e-01
201  -3.10105259e-01  2.00995405e-01
202  -3.10125757e-01  1.70582315e-01
203  -3.10146256e-01  1.40169224e-01
204  -3.10166754e-01  1.09756133e-01
205  -3.10187252e-01  7.93430421e-02
206  -3.10207750e-01  4.89299513e-02
207  -3.10228248e-01  1.85168605e-02
208  -3.10248747e-01  -1.18962303e-02
209  -3.10269245e-01  -4.23093211e-02
210  -3.10289743e-01  -7.27224119e-02
211  -3.10310241e-01  -1.03135503e-01
212  -3.10330739e-01  -1.33548594e-01
213  -3.10351238e-01  -1.63961684e-01
214  -3.10371736e-01  -1.94374775e-01
215  -3.10392234e-01  -2.24787866e-01
216  -3.10412732e-01  -2.55200957e-01
217  -3.10433230e-01  -2.85614048e-01
218  -3.10453729e-01  -3.16027138e-01
219  2.01603420e-01  3.22274211e-01
220  2.01592531e-01  2.92577705e-01
221  2.01581641e-01  2.62881199e-01
222  2.01570752e-01  2.33184693e-01
223  2.01559862e-01  2.03488186e-01
224  2.01548973e-01  1.73791680e-01
225  2.01538083e-01  1.44095174e-01
226  2.01527194e-01  1.14398668e-01
227  2.01516304e-01  8.47021613e-02
228  2.01505415e-01  5.50056550e-02
229  2.01494525e-01  2.53091488e-02
230  2.01483636e-01  -4.38735749e-03
231  2.01472746e-01  -3.40838638e-02
232  2.01461857e-01  -6.37803700e-02
233  2.01450967e-01  -9.34768763e-02
234  2.01440078e-01  -1.23173383e-01
235  2.01429188e-01  -1.52869889e-01
236  2.01418299e-01  -1.82566395e-01
237  2.01407409e-01  -2.12262901e-01
238  2.01396520e-01  -2.41959408e-01
239  2.01385630e-01  -2.71655914e-01
240  2.01374741e-01  -3.01352420e-01
241  2.01363851e-01  -3.31048926e-01
242  2.01352962e-01  -3.60745433e-01
2485  -1.90543546e+00  -1.51096307e-02
2486  -1.87853674e+00  -9.24842909e-03
2487  -1.85022692e+00  -3.75621952e-03
2488  -1.82177409e+00  9.40349877e-04
2489  -1.79321944e+00  4.96032710e-03
2490  -1.76458337e+00  8.36134332e-03
2491  -1.73585473e+00  1.08726680e-02
2492  -1.70707571e+00  1.27046281e-02
2493  -1.67825599e+00  1.37097939e-02
2494  -1.64942204e+00  1.40632971e-02
2495  -1.62058619e+00  1.37256060e-02
2496  -1.57787933e+00  1.18653407e-02
2497  -1.54752827e+00  9.75084916e-03
2498  -1.51724002e+00  6.88582251e-03
2499  -1.48699993e+00  3.53504996e-03
2500  -1.45688060e+00  -7.52721289e-04
2501  -1.42680454e+00  -5.33743727e-03
2502  -1.39687256e+00  -1.07810399e-02
2503  -1.36701790e+00  -1.66299421e-02
2504  -1.33728740e+00  -2.30820046e-02
2505  -1.30768315e+00  -3.00836324e-02
2506  -1.27816857e+00  -3.74515827e-02
2507  -1.24876438e+00  -4.52453021e-02
2508  -1.21947370e+00  -5.34550334e-02
2509  -1.19025672e+00  -6.19242446e-02
2510  -1.16117073e+00  -7.08307754e-02
2511  -1.13214080e+00  -7.99140543e-02
2512  -1.10320021e+00  -8.92772695e-02
2513  -1.07431764e+00  -9.88145371e-02
2514  -1.04547832e+00  -1.08481922e-01
2515  -1.01670119e+00  -1.18334319e-01
2516  -9.87984418e-01  -1.28358022e-01
2517  -9.59290462e-01  -1.38443631e-01
2518  -9.30613122e-01  -1.48576450e-01
2519  -9.01958343e-01  -1.58773787e-01
2520  -8.73333235e-01  -1.69051464e-01
2521  -8.44695788e-01  -1.79291366e-01
2522  -8.16041478e-01  -1.89484444e-01
2523  -7.87379298e-01  -1.99654762e-01
2524  -7.58692668e-01  -2.09754736e-01
2525  -7.29983136e-01  -2.19788845e-01
2526  -7.01243190e-01  -2.29733321e-01
2527  -6.72452757e-01  -2.39529965e-01
2528  -6.43621667e-01  -2.49207392e-01
2529  -6.14755679e-01  -2.58779824e-01
2530  -5.85849532e-01  -2.68225906e-01
2531  -5.56854634e-01  -2.77396829e-01
2532  -5.27828513e-01  -2.86471895e-01
2533  -4.98758001e-01  -2.95394914e-01
2534  -4.69574370e-01  -3.03940497e-01
2535  -4.40336072e-01  -3.12300271e-01
2536  -4.11025564e-01  -3.20397367e-01
2537  -3.81634717e-01  -3.28200584e-01
2538  -3.39879815e-01  -3.38888802e-01
2539  -3.08974115e-01  -3.46274388e-01
2540  -2.80741799e-01  -3.52583782e-01
2541  -2.51053462e-01  -3.58903541e-01
2542  -2.21300095e-01  -3.64904194e-01
2543  -1.91458561e-01  -3.70440969e-01
2544  -1.61516128e-01  -3.75403227e-01
2545  -1.31512873e-01  -3.79990156e-01
2546  -1.01449374e-01  -3.84145414e-01
2547  -7.13115382e-02  -3.87722586e-01
2548  -4.11046387e-02  -3.90657789e-01
2549  -1.08471159e-02  -3.92997483e-01
2550  1.94512140e-02  -3.94706705e-01
2551  4.97798208e-02  -3.95767847e-01
2552  8.01240189e-02  -3.96189967e-01
2553  1.10468210e-01  -3.95849536e-01
2554  1.40789470e-01  -3.94642238e-01
2555  1.71070192e-01  -3.92678854e-01
2556  2.02842313e-01  -3.89785060e-01
2557  2.31436183e-01  -3.86472490e-01
2558  2.65890992e-01  -3.81571679e-01
2559  2.95973719e-01  -3.76416968e-01
2560  3.25909924e-01  -3.70454172e-01
2561  3.55700673e-01  -3.63798271e-01
2562  3.85321767e-01  -3.56420198e-01
2563  4.14772319e-01  -3.48387749e-01
2564  4.44020915e-01  -3.39648154e-01
2565  4.73065272e-01  -3.30254117e-01
2566  5.01848109e-01  -3.20086186e-01
2567  5.30412478e-01  -3.09323024e-01
2568  5.58652216e-01  -2.97736970e-01
2569  5.86601913e-01  -2.85467442e-01
2570  6.14222591e-01  -2.72474447e-01
2571  6.41512260e-01  -2.58802559e-01
2572  6.72655439e-01  -2.42054092e-01
2573  6.99552031e-01  -2.26340239e-01
2574  7.25960729e-01  -2.09826561e-01
2575  7.51707936e-01  -1.92303860e-01
2576  7.76628570e-01  -1.73629158e-01
2577  8.00647286e-01  -1.53813716e-01
2578  8.23492976e-01  -1.32666427e-01
2579  8.44834486e-01  -1.10017590e-01
2580  8.64338047e-01  -8.57858537e-02
2581  8.80826118e-01  -5.94671589e-02
2582  8.92331690e-01  -3.06729088e-02
2583  8.96694820e-01  -9.68203978e-07
2584  8.92475258e-01  2.88828862e-02
2585  8.79942318e-01  5.52480793e-02
2586  8.62481377e-01  7.87851398e-02
2587  8.42522598e-01  1.00299236e-01
2588  8.20818695e-01  1.20069920e-01
2589  7.97929061e-01  1.38478978e-01
2590  7.74157464e-01  1.55742285e-01
2591  7.49607065e-01  1.71882276e-01
2592  7.24416583e-01  1.87014142e-01
2593  6.98763137e-01  2.01352331e-01
2594  6.72677523e-01  2.14887659e-01
2595  6.41116311e-01  2.29885321e-01
2596  6.13468022e-01  2.42112334e-01
2597  5.85531324e-01  2.53673299e-01
2598  5.57360086e-01  2.64652129e-01
2599  5.28951307e-01  2.74998158e-01
2600  5.00290529e-01  2.84629505e-01
2601  4.71473060e-01  2.93784351e-01
2602  4.42469564e-01  3.02328446e-01
2603  4.13296956e-01  3.10278379e-01
2604  3.83977255e-01  3.17668381e-01
2605  3.54516358e-01  3.24479814e-01
2606  3.24966657e-01  3.30896774e-01
2607  2.95309942e-01  3.36786043e-01
2608  2.65534477e-01  3.42034791e-01
2609  2.31427374e-01  3.47410054e-01
2610  2.03114055e-01  3.51275375e-01
2611  1.71607638e-01  3.55039985e-01
2612  1.41619787e-01  3.58206962e-01
2613  1.11585203e-01  3.60883933e-01
2614  8.15024523e-02  3.62961073e-01
2615  5.13916638e-02  3.64600094e-01
2616  2.12610471e-02  3.65806259e-01
2617  -8.88399965e-03  3.66563546e-01
2618  -3.90380311e-02  3.66889865e-01
2619  -6.91939264e-02  3.66825171e-01
2620  -9.93443915e-02  3.66297459e-01
2621  -1.29482491e-01  3.65296956e-01
2622  -1.59610009e-01  3.63947694e-01
2623  -1.89724550e-01  3.62349160e-01
2624  -2.19811817e-01  3.60300156e-01
2625  -2.49880024e-01  3.57969659e-01
2626  -2.79928133e-01  3.55392134e-01
2627  -3.08503006e-01  3.52707978e-01
2628  -3.39945599e-01  3.49405444e-01
2629  -3.81887983e-01  3.44639988e-01
2630  -4.11494083e-01  3.41045686e-01
2631  -4.41068397e-01  3.37200214e-01
2632  -4.70617430e-01  3.33153005e-01
2633  -5.00150701e-01  3.28995364e-01
2634  -5.29646448e-01  3.24580876e-01
2635  -5.59123427e-01  3.20035538e-01
2636  -5.88580070e-01  3.15366254e-01
2637  -6.17998062e-01  3.10457055e-01
2638  -6.47401837e-01  3.05457081e-01
2639  -6.76786001e-01  3.00346205e-01
2640  -7.06144306e-01  2.95091241e-01
2641  -7.35472482e-01  2.89666417e-01
2642  -7.64791097e-01  2.84187540e-01
2643  -7.94086698e-01  2.78593628e-01
2644  -8.23349587e-01  2.72828639e-01
2645  -8.52594903e-01  2.66972888e-01
2646  -8.81815987e-01  2.60997078e-01
2647  -9.11021625e-01  2.54943823e-01
2648  -9.40212991e-01  2.48823440e-01
2649  -9.69381305e-01  2.42593874e-01
2650  -9.98536718e-01  2.36302828e-01
2651  -1.02767568e+00  2.29936390e-01
2652  -1.05680022e+00  2.23502614e-01
2653  -1.08591658e+00  2.17032507e-01
2654  -1.11501418e+00  2.10478558e-01
2655  -1.14410454e+00  2.03890880e-01
2656  -1.17318507e+00  1.97260820e-01
2657  -1.20225287e+00  1.90575641e-01
2658  -1.23130793e+00  1.83834473e-01
2659  -1.26035474e+00  1.77059195e-01
2660  -1.28938070e+00  1.70194427e-01
2661  -1.31840313e+00  1.63313427e-01
2662  -1.34741263e+00  1.56379096e-01
2663  -1.37641257e+00  1.49402504e-01
2664  -1.40541498e+00  1.42436901e-01
2665  -1.43440102e+00  1.35408653e-01
2666  -1.46336204e+00  1.28272980e-01
2667  -1.49233731e+00  1.21191811e-01
2668  -1.52130963e+00  1.14102705e-01
2669  -1.55026760e+00  1.06955738e-01
2670  -1.57921990e+00  9.97846797e-02
2671  -1.62047947e+00  8.95258675e-02
2672  -1.64915662e+00  8.24097761e-02
2673  -1.67783390e+00  7.52980909e-02
2674  -1.70648774e+00  6.80912122e-02
2675  -1.73515318e+00  6.09313585e-02
2676  -1.76378675e+00  5.36513765e-02
2677  -1.79238968e+00  4.62492887e-02
2678  -1.82097822e+00  3.87933824e-02
2679  -1.84952167e+00  3.11729500e-02
2680  -1.87785010e+00  2.33903101e-02
2681  -3.08523267e-01  3.22646758e-01
2682  -3.08543765e-01  2.92233667e-01
2683  -3.08564263e-01  2.61820576e-01
2684  -3.08584761e-01  2.31407485e-01
2685  -3.08605259e-01  2.00994394e-01
2686  -3.08625757e-01  1.70581304e-01
2687  -3.08646256e-01  1.40168213e-01
2688  -3.08666754e-01  1.09755122e-01
2689  -3.08687252e-01  7.93420311e-02
2690  -3.08707750e-01  4.89289403e-02
2691  -3.08728248e-01  1.85158495e-02
2692  -3.08748747e-01  -1.18972413e-02
2693  -3.08769245e-01  -4.23103321e-02
2694  -3.08789743e-01  -7.27234229e-02
2695  -3.08810241e-01  -1.03136514e-01
2696  -3.08830739e-01  -1.33549605e-01
2697  -3.08851238e-01  -1.63962695e-01
2698  -3.08871736e-01  -1.94375786e-01
2699  -3.08892234e-01  -2.24788877e-01
2700  -3.08912732e-01  -2.55201968e-01
2701  -3.08933230e-01  -2.85615059e-01
2702  -3.08953729e-01  -3.16028149e-01
2703  2.03103420e-01  3.22273661e-01
2704  2.03092531e-01  2.92577155e-01
2705  2.03081641e-01  2.62880649e-01
2706  2.03070752e-01  2.33184143e-01
2707  2.03059862e-01  2.03487636e-01
2708  2.03048973e-01  1.73791130e-01
2709  2.03038083e-01  1.44094624e-01
2710  2.03027194e-01  1.14398118e-01
2711  2.03016304e-01  8.47016113e-02
2712  2.03005415e-01  5.50051050e-02
2713  2.02994525e-01  2.53085988e-02
2714  2.02983636e-01  -4.38790753e-03
2715  2.02972746e-01  -3.40844138e-02
2716  2.02961857e-01  -6.37809200e-02
2717  2.02950967e-01  -9.34774263e-02
2718  2.02940078e-01  -1.23173933e-01
2719  2.02929188e-01  -1.52870439e-01
2720  2.02918299e-01  -1.82566945e-01
2721  2.02907409e-01  -2.12263451e-01
2722  2.02896520e-01  -2.41959958e-01
2723  2.02885630e-01  -2.71656464e-01
2724  2.02874741e-01  -3.01352970e-01
2725  2.02863851e-01  -3.31049476e-01
2726  2.02852962e-01  -3.60745983e-01
4969  -1.89961279e+00  -1.12822064e-02
4970  -1.87904097e+00  -6.79980661e-03
4971  -1.85066860e+00  -1.29554615e-03
4972  -1.82215195e+00  3.41162906e-03
4973  -1.79354114e+00  7.43954235e-03
4974  -1.76483968e+00  1.08481699e-02
4975  -1.73604300e+00  1.33655683e-02
4976  -1.70719870e+00  1.52016009e-02
4977  -1.67831489e+00  1.62091000e-02
4978  -1.64942273e+00  1.65632970e-02
4979  -1.62051715e+00  1.62246524e-02
4980  -1.57773805e+00  1.43613453e-02
4981  -1.54732366e+00  1.22424624e-02
4982  -1.51698464e+00  9.37274385e-03
4983  -1.48668606e+00  6.01526808e-03
4984  -1.45651605e+00  1.72055676e-03
4985  -1.42639247e+00  -2.87163248e-03
4986  -1.39640856e+00  -8.32447593e-03
4987  -1.36651245e+00  -1.41815710e-02
4988  -1.33673457e+00  -2.06438935e-02
4989  -1.30709268e+00  -2.76543628e-02
4990  -1.27754554e+00  -3.50304608e-02
4991  -1.24810675e+00  -4.28333484e-02
4992  -1.21878833e+00  -5.10508166e-02
4993  -1.18954270e+00  -5.95283805e-02
4994  -1.16043146e+00  -6.84425788e-02
4995  -1.13138274e+00  -7.75317556e-02
4996  -1.10242349e+00  -8.69009919e-02
4997  -1.07352840e+00  -9.64423857e-02
4998  -1.04467614e+00  -1.06114117e-01
4999  -1.01588436e+00  -1.15971528e-01
5000  -9.87157972e-01  -1.25998575e-01
5001  -9.58459518e-01  -1.36085765e-01
5002  -9.29777590e-01  -1.46220206e-01
5003  -9.01116849e-01  -1.56419665e-01
5004  -8.72489964e-01  -1.66697978e-01
5005  -8.43855980e-01  -1.76936642e-01
5006  -8.15204531e-01  -1.87128702e-01
5007  -7.86546168e-01  -1.97297667e-01
5008  -7.57865129e-01  -2.07395673e-01
5009  -7.29161975e-01  -2.17427554e-01
5010  -7.00431775e-01  -2.27368664e-01
5011  -6.71652321e-01  -2.37161568e-01
5012  -6.42830450e-01  -2.46835899e-01
5013  -6.13973951e-01  -2.56405186e-01
5014  -5.85084287e-01  -2.65845906e-01
5015  -5.56104663e-01  -2.75011972e-01
5016  -5.27088712e-01  -2.84083863e-01
5017  -4.98039919e-01  -2.93000261e-01
5018  -4.68879462e-01  -3.01539018e-01
5019  -4.39659589e-01  -3.09893537e-01
5020  -4.10371947e-01  -3.17984322e-01
5021  -3.81003976e-01  -3.25781459e-01
5022  -3.39278888e-01  -3.36462099e-01
5023  -2.96819280e-01  -3.46523007e-01
5024  -2.80208468e-01  -3.50141333e-01
5025  -2.50546074e-01  -3.56455571e-01
5026  -2.20824925e-01  -3.62449766e-01
5027  -1.91026138e-01  -3.67978651e-01
5028  -1.61122843e-01  -3.72934355e-01
5029  -1.31152815e-01  -3.77516220e-01
5030  -1.01130884e-01  -3.81665784e-01
5031  -7.10432970e-02  -3.85237019e-01
5032  -4.08873653e-02  -3.88167248e-01
5033  -1.06803327e-02  -3.90503052e-01
5034  1.95653333e-02  -3.92209311e-01
5035  4.98409194e-02  -3.93268594e-01
5036  8.01273825e-02  -3.93689970e-01
5037  1.10404449e-01  -3.93350349e-01
5038  1.40658849e-01  -3.92145653e-01
5039  1.70876660e-01  -3.90186357e-01
5040  2.14998694e-01  -3.86022057e-01
5041  2.31117101e-01  -3.83992937e-01
5042  2.65503814e-01  -3.79101842e-01
5043  2.95518384e-01  -3.73958784e-01
5044  3.25393150e-01  -3.68008166e-01
5045  3.55125952e-01  -3.61365229e-01
5046  3.84690692e-01  -3.54001160e-01
5047  4.14085484e-01  -3.45983948e-01
5048  4.43278321e-01  -3.37260990e-01
5049  4.72264161e-01  -3.27885949e-01
5050  5.00990946e-01  -3.17737724e-01
5051  5.29497165e-01  -3.06996611e-01
5052  5.57675229e-01  -2.95435775e-01
5053  5.85567295e-01  -2.83191576e-01
5054  6.13130524e-01  -2.70225583e-01
5055  6.40360183e-01  -2.56583839e-01
5056  6.71432635e-01  -2.39873553e-01
5057  6.98258585e-01  -2.24200847e-01
5058  7.24594446e-01  -2.07732935e-01
5059  7.50254675e-01  -1.90269644e-01
5060  7.75083072e-01  -1.71664104e-01
5061  7.99002007e-01  -1.51931415e-01
5062  8.21733068e-01  -1.30890836e-01
5063  8.42949524e-01  -1.08375361e-01
5064  8.62301404e-01  -8.43359976e-02
5065  8.78597037e-01  -5.83352577e-02
5066  8.89916202e-01  -3.00283815e-02
5067  8.94168922e-01  -5.80922387e-06
5068  8.90082847e-01  2.81573719e-02
5069  8.77799231e-01  5.39607660e-02
5070  8.60558135e-01  7.71879119e-02
5071  8.40762871e-01  9.85234646e-02
5072  8.19192755e-01  1.18170889e-01
5073  7.96410690e-01  1.36492889e-01
5074  7.72735886e-01  1.53685803e-01
5075  7.48276442e-01  1.69765807e-01
5076  7.23162903e-01  1.84851207e-01
5077  6.97577426e-01  1.99151402e-01
5078  6.71565140e-01  2.12648775e-01
5079  6.40074153e-01  2.27612899e-01
5080  6.12484415e-01  2.39813962e-01
5081  5.84599404e-01  2.51353487e-01
5082  5.56478389e-01  2.62312768e-01
5083  5.28125318e-01  2.72638551e-01
5084  4.99513859e-01  2.82253208e-01
5085  4.70741326e-01  2.91393835e-01
5086  4.41787644e-01  2.99923247e-01
5087  4.12662764e-01  3.07860156e-01
5088  3.83390144e-01  3.15238298e-01
5089  3.53969505e-01  3.22040356e-01
5090  3.24457900e-01  3.28449088e-01
5091  2.94849442e-01  3.34328821e-01
5092  2.65122861e-01  3.39568909e-01
5093  2.31064246e-01  3.44936567e-01
5094  2.15267563e-01  3.47204948e-01
5095  1.71328562e-01  3.52555611e-01
5096  1.41377527e-01  3.55718728e-01
5097  1.11388116e-01  3.58391714e-01
5098  8.13484026e-02  3.60465824e-01
5099  5.12737211e-02  3.62102877e-01
5100  2.11796540e-02  3.63307584e-01
5101  -8.92891920e-03  3.64063949e-01
5102  -3.90488760e-02  3.64389888e-01
5103  -6.91693689e-02  3.64325292e-01
5104  -9.92810411e-02  3.63798261e-01
5105  -1.29385091e-01  3.62798854e-01
5106  -1.59487823e-01  3.61450681e-01
5107  -1.89573356e-01  3.59853736e-01
5108  -2.19630290e-01  3.57806755e-01
5109  -2.49676596e-01  3.55477949e-01
5110  -2.79704049e-01  3.52902197e-01
5111  -2.96348879e-01  3.51407934e-01
5112  -3.39673593e-01  3.46920286e-01
5113  -3.81596215e-01  3.42157072e-01
5114  -4.11182254e-01  3.38565209e-01
5115  -4.40737594e-01  3.34722196e-01
5116  -4.70273551e-01  3.30676768e-01
5117  -4.99791423e-01  3.26521315e-01
5118  -5.29270928e-01  3.22109240e-01
5119  -5.58737230e-01  3.17565548e-01
5120  -5.88178617e-01  3.12898697e-01
5121  -6.17582761e-01  3.07991791e-01
5122  -6.46978087e-01  3.02993255e-01
5123  -6.76351557e-01  2.97884242e-01
5124  -7.05696706e-01  2.92631637e-01
5125  -7.35015510e-01  2.87208537e-01
5126  -7.64327030e-01  2.81730989e-01
5127  -7.93610633e-01  2.76139374e-01
5128  -8.22862557e-01  2.70376537e-01
5129  -8.52099041e-01  2.64522557e-01
5130  -8.81311854e-01  2.58548435e-01
5131  -9.10511434e-01  2.52496435e-01
5132  -9.39695408e-01  2.46377605e-01
5133  -9.68856574e-01  2.40149563e-01
5134  -9.98006252e-01  2.33859755e-01
5135  -1.02713924e+00  2.27494622e-01
5136  -1.05625944e+00  2.21061805e-01
5137  -1.08537075e+00  2.14592820e-01
5138  -1.11446343e+00  2.08039977e-01
5139  -1.14355061e+00  2.01453022e-01
5140  -1.17262705e+00  1.94823894e-01
5141  -1.20169019e+00  1.88139786e-01
5142  -1.23074147e+00  1.81399494e-01
5143  -1.25978310e+00  1.74625427e-01
5144  -1.28880463e+00  1.67761703e-01
5145  -1.31782415e+00  1.60881394e-01
5146  -1.34682965e+00  1.53948020e-01
5147  -1.37582828e+00  1.46971741e-01
5148  -1.40482851e+00  1.40006664e-01
5149  -1.43380742e+00  1.32980146e-01
5150  -1.46276625e+00  1.25845012e-01
5151  -1.49174347e+00  1.18763365e-01
5152  -1.52071302e+00  1.11674937e-01
5153  -1.54966756e+00  1.04528816e-01
5154  -1.57861776e+00  9.73582783e-02
5155  -1.61987680e+00  8.70995965e-02
5156  -1.64855470e+00  7.99833206e-02
5157  -1.67722812e+00  7.28725932e-02
5158  -1.70587993e+00  6.56662239e-02
5159  -1.73454226e+00  5.85071523e-02
5160  -1.76316558e+00  5.12297783e-02
5161  -1.79176106e+00  4.38296110e-02
5162  -1.82034034e+00  3.63761299e-02
5163  -1.84886692e+00  2.87602117e-02
5164  -1.87642043e+00  2.13394464e-02
5165  -2.96368270e-01  3.22638565e-01
5166  -2.96388768e-01  2.92225475e-01
5167  -2.96409266e-01  2.61812384e-01
5168  -2.96429764e-01  2.31399293e-01
5169  -2.96450262e-01  2.00986202e-01
5170  -2.96470760e-01  1.70573111e-01
5171  -2.96491259e-01  1.40160020e-01
5172  -2.96511757e-01  1.09746930e-01
5173  -2.96532255e-01  7.93338388e-02
5174  -2.96552753e-01  4.89207480e-02
5175  -2.96573251e-01  1.85076570e-02
5176  -2.96593750e-01  -1.19054338e-02
5177  -2.96614248e-01  -4.23185244e-02
5178  -2.96634746e-01  -7.27316152e-02
5179  -2.96655244e-01  -1.03144706e-01
5180  -2.96675742e-01  -1.33557798e-01
5181  -2.96696241e-01  -1.63970888e-01
5182  -2.96716739e-01  -1.94383978e-01
5183  -2.96737237e-01  -2.24797069e-01
5184  -2.96757735e-01  -2.55210160e-01
5185  -2.96778233e-01  -2.85623252e-01
5186  -2.96798732e-01  -3.16036342e-01
5187  2.15258419e-01  3.22269204e-01
5188  2.15247530e-01  2.92572698e-01
5189  2.15236640e-01  2.62876192e-01
5190  2.15225751e-01  2.33179686e-01
5191  2.15214861e-01  2.03483179e-01
5192  2.15203972e-01  1.73786673e-01
5193  2.15193082e-01  1.44090167e-01
5194  2.15182193e-01  1.14393661e-01
5195  2.15171303e-01  8.46971541e-02
5196  2.15160414e-01  5.50006478e-02
5197  2.15149524e-01  2.53041416e-02
5198  2.15138635e-01  -4.39236468e-03
5199  2.15127745e-01  -3.40888710e-02
5200  2.15116856e-01  -6.37853772e-02
5201  2.15105966e-01  -9.34818835e-02
5202  2.15095077e-01  -1.23178390e-01
5203  2.15084187e-01  -1.52874896e-01
5204  2.15073298e-01  -1.82571402e-01
5205  2.15062408e-01  -2.12267908e-01
5206  2.15051519e-01  -2.41964415e-01
5207  2.15040629e-01  -2.71660921e-01
5208  2.15029740e-01  -3.01357427e-01
5209  2.15018850e-01  -3.31053933e-01
5210  2.15007961e-01  -3.60750440e-01
7453  -1.89495464e+00  -8.22026701e-03
7454  -1.87944435e+00  -4.84090864e-03
7455  -1.85102195e+00  6.72992540e-04
7456  -1.82245424e+00  5.38865240e-03
7457  -1.79379850e+00  9.42291454e-03
7458  -1.76504473e+00  1.28376312e-02
7459  -1.73619362e+00  1.53598886e-02
7460  -1.70729710e+00  1.71991791e-02
7461  -1.67836201e+00  1.82085449e-02
7462  -1.64942328e+00  1.85632969e-02
7463  -1.62046191e+00  1.82238896e-02
7464  -1.57610108e+00  4.32810527e-02
7465  -1.54495302e+00  4.11112902e-02
7466  -1.51402563e+00  3.81872093e-02
7467  -1.48304937e+00  3.47520674e-02
7468  -1.45229225e+00  3.03769456e-02
7469  -1.42161799e+00  2.56981681e-02
7470  -1.39103251e+00  2.01382569e-02
7471  -1.36065611e+00  1.41862353e-02
7472  -1.33032933e+00  7.60503700e-03
7473  -1.30025132e+00  4.92126504e-04
7474  -1.27032685e+00  -6.97837344e-03
7475  -1.24048717e+00  -1.48874881e-02
7476  -1.21084728e+00  -2.31945983e-02
7477  -1.18126969e+00  -3.17689411e-02
7478  -1.15186601e+00  -4.07719774e-02
7479  -1.12259957e+00  -4.99294908e-02
7480  -1.09342402e+00  -5.93684897e-02
7481  -1.06438397e+00  -6.89576902e-02
7482  -1.03538171e+00  -7.86797829e-02
7483  -1.00642017e+00  -8.85952913e-02
7484  -9.77582442e-01  -9.86610851e-02
7485  -9.48831867e-01  -1.08766587e-01
7486  -9.20096784e-01  -1.18919819e-01
7487  -8.91366965e-01  -1.29143872e-01
7488  -8.62719494e-01  -1.39429552e-01
7489  -8.34125640e-01  -1.49653871e-01
7490  -8.05507321e-01  -1.59834137e-01
7491  -7.76893195e-01  -1.69987427e-01
7492  -7.48276929e-01  -1.80062624e-01
7493  -7.19647680e-01  -1.90068692e-01
7494  -6.91030401e-01  -1.99970793e-01
7495  -6.62378153e-01  -2.09720377e-01
7496  -6.33663097e-01  -2.19358840e-01
7497  -6.04916546e-01  -2.28891688e-01
7498  -5.76217854e-01  -2.38270273e-01
7499  -5.47415197e-01  -2.47380063e-01
7500  -5.18517080e-01  -2.56415175e-01
7501  -4.89719939e-01  -2.65254864e-01
7502  -4.60827976e-01  -2.73714519e-01
7503  -4.31821583e-01  -2.82008149e-01
7504  -4.02798884e-01  -2.90025819e-01
7505  -3.73695958e-01  -2.97752509e-01
7506  -3.30144803e-01  -2.99576215e-01
7507  -2.84639889e-01  -3.10337850e-01
7508  -2.72101837e-01  -3.13016105e-01
7509  -2.42833788e-01  -3.19246424e-01
7510  -2.13602341e-01  -3.25142471e-01
7511  -1.84453306e-01  -3.30551417e-01
7512  -1.55144907e-01  -3.35407508e-01
7513  -1.25679930e-01  -3.39912397e-01
7514  -9.62898344e-02  -3.43975411e-01
7515  -6.69660319e-02  -3.47456390e-01
7516  -3.75848087e-02  -3.50311032e-01
7517  -8.14522923e-03  -3.52587709e-01
7518  2.12999477e-02  -3.54248922e-01
7519  5.07696172e-02  -3.55279944e-01
7520  8.01785088e-02  -3.55690004e-01
7521  1.09435281e-01  -3.55362710e-01
7522  1.38673413e-01  -3.54197556e-01
7523  1.67934979e-01  -3.52300389e-01
7524  2.27168162e-01  -3.46570578e-01
7525  2.26267047e-01  -3.46303721e-01
7526  2.61017815e-01  -3.50485326e-01
7527  2.90242688e-01  -3.45477278e-01
7528  3.19405596e-01  -3.39667765e-01
7529  3.48467007e-01  -3.33175025e-01
7530  3.77378806e-01  -3.25973219e-01
7531  4.06127535e-01  -3.18132553e-01
7532  4.34674330e-01  -3.09602348e-01
7533  4.62982166e-01  -3.00447404e-01
7534  4.91059511e-01  -2.90527510e-01
7535  5.18891974e-01  -2.80041850e-01
7536  5.46355474e-01  -2.68773212e-01
7537  5.73579795e-01  -2.56822484e-01
7538  6.00477402e-01  -2.44169343e-01
7539  6.39438522e-01  -2.54808862e-01
7540  6.70454392e-01  -2.38129122e-01
7541  6.97223828e-01  -2.22489333e-01
7542  7.23501419e-01  -2.06058034e-01
7543  7.49092066e-01  -1.88642272e-01
7544  7.73846675e-01  -1.70092060e-01
7545  7.97685783e-01  -1.50425575e-01
7546  8.20325142e-01  -1.29470363e-01
7547  8.41441554e-01  -1.07061578e-01
7548  8.60672089e-01  -8.31761128e-02
7549  8.76813773e-01  -5.74297367e-02
7550  8.87983811e-01  -2.95127596e-02
7551  8.92148204e-01  -9.68203978e-06
7552  8.88168919e-01  2.75769605e-02
7553  8.76084761e-01  5.29309154e-02
7554  8.59019540e-01  7.59101296e-02
7555  8.39355090e-01  9.71028476e-02
7556  8.17892003e-01  1.16651664e-01
7557  7.95195994e-01  1.34904018e-01
7558  7.71598624e-01  1.52040618e-01
7559  7.47211943e-01  1.68072632e-01
7560  7.22159959e-01  1.83120860e-01
7561  6.96628857e-01  1.97390659e-01
7562  6.70675234e-01  2.10857667e-01
7563  6.27999286e-01  2.01283699e-01
7564  6.01087951e-01  2.13184096e-01
7565  5.73801807e-01  2.24475224e-01
7566  5.46262684e-01  2.35207999e-01
7567  5.18555078e-01  2.45299209e-01
7568  4.90515054e-01  2.54720489e-01
7569  4.62263166e-01  2.63696363e-01
7570  4.33886644e-01  2.72055642e-01
7571  4.05314756e-01  2.79841663e-01
7572  3.76587644e-01  2.87082390e-01
7573  3.47633449e-01  2.93775828e-01
7574  3.18563237e-01  3.00089220e-01
7575  2.89513900e-01  3.05858465e-01
7576  2.60353714e-01  3.10998218e-01
7577  2.26856895e-01  3.16277757e-01
7578  2.27407948e-01  3.07348586e-01
7579  1.67086609e-01  3.14793118e-01
7580  1.37695169e-01  3.17897567e-01
7581  1.08392402e-01  3.20509981e-01
7582  7.90068476e-02  3.22538036e-01
7583  4.94809925e-02  3.24145189e-01
7584  1.99424785e-02  3.25327729e-01
7585  -9.61169632e-03  3.26070084e-01
7586  -3.92137185e-02  3.26390246e-01
7587  -6.87960950e-02  3.26327125e-01
7588  -9.83181154e-02  3.25810464e-01
7589  -1.27904608e-01  3.24827704e-01
7590  -1.57630604e-01  3.23496093e-01
7591  -1.87275207e-01  3.21923293e-01
7592  -2.16871088e-01  3.19907061e-01
7593  -2.46584485e-01  3.17603963e-01
7594  -2.76297969e-01  3.15055154e-01
7595  -2.84218801e-01  3.14429319e-01
7596  -3.36522020e-01  3.18126246e-01
7597  -3.78215685e-01  3.13389014e-01
7598  -4.07569276e-01  3.09825419e-01
7599  -4.36904779e-01  3.06010897e-01
7600  -4.66289234e-01  3.01986101e-01
7601  -4.95628675e-01  2.97855993e-01
7602  -5.24920008e-01  2.93471875e-01
7603  -5.54262587e-01  2.88947254e-01
7604  -5.83527213e-01  2.84308601e-01
7605  -6.12770923e-01  2.79428259e-01
7606  -6.42068353e-01  2.74446388e-01
7607  -6.71317915e-01  2.69358962e-01
7608  -7.00510638e-01  2.64133674e-01
7609  -7.29720840e-01  2.58730552e-01
7610  -7.58950173e-01  2.53268407e-01
7611  -7.88094759e-01  2.47703406e-01
7612  -8.17219637e-01  2.41965507e-01
7613  -8.46353791e-01  2.36132043e-01
7614  -8.75470760e-01  2.30177486e-01
7615  -9.04600160e-01  2.24140025e-01
7616  -9.33698493e-01  2.18039183e-01
7617  -9.62776830e-01  2.11828795e-01
7618  -9.91860066e-01  2.05553333e-01
7619  -1.02092377e+00  1.99203330e-01
7620  -1.04999366e+00  1.92781613e-01
7621  -1.07904660e+00  1.86325625e-01
7622  -1.10808224e+00  1.79785604e-01
7623  -1.13713248e+00  1.73207017e-01
7624  -1.16616154e+00  1.66588696e-01
7625  -1.19517074e+00  1.59916995e-01
7626  -1.22417826e+00  1.53186847e-01
7627  -1.25315985e+00  1.46426815e-01
7628  -1.28213011e+00  1.39575183e-01
7629  -1.31111586e+00  1.32702893e-01
7630  -1.34007498e+00  1.25780600e-01
7631  -1.36905847e+00  1.18807956e-01
7632  -1.39803345e+00  1.11848959e-01
7633  -1.42692978e+00  1.04842500e-01
7634  -1.45586315e+00  9.77135988e-02
7635  -1.48486297e+00  9.06264158e-02
7636  -1.51380044e+00  8.35458524e-02
7637  -1.54271521e+00  7.64095353e-02
7638  -1.57164109e+00  6.92450211e-02
7639  -1.61939466e+00  8.51585798e-02
7640  -1.64807316e+00  7.80421562e-02
7641  -1.67674350e+00  7.09321950e-02
7642  -1.70539368e+00  6.37262332e-02
7643  -1.73405352e+00  5.65677873e-02
7644  -1.76266863e+00  4.92924998e-02
7645  -1.79125816e+00  4.18938689e-02
7646  -1.81983004e+00  3.44423280e-02
7647  -1.84834313e+00  2.68300211e-02
7648  -1.87527669e+00  1.96987554e-02
7649  -2.84213273e-01  3.22630373e-01
7650  -2.84233771e-01  2.92217282e-01
7651  -2.84254269e-01  2.61804191e-01
7652  -2.84274767e-01  2.31391100e-01
7653  -2.84295265e-01  2.00978009e-01
7654  -2.84315763e-01  1.70564919e-01
7655  -2.84336262e-01  1.40151828e-01
7656  -2.84356760e-01  1.09738737e-01
7657  -2.84377258e-01  7.93256465e-02
7658  -2.84397756e-01  4.89125557e-02
7659  -2.84418254e-01  1.84994645e-02
7660  -2.84438753e-01  -1.19136263e-02
7661  -2.84459251e-01  -4.23267167e-02
7662  -2.84479749e-01  -7.27398075e-02
7663  -2.84500247e-01  -1.03152899e-01
7664  -2.84520745e-01  -1.33565990e-01
7665  -2.84541244e-01  -1.63979080e-01
7666  -2.84561742e-01  -1.94392171e-01
7667  -2.84582240e-01  -2.24805262e-01
7668  -2.84602738e-01  -2.55218353e-01
7669  -2.84623236e-01  -2.85631444e-01
7670  -2.84643735e-01  -3.16044534e-01
7671  2.27413418e-01  3.22264747e-01
7672  2.27402529e-01  2.92568241e-01
7673  2.27391639e-01  2.62871735e-01
7674  2.27380750e-01  2.33175229e-01
7675  2.27369860e-01  2.03478722e-01
7676  2.27358971e-01  1.73782216e-01
7677  2.27348081e-01  1.44085710e-01
7678  2.27337192e-01  1.14389204e-01
7679  2.27326302e-01  8.46926970e-02
7680  2.27315413e-01  5.49961907e-02
7681  2.27304523e-01  2.52996845e-02
7682  2.27293634e-01  -4.39682183e-03
7683  2.27282744e-01  -3.40933281e-02
7684  2.27271855e-01  -6.37898343e-02
7685  2.27260965e-01  -9.34863406e-02
7686  2.27250076e-01  -1.23182847e-01
7687  2.27239186e-01  -1.52879353e-01
7688  2.27228297e-01  -1.82575859e-01
7689  2.27217407e-01  -2.12272365e-01
7690  2.27206518e-01  -2.41968872e-01
7691  2.27195628e-01  -2.71665378e-01
7692  2.27184739e-01  -3.01361884e-01
7693  2.27173849e-01  -3.31058390e-01
7694  2.27162960e-01  -3.60754897e-01
9937  -1.88913197e+00  -4.39284272e-03
9938  -1.87994858e+00  -2.39228617e-03
9939  -1.85146364e+00  3.13366591e-03
9940  -1.82283210e+00  7.85993158e-03
9941  -1.79412020e+00  1.19021298e-02
9942  -1.76530103e+00  1.53244577e-02
9943  -1.73638190e+00  1.78527889e-02
9944  -1.70742009e+00  1.96961518e-02
9945  -1.67842090e+00  2.07078511e-02
9946  -1.64942396e+00  2.10632968e-02
9947  -1.62039287e+00  2.07229360e-02
9948  -1.57595979e+00  4.57770573e-02
9949  -1.54474842e+00  4.36029034e-02
9950  -1.51377024e+00  4.06741307e-02
9951  -1.48273549e+00  3.72322855e-02
9952  -1.45192770e+00  3.28502236e-02
9953  -1.42120591e+00  2.81639729e-02
9954  -1.39056851e+00  2.25948209e-02
9955  -1.36015066e+00  1.66346064e-02
9956  -1.32977651e+00  1.00431481e-02
9957  -1.29966085e+00  2.92139610e-03
9958  -1.26970382e+00  -4.55725149e-03
9959  -1.23982954e+00  -1.24755344e-02
9960  -1.21016190e+00  -2.07903814e-02
9961  -1.18055566e+00  -2.93730770e-02
9962  -1.15112674e+00  -3.83837808e-02
9963  -1.12184151e+00  -4.75471922e-02
9964  -1.09264729e+00  -5.69922122e-02
9965  -1.06359473e+00  -6.65855387e-02
9966  -1.03457952e+00  -7.63119780e-02
9967  -1.00560334e+00  -8.62325007e-02
9968  -9.76755996e-01  -9.63016387e-02
9969  -9.48000922e-01  -1.06408721e-01
9970  -9.19261252e-01  -1.16563574e-01
9971  -8.90525471e-01  -1.26789750e-01
9972  -8.61876224e-01  -1.37076066e-01
9973  -8.33285832e-01  -1.47299147e-01
9974  -8.04670373e-01  -1.57478395e-01
9975  -7.76060065e-01  -1.67630332e-01
9976  -7.47449390e-01  -1.77703561e-01
9977  -7.18826520e-01  -1.87707400e-01
9978  -6.90218987e-01  -1.97606135e-01
9979  -6.61577717e-01  -2.07351981e-01
9980  -6.32871880e-01  -2.16987347e-01
9981  -6.04134819e-01  -2.26517051e-01
9982  -5.75452609e-01  -2.35890273e-01
9983  -5.46665226e-01  -2.44995206e-01
9984  -5.17777279e-01  -2.54027144e-01
9985  -4.89001858e-01  -2.62860212e-01
9986  -4.60133068e-01  -2.71313040e-01
9987  -4.31145100e-01  -2.79601415e-01
9988  -4.02145268e-01  -2.87612775e-01
9989  -3.73065217e-01  -2.95333384e-01
9990  -3.29543876e-01  -2.97149512e-01
9991  -2.83138393e-01  -3.08119402e-01
9992  -2.71568506e-01  -3.10573656e-01
9993  -2.42326400e-01  -3.16798453e-01
9994  -2.13127171e-01  -3.22688044e-01
9995  -1.84020883e-01  -3.28089099e-01
9996  -1.54751621e-01  -3.32938636e-01
9997  -1.25319871e-01  -3.37438461e-01
9998  -9.59713443e-02  -3.41495781e-01
9999  -6.66977908e-02  -3.44970822e-01
10000  -3.73675353e-02  -3.47820491e-01
10001  -7.97844610e-03  -3.50093279e-01
10002  2.14140671e-02  -3.51751528e-01
10003  5.08307158e-02  -3.52780691e-01
10004  8.01818724e-02  -3.53190006e-01
10005  1.09371520e-01  -3.52863523e-01
10006  1.38542792e-01  -3.51700971e-01
10007  1.67741447e-01  -3.49807892e-01
10008  2.28669140e-01  -3.43903081e-01
10009  2.25947964e-01  -3.43824167e-01
10010  2.60630637e-01  -3.48015490e-01
10011  2.89787352e-01  -3.43019094e-01
10012  3.18888821e-01  -3.37221759e-01
10013  3.47892287e-01  -3.30741982e-01
10014  3.76747731e-01  -3.23554182e-01
10015  4.05440699e-01  -3.15728753e-01
10016  4.33931736e-01  -3.07215183e-01
10017  4.62181055e-01  -2.98079236e-01
10018  4.90202347e-01  -2.88179049e-01
10019  5.17976660e-01  -2.77715437e-01
10020  5.45378488e-01  -2.66472017e-01
10021  5.72545177e-01  -2.54546618e-01
10022  5.99385335e-01  -2.41920478e-01
10023  6.38286446e-01  -2.52590142e-01
10024  6.69231588e-01  -2.35948583e-01
10025  6.95930383e-01  -2.20349941e-01
10026  7.22135136e-01  -2.03964408e-01
10027  7.47638805e-01  -1.86608056e-01
10028  7.72301178e-01  -1.68127006e-01
10029  7.96040504e-01  -1.48543274e-01
10030  8.18565234e-01  -1.27694772e-01
10031  8.39556591e-01  -1.05419349e-01
10032  8.58635445e-01  -8.17262567e-02
10033  8.74584693e-01  -5.62978355e-02
10034  8.85568323e-01  -2.88682322e-02
10035  8.89622306e-01  -1.45230597e-05
10036  8.85776508e-01  2.68514463e-02
10037  8.73941673e-01  5.16436020e-02
10038  8.57096297e-01  7.43129018e-02
10039  8.37595364e-01  9.53270764e-02
10040  8.16266063e-01  1.14752632e-01
10041  7.93677623e-01  1.32917928e-01
10042  7.70177046e-01  1.49984137e-01
10043  7.45881320e-01  1.65956163e-01
10044  7.20906279e-01  1.80957925e-01
10045  6.95443145e-01  1.95189730e-01
10046  6.69562851e-01  2.08618782e-01
10047  6.26957127e-01  1.99011276e-01
10048  6.00104344e-01  2.10885723e-01
10049  5.72869887e-01  2.22155412e-01
10050  5.45380986e-01  2.32868638e-01
10051  5.17729089e-01  2.42939602e-01
10052  4.89738385e-01  2.52344192e-01
10053  4.61531432e-01  2.61305847e-01
10054  4.33204724e-01  2.69650443e-01
10055  4.04680563e-01  2.77423441e-01
10056  3.76000533e-01  2.84652308e-01
10057  3.47086596e-01  2.91336371e-01
10058  3.18054480e-01  2.97641534e-01
10059  2.89053399e-01  3.03401243e-01
10060  2.59942098e-01  3.08532336e-01
10061  2.26493767e-01  3.13804270e-01
10062  2.28906954e-01  3.04637135e-01
10063  1.66807533e-01  3.12308744e-01
10064  1.37452909e-01  3.15409332e-01
10065  1.08195315e-01  3.18017762e-01
10066  7.88527980e-02  3.20042786e-01
10067  4.93630498e-02  3.21647972e-01
10068  1.98610853e-02  3.22829055e-01
10069  -9.65661587e-03  3.23570487e-01
10070  -3.92245634e-02  3.23890269e-01
10071  -6.87715375e-02  3.23827246e-01
10072  -9.82547650e-02  3.23311266e-01
10073  -1.27807208e-01  3.22329603e-01
10074  -1.57508419e-01  3.20999081e-01
10075  -1.87124012e-01  3.19427869e-01
10076  -2.16689561e-01  3.17413660e-01
10077  -2.46381057e-01  3.15112253e-01
10078  -2.76073885e-01  3.12565217e-01
10079  -2.82720393e-01  3.12066377e-01
10080  -3.36250014e-01  3.15641087e-01
10081  -3.77923918e-01  3.10906098e-01
10082  -4.07257446e-01  3.07344943e-01
10083  -4.36573976e-01  3.03532880e-01
10084  -4.65945355e-01  2.99509865e-01
10085  -4.95269397e-01  2.95381944e-01
10086  -5.24544489e-01  2.91000239e-01
10087  -5.53876389e-01  2.86477264e-01
10088  -5.83125759e-01  2.81841045e-01
10089  -6.12355622e-01  2.76962996e-01
10090  -6.41644603e-01  2.71982562e-01
10091  -6.70883471e-01  2.66897000e-01
10092  -7.00063039e-01  2.61674070e-01
10093  -7.29263867e-01  2.56272671e-01
10094  -7.58486107e-01  2.50811856e-01
10095  -7.87618694e-01  2.45249152e-01
10096  -8.16732607e-01  2.39513406e-01
10097  -8.45857930e-01  2.33681713e-01
10098  -8.74966626e-01  2.27728843e-01
10099  -9.04089970e-01  2.21692637e-01
10100  -9.33180911e-01  2.15593348e-01
10101  -9.62252099e-01  2.09384484e-01
10102  -9.91329600e-01  2.03110260e-01
10103  -1.02038733e+00  1.96761563e-01
10104  -1.04945287e+00  1.90340804e-01
10105  -1.07850078e+00  1.83885937e-01
10106  -1.10753149e+00  1.77347023e-01
10107  -1.13657854e+00  1.70769158e-01
10108  -1.16560352e+00  1.64151771e-01
10109  -1.19460806e+00  1.57481140e-01
10110  -1.22361180e+00  1.50751867e-01
10111  -1.25258821e+00  1.43993047e-01
10112  -1.28155404e+00  1.37142458e-01
10113  -1.31053688e+00  1.30270860e-01
10114  -1.33949199e+00  1.23349524e-01
10115  -1.36847418e+00  1.16377194e-01
10116  -1.39744698e+00  1.09418721e-01
10117  -1.42633618e+00  1.02413993e-01
10118  -1.45526736e+00  9.52856304e-02
10119  -1.48426913e+00  8.81979697e-02
10120  -1.51320383e+00  8.11180849e-02
10121  -1.54211516e+00  7.39826140e-02
10122  -1.57103895e+00  6.68186197e-02
10123  -1.61879199e+00  8.27323088e-02
10124  -1.64747123e+00  7.56157007e-02
10125  -1.67613773e+00  6.85066973e-02
10126  -1.70478587e+00  6.13012448e-02
10127  -1.73344260e+00  5.41435810e-02
10128  -1.76204746e+00  4.68709016e-02
10129  -1.79062955e+00  3.94741912e-02
10130  -1.81919216e+00  3.20250755e-02
10131  -1.84768838e+00  2.44172828e-02
10132  -1.87384702e+00  1.76478916e-02
10133  -2.82713273e-01  3.22629362e-01
10134  -2.82733771e-01  2.92216271e-01
10135  -2.82754269e-01  2.61803180e-01
10136  -2.82774767e-01  2.31390089e-01
10137  -2.82795265e-01  2.00976998e-01
10138  -2.82815763e-01  1.70563908e-01
10139  -2.82836262e-01  1.40150817e-01
10140  -2.82856760e-01  1.09737726e-01
10141  -2.82877258e-01  7.93246355e-02
10142  -2.82897756e-01  4.89115447e-02
10143  -2.82918254e-01  1.84984535e-02
10144  -2.82938753e-01  -1.19146373e-02
10145  -2.82959251e-01  -4.23277277e-02
10146  -2.82979749e-01  -7.27408185e-02
10147  -2.83000247e-01  -1.03153910e-01
10148  -2.83020745e-01  -1.33567001e-01
10149  -2.83041244e-01  -1.63980091e-01
10150  -2.83061742e-01  -1.94393182e-01
10151  -2.83082240e-01  -2.24806273e-01
10152  -2.83102738e-01  -2.55219364e-01
10153  -2.83123236e-01  -2.85632455e-01
10154  -2.83143735e-01  -3.16045545e-01
10155  2.28913418e-01  3.22264197e-01
10156  2.28902529e-01  2.92567691e-01
10157  2.28891639e-01  2.62871185e-01
10158  2.28880750e-01  2.33174679e-01
10159  2.28869860e-01  2.03478172e-01
10160  2.28858971e-01  1.73781666e-01
10161  2.28848081e-01  1.44085160e-01
10162  2.28837192e-01  1.14388654e-01
10163  2.28826302e-01  8.46921469e-02
10164  2.28815413e-01  5.49956406e-02
10165  2.28804523e-01  2.52991344e-02
10166  2.28793634e-01  -4.39737187e-03
10167  2.28782744e-01  -3.40938782e-02
10168  2.28771855e-01  -6.37903844e-02
10169  2.28760965e-01  -9.34868907e-02
10170  2.28750076e-01  -1.23183397e-01
10171  2.28739186e-01  -1.52879903e-01
10172  2.28728297e-01  -1.82576409e-01
10173  2.28717407e-01  -2.12272915e-01
10174  2.28706518e-01  -2.41969422e-01
10175  2.28695628e-01  -2.71665928e-01
10176  2.28684739e-01  -3.01362434e-01
10177  2.28673849e-01  -3.31058940e-01
10178  2.28662960e-01  -3.60755447e-01
