1  3  0  10.1356
240  5  0  10.1355
479  4  0  10.1352
718  5  0  10.1319
2  3  0  9.52967
241  5  0  9.52965
480  4  0  9.52964
719  5  0  9.52962
3  3  0  8.8582
242  5  0  8.85815
481  4  0  8.85807
720  5  0  8.858
4  3  0  7.95758
243  5  0  7.95767
482  4  0  7.95782
721  5  0  7.95796
5  3  0  7.58846
244  5  0  7.58817
483  4  0  7.58775
722  5  0  7.58732
6  3  0  6.12107
245  5  0  6.12124
484  4  0  6.12148
723  5  0  6.12173
7  3  0  5.12868
246  5  0  5.1285
485  4  0  5.12823
724  5  0  5.12796
8  3  0  3.62469
247  5  0  3.6248
486  4  0  3.62496
725  5  0  3.62512
9  3  0  2.40591
248  5  0  2.40586
487  4  0  2.40579
726  5  0  2.40572
10  3  0  1.05613
249  5  0  1.05599
488  4  0  1.05577
727  5  0  1.05555
11  3  0  -0.636103
250  5  0  -0.635981
489  1  0  15.3308
728  5  0  29.023
12  3  0  -1.90653
251  5  0  -1.90661
490  1  0  -1.90722
729  5  0  -1.90781
13  3  0  -3.3856
252  5  0  -3.38538
491  1  0  -3.38367
730  5  0  -3.38199
14  3  0  -4.1474
253  5  0  -4.14773
492  1  0  -4.15032
731  5  0  -4.15285
15  3  0  -5.88423
254  5  0  -5.88389
493  1  0  -5.88123
732  5  0  -5.87862
16  3  0  -6.59784
255  5  0  -6.59806
494  1  0  -6.59977
733  5  0  -6.60146
17  3  0  -8.0547
256  5  0  -8.05455
495  1  0  -8.05343
734  5  0  -8.05233
18  3  0  -9.08681
257  5  0  -9.0868
496  1  0  -9.08671
735  5  0  -9.08662
19  3  0  -10.0769
258  5  0  -10.0769
497  1  0  -10.0772
736  5  0  -10.0774
20  3  0  -11.1776
259  5  0  -11.1776
498  1  0  -11.1772
737  5  0  -11.1768
21  3  0  -12.1028
260  5  0  -12.1028
499  1  0  -12.1026
738  5  0  -12.1023
22  3  0  -12.9022
261  5  0  -12.9022
500  1  0  -12.9024
739  5  0  -12.9025
23  3  0  -13.7666
262  5  0  -13.7666
501  1  0  -13.7663
740  5  0  -13.766
24  3  0  -14.4462
263  5  0  -14.4462
502  1  0  -14.4466
741  5  0  -14.4471
25  3  0  -15.3674
264  5  0  -15.3673
503  1  0  -15.3666
742  5  0  -15.3659
26  3  0  -15.8195
265  5  0  -15.8195
504  1  0  -15.8194
743  5  0  -15.8194
27  3  0  -16.2628
266  5  0  -16.2628
505  1  0  -16.2628
744  5  0  -16.2629
28  3  0  -16.7704
267  5  0  -16.7703
506  1  0  -16.7702
745  5  0  -16.7701
29  3  0  -17.148
268  5  0  -17.148
507  1  0  -17.1479
746  5  0  -17.1479
30  3  0  -17.482
269  5  0  -17.482
508  1  0  -17.4819
747  5  0  -17.4818
31  3  0  -17.6928
270  5  0  -17.6928
509  1  0  -17.6927
748  5  0  -17.6927
32  3  0  -17.8823
271  5  0  -17.8823
510  1  0  -17.8823
749  5  0  -17.8823
33  3  0  -18.1024
272  5  0  -18.1024
511  1  0  -18.1023
750  5  0  -18.1023
34  3  0  -18.2012
273  5  0  -18.2012
512  1  0  -18.2012
751  5  0  -18.2012
35  3  0  -18.2341
274  5  0  -18.2341
513  1  0  -18.2341
752  5  0  -18.2341
36  3  0  -18.2084
275  5  0  -18.2084
514  1  0  -18.2084
753  5  0  -18.2084
37  3  0  -18.0207
276  5  0  -18.0207
515  1  0  -18.0207
754  5  0  -18.0206
38  3  0  -17.9278
277  5  0  -17.9279
516  1  0  -17.9279
755  5  0  -17.9279
39  3  0  -17.7429
278  5  0  -17.7429
517  1  0  -17.7429
756  5  0  -17.7429
40  3  0  -17.4872
279  5  0  -17.4872
518  1  0  -17.4872
757  5  0  -17.4872
41  3  0  -17.251
280  5  0  -17.251
519  1  0  -17.2511
758  5  0  -17.2512
42  3  0  -16.8505
281  5  0  -16.8505
520  1  0  -16.8505
759  5  0  -16.8504
43  3  0  -16.5109
282  5  0  -16.5109
521  1  0  -16.5109
760  5  0  -16.5109
44  3  0  -16.1288
283  5  0  -16.1288
522  1  0  -16.1287
761  5  0  -16.1287
45  3  0  -15.7931
284  5  0  -15.7931
523  1  0  -15.7932
762  5  0  -15.7933
46  3  0  -15.3501
285  5  0  -15.3501
524  1  0  -15.3502
763  5  0  -15.3502
47  3  0  -14.8769
286  5  0  -14.8769
525  1  0  -14.8768
764  5  0  -14.8767
48  3  0  -14.5431
287  5  0  -14.5432
526  1  0  -14.5438
765  5  0  -14.5445
49  3  0  -13.7092
288  5  0  -13.7091
527  1  0  -13.7087
766  5  0  -13.7083
50  3  0  -13.152
289  5  0  -13.152
528  1  0  -13.152
767  5  0  -13.1521
51  3  0  -12.5464
290  5  0  -12.5465
529  1  0  1.59039
768  5  0  14.3309
52  3  0  -11.7384
291  5  0  -11.6848
530  6  0  -11.6444
769  5  0  -11.6346
53  3  0  -11.1161
292  5  0  -11.0211
531  6  0  -10.8247
770  5  0  -10.7257
54  3  0  -10.462
293  5  0  -10.462
532  6  0  -10.4621
771  5  0  -10.4623
55  3  0  -9.74421
294  5  0  -9.74426
533  6  0  -9.74498
772  5  0  -9.74571
56  3  0  -8.79515
295  5  0  -8.79508
534  6  0  -8.7941
773  5  0  -8.7931
57  3  0  -8.1822
296  5  0  -8.18222
535  6  0  -8.18261
774  5  0  -8.183
58  3  0  -7.41948
297  5  0  -7.41947
536  6  0  -7.41934
775  5  0  -7.4192
59  3  0  -6.7059
298  5  0  -6.70588
537  6  0  -6.70567
776  5  0  -6.70545
60  3  0  -6.07824
299  5  0  -6.07828
538  6  0  -6.07877
777  5  0  -6.07928
61  3  0  -5.26557
300  5  0  -5.26556
539  6  0  -5.26544
778  5  0  -5.26532
62  3  0  -4.49412
301  5  0  -4.49412
540  6  0  -4.49409
779  5  0  -4.49406
63  3  0  -3.73223
302  5  0  -3.73223
541  6  0  -3.73227
780  5  0  -3.73232
64  3  0  -2.95449
303  5  0  -2.95451
542  6  0  -2.95477
781  5  0  -2.95503
65  3  0  -2.09214
304  5  0  -2.09216
543  6  0  -2.09242
782  5  0  -2.09269
66  3  0  -1.15149
305  5  0  -1.15146
544  6  0  -1.151
783  5  0  -1.15054
67  3  0  -0.351331
306  5  0  -0.351329
545  6  0  -0.351307
784  5  0  -0.351284
68  3  0  0.441249
307  5  0  0.441242
546  6  0  0.441143
785  5  0  0.441043
69  3  0  1.26647
308  5  0  1.26644
547  6  0  1.26597
786  5  0  1.26549
70  3  0  2.23252
309  5  0  2.23253
548  6  0  2.23268
787  5  0  2.23283
71  3  0  3.1574
310  5  0  3.15739
549  6  0  3.15724
788  5  0  3.15709
72  3  0  4.12427
311  5  0  4.1243
550  6  0  4.12475
789  5  0  4.12522
73  3  0  4.97059
312  5  0  5.05751
551  6  0  5.16273
790  5  0  5.20574
74  3  0  5.93292
313  5  0  6.09397
552  6  0  7.44387
791  5  0  -179.611
75  3  0  7.05892
314  5  0  7.05895
553  1  0  -10.5196
792  5  0  -25.6026
76  3  0  8.07616
315  5  0  8.07618
554  1  0  8.07635
793  5  0  8.07652
77  3  0  9.01627
316  5  0  9.01624
555  1  0  9.01603
794  5  0  9.0158
78  3  0  10.056
317  5  0  10.056
556  1  0  10.0562
795  5  0  10.0564
79  3  0  11.0047
318  5  0  11.0046
557  1  0  11.0039
796  5  0  11.0032
80  3  0  12.2431
319  5  0  12.2432
558  1  0  12.2441
797  5  0  12.2449
81  3  0  13.1153
320  5  0  13.1151
559  1  0  13.1143
798  5  0  13.1134
82  3  0  14.3646
321  5  0  14.3646
560  1  0  14.3648
799  5  0  14.3651
83  3  0  15.5287
322  5  0  15.5286
561  1  0  15.5279
800  5  0  15.5272
84  3  0  16.9307
323  5  0  16.9308
562  1  0  16.9314
801  5  0  16.9321
85  3  0  18.0946
324  5  0  18.0945
563  1  0  18.0937
802  5  0  18.0929
86  3  0  19.5227
325  5  0  19.5227
564  1  0  19.5232
803  5  0  19.5237
87  3  0  20.7832
326  5  0  20.7831
565  1  0  -1.45828
804  5  0  -18.6839
88  3  0  22.1305
327  5  0  22.1302
566  4  0  22.1296
805  5  0  22.1291
89  3  0  24.3056
328  5  0  24.3059
567  4  0  24.3065
806  5  0  24.307
90  3  0  25.8051
329  5  0  25.8046
568  4  0  25.804
807  5  0  25.8033
91  3  0  28.1137
330  5  0  28.1135
569  4  0  28.1132
808  5  0  28.113
92  3  0  30.6678
331  5  0  30.6674
570  4  0  30.6667
809  5  0  30.6661
93  3  0  33.7565
332  5  0  33.7558
571  4  0  33.7547
810  5  0  33.7536
94  3  0  37.5844
333  5  0  37.5838
572  4  0  37.583
811  5  0  37.5822
95  3  0  41.871
334  5  0  41.8701
573  4  0  41.8689
812  5  0  41.8676
96  3  0  46.7908
335  5  0  46.7864
574  4  0  46.7797
813  5  0  46.7728
97  3  0  54.2294
336  5  0  54.2172
575  4  0  54.1983
814  5  0  54.1788
98  3  0  66.1175
337  5  0  66.1051
576  4  0  66.0858
815  5  0  66.0655
99  3  0  81.2266
338  5  0  81.2594
577  4  0  81.3109
816  5  0  81.3655
100  3  0  98.5522
339  5  0  98.5018
578  4  0  98.4222
817  5  0  98.3372
101  3  0  117.111
340  5  0  117.141
579  4  0  117.188
818  5  0  117.237
102  3  0  128.926
341  5  0  128.939
580  4  0  128.96
819  5  0  128.981
103  3  0  135.777
342  5  0  135.781
581  4  0  135.786
820  5  0  135.791
104  3  0  140.655
343  5  0  140.657
582  4  0  140.66
821  5  0  140.663
105  3  0  143.806
344  5  0  143.806
583  4  0  143.807
822  5  0  143.808
106  3  0  146.187
345  5  0  146.187
584  4  0  146.186
823  5  0  146.186
107  3  0  148.894
346  5  0  148.894
585  4  0  148.895
824  5  0  148.895
108  3  0  150.918
347  5  0  150.918
586  4  0  150.918
825  5  0  150.918
109  3  0  152.579
348  5  0  152.579
587  4  0  152.579
826  5  0  152.579
110  3  0  153.946
349  5  0  153.945
588  4  0  153.945
827  5  0  153.945
111  3  0  155.833
350  5  0  155.833
589  1  0  175.27
828  5  0  -168.77
112  3  0  157.259
351  5  0  157.259
590  1  0  157.26
829  5  0  157.26
113  3  0  158.525
352  5  0  158.525
591  1  0  158.526
830  5  0  158.527
114  3  0  159.532
353  5  0  159.532
592  1  0  159.532
831  5  0  159.532
115  3  0  160.609
354  5  0  160.609
593  1  0  160.609
832  5  0  160.608
116  3  0  161.871
355  5  0  161.871
594  1  0  161.872
833  5  0  161.873
117  3  0  162.681
356  5  0  162.681
595  1  0  162.681
834  5  0  162.68
118  3  0  163.618
357  5  0  163.618
596  1  0  163.618
835  5  0  163.617
119  3  0  164.71
358  5  0  164.71
597  1  0  164.711
836  5  0  164.711
120  3  0  165.695
359  5  0  165.695
598  1  0  165.695
837  5  0  165.695
121  3  0  166.705
360  5  0  166.705
599  1  0  166.705
838  5  0  166.706
122  3  0  167.276
361  5  0  167.276
600  1  0  167.276
839  5  0  167.276
123  3  0  168.121
362  5  0  168.121
601  1  0  168.12
840  5  0  168.12
124  3  0  169.088
363  5  0  169.088
602  1  0  169.088
841  5  0  169.088
125  3  0  170.017
364  5  0  169.864
603  6  0  -125.957
842  5  0  -82.4457
126  3  0  170.894
365  5  0  170.813
604  6  0  170.709
843  5  0  170.667
127  3  0  171.714
366  5  0  171.714
605  6  0  171.715
844  5  0  171.715
128  3  0  172.317
367  5  0  172.317
606  6  0  172.316
845  5  0  172.315
129  3  0  173.31
368  5  0  173.31
607  6  0  173.31
846  5  0  173.311
130  3  0  174.139
369  5  0  174.139
608  6  0  174.139
847  5  0  174.139
131  3  0  174.991
370  5  0  174.991
609  6  0  174.991
848  5  0  174.991
132  3  0  175.836
371  5  0  175.836
610  6  0  175.836
849  5  0  175.836
133  3  0  176.661
372  5  0  176.661
611  6  0  176.661
850  5  0  176.661
134  3  0  177.503
373  5  0  177.503
612  6  0  177.502
851  5  0  177.501
135  3  0  178.562
374  5  0  178.562
613  6  0  178.563
852  5  0  178.564
136  3  0  179.353
375  5  0  179.353
614  6  0  179.353
853  5  0  179.353
137  3  0  -179.834
376  5  0  -179.834
615  6  0  -179.835
854  5  0  -179.835
138  3  0  -178.862
377  5  0  -178.862
616  6  0  -178.861
855  5  0  -178.86
139  3  0  -178.15
378  5  0  -178.15
617  6  0  -178.15
856  5  0  -178.15
140  3  0  -177.423
379  5  0  -177.423
618  6  0  -177.423
857  5  0  -177.423
141  3  0  -176.763
380  5  0  -176.763
619  6  0  -176.763
858  5  0  -176.763
142  3  0  -176.128
381  5  0  -176.128
620  6  0  -176.128
859  5  0  -176.128
143  3  0  -175.474
382  5  0  -175.474
621  6  0  -175.474
860  5  0  -175.474
144  3  0  -174.916
383  5  0  -174.916
622  6  0  -174.916
861  5  0  -174.916
145  3  0  -174.425
384  5  0  -174.425
623  6  0  -174.425
862  5  0  -174.425
146  3  0  -173.941
385  5  0  -174.016
624  6  0  -174.247
863  5  0  -174.523
147  3  0  -173.459
386  5  0  -173.501
625  6  0  173.807
864  5  0  163.963
148  3  0  -172.741
387  5  0  -172.741
626  1  0  -172.74
865  5  0  -172.74
149  3  0  -172.277
388  5  0  -172.277
627  1  0  -172.277
866  5  0  -172.277
150  3  0  -171.924
389  5  0  -171.924
628  1  0  -171.924
867  5  0  -171.924
151  3  0  -171.441
390  5  0  -171.441
629  1  0  -171.441
868  5  0  -171.441
152  3  0  -171.179
391  5  0  -171.179
630  1  0  -171.179
869  5  0  -171.179
153  3  0  -170.795
392  5  0  -170.795
631  1  0  -170.795
870  5  0  -170.795
154  3  0  -170.464
393  5  0  -170.464
632  1  0  -170.464
871  5  0  -170.464
155  3  0  -170.187
394  5  0  -170.187
633  1  0  -170.187
872  5  0  -170.187
156  3  0  -169.894
395  5  0  -169.894
634  1  0  -169.894
873  5  0  -169.894
157  3  0  -169.698
396  5  0  -169.698
635  1  0  -169.698
874  5  0  -169.698
158  3  0  -169.513
397  5  0  -169.513
636  1  0  -169.513
875  5  0  -169.513
159  3  0  -169.311
398  5  0  -169.311
637  1  0  -169.311
876  5  0  -169.311
160  3  0  -168.86
399  5  0  -168.86
638  1  0  -168.86
877  5  0  -168.86
161  3  0  -168.661
400  5  0  -168.661
639  1  0  -168.661
878  5  0  -168.661
162  3  0  -168.525
401  5  0  -168.525
640  1  0  -168.525
879  5  0  -168.525
163  3  0  -168.128
402  5  0  -168.127
641  1  0  -168.127
880  5  0  -168.127
164  3  0  -168.051
403  5  0  -168.051
642  1  0  -168.051
881  5  0  -168.051
165  3  0  -167.923
404  5  0  -167.923
643  1  0  -167.923
882  5  0  -167.923
166  3  0  -167.739
405  5  0  -167.739
644  1  0  -167.739
883  5  0  -167.739
167  3  0  -167.659
406  5  0  -167.659
645  1  0  -167.659
884  5  0  -167.659
168  3  0  -167.402
407  5  0  -167.402
646  1  0  -167.402
885  5  0  -167.402
169  3  0  -167.325
408  5  0  -167.325
647  1  0  -167.325
886  5  0  -167.325
170  3  0  -167.29
409  5  0  -167.29
648  1  0  -167.29
887  5  0  -167.29
171  3  0  -167.177
410  5  0  -167.177
649  1  0  -167.177
888  5  0  -167.177
172  3  0  -166.976
411  5  0  -166.976
650  1  0  -166.976
889  5  0  -166.976
173  3  0  -167.004
412  5  0  -167.004
651  1  0  -167.004
890  5  0  -167.004
174  3  0  -166.908
413  5  0  -166.908
652  1  0  -166.908
891  5  0  -166.908
175  3  0  -166.776
414  5  0  -166.776
653  1  0  -166.776
892  5  0  -166.776
176  3  0  -166.71
415  5  0  -166.71
654  1  0  -166.71
893  5  0  -166.71
177  3  0  -166.561
416  5  0  -166.561
655  1  0  -166.561
894  5  0  -166.561
178  3  0  -166.545
417  5  0  -166.545
656  1  0  -166.545
895  5  0  -166.545
179  3  0  -166.472
418  5  0  -166.472
657  1  0  -166.472
896  5  0  -166.472
180  3  0  -166.341
419  5  0  -166.341
658  1  0  -166.341
897  5  0  -166.341
181  3  0  -166.232
420  5  0  -166.232
659  1  0  -166.232
898  5  0  -166.232
182  3  0  -166.117
421  5  0  -166.117
660  1  0  -166.117
899  5  0  -166.117
183  3  0  -166.101
422  5  0  -166.101
661  1  0  -166.101
900  5  0  -166.101
184  3  0  -166.113
423  5  0  -166.113
662  1  0  -166.113
901  5  0  -166.113
185  3  0  -166.039
424  5  0  -166.039
663  1  0  -166.039
902  5  0  -166.039
186  3  0  -166.023
425  5  0  -166.023
664  1  0  -166.023
903  5  0  -166.023
187  3  0  -165.955
426  5  0  -165.955
665  1  0  -165.955
904  5  0  -165.955
188  3  0  -165.902
427  5  0  -165.902
666  1  0  178.055
905  5  0  164.19
189  3  0  -165.903
428  5  0  -165.903
667  4  0  -165.903
906  5  0  -165.903
190  3  0  -165.861
429  5  0  -165.861
668  4  0  -165.861
907  5  0  -165.861
191  3  0  -165.613
430  5  0  -165.613
669  4  0  -165.613
908  5  0  -165.613
192  3  0  -165.71
431  5  0  -165.71
670  4  0  -165.71
909  5  0  -165.71
193  3  0  -165.467
432  5  0  -165.467
671  4  0  -165.467
910  5  0  -165.467
194  3  0  -165.377
433  5  0  -165.377
672  4  0  -165.377
911  5  0  -165.377
195  3  0  -165.338
434  5  0  -165.338
673  4  0  -165.339
912  5  0  -165.339
196  3  0  -164.893
435  5  0  -164.893
674  4  0  -164.893
913  5  0  -164.893
197  3  0  -164.384
436  5  0  -164.481
675  4  0  -164.631
914  5  0  -164.789
198  3  0  -138.014
437  5  0  -137.918
676  4  0  -137.648
915  5  0  -136.77
199  2  0  -90.0352
438  1  0  -90.0352
677  1  0  -90.0352
916  2  0  89.9648
200  2  0  -90.0352
439  1  0  -90.0352
678  1  0  -90.0352
917  2  0  -90.0352
201  2  0  -90.0352
440  1  0  -90.0352
679  1  0  -90.0352
918  2  0  -90.0352
202  2  0  -90.0352
441  1  0  -90.0352
680  1  0  -90.0352
919  2  0  -90.0352
203  2  0  -90.0352
442  1  0  -90.0352
681  1  0  -90.0352
920  2  0  -90.0352
204  2  0  -90.0352
443  1  0  -90.0352
682  1  0  -90.0352
921  2  0  -90.0352
205  2  0  -90.0352
444  1  0  -90.0352
683  1  0  -90.0352
922  2  0  -90.0352
206  2  0  -90.0352
445  1  0  -90.0352
684  1  0  -90.0352
923  2  0  -90.0352
207  2  0  -90.0352
446  1  0  -90.0352
685  1  0  -90.0352
924  2  0  -90.0352
208  2  0  -90.0352
447  1  0  -90.0352
686  1  0  -90.0352
925  2  0  -90.0352
209  2  0  -90.0352
448  1  0  -90.0352
687  1  0  -90.0352
926  2  0  -90.0352
210  2  0  -90.0352
449  1  0  -90.0352
688  1  0  -90.0352
927  2  0  -90.0352
211  2  0  -90.0352
450  1  0  -90.0352
689  1  0  -90.0352
928  2  0  -90.0352
212  2  0  -90.0352
451  1  0  -90.0352
690  1  0  -90.0352
929  2  0  -90.0352
213  2  0  -90.0352
452  1  0  -90.0352
691  1  0  -90.0352
930  2  0  -90.0352
214  2  0  -90.0352
453  1  0  -90.0352
692  1  0  -90.0352
931  2  0  -90.0352
215  2  0  -90.0352
454  1  0  -90.0352
693  1  0  -90.0352
932  2  0  -90.0352
216  2  0  -90.0352
455  1  0  -90.0352
694  1  0  -90.0352
933  2  0  -90.0352
217  2  0  -90.0352
456  1  0  -90.0352
695  1  0  -90.0352
934  2  0  -90.0352
218  2  0  -90.0352
457  1  0  -90.0352
696  1  0  -90.0352
935  2  0  89.9648
219  2  0  -90.0308
458  1  0  -90.0308
697  1  0  89.9692
936  2  0  89.9692
220  2  0  -90.0308
459  1  0  -90.0308
698  1  0  -90.0308
937  2  0  -90.0308
221  2  0  -90.0308
460  1  0  -90.0308
699  1  0  -90.0308
938  2  0  -90.0308
222  2  0  -90.0308
461  1  0  -90.0308
700  1  0  -90.0308
939  2  0  -90.0308
223  2  0  -90.0308
462  1  0  -90.0308
701  1  0  -90.0308
940  2  0  -90.0308
224  2  0  -90.0308
463  1  0  -90.0308
702  1  0  -90.0308
941  2  0  -90.0308
225  2  0  -90.0308
464  1  0  -90.0308
703  1  0  -90.0308
942  2  0  -90.0308
226  2  0  -90.0308
465  1  0  -90.0308
704  1  0  -90.0308
943  2  0  -90.0308
227  2  0  -90.0308
466  1  0  -90.0308
705  1  0  -90.0308
944  2  0  -90.0308
228  2  0  -90.0308
467  1  0  -90.0308
706  1  0  -90.0308
945  2  0  -90.0308
229  2  0  -90.0308
468  1  0  -90.0308
707  1  0  -90.0308
946  2  0  -90.0308
230  2  0  -90.0308
469  1  0  -90.0308
708  1  0  -90.0308
947  2  0  -90.0308
231  2  0  -90.0308
470  1  0  -90.0308
709  1  0  -90.0308
948  2  0  -90.0308
232  2  0  -90.0308
471  1  0  -90.0308
710  1  0  -90.0308
949  2  0  -90.0308
233  2  0  -90.0308
472  1  0  -90.0308
711  1  0  -90.0308
950  2  0  -90.0308
234  2  0  -90.0308
473  1  0  -90.0308
712  1  0  -90.0308
951  2  0  -90.0308
235  2  0  -90.0308
474  1  0  -90.0308
713  1  0  -90.0308
952  2  0  -90.0308
236  2  0  -90.0308
475  1  0  -90.0308
714  1  0  -90.0308
953  2  0  -90.0308
237  2  0  -90.0308
476  1  0  -90.0308
715  1  0  -90.0308
954  2  0  -90.0308
238  2  0  -90.0308
477  1  0  -90.0308
716  1  0  -90.0308
955  2  0  -90.0308
239  2  0  -90.0308
478  1  0  -90.0308
717  1  0  -90.0308
956  2  0  89.9692
