1  -1.53740000e+00  -7.02009450e-03
2  -1.51453372e+00  -2.93233385e-03
3  -1.49162560e+00  9.13365926e-04
4  -1.46867409e+00  4.49032748e-03
5  -1.44566903e+00  7.70610407e-03
6  -1.42264379e+00  1.07736246e-02
7  -1.39954800e+00  1.32504331e-02
8  -1.37641259e+00  1.53268991e-02
9  -1.35323111e+00  1.67953745e-02
10  -1.33002328e+00  1.77704727e-02
11  -1.30680000e+00  1.81986060e-02
12  -1.27344880e+00  1.78283106e-02
13  -1.24945537e+00  1.70296345e-02
14  -1.22548821e+00  1.56117543e-02
15  -1.20154173e+00  1.38753607e-02
16  -1.17766202e+00  1.14142508e-02
17  -1.15381150e+00  8.65557987e-03
18  -1.13004122e+00  5.29173196e-03
19  -1.10633325e+00  1.49992840e-03
20  -1.08269486e+00  -2.70086907e-03
21  -1.05914175e+00  -7.35496105e-03
22  -1.03566652e+00  -1.23888263e-02
23  -1.01226379e+00  -1.77497240e-02
24  -9.88944003e-01  -2.34632150e-02
25  -9.65693619e-01  -2.94528746e-02
26  -9.42543003e-01  -3.58154440e-02
27  -9.19442920e-01  -4.23605807e-02
28  -8.96394477e-01  -4.90841595e-02
29  -8.73406181e-01  -5.60117645e-02
30  -8.50463956e-01  -6.30907491e-02
31  -8.27563418e-01  -7.03033408e-02
32  -8.04689578e-01  -7.76001283e-02
33  -7.81839977e-01  -8.49725363e-02
34  -7.59018849e-01  -9.24326868e-02
35  -7.36210630e-01  -9.99321931e-02
36  -7.13406713e-01  -1.07444786e-01
37  -6.90599429e-01  -1.14947124e-01
38  -6.67767689e-01  -1.22374728e-01
39  -6.44923947e-01  -1.29765318e-01
40  -6.22056540e-01  -1.37082096e-01
41  -5.99156640e-01  -1.44296801e-01
42  -5.76227193e-01  -1.51417021e-01
43  -5.53248780e-01  -1.58376734e-01
44  -5.30229329e-01  -1.65200152e-01
45  -5.07164815e-01  -1.71869929e-01
46  -4.84061701e-01  -1.78404462e-01
47  -4.60909044e-01  -1.84760089e-01
48  -4.37704325e-01  -1.90924388e-01
49  -4.14464079e-01  -1.96953374e-01
50  -3.91139273e-01  -2.02643302e-01
51  -3.67759647e-01  -2.08106269e-01
52  -3.35000000e-01  -2.15396773e-01
53  -3.11406086e-01  -2.20303161e-01
54  -2.87760395e-01  -2.24953228e-01
55  -2.64063096e-01  -2.29328992e-01
56  -2.40312895e-01  -2.33407548e-01
57  -2.16497592e-01  -2.37092291e-01
58  -1.92644369e-01  -2.40522025e-01
59  -1.68748545e-01  -2.43633814e-01
60  -1.44815086e-01  -2.46447847e-01
61  -1.20851915e-01  -2.48999566e-01
62  -9.68550873e-02  -2.51211142e-01
63  -7.28312230e-02  -2.53099381e-01
64  -4.87844018e-02  -2.54668001e-01
65  -2.47180481e-02  -2.55910097e-01
66  -6.35443864e-04  -2.56789855e-01
67  2.34578605e-02  -2.57274133e-01
68  4.75553615e-02  -2.57421898e-01
69  7.16524891e-02  -2.57236316e-01
70  9.57448758e-02  -2.56703685e-01
71  1.19825261e-01  -2.55764922e-01
72  1.43887258e-01  -2.54437593e-01
73  1.67922938e-01  -2.52704464e-01
74  1.91930966e-01  -2.50622789e-01
75  2.15900000e-01  -2.48138682e-01
76  2.42538380e-01  -2.44840095e-01
77  2.65983764e-01  -2.41513276e-01
78  2.89371367e-01  -2.37802233e-01
79  3.12688187e-01  -2.33667362e-01
80  3.35933294e-01  -2.29146996e-01
81  3.59075523e-01  -2.24125253e-01
82  3.82138658e-01  -2.18751814e-01
83  4.05079136e-01  -2.12876817e-01
84  4.27895259e-01  -2.06537030e-01
85  4.50549552e-01  -1.99640887e-01
86  4.73058393e-01  -1.92286226e-01
87  4.95377377e-01  -1.84372732e-01
88  5.17515958e-01  -1.75970509e-01
89  5.42600000e-01  -1.65769340e-01
90  5.63885182e-01  -1.56156241e-01
91  5.84909205e-01  -1.45990499e-01
92  6.05507862e-01  -1.34985511e-01
93  6.25594631e-01  -1.23074098e-01
94  6.45008955e-01  -1.10098623e-01
95  6.63514026e-01  -9.58557950e-02
96  6.80898097e-01  -8.02737780e-02
97  6.96881361e-01  -6.32583698e-02
98  7.10511990e-01  -4.43371664e-02
99  7.19942575e-01  -2.30361953e-02
100  7.23500000e-01  0.00000000e+00
101  7.20087520e-01  2.26699961e-02
102  7.09660783e-01  4.30401033e-02
103  6.95237433e-01  6.09000387e-02
104  6.78777080e-01  7.69200883e-02
105  6.61013251e-01  9.14832520e-02
106  6.42473011e-01  1.05049887e-01
107  6.23384207e-01  1.17834981e-01
108  6.03713339e-01  1.29704240e-01
109  5.83635283e-01  1.40871463e-01
110  5.63241058e-01  1.51452478e-01
111  5.42600000e-01  1.61544043e-01
112  5.17557478e-01  1.72781132e-01
113  4.95427577e-01  1.82056722e-01
114  4.73096917e-01  1.90841639e-01
115  4.50615204e-01  1.99232685e-01
116  4.27979710e-01  2.07199867e-01
117  4.05174313e-01  2.14666796e-01
118  3.82265311e-01  2.21810485e-01
119  3.59242553e-01  2.28578573e-01
120  3.36095185e-01  2.34906461e-01
121  3.12842444e-01  2.40835660e-01
122  2.89489054e-01  2.46354181e-01
123  2.66081415e-01  2.51639412e-01
124  2.42599229e-01  2.56579034e-01
125  2.15900000e-01  2.61726446e-01
126  1.92208758e-01  2.65890120e-01
127  1.68456497e-01  2.69691184e-01
128  1.44652620e-01  2.73157842e-01
129  1.20813395e-01  2.76373851e-01
130  9.69220752e-02  2.79176404e-01
131  7.29930856e-02  2.81632647e-01
132  4.90308279e-02  2.83733035e-01
133  2.50398952e-02  2.85479806e-01
134  1.02580640e-03  2.86880709e-01
135  -2.30065145e-02  2.87928781e-01
136  -4.70534114e-02  2.88532428e-01
137  -7.11063015e-02  2.88804080e-01
138  -9.51604619e-02  2.88734448e-01
139  -1.19210834e-01  2.88256641e-01
140  -1.43253431e-01  2.87479909e-01
141  -1.67283629e-01  2.86398395e-01
142  -1.91299812e-01  2.85040194e-01
143  -2.15299979e-01  2.83415869e-01
144  -2.39280130e-01  2.81517625e-01
145  -2.63240321e-01  2.79385952e-01
146  -2.87181354e-01  2.77049256e-01
147  -3.11101770e-01  2.74507056e-01
148  -3.35000000e-01  2.71763802e-01
149  -3.67912558e-01  2.67571397e-01
150  -3.91466423e-01  2.64377322e-01
151  -4.14999943e-01  2.61038094e-01
152  -4.38504735e-01  2.57500552e-01
153  -4.61993101e-01  2.53855514e-01
154  -4.85456316e-01  2.50053176e-01
155  -5.08897313e-01  2.46115429e-01
156  -5.32319059e-01  2.42064342e-01
157  -5.55719737e-01  2.37893398e-01
158  -5.79105997e-01  2.33642552e-01
159  -6.02478487e-01  2.29316400e-01
160  -6.25835548e-01  2.24907655e-01
161  -6.49157064e-01  2.20315348e-01
162  -6.72462595e-01  2.15641859e-01
163  -6.95756953e-01  2.10913195e-01
164  -7.19017962e-01  2.06022995e-01
165  -7.42272462e-01  2.01101829e-01
166  -7.65515829e-01  1.96128621e-01
167  -7.88743179e-01  1.91080862e-01
168  -8.11963466e-01  1.86000713e-01
169  -8.35160717e-01  1.80816531e-01
170  -8.58350944e-01  1.75600866e-01
171  -8.81538029e-01  1.70371306e-01
172  -9.04714714e-01  1.65095795e-01
173  -9.27872810e-01  1.59739283e-01
174  -9.51033463e-01  1.54393831e-01
175  -9.74185150e-01  1.49009828e-01
176  -9.97324376e-01  1.43572376e-01
177  -1.02045735e+00  1.38108427e-01
178  -1.04357603e+00  1.32584285e-01
179  -1.06669311e+00  1.27053421e-01
180  -1.08980311e+00  1.21493048e-01
181  -1.11290039e+00  1.15880158e-01
182  -1.13598696e+00  1.10223326e-01
183  -1.15906207e+00  1.04519952e-01
184  -1.18213564e+00  9.88103352e-02
185  -1.20521036e+00  9.31053807e-02
186  -1.22827773e+00  8.73707434e-02
187  -1.25134350e+00  8.16296670e-02
188  -1.27440241e+00  7.58611407e-02
189  -1.30680000e+00  6.77248634e-02
190  -1.32992889e+00  6.19167060e-02
191  -1.35305351e+00  5.60915716e-02
192  -1.37615263e+00  5.01663828e-02
193  -1.39926177e+00  4.42801615e-02
194  -1.42234568e+00  3.82959512e-02
195  -1.44542022e+00  3.22755391e-02
196  -1.46849071e+00  2.62396458e-02
197  -1.49151353e+00  2.00245876e-02
198  -1.51447844e+00  1.35990159e-02
199  -3.11116986e-01  2.49766545e-01
200  -3.11132202e-01  2.25026034e-01
201  -3.11147418e-01  2.00285524e-01
202  -3.11162633e-01  1.75545013e-01
203  -3.11177849e-01  1.50804502e-01
204  -3.11193065e-01  1.26063991e-01
205  -3.11208281e-01  1.01323480e-01
206  -3.11223497e-01  7.65829694e-02
207  -3.11238712e-01  5.18424586e-02
208  -3.11253928e-01  2.71019477e-02
209  -3.11269144e-01  2.36143690e-03
210  -3.11284360e-01  -2.23790739e-02
211  -3.11299576e-01  -4.71195848e-02
212  -3.11314791e-01  -7.18600956e-02
213  -3.11330007e-01  -9.66006065e-02
214  -3.11345223e-01  -1.21341117e-01
215  -3.11360439e-01  -1.46081628e-01
216  -3.11375655e-01  -1.70822139e-01
217  -3.11390871e-01  -1.95562650e-01
218  1.92195529e-01  2.41294267e-01
219  1.92182301e-01  2.16698414e-01
220  1.92169073e-01  1.92102561e-01
221  1.92155845e-01  1.67506709e-01
222  1.92142617e-01  1.42910856e-01
223  1.92129388e-01  1.18315003e-01
224  1.92116160e-01  9.37191502e-02
225  1.92102932e-01  6.91232975e-02
226  1.92089704e-01  4.45274447e-02
227  1.92076476e-01  1.99315919e-02
228  1.92063247e-01  -4.66426089e-03
229  1.92050019e-01  -2.92601137e-02
230  1.92036791e-01  -5.38559665e-02
231  1.92023563e-01  -7.84518192e-02
232  1.92010335e-01  -1.03047672e-01
233  1.91997107e-01  -1.27643525e-01
234  1.91983878e-01  -1.52239378e-01
235  1.91970650e-01  -1.76835230e-01
236  1.91957422e-01  -2.01431083e-01
237  1.91944194e-01  -2.26026936e-01
2475  -1.53576226e+00  -6.21939153e-03
2476  -1.51461911e+00  -2.43967845e-03
2477  -1.49170549e+00  1.40694251e-03
2478  -1.46874720e+00  4.98495359e-03
2479  -1.44573665e+00  8.20150987e-03
2480  -1.42270347e+00  1.12700505e-02
2481  -1.39959701e+00  1.37480256e-02
2482  -1.37645075e+00  1.58254410e-02
2483  -1.35325741e+00  1.72946823e-02
2484  -1.33003838e+00  1.82702445e-02
2485  -1.30680183e+00  1.86986026e-02
2486  -1.27343771e+00  1.83281875e-02
2487  -1.24943229e+00  1.75291014e-02
2488  -1.22545536e+00  1.61106743e-02
2489  -1.20149801e+00  1.43734460e-02
2490  -1.17760766e+00  1.19112875e-02
2491  -1.15374774e+00  9.15149792e-03
2492  -1.12996670e+00  5.78614824e-03
2493  -1.10625002e+00  1.99295282e-03
2494  -1.08260265e+00  -2.20944521e-03
2495  -1.05904087e+00  -6.86524415e-03
2496  -1.03555828e+00  -1.19006831e-02
2497  -1.01214847e+00  -1.72632038e-02
2498  -9.88822141e-01  -2.29782926e-02
2499  -9.65564995e-01  -2.89697018e-02
2500  -9.42408598e-01  -3.53338473e-02
2501  -9.19304757e-01  -4.18800489e-02
2502  -8.96252331e-01  -4.86047907e-02
2503  -8.73260336e-01  -5.55335081e-02
2504  -8.50315144e-01  -6.26134076e-02
2505  -8.27412338e-01  -6.98267121e-02
2506  -8.04536834e-01  -7.71240303e-02
2507  -7.81685532e-01  -8.44969874e-02
2508  -7.58863081e-01  -9.19575696e-02
2509  -7.36054316e-01  -9.94572553e-02
2510  -7.13250370e-01  -1.06969858e-01
2511  -6.90443970e-01  -1.14471906e-01
2512  -6.67613394e-01  -1.21899130e-01
2513  -6.44770806e-01  -1.29289348e-01
2514  -6.21905230e-01  -1.36605540e-01
2515  -5.99007377e-01  -1.43819600e-01
2516  -5.76080584e-01  -1.50938998e-01
2517  -5.53105261e-01  -1.57897774e-01
2518  -5.30088830e-01  -1.64720298e-01
2519  -5.07027324e-01  -1.71389204e-01
2520  -4.83927480e-01  -1.77922814e-01
2521  -4.60778678e-01  -1.84277383e-01
2522  -4.37577362e-01  -1.90440776e-01
2523  -4.14342050e-01  -1.96468494e-01
2524  -3.91023140e-01  -2.02156976e-01
2525  -3.67648454e-01  -2.07618790e-01
2526  -3.34894791e-01  -2.14907967e-01
2527  -3.09905959e-01  -2.20096505e-01
2528  -2.87666758e-01  -2.24462074e-01
2529  -2.63975386e-01  -2.28836745e-01
2530  -2.40232354e-01  -2.32914077e-01
2531  -2.16423785e-01  -2.36597768e-01
2532  -1.92576504e-01  -2.40026652e-01
2533  -1.68687067e-01  -2.43137608e-01
2534  -1.44759420e-01  -2.45950955e-01
2535  -1.20802499e-01  -2.48502014e-01
2536  -9.68125541e-02  -2.50712954e-01
2537  -7.27953596e-02  -2.52600669e-01
2538  -4.87552421e-02  -2.54168852e-01
2539  -2.46960352e-02  -2.55410582e-01
2540  -6.21292750e-04  -2.56290055e-01
2541  2.34644176e-02  -2.56774176e-01
2542  4.75549692e-02  -2.56921898e-01
2543  7.16450380e-02  -2.56736372e-01
2544  9.57296109e-02  -2.56203918e-01
2545  1.19801752e-01  -2.55265475e-01
2546  1.43855507e-01  -2.53938602e-01
2547  1.67883361e-01  -2.52206033e-01
2548  1.93431313e-01  -2.49977748e-01
2549  2.15843503e-01  -2.47641884e-01
2550  2.42472533e-01  -2.44344450e-01
2551  2.65909460e-01  -2.41018828e-01
2552  2.89288532e-01  -2.37309142e-01
2553  3.12596809e-01  -2.33175783e-01
2554  3.35832551e-01  -2.28657250e-01
2555  3.58965777e-01  -2.23637446e-01
2556  3.82019900e-01  -2.18266122e-01
2557  4.04950176e-01  -2.12393734e-01
2558  4.27755515e-01  -2.06056955e-01
2559  4.50399094e-01  -1.99164062e-01
2560  4.72897189e-01  -1.91812926e-01
2561  4.95205114e-01  -1.83903344e-01
2562  5.17333058e-01  -1.75505162e-01
2563  5.42402884e-01  -1.65309834e-01
2564  5.63673435e-01  -1.55703291e-01
2565  5.84682525e-01  -1.45544835e-01
2566  6.05262480e-01  -1.34549865e-01
2567  6.25328103e-01  -1.22651058e-01
2568  6.44717393e-01  -1.09692431e-01
2569  6.63194456e-01  -9.54712501e-02
2570  6.80548694e-01  -7.99161226e-02
2571  6.96495485e-01  -6.29404080e-02
2572  7.10078214e-01  -4.40884939e-02
2573  7.19462745e-01  -2.28956143e-02
2574  7.22994222e-01  9.63648021e-07
2575  7.19611544e-01  2.25168715e-02
2576  7.09241519e-01  4.27676740e-02
2577  6.94867912e-01  6.05632087e-02
2578  6.78443915e-01  7.65472601e-02
2579  6.60707004e-01  9.10880142e-02
2580  6.42186196e-01  1.04640329e-01
2581  6.23115854e-01  1.17413097e-01
2582  6.03462626e-01  1.29271640e-01
2583  5.83398609e-01  1.40431025e-01
2584  5.63016103e-01  1.51005941e-01
2585  5.42387817e-01  1.61091298e-01
2586  5.17358474e-01  1.72322441e-01
2587  4.95239403e-01  1.81593483e-01
2588  4.72917968e-01  1.90374759e-01
2589  4.50444774e-01  1.98762628e-01
2590  4.27818906e-01  2.06726431e-01
2591  4.05022095e-01  2.14190530e-01
2592  3.82120374e-01  2.21331953e-01
2593  3.59106112e-01  2.28097549e-01
2594  3.35967485e-01  2.34423043e-01
2595  3.12723176e-01  2.40350093e-01
2596  2.89376498e-01  2.45867015e-01
2597  2.65974888e-01  2.51150892e-01
2598  2.42500436e-01  2.56088891e-01
2599  2.15809397e-01  2.61234723e-01
2600  1.93708350e-01  2.65131374e-01
2601  1.68380962e-01  2.69196922e-01
2602  1.44583167e-01  2.72662689e-01
2603  1.20750843e-01  2.75877779e-01
2604  9.68674198e-02  2.78679400e-01
2605  7.29457268e-02  2.81134895e-01
2606  4.89908427e-02  2.83234636e-01
2607  2.50071806e-02  2.84980877e-01
2608  1.00035391e-03  2.86381357e-01
2609  -2.30236814e-02  2.87429076e-01
2610  -4.70625087e-02  2.88032511e-01
2611  -7.11084012e-02  2.88304084e-01
2612  -9.51547722e-02  2.88234480e-01
2613  -1.19197796e-01  2.87756811e-01
2614  -1.43234118e-01  2.86980282e-01
2615  -1.67258273e-01  2.85899038e-01
2616  -1.91268814e-01  2.84541156e-01
2617  -2.15263369e-01  2.82917211e-01
2618  -2.39238247e-01  2.81019382e-01
2619  -2.63193881e-01  2.78888113e-01
2620  -2.87130648e-01  2.76551834e-01
2621  -3.09601977e-01  2.74169785e-01
2622  -3.34939899e-01  2.71267427e-01
2623  -3.67847373e-01  2.67075664e-01
2624  -3.91397707e-01  2.63882066e-01
2625  -4.14927614e-01  2.60543353e-01
2626  -4.38429191e-01  2.57006292e-01
2627  -4.61914771e-01  2.53361688e-01
2628  -4.85374907e-01  2.49559848e-01
2629  -5.08813289e-01  2.45622540e-01
2630  -5.32232582e-01  2.41571877e-01
2631  -5.55631159e-01  2.37401307e-01
2632  -5.79015787e-01  2.33150757e-01
2633  -6.02386616e-01  2.28824913e-01
2634  -6.25740877e-01  2.24416699e-01
2635  -6.49059609e-01  2.19824937e-01
2636  -6.72363706e-01  2.15151736e-01
2637  -6.95655784e-01  2.10423537e-01
2638  -7.18914769e-01  2.05533760e-01
2639  -7.42168396e-01  2.00612779e-01
2640  -7.65410431e-01  1.95639856e-01
2641  -7.88636657e-01  1.90592341e-01
2642  -8.11855509e-01  1.85512507e-01
2643  -8.35051335e-01  1.80328642e-01
2644  -8.58241084e-01  1.75113084e-01
2645  -8.81427540e-01  1.69883667e-01
2646  -9.04602890e-01  1.64608460e-01
2647  -9.27760250e-01  1.59252117e-01
2648  -9.50920614e-01  1.53906732e-01
2649  -9.74071333e-01  1.48522955e-01
2650  -9.97209719e-01  1.43085700e-01
2651  -1.02034178e+00  1.37621967e-01
2652  -1.04345976e+00  1.32097992e-01
2653  -1.06657646e+00  1.26567220e-01
2654  -1.08968559e+00  1.21007054e-01
2655  -1.11278186e+00  1.15394411e-01
2656  -1.13586748e+00  1.09737812e-01
2657  -1.15894203e+00  1.04034575e-01
2658  -1.18201559e+00  9.83249623e-02
2659  -1.20509004e+00  9.26200730e-02
2660  -1.22815703e+00  8.68855300e-02
2661  -1.25122245e+00  8.11445424e-02
2662  -1.27428084e+00  7.53761439e-02
2663  -1.30667822e+00  6.72399213e-02
2664  -1.32980693e+00  6.14318077e-02
2665  -1.35293033e+00  5.56069836e-02
2666  -1.37602880e+00  4.96819580e-02
2667  -1.39913733e+00  4.37958954e-02
2668  -1.42221983e+00  3.78120487e-02
2669  -1.44529383e+00  3.17917778e-02
2670  -1.46836228e+00  2.57564225e-02
2671  -1.49138101e+00  1.95424688e-02
2672  -1.51423755e+00  1.31608722e-02
2673  -3.09616986e-01  2.49765622e-01
2674  -3.09632202e-01  2.25025111e-01
2675  -3.09647418e-01  2.00284601e-01
2676  -3.09662633e-01  1.75544090e-01
2677  -3.09677849e-01  1.50803579e-01
2678  -3.09693065e-01  1.26063068e-01
2679  -3.09708281e-01  1.01322557e-01
2680  -3.09723497e-01  7.65820469e-02
2681  -3.09738712e-01  5.18415361e-02
2682  -3.09753928e-01  2.71010252e-02
2683  -3.09769144e-01  2.36051436e-03
2684  -3.09784360e-01  -2.23799964e-02
2685  -3.09799576e-01  -4.71205073e-02
2686  -3.09814791e-01  -7.18610181e-02
2687  -3.09830007e-01  -9.66015290e-02
2688  -3.09845223e-01  -1.21342040e-01
2689  -3.09860439e-01  -1.46082551e-01
2690  -3.09875655e-01  -1.70823062e-01
2691  -3.09890871e-01  -1.95563573e-01
2692  1.93695529e-01  2.41293460e-01
2693  1.93682301e-01  2.16697607e-01
2694  1.93669073e-01  1.92101754e-01
2695  1.93655845e-01  1.67505902e-01
2696  1.93642617e-01  1.42910049e-01
2697  1.93629388e-01  1.18314196e-01
2698  1.93616160e-01  9.37183435e-02
2699  1.93602932e-01  6.91224908e-02
2700  1.93589704e-01  4.45266380e-02
2701  1.93576476e-01  1.99307851e-02
2702  1.93563247e-01  -4.66506764e-03
2703  1.93550019e-01  -2.92609204e-02
2704  1.93536791e-01  -5.38567732e-02
2705  1.93523563e-01  -7.84526259e-02
2706  1.93510335e-01  -1.03048479e-01
2707  1.93497107e-01  -1.27644332e-01
2708  1.93483878e-01  -1.52240185e-01
2709  1.93470650e-01  -1.76836037e-01
2710  1.93457422e-01  -2.01431890e-01
2711  1.93444194e-01  -2.26027743e-01
4949  -1.52757354e+00  -2.21587666e-03
4950  -1.51504603e+00  2.35985728e-05
4951  -1.49210493e+00  3.87482545e-03
4952  -1.46911275e+00  7.45808413e-03
4953  -1.44607478e+00  1.06785389e-02
4954  -1.42300185e+00  1.37521802e-02
4955  -1.39984205e+00  1.62359879e-02
4956  -1.37664153e+00  1.83181507e-02
4957  -1.35338892e+00  1.97912211e-02
4958  -1.33011390e+00  2.07691036e-02
4959  -1.30681100e+00  2.11985858e-02
4960  -1.27338224e+00  2.08275721e-02
4961  -1.24931687e+00  2.00264358e-02
4962  -1.22529114e+00  1.86052745e-02
4963  -1.20127944e+00  1.68638725e-02
4964  -1.17733589e+00  1.43964708e-02
4965  -1.15342894e+00  1.16310882e-02
4966  -1.12959413e+00  8.25822962e-03
4967  -1.10583388e+00  4.45807490e-03
4968  -1.08214160e+00  2.47674069e-04
4969  -1.05853645e+00  -4.41665965e-03
4970  -1.03501707e+00  -9.45996692e-03
4971  -1.01157189e+00  -1.48306026e-02
4972  -9.88212833e-01  -2.05536806e-02
4973  -9.64921877e-01  -2.65538377e-02
4974  -9.41736575e-01  -3.29258637e-02
4975  -9.18613939e-01  -3.94773896e-02
4976  -8.95541599e-01  -4.62079468e-02
4977  -8.72531110e-01  -5.31422260e-02
4978  -8.49571083e-01  -6.02267000e-02
4979  -8.26656939e-01  -6.74435688e-02
4980  -8.03773115e-01  -7.47435402e-02
4981  -7.80913308e-01  -8.21192426e-02
4982  -7.58084241e-01  -8.95819837e-02
4983  -7.35272746e-01  -9.70825661e-02
4984  -7.12468652e-01  -1.04595217e-01
4985  -6.89666677e-01  -1.12095813e-01
4986  -6.66841919e-01  -1.19521142e-01
4987  -6.44005099e-01  -1.26909496e-01
4988  -6.21148679e-01  -1.34222762e-01
4989  -5.98261061e-01  -1.41433597e-01
4990  -5.75347536e-01  -1.48548885e-01
4991  -5.52387667e-01  -1.55502976e-01
4992  -5.29386333e-01  -1.62321027e-01
4993  -5.06339868e-01  -1.68985581e-01
4994  -4.83256372e-01  -1.75514575e-01
4995  -4.60126846e-01  -1.81863856e-01
4996  -4.36942544e-01  -1.88022718e-01
4997  -4.13731907e-01  -1.94044092e-01
4998  -3.90442473e-01  -1.99725346e-01
4999  -3.67092489e-01  -2.05181393e-01
5000  -3.34368744e-01  -2.12463939e-01
5001  -3.00336579e-01  -2.19481724e-01
5002  -2.87198571e-01  -2.22006305e-01
5003  -2.63536837e-01  -2.26375511e-01
5004  -2.39829650e-01  -2.30446725e-01
5005  -2.16054750e-01  -2.34125156e-01
5006  -1.92237179e-01  -2.37549787e-01
5007  -1.68379679e-01  -2.40656577e-01
5008  -1.44481092e-01  -2.43466497e-01
5009  -1.20555420e-01  -2.46014254e-01
5010  -9.65998879e-02  -2.48222016e-01
5011  -7.26160427e-02  -2.50107108e-01
5012  -4.86094434e-02  -2.51673107e-01
5013  -2.45859706e-02  -2.52913006e-01
5014  -5.50537183e-04  -2.53791057e-01
5015  2.34972033e-02  -2.54274391e-01
5016  4.75530074e-02  -2.54421899e-01
5017  7.16077825e-02  -2.54236649e-01
5018  9.56532864e-02  -2.53705083e-01
5019  1.19684205e-01  -2.52768240e-01
5020  1.43696753e-01  -2.51443648e-01
5021  1.67685477e-01  -2.49713877e-01
5022  2.03002155e-01  -2.46555633e-01
5023  2.15561019e-01  -2.45157895e-01
5024  2.42143296e-01  -2.41866224e-01
5025  2.65537943e-01  -2.38546587e-01
5026  2.88874359e-01  -2.34843689e-01
5027  3.12139919e-01  -2.30717887e-01
5028  3.35328835e-01  -2.26208522e-01
5029  3.58417048e-01  -2.21198410e-01
5030  3.81426113e-01  -2.15837662e-01
5031  4.04305378e-01  -2.09978318e-01
5032  4.27056793e-01  -2.03656583e-01
5033  4.49646805e-01  -1.96779935e-01
5034  4.72091169e-01  -1.89446423e-01
5035  4.94343797e-01  -1.81556403e-01
5036  5.16418555e-01  -1.73178430e-01
5037  5.41417306e-01  -1.63012306e-01
5038  5.62614702e-01  -1.53438543e-01
5039  5.83549127e-01  -1.43316516e-01
5040  6.04035572e-01  -1.32371633e-01
5041  6.23995460e-01  -1.20535860e-01
5042  6.43259585e-01  -1.07661472e-01
5043  6.61596604e-01  -9.35485258e-02
5044  6.78801678e-01  -7.81278454e-02
5045  6.94566105e-01  -6.13505991e-02
5046  7.07909331e-01  -4.28451317e-02
5047  7.17063594e-01  -2.21927095e-02
5048  7.20465332e-01  5.78188813e-06
5049  7.17231666e-01  2.17512483e-02
5050  7.07145199e-01  4.14055277e-02
5051  6.93020309e-01  5.88790589e-02
5052  6.76778088e-01  7.46831190e-02
5053  6.59175770e-01  8.91118254e-02
5054  6.40752123e-01  1.02592542e-01
5055  6.21774087e-01  1.15303674e-01
5056  6.02209059e-01  1.27108640e-01
5057  5.82215237e-01  1.38228837e-01
5058  5.61891330e-01  1.48773255e-01
5059  5.41326902e-01  1.58827571e-01
5060  5.16363455e-01  1.70028986e-01
5061  4.94298531e-01  1.79277288e-01
5062  4.72023224e-01  1.88040357e-01
5063  4.49592627e-01  1.96412342e-01
5064  4.27014887e-01  2.04359248e-01
5065  4.04261006e-01  2.11809197e-01
5066  3.81395686e-01  2.18939291e-01
5067  3.58423910e-01  2.25692430e-01
5068  3.35328985e-01  2.32005955e-01
5069  3.12126835e-01  2.37922259e-01
5070  2.88813719e-01  2.43431182e-01
5071  2.65442252e-01  2.48708291e-01
5072  2.42006472e-01  2.53638177e-01
5073  2.15356380e-01  2.58776111e-01
5074  2.03275124e-01  2.60990335e-01
5075  1.68003286e-01  2.66725615e-01
5076  1.44235904e-01  2.70186925e-01
5077  1.20438083e-01  2.73397420e-01
5078  9.65941425e-02  2.76194381e-01
5079  7.27089330e-02  2.78646134e-01
5080  4.87909165e-02  2.80742643e-01
5081  2.48436074e-02  2.82486234e-01
5082  8.73091448e-04  2.83884598e-01
5083  -2.31095157e-02  2.84930550e-01
5084  -4.71079950e-02  2.85532925e-01
5085  -7.11188995e-02  2.85804106e-01
5086  -9.51263240e-02  2.85734642e-01
5087  -1.19132604e-01  2.85257661e-01
5088  -1.43137553e-01  2.84482148e-01
5089  -1.67131490e-01  2.83402255e-01
5090  -1.91113826e-01  2.82045965e-01
5091  -2.15080319e-01  2.80423922e-01
5092  -2.39028833e-01  2.78528169e-01
5093  -2.62961682e-01  2.76398920e-01
5094  -2.86877117e-01  2.74064723e-01
5095  -3.00033872e-01  2.72712134e-01
5096  -3.34639394e-01  2.68785554e-01
5097  -3.67521450e-01  2.64597000e-01
5098  -3.91054127e-01  2.61405788e-01
5099  -4.14565971e-01  2.58069649e-01
5100  -4.38051470e-01  2.54534991e-01
5101  -4.61523122e-01  2.50892556e-01
5102  -4.84967865e-01  2.47093207e-01
5103  -5.08393167e-01  2.43158093e-01
5104  -5.31800197e-01  2.39109552e-01
5105  -5.55188269e-01  2.34940850e-01
5106  -5.78564735e-01  2.30691783e-01
5107  -6.01927261e-01  2.26367476e-01
5108  -6.25267521e-01  2.21961922e-01
5109  -6.48572333e-01  2.17372885e-01
5110  -6.71869261e-01  2.12701118e-01
5111  -6.95149940e-01  2.07975248e-01
5112  -7.18398805e-01  2.03087583e-01
5113  -7.41648066e-01  1.98167527e-01
5114  -7.64883444e-01  1.93196030e-01
5115  -7.88104047e-01  1.88149734e-01
5116  -8.11315723e-01  1.83071476e-01
5117  -8.34504423e-01  1.77889198e-01
5118  -8.57691787e-01  1.72674176e-01
5119  -8.80875095e-01  1.67445470e-01
5120  -9.04043768e-01  1.62171786e-01
5121  -9.27197451e-01  1.56816290e-01
5122  -9.50356369e-01  1.51471239e-01
5123  -9.73502250e-01  1.46088587e-01
5124  -9.96636431e-01  1.40652319e-01
5125  -1.01976393e+00  1.35189665e-01
5126  -1.04287839e+00  1.29666529e-01
5127  -1.06599319e+00  1.24136212e-01
5128  -1.08909801e+00  1.18577086e-01
5129  -1.11218920e+00  1.12965675e-01
5130  -1.13527006e+00  1.07310242e-01
5131  -1.15834184e+00  1.01607690e-01
5132  -1.18141531e+00  9.58980978e-02
5133  -1.20448845e+00  9.01935344e-02
5134  -1.22755354e+00  8.44594631e-02
5135  -1.25061717e+00  7.87189195e-02
5136  -1.27367302e+00  7.29511598e-02
5137  -1.30606930e+00  6.48152111e-02
5138  -1.32919714e+00  5.90073162e-02
5139  -1.35231440e+00  5.31840439e-02
5140  -1.37540968e+00  4.72598342e-02
5141  -1.39851511e+00  4.13745647e-02
5142  -1.42159058e+00  3.53925362e-02
5143  -1.44466187e+00  2.93729713e-02
5144  -1.46772011e+00  2.33403062e-02
5145  -1.49071841e+00  1.71318750e-02
5146  -1.51303307e+00  1.09701538e-02
5147  -3.00047988e-01  2.49759737e-01
5148  -3.00063204e-01  2.25019226e-01
5149  -3.00078420e-01  2.00278717e-01
5150  -3.00093635e-01  1.75538206e-01
5151  -3.00108851e-01  1.50797694e-01
5152  -3.00124067e-01  1.26057183e-01
5153  -3.00139283e-01  1.01316672e-01
5154  -3.00154499e-01  7.65761619e-02
5155  -3.00169714e-01  5.18356511e-02
5156  -3.00184930e-01  2.70951400e-02
5157  -3.00200146e-01  2.35462920e-03
5158  -3.00215362e-01  -2.23858816e-02
5159  -3.00230578e-01  -4.71263923e-02
5160  -3.00245793e-01  -7.18669031e-02
5161  -3.00261009e-01  -9.66074142e-02
5162  -3.00276225e-01  -1.21347925e-01
5163  -3.00291441e-01  -1.46088436e-01
5164  -3.00306657e-01  -1.70828947e-01
5165  -3.00321873e-01  -1.95569457e-01
5166  2.03264527e-01  2.41288314e-01
5167  2.03251299e-01  2.16692461e-01
5168  2.03238071e-01  1.92096608e-01
5169  2.03224843e-01  1.67500756e-01
5170  2.03211615e-01  1.42904903e-01
5171  2.03198386e-01  1.18309050e-01
5172  2.03185158e-01  9.37131971e-02
5173  2.03171930e-01  6.91173444e-02
5174  2.03158702e-01  4.45214916e-02
5175  2.03145474e-01  1.99256386e-02
5176  2.03132245e-01  -4.67021418e-03
5177  2.03119017e-01  -2.92660668e-02
5178  2.03105789e-01  -5.38619196e-02
5179  2.03092561e-01  -7.84577723e-02
5180  2.03079333e-01  -1.03053625e-01
5181  2.03066105e-01  -1.27649478e-01
5182  2.03052876e-01  -1.52245331e-01
5183  2.03039648e-01  -1.76841183e-01
5184  2.03026420e-01  -2.01437036e-01
5185  2.03013192e-01  -2.26032889e-01
7423  -1.52102256e+00  9.86935236e-04
7424  -1.51538757e+00  1.99422019e-03
7425  -1.49242448e+00  5.84913179e-03
7426  -1.46940519e+00  9.43658856e-03
7427  -1.44634528e+00  1.26601621e-02
7428  -1.42324056e+00  1.57378839e-02
7429  -1.40003808e+00  1.82263578e-02
7430  -1.37679416e+00  2.03123185e-02
7431  -1.35349412e+00  2.17884521e-02
7432  -1.33017432e+00  2.27681909e-02
7433  -1.30681833e+00  2.31985724e-02
7434  -1.27291172e+00  4.20293518e-02
7435  -1.24833782e+00  4.12108242e-02
7436  -1.22389805e+00  3.97664687e-02
7437  -1.19942529e+00  3.79896625e-02
7438  -1.17503044e+00  3.54777842e-02
7439  -1.15072464e+00  3.26649564e-02
7440  -1.12643363e+00  2.92284016e-02
7441  -1.10230384e+00  2.53692125e-02
7442  -1.07823063e+00  2.10909255e-02
7443  -1.05425761e+00  1.63541929e-02
7444  -1.03042612e+00  1.12441400e-02
7445  -1.00668082e+00  5.80466639e-03
7446  -9.83044191e-01  1.38177807e-05
7447  -9.59466436e-01  -6.06054579e-03
7448  -9.36035937e-01  -1.24994207e-02
7449  -9.12753873e-01  -1.90961120e-02
7450  -8.89512607e-01  -2.58759988e-02
7451  -8.66345236e-01  -3.28574580e-02
7452  -8.43259362e-01  -3.99807368e-02
7453  -8.20249038e-01  -4.72278408e-02
7454  -7.97294637e-01  -5.45503193e-02
7455  -7.74362686e-01  -6.19493097e-02
7456  -7.51477499e-01  -6.94303632e-02
7457  -7.28642846e-01  -7.69385529e-02
7458  -7.05837501e-01  -8.44516158e-02
7459  -6.83073051e-01  -9.19398973e-02
7460  -6.60297652e-01  -9.93491466e-02
7461  -6.37509759e-01  -1.06721693e-01
7462  -6.14731009e-01  -1.14010134e-01
7463  -5.91930210e-01  -1.21193607e-01
7464  -5.69129243e-01  -1.28274032e-01
7465  -5.46300455e-01  -1.35188383e-01
7466  -5.23427196e-01  -1.41968496e-01
7467  -5.00508322e-01  -1.48596125e-01
7468  -4.77563504e-01  -1.55085965e-01
7469  -4.54597491e-01  -1.61390383e-01
7470  -4.31557514e-01  -1.67510811e-01
7471  -4.08556185e-01  -1.73478374e-01
7472  -3.85516790e-01  -1.79098312e-01
7473  -3.62376353e-01  -1.84505443e-01
7474  -3.26372841e-01  -1.75314706e-01
7475  -2.90744927e-01  -1.82652326e-01
7476  -2.80082137e-01  -1.84678616e-01
7477  -2.56870889e-01  -1.88964748e-01
7478  -2.33708551e-01  -1.92942963e-01
7479  -2.10445422e-01  -1.96541443e-01
7480  -1.87079437e-01  -1.99901445e-01
7481  -1.63707379e-01  -2.02944913e-01
7482  -1.40250500e-01  -2.05702730e-01
7483  -1.16799811e-01  -2.08200296e-01
7484  -9.33673622e-02  -2.10359756e-01
7485  -6.98904254e-02  -2.12204984e-01
7486  -4.63933033e-02  -2.13737784e-01
7487  -2.29129883e-02  -2.14949851e-01
7488  5.24947444e-04  -2.15806279e-01
7489  2.39955455e-02  -2.16277659e-01
7490  4.75231893e-02  -2.16421911e-01
7491  7.10414986e-02  -2.16240869e-01
7492  9.44931543e-02  -2.15722797e-01
7493  1.17897499e-01  -2.14810267e-01
7494  1.41283687e-01  -2.13520342e-01
7495  1.64677639e-01  -2.11833104e-01
7496  2.12592176e-01  -2.07471302e-01
7497  2.11267266e-01  -2.07401257e-01
7498  2.39350446e-01  -2.20843930e-01
7499  2.62386431e-01  -2.17575063e-01
7500  2.85361010e-01  -2.13929741e-01
7501  3.08264214e-01  -2.09868049e-01
7502  3.31055916e-01  -2.05436449e-01
7503  3.53762290e-01  -2.00508555e-01
7504  3.76389132e-01  -1.95237525e-01
7505  3.98835680e-01  -1.89488826e-01
7506  4.21129678e-01  -1.83294703e-01
7507  4.43265285e-01  -1.76555864e-01
7508  4.65253866e-01  -1.69371859e-01
7509  4.87037417e-01  -1.61647770e-01
7510  5.15686954e-01  -1.71317043e-01
7511  5.40628843e-01  -1.61174284e-01
7512  5.61767715e-01  -1.51626745e-01
7513  5.82642408e-01  -1.41533860e-01
7514  6.03054045e-01  -1.30629047e-01
7515  6.22929347e-01  -1.18843701e-01
7516  6.42093338e-01  -1.06036705e-01
7517  6.60318322e-01  -9.20103463e-02
7518  6.77404065e-01  -7.66972237e-02
7519  6.93022601e-01  -6.00787520e-02
7520  7.06174225e-01  -4.18504419e-02
7521  7.15144273e-01  -2.16303857e-02
7522  7.18442220e-01  9.63648021e-06
7523  7.15327763e-01  2.11387498e-02
7524  7.05468143e-01  4.03158106e-02
7525  6.91542226e-01  5.75317390e-02
7526  6.75445427e-01  7.31918061e-02
7527  6.57950783e-01  8.75308743e-02
7528  6.39604865e-01  1.00954312e-01
7529  6.20700674e-01  1.13616136e-01
7530  6.01206205e-01  1.25378239e-01
7531  5.81268540e-01  1.36467087e-01
7532  5.60991512e-01  1.46987107e-01
7533  5.40478169e-01  1.57016589e-01
7534  5.07922903e-01  1.50574065e-01
7535  4.86317302e-01  1.59629468e-01
7536  4.64433289e-01  1.68238091e-01
7537  4.42364030e-01  1.76475335e-01
7538  4.20194551e-01  1.84278913e-01
7539  3.97804837e-01  1.91608833e-01
7540  3.75248307e-01  1.98642824e-01
7541  3.52636921e-01  2.05290282e-01
7542  3.29912718e-01  2.11502274e-01
7543  3.07068191e-01  2.17327431e-01
7544  2.84039776e-01  2.22768503e-01
7545  2.60924005e-01  2.27988197e-01
7546  2.37816270e-01  2.32849260e-01
7547  2.11513531e-01  2.37920192e-01
7548  2.12822539e-01  2.20855771e-01
7549  1.62262620e-01  2.29161739e-01
7550  1.38957499e-01  2.32555310e-01
7551  1.15684135e-01  2.35695962e-01
7552  9.24403290e-02  2.38422092e-01
7553  6.91096667e-02  2.40816975e-01
7554  4.57520382e-02  2.42864348e-01
7555  2.23572959e-02  2.44567660e-01
7556  -1.06129795e-03  2.45933865e-01
7557  -2.44141974e-02  2.46952954e-01
7558  -4.77993878e-02  2.47539215e-01
7559  -7.12784738e-02  2.47804442e-01
7560  -9.46939103e-02  2.47737103e-01
7561  -1.18141684e-01  2.47270583e-01
7562  -1.41669762e-01  2.46510506e-01
7563  -1.65204396e-01  2.45451151e-01
7564  -1.88758006e-01  2.44119060e-01
7565  -2.12297964e-01  2.42525920e-01
7566  -2.35845737e-01  2.40661720e-01
7567  -2.59432251e-01  2.38563181e-01
7568  -2.83023448e-01  2.36260632e-01
7569  -2.90487734e-01  2.35535859e-01
7570  -3.32090272e-01  2.47732316e-01
7571  -3.64756709e-01  2.43570991e-01
7572  -3.88139608e-01  2.40400017e-01
7573  -4.11498222e-01  2.37085708e-01
7574  -4.34847336e-01  2.33571443e-01
7575  -4.58200839e-01  2.29947407e-01
7576  -4.81515005e-01  2.26169187e-01
7577  -5.04829359e-01  2.22252684e-01
7578  -5.28132362e-01  2.18222144e-01
7579  -5.51431325e-01  2.14069285e-01
7580  -5.74738554e-01  2.09832800e-01
7581  -5.98030644e-01  2.05521536e-01
7582  -6.21252137e-01  2.01138532e-01
7583  -6.44438872e-01  1.96572612e-01
7584  -6.67674984e-01  1.91913024e-01
7585  -6.90858964e-01  1.87206897e-01
7586  -7.14021984e-01  1.82337154e-01
7587  -7.37234210e-01  1.77424944e-01
7588  -7.60413112e-01  1.72465546e-01
7589  -7.83586019e-01  1.67429592e-01
7590  -8.06736824e-01  1.62364701e-01
7591  -8.29865082e-01  1.57195881e-01
7592  -8.53032206e-01  1.51985408e-01
7593  -8.76188815e-01  1.46762732e-01
7594  -8.99300851e-01  1.41501962e-01
7595  -9.22423341e-01  1.36153649e-01
7596  -9.45569990e-01  1.30811437e-01
7597  -9.68674828e-01  1.25438337e-01
7598  -9.91773351e-01  1.20010437e-01
7599  -1.01486218e+00  1.14556932e-01
7600  -1.03794679e+00  1.09040910e-01
7601  -1.06104542e+00  1.03514465e-01
7602  -1.08411365e+00  9.79641534e-02
7603  -1.10716181e+00  9.23631946e-02
7604  -1.13020231e+00  8.67176534e-02
7605  -1.15325054e+00  8.10209097e-02
7606  -1.17632331e+00  7.53114919e-02
7607  -1.19938529e+00  6.96096925e-02
7608  -1.22243427e+00  6.38796224e-02
7609  -1.24548278e+00  5.81428457e-02
7610  -1.26851695e+00  5.23805050e-02
7611  -1.30558217e+00  6.28754428e-02
7612  -1.32870931e+00  5.70677230e-02
7613  -1.35182166e+00  5.12456920e-02
7614  -1.37491438e+00  4.53221351e-02
7615  -1.39801733e+00  3.94375001e-02
7616  -1.42108717e+00  3.34569261e-02
7617  -1.44415630e+00  2.74379261e-02
7618  -1.46720637e+00  2.14074131e-02
7619  -1.49018833e+00  1.52034000e-02
7620  -1.51206950e+00  9.21757899e-03
7621  -2.90478990e-01  2.49753852e-01
7622  -2.90494206e-01  2.25013341e-01
7623  -2.90509422e-01  2.00272832e-01
7624  -2.90524637e-01  1.75532321e-01
7625  -2.90539853e-01  1.50791809e-01
7626  -2.90555069e-01  1.26051298e-01
7627  -2.90570285e-01  1.01310787e-01
7628  -2.90585501e-01  7.65702770e-02
7629  -2.90600716e-01  5.18297662e-02
7630  -2.90615932e-01  2.70892548e-02
7631  -2.90631148e-01  2.34874404e-03
7632  -2.90646364e-01  -2.23917668e-02
7633  -2.90661580e-01  -4.71322772e-02
7634  -2.90676795e-01  -7.18727880e-02
7635  -2.90692011e-01  -9.66132994e-02
7636  -2.90707227e-01  -1.21353810e-01
7637  -2.90722443e-01  -1.46094321e-01
7638  -2.90737659e-01  -1.70834832e-01
7639  -2.90752875e-01  -1.95575342e-01
7640  2.12833526e-01  2.41283167e-01
7641  2.12820298e-01  2.16687315e-01
7642  2.12807070e-01  1.92091462e-01
7643  2.12793842e-01  1.67495610e-01
7644  2.12780614e-01  1.42899756e-01
7645  2.12767385e-01  1.18303903e-01
7646  2.12754157e-01  9.37080508e-02
7647  2.12740929e-01  6.91121981e-02
7648  2.12727701e-01  4.45163453e-02
7649  2.12714473e-01  1.99204921e-02
7650  2.12701244e-01  -4.67536072e-03
7651  2.12688016e-01  -2.92712131e-02
7652  2.12674788e-01  -5.38670659e-02
7653  2.12661560e-01  -7.84629186e-02
7654  2.12648332e-01  -1.03058771e-01
7655  2.12635104e-01  -1.27654625e-01
7656  2.12621875e-01  -1.52250478e-01
7657  2.12608647e-01  -1.76846329e-01
7658  2.12595419e-01  -2.01442182e-01
7659  2.12582191e-01  -2.26038035e-01
9897  -1.51283384e+00  4.99045010e-03
9898  -1.51581450e+00  4.45749721e-03
9899  -1.49282393e+00  8.31701472e-03
9900  -1.46977073e+00  1.19097191e-02
9901  -1.44668340e+00  1.51371911e-02
9902  -1.42353894e+00  1.82200136e-02
9903  -1.40028311e+00  2.07143201e-02
9904  -1.37698494e+00  2.28050282e-02
9905  -1.35362563e+00  2.42849910e-02
9906  -1.33024984e+00  2.52670500e-02
9907  -1.30682749e+00  2.56985556e-02
9908  -1.27285625e+00  4.45287364e-02
9909  -1.24822241e+00  4.37081586e-02
9910  -1.22373382e+00  4.22610689e-02
9911  -1.19920672e+00  4.04800890e-02
9912  -1.17475866e+00  3.79629676e-02
9913  -1.15040584e+00  3.51445467e-02
9914  -1.12606105e+00  3.17004830e-02
9915  -1.10188770e+00  2.78343346e-02
9916  -1.07776958e+00  2.35480448e-02
9917  -1.05375319e+00  1.88027774e-02
9918  -1.02988492e+00  1.36848562e-02
9919  -1.00610423e+00  8.23726753e-03
9920  -9.82434883e-01  2.43842975e-03
9921  -9.58823319e-01  -3.64468170e-03
9922  -9.35363914e-01  -1.00914371e-02
9923  -9.12063056e-01  -1.66934528e-02
9924  -8.88801876e-01  -2.34791549e-02
9925  -8.65616011e-01  -3.04661758e-02
9926  -8.42515301e-01  -3.75940292e-02
9927  -8.19493639e-01  -4.48446975e-02
9928  -7.96530918e-01  -5.21698293e-02
9929  -7.73590461e-01  -5.95715650e-02
9930  -7.50698659e-01  -6.70547772e-02
9931  -7.27861276e-01  -7.45638637e-02
9932  -7.05055783e-01  -8.20769752e-02
9933  -6.82295757e-01  -8.95638050e-02
9934  -6.59526177e-01  -9.69711587e-02
9935  -6.36744052e-01  -1.04341841e-01
9936  -6.13974458e-01  -1.11627356e-01
9937  -5.91183894e-01  -1.18807604e-01
9938  -5.68396195e-01  -1.25883919e-01
9939  -5.45582861e-01  -1.32793585e-01
9940  -5.22724699e-01  -1.39569226e-01
9941  -4.99820866e-01  -1.46192502e-01
9942  -4.76892397e-01  -1.52677726e-01
9943  -4.53945660e-01  -1.58976855e-01
9944  -4.30922697e-01  -1.65092753e-01
9945  -4.07946042e-01  -1.71053972e-01
9946  -3.84936123e-01  -1.76666682e-01
9947  -3.61820388e-01  -1.82068046e-01
9948  -3.25846794e-01  -1.72870677e-01
9949  -2.89243545e-01  -1.80405410e-01
9950  -2.79613951e-01  -1.82222847e-01
9951  -2.56432340e-01  -1.86503514e-01
9952  -2.33305847e-01  -1.90475610e-01
9953  -2.10076387e-01  -1.94068831e-01
9954  -1.86740112e-01  -1.97424580e-01
9955  -1.63399990e-01  -2.00463883e-01
9956  -1.39972172e-01  -2.03218272e-01
9957  -1.16552731e-01  -2.05712535e-01
9958  -9.31546961e-02  -2.07868817e-01
9959  -6.97111085e-02  -2.09711423e-01
9960  -4.62475046e-02  -2.11242039e-01
9961  -2.28029237e-02  -2.12452275e-01
9962  5.95703012e-04  -2.13307281e-01
9963  2.40283312e-02  -2.13777874e-01
9964  4.75212276e-02  -2.13921911e-01
9965  7.10042431e-02  -2.13741146e-01
9966  9.44168298e-02  -2.13223962e-01
9967  1.17779953e-01  -2.12313032e-01
9968  1.41124933e-01  -2.11025388e-01
9969  1.64479754e-01  -2.09340948e-01
9970  2.14093604e-01  -2.04817122e-01
9971  2.10984782e-01  -2.04917268e-01
9972  2.39021210e-01  -2.18365704e-01
9973  2.62014913e-01  -2.15102822e-01
9974  2.84946836e-01  -2.11464287e-01
9975  3.07807324e-01  -2.07410153e-01
9976  3.30552201e-01  -2.02987721e-01
9977  3.53213561e-01  -1.98069519e-01
9978  3.75795344e-01  -1.92809065e-01
9979  3.98190882e-01  -1.87073410e-01
9980  4.20430957e-01  -1.80894330e-01
9981  4.42512996e-01  -1.74171737e-01
9982  4.64447846e-01  -1.67005357e-01
9983  4.86176100e-01  -1.59300828e-01
9984  5.14772451e-01  -1.68990310e-01
9985  5.39643264e-01  -1.58876756e-01
9986  5.60708981e-01  -1.49361997e-01
9987  5.81509009e-01  -1.39305540e-01
9988  6.01827136e-01  -1.28450815e-01
9989  6.21596704e-01  -1.16728503e-01
9990  6.40635529e-01  -1.04005746e-01
9991  6.58720470e-01  -9.00876219e-02
9992  6.75657049e-01  -7.49089466e-02
9993  6.91093221e-01  -5.84889431e-02
9994  7.04005343e-01  -4.06070796e-02
9995  7.12745122e-01  -2.09274809e-02
9996  7.15913330e-01  1.44547203e-05
9997  7.12947885e-01  2.03731266e-02
9998  7.03371823e-01  3.89536643e-02
9999  6.89694622e-01  5.58475891e-02
10000  6.73779600e-01  7.13276650e-02
10001  6.56419549e-01  8.55546855e-02
10002  6.38170792e-01  9.89065240e-02
10003  6.19358908e-01  1.11506714e-01
10004  5.99952639e-01  1.23215239e-01
10005  5.80085168e-01  1.34264899e-01
10006  5.59866739e-01  1.44754421e-01
10007  5.39417254e-01  1.54752863e-01
10008  5.06927884e-01  1.48280610e-01
10009  4.85376430e-01  1.57313273e-01
10010  4.63538545e-01  1.65903689e-01
10011  4.41511882e-01  1.74125049e-01
10012  4.19390532e-01  1.81911730e-01
10013  3.97043748e-01  1.89227500e-01
10014  3.74523620e-01  1.96250163e-01
10015  3.51954719e-01  2.02885163e-01
10016  3.29274218e-01  2.09085186e-01
10017  3.06471850e-01  2.14899597e-01
10018  2.83476997e-01  2.20332670e-01
10019  2.60391369e-01  2.25545596e-01
10020  2.37322306e-01  2.30398546e-01
10021  2.11060514e-01  2.35461579e-01
10022  2.14321040e-01  2.18069221e-01
10023  1.61884944e-01  2.26690432e-01
10024  1.38610235e-01  2.30079546e-01
10025  1.15371375e-01  2.33215602e-01
10026  9.21670518e-02  2.35937073e-01
10027  6.88728728e-02  2.38328215e-01
10028  4.55521120e-02  2.40372355e-01
10029  2.21937228e-02  2.42073017e-01
10030  -1.18856041e-03  2.43437107e-01
10031  -2.45000317e-02  2.44454428e-01
10032  -4.78448741e-02  2.45039629e-01
10033  -7.12889721e-02  2.45304464e-01
10034  -9.46654620e-02  2.45237264e-01
10035  -1.18076492e-01  2.44771434e-01
10036  -1.41573197e-01  2.44012372e-01
10037  -1.65077614e-01  2.42954368e-01
10038  -1.88603018e-01  2.41623869e-01
10039  -2.12114914e-01  2.40032631e-01
10040  -2.35636323e-01  2.38170507e-01
10041  -2.59200052e-01  2.36073988e-01
10042  -2.82769917e-01  2.33773521e-01
10043  -2.88989179e-01  2.33186272e-01
10044  -3.31789767e-01  2.45250442e-01
10045  -3.64430786e-01  2.41092328e-01
10046  -3.87796028e-01  2.37923739e-01
10047  -4.11136579e-01  2.34612003e-01
10048  -4.34469614e-01  2.31100142e-01
10049  -4.57809190e-01  2.27478275e-01
10050  -4.81107962e-01  2.23702547e-01
10051  -5.04409237e-01  2.19788237e-01
10052  -5.27699977e-01  2.15759819e-01
10053  -5.50988435e-01  2.11608828e-01
10054  -5.74287502e-01  2.07373826e-01
10055  -5.97571289e-01  2.03064100e-01
10056  -6.20778781e-01  1.98683755e-01
10057  -6.43951597e-01  1.94120559e-01
10058  -6.67180539e-01  1.89462406e-01
10059  -6.90353120e-01  1.84758608e-01
10060  -7.13506020e-01  1.79890977e-01
10061  -7.36713880e-01  1.74979692e-01
10062  -7.59886125e-01  1.70021720e-01
10063  -7.83053409e-01  1.64986986e-01
10064  -8.06197038e-01  1.59923670e-01
10065  -8.29318171e-01  1.54756437e-01
10066  -8.52482908e-01  1.49546500e-01
10067  -8.75636370e-01  1.44324535e-01
10068  -8.98741729e-01  1.39065288e-01
10069  -9.21860542e-01  1.33717821e-01
10070  -9.45005744e-01  1.28375944e-01
10071  -9.68105745e-01  1.23003969e-01
10072  -9.91200064e-01  1.17577056e-01
10073  -1.01428433e+00  1.12124630e-01
10074  -1.03736543e+00  1.06609446e-01
10075  -1.06046215e+00  1.01083457e-01
10076  -1.08352606e+00  9.55341854e-02
10077  -1.10656915e+00  8.99344587e-02
10078  -1.12960489e+00  8.42900837e-02
10079  -1.15265035e+00  7.85940247e-02
10080  -1.17572303e+00  7.28846274e-02
10081  -1.19878370e+00  6.71831539e-02
10082  -1.22183078e+00  6.14535554e-02
10083  -1.24487751e+00  5.57172229e-02
10084  -1.26790913e+00  4.99555209e-02
10085  -1.30497325e+00  6.04507325e-02
10086  -1.32809953e+00  5.46432315e-02
10087  -1.35120574e+00  4.88227522e-02
10088  -1.37429525e+00  4.29000112e-02
10089  -1.39739511e+00  3.70161695e-02
10090  -1.42045792e+00  3.10374136e-02
10091  -1.44352434e+00  2.50191195e-02
10092  -1.46656420e+00  1.89912968e-02
10093  -1.48952573e+00  1.27928062e-02
10094  -1.51086502e+00  7.02686053e-03
10095  -2.88978990e-01  2.49752930e-01
10096  -2.88994206e-01  2.25012419e-01
10097  -2.89009422e-01  2.00271909e-01
10098  -2.89024637e-01  1.75531398e-01
10099  -2.89039853e-01  1.50790887e-01
10100  -2.89055069e-01  1.26050376e-01
10101  -2.89070285e-01  1.01309865e-01
10102  -2.89085501e-01  7.65693545e-02
10103  -2.89100716e-01  5.18288437e-02
10104  -2.89115932e-01  2.70883323e-02
10105  -2.89131148e-01  2.34782151e-03
10106  -2.89146364e-01  -2.23926893e-02
10107  -2.89161580e-01  -4.71331997e-02
10108  -2.89176795e-01  -7.18737105e-02
10109  -2.89192011e-01  -9.66142219e-02
10110  -2.89207227e-01  -1.21354732e-01
10111  -2.89222443e-01  -1.46095243e-01
10112  -2.89237659e-01  -1.70835754e-01
10113  -2.89252875e-01  -1.95576265e-01
10114  2.14333526e-01  2.41282360e-01
10115  2.14320298e-01  2.16686508e-01
10116  2.14307070e-01  1.92090655e-01
10117  2.14293842e-01  1.67494803e-01
10118  2.14280614e-01  1.42898949e-01
10119  2.14267385e-01  1.18303096e-01
10120  2.14254157e-01  9.37072441e-02
10121  2.14240929e-01  6.91113914e-02
10122  2.14227701e-01  4.45155386e-02
10123  2.14214473e-01  1.99196853e-02
10124  2.14201244e-01  -4.67616747e-03
10125  2.14188016e-01  -2.92720198e-02
10126  2.14174788e-01  -5.38678726e-02
10127  2.14161560e-01  -7.84637253e-02
10128  2.14148332e-01  -1.03059578e-01
10129  2.14135104e-01  -1.27655432e-01
10130  2.14121875e-01  -1.52251285e-01
10131  2.14108647e-01  -1.76847136e-01
10132  2.14095419e-01  -2.01442989e-01
10133  2.14082191e-01  -2.26038842e-01
