1  2496  2495  1  2  0  0  0  0
250  4990  4989  2495  2496  0  0  0  0
499  7484  7483  4989  4990  0  0  0  0
748  9978  9977  7483  7484  0  0  0  0
2  2497  2496  2  3  0  0  0  0
251  4991  4990  2496  2497  0  0  0  0
500  7485  7484  4990  4991  0  0  0  0
749  9979  9978  7484  7485  0  0  0  0
3  2498  2497  3  4  0  0  0  0
252  4992  4991  2497  2498  0  0  0  0
501  7486  7485  4991  4992  0  0  0  0
750  9980  9979  7485  7486  0  0  0  0
4  2499  2498  4  5  0  0  0  0
253  4993  4992  2498  2499  0  0  0  0
502  7487  7486  4992  4993  0  0  0  0
751  9981  9980  7486  7487  0  0  0  0
5  2500  2499  5  6  0  0  0  0
254  4994  4993  2499  2500  0  0  0  0
503  7488  7487  4993  4994  0  0  0  0
752  9982  9981  7487  7488  0  0  0  0
6  2501  2500  6  7  0  0  0  0
255  4995  4994  2500  2501  0  0  0  0
504  7489  7488  4994  4995  0  0  0  0
753  9983  9982  7488  7489  0  0  0  0
7  2502  2501  7  8  0  0  0  0
256  4996  4995  2501  2502  0  0  0  0
505  7490  7489  4995  4996  0  0  0  0
754  9984  9983  7489  7490  0  0  0  0
8  2503  2502  8  9  0  0  0  0
257  4997  4996  2502  2503  0  0  0  0
506  7491  7490  4996  4997  0  0  0  0
755  9985  9984  7490  7491  0  0  0  0
9  2504  2503  9  10  0  0  0  0
258  4998  4997  2503  2504  0  0  0  0
507  7492  7491  4997  4998  0  0  0  0
756  9986  9985  7491  7492  0  0  0  0
10  2505  2504  10  11  0  0  0  0
259  4999  4998  2504  2505  0  0  0  0
508  7493  7492  4998  4999  0  0  0  0
757  9987  9986  7492  7493  0  0  0  0
11  2506  2505  11  12  0  0  0  0
260  5000  4999  2505  2506  0  0  0  0
509  7494  7493  4999  5000  0  0  0  0
758  9988  9987  7493  7494  0  0  0  0
12  2507  2506  12  13  0  0  0  0
261  5001  5000  2506  2507  0  0  0  0
510  7495  7494  5000  5001  0  0  0  0
759  9989  9988  7494  7495  0  0  0  0
13  2508  2507  13  14  0  0  0  0
262  5002  5001  2507  2508  0  0  0  0
511  7496  7495  5001  5002  0  0  0  0
760  9990  9989  7495  7496  0  0  0  0
14  2509  2508  14  15  0  0  0  0
263  5003  5002  2508  2509  0  0  0  0
512  7497  7496  5002  5003  0  0  0  0
761  9991  9990  7496  7497  0  0  0  0
15  2510  2509  15  16  0  0  0  0
264  5004  5003  2509  2510  0  0  0  0
513  7498  7497  5003  5004  0  0  0  0
762  9992  9991  7497  7498  0  0  0  0
16  2511  2510  16  17  0  0  0  0
265  5005  5004  2510  2511  0  0  0  0
514  7499  7498  5004  5005  0  0  0  0
763  9993  9992  7498  7499  0  0  0  0
17  2512  2511  17  18  0  0  0  0
266  5006  5005  2511  2512  0  0  0  0
515  7500  7499  5005  5006  0  0  0  0
764  9994  9993  7499  7500  0  0  0  0
18  2513  2512  18  19  0  0  0  0
267  5007  5006  2512  2513  0  0  0  0
516  7501  7500  5006  5007  0  0  0  0
765  9995  9994  7500  7501  0  0  0  0
19  2514  2513  19  20  0  0  0  0
268  5008  5007  2513  2514  0  0  0  0
517  7502  7501  5007  5008  0  0  0  0
766  9996  9995  7501  7502  0  0  0  0
20  2515  2514  20  21  0  0  0  0
269  5009  5008  2514  2515  0  0  0  0
518  7503  7502  5008  5009  0  0  0  0
767  9997  9996  7502  7503  0  0  0  0
21  2516  2515  21  22  0  0  0  0
270  5010  5009  2515  2516  0  0  0  0
519  7504  7503  5009  5010  0  0  0  0
768  9998  9997  7503  7504  0  0  0  0
22  2517  2516  22  23  0  0  0  0
271  5011  5010  2516  2517  0  0  0  0
520  7505  7504  5010  5011  0  0  0  0
769  9999  9998  7504  7505  0  0  0  0
23  2518  2517  23  24  0  0  0  0
272  5012  5011  2517  2518  0  0  0  0
521  7506  7505  5011  5012  0  0  0  0
770  10000  9999  7505  7506  0  0  0  0
24  2519  2518  24  25  0  0  0  0
273  5013  5012  2518  2519  0  0  0  0
522  7507  7506  5012  5013  0  0  0  0
771  10001  10000  7506  7507  0  0  0  0
25  2520  2519  25  26  0  0  0  0
274  5014  5013  2519  2520  0  0  0  0
523  7508  7507  5013  5014  0  0  0  0
772  10002  10001  7507  7508  0  0  0  0
26  2521  2520  26  27  0  0  0  0
275  5015  5014  2520  2521  0  0  0  0
524  7509  7508  5014  5015  0  0  0  0
773  10003  10002  7508  7509  0  0  0  0
27  2522  2521  27  28  0  0  0  0
276  5016  5015  2521  2522  0  0  0  0
525  7510  7509  5015  5016  0  0  0  0
774  10004  10003  7509  7510  0  0  0  0
28  2523  2522  28  29  0  0  0  0
277  5017  5016  2522  2523  0  0  0  0
526  7511  7510  5016  5017  0  0  0  0
775  10005  10004  7510  7511  0  0  0  0
29  2524  2523  29  30  0  0  0  0
278  5018  5017  2523  2524  0  0  0  0
527  7512  7511  5017  5018  0  0  0  0
776  10006  10005  7511  7512  0  0  0  0
30  2525  2524  30  31  0  0  0  0
279  5019  5018  2524  2525  0  0  0  0
528  7513  7512  5018  5019  0  0  0  0
777  10007  10006  7512  7513  0  0  0  0
31  2526  2525  31  32  0  0  0  0
280  5020  5019  2525  2526  0  0  0  0
529  7514  7513  5019  5020  0  0  0  0
778  10008  10007  7513  7514  0  0  0  0
32  2527  2526  32  33  0  0  0  0
281  5021  5020  2526  2527  0  0  0  0
530  7515  7514  5020  5021  0  0  0  0
779  10009  10008  7514  7515  0  0  0  0
33  2528  2527  33  34  0  0  0  0
282  5022  5021  2527  2528  0  0  0  0
531  7516  7515  5021  5022  0  0  0  0
780  10010  10009  7515  7516  0  0  0  0
34  2529  2528  34  35  0  0  0  0
283  5023  5022  2528  2529  0  0  0  0
532  7517  7516  5022  5023  0  0  0  0
781  10011  10010  7516  7517  0  0  0  0
35  2530  2529  35  36  0  0  0  0
284  5024  5023  2529  2530  0  0  0  0
533  7518  7517  5023  5024  0  0  0  0
782  10012  10011  7517  7518  0  0  0  0
36  2531  2530  36  37  0  0  0  0
285  5025  5024  2530  2531  0  0  0  0
534  7519  7518  5024  5025  0  0  0  0
783  10013  10012  7518  7519  0  0  0  0
37  2532  2531  37  38  0  0  0  0
286  5026  5025  2531  2532  0  0  0  0
535  7520  7519  5025  5026  0  0  0  0
784  10014  10013  7519  7520  0  0  0  0
38  2533  2532  38  39  0  0  0  0
287  5027  5026  2532  2533  0  0  0  0
536  7521  7520  5026  5027  0  0  0  0
785  10015  10014  7520  7521  0  0  0  0
39  2534  2533  39  40  0  0  0  0
288  5028  5027  2533  2534  0  0  0  0
537  7522  7521  5027  5028  0  0  0  0
786  10016  10015  7521  7522  0  0  0  0
40  2535  2534  40  41  0  0  0  0
289  5029  5028  2534  2535  0  0  0  0
538  7523  7522  5028  5029  0  0  0  0
787  10017  10016  7522  7523  0  0  0  0
41  2536  2535  41  42  0  0  0  0
290  5030  5029  2535  2536  0  0  0  0
539  7524  7523  5029  5030  0  0  0  0
788  10018  10017  7523  7524  0  0  0  0
42  2537  2536  42  43  0  0  0  0
291  5031  5030  2536  2537  0  0  0  0
540  7525  7524  5030  5031  0  0  0  0
789  10019  10018  7524  7525  0  0  0  0
43  2538  2537  43  44  0  0  0  0
292  5032  5031  2537  2538  0  0  0  0
541  7526  7525  5031  5032  0  0  0  0
790  10020  10019  7525  7526  0  0  0  0
44  2539  2538  44  45  0  0  0  0
293  5033  5032  2538  2539  0  0  0  0
542  7527  7526  5032  5033  0  0  0  0
791  10021  10020  7526  7527  0  0  0  0
45  2540  2539  45  46  0  0  0  0
294  5034  5033  2539  2540  0  0  0  0
543  7528  7527  5033  5034  0  0  0  0
792  10022  10021  7527  7528  0  0  0  0
46  2541  2540  46  47  0  0  0  0
295  5035  5034  2540  2541  0  0  0  0
544  7529  7528  5034  5035  0  0  0  0
793  10023  10022  7528  7529  0  0  0  0
47  2542  2541  47  48  0  0  0  0
296  5036  5035  2541  2542  0  0  0  0
545  7530  7529  5035  5036  0  0  0  0
794  10024  10023  7529  7530  0  0  0  0
48  2543  2542  48  49  0  0  0  0
297  5037  5036  2542  2543  0  0  0  0
546  7531  7530  5036  5037  0  0  0  0
795  10025  10024  7530  7531  0  0  0  0
49  2544  2543  49  50  0  0  0  0
298  5038  5037  2543  2544  0  0  0  0
547  7532  7531  5037  5038  0  0  0  0
796  10026  10025  7531  7532  0  0  0  0
50  2545  2544  50  51  0  0  0  0
299  5039  5038  2544  2545  0  0  0  0
548  7533  7532  5038  5039  0  0  0  0
797  10027  10026  7532  7533  0  0  0  0
51  2546  2545  51  52  0  0  0  0
300  5040  5039  2545  2546  0  0  0  0
549  7534  7533  5039  5040  0  0  0  0
798  10028  10027  7533  7534  0  0  0  0
52  2547  2546  52  53  0  0  0  0
301  5041  5040  2546  2547  0  0  0  0
550  7535  7534  5040  5041  0  0  0  0
799  10029  10028  7534  7535  0  0  0  0
53  2548  2547  53  54  0  0  0  0
302  5042  5041  2547  2548  0  0  0  0
551  7536  7535  5041  5042  0  0  0  0
800  10030  10029  7535  7536  0  0  0  0
54  2549  2548  54  55  0  0  0  0
303  5043  5042  2548  2549  0  0  0  0
552  7537  7536  5042  5043  0  0  0  0
801  10031  10030  7536  7537  0  0  0  0
55  2550  2549  55  56  0  0  0  0
304  5044  5043  2549  2550  0  0  0  0
553  7538  7537  5043  5044  0  0  0  0
802  10032  10031  7537  7538  0  0  0  0
56  2551  2550  56  57  0  0  0  0
305  5045  5044  2550  2551  0  0  0  0
554  7539  7538  5044  5045  0  0  0  0
803  10033  10032  7538  7539  0  0  0  0
57  2552  2551  57  58  0  0  0  0
306  5046  5045  2551  2552  0  0  0  0
555  7540  7539  5045  5046  0  0  0  0
804  10034  10033  7539  7540  0  0  0  0
58  2553  2552  58  59  0  0  0  0
307  5047  5046  2552  2553  0  0  0  0
556  7541  7540  5046  5047  0  0  0  0
805  10035  10034  7540  7541  0  0  0  0
59  2554  2553  59  60  0  0  0  0
308  5048  5047  2553  2554  0  0  0  0
557  7542  7541  5047  5048  0  0  0  0
806  10036  10035  7541  7542  0  0  0  0
60  2555  2554  60  61  0  0  0  0
309  5049  5048  2554  2555  0  0  0  0
558  7543  7542  5048  5049  0  0  0  0
807  10037  10036  7542  7543  0  0  0  0
61  2556  2555  61  62  0  0  0  0
310  5050  5049  2555  2556  0  0  0  0
559  7544  7543  5049  5050  0  0  0  0
808  10038  10037  7543  7544  0  0  0  0
62  2557  2556  62  63  0  0  0  0
311  5051  5050  2556  2557  0  0  0  0
560  7545  7544  5050  5051  0  0  0  0
809  10039  10038  7544  7545  0  0  0  0
63  2558  2557  63  64  0  0  0  0
312  5052  5051  2557  2558  0  0  0  0
561  7546  7545  5051  5052  0  0  0  0
810  10040  10039  7545  7546  0  0  0  0
64  2559  2558  64  65  0  0  0  0
313  5053  5052  2558  2559  0  0  0  0
562  7547  7546  5052  5053  0  0  0  0
811  10041  10040  7546  7547  0  0  0  0
65  2560  2559  65  66  0  0  0  0
314  5054  5053  2559  2560  0  0  0  0
563  7548  7547  5053  5054  0  0  0  0
812  10042  10041  7547  7548  0  0  0  0
66  2561  2560  66  67  0  0  0  0
315  5055  5054  2560  2561  0  0  0  0
564  7549  7548  5054  5055  0  0  0  0
813  10043  10042  7548  7549  0  0  0  0
67  2562  2561  67  68  0  0  0  0
316  5056  5055  2561  2562  0  0  0  0
565  7550  7549  5055  5056  0  0  0  0
814  10044  10043  7549  7550  0  0  0  0
68  2563  2562  68  69  0  0  0  0
317  5057  5056  2562  2563  0  0  0  0
566  7551  7550  5056  5057  0  0  0  0
815  10045  10044  7550  7551  0  0  0  0
69  2564  2563  69  70  0  0  0  0
318  5058  5057  2563  2564  0  0  0  0
567  7552  7551  5057  5058  0  0  0  0
816  10046  10045  7551  7552  0  0  0  0
70  2565  2564  70  71  0  0  0  0
319  5059  5058  2564  2565  0  0  0  0
568  7553  7552  5058  5059  0  0  0  0
817  10047  10046  7552  7553  0  0  0  0
71  2566  2565  71  72  0  0  0  0
320  5060  5059  2565  2566  0  0  0  0
569  7554  7553  5059  5060  0  0  0  0
818  10048  10047  7553  7554  0  0  0  0
72  2567  2566  72  73  0  0  0  0
321  5061  5060  2566  2567  0  0  0  0
570  7555  7554  5060  5061  0  0  0  0
819  10049  10048  7554  7555  0  0  0  0
73  2568  2567  73  74  0  0  0  0
322  5062  5061  2567  2568  0  0  0  0
571  7556  7555  5061  5062  0  0  0  0
820  10050  10049  7555  7556  0  0  0  0
74  2569  2568  74  75  0  0  0  0
323  5063  5062  2568  2569  0  0  0  0
572  7557  7556  5062  5063  0  0  0  0
821  10051  10050  7556  7557  0  0  0  0
75  2570  2569  75  76  0  0  0  0
324  5064  5063  2569  2570  0  0  0  0
573  7558  7557  5063  5064  0  0  0  0
822  10052  10051  7557  7558  0  0  0  0
76  2571  2570  76  77  0  0  0  0
325  5065  5064  2570  2571  0  0  0  0
574  7559  7558  5064  5065  0  0  0  0
823  10053  10052  7558  7559  0  0  0  0
77  2572  2571  77  78  0  0  0  0
326  5066  5065  2571  2572  0  0  0  0
575  7560  7559  5065  5066  0  0  0  0
824  10054  10053  7559  7560  0  0  0  0
78  2573  2572  78  79  0  0  0  0
327  5067  5066  2572  2573  0  0  0  0
576  7561  7560  5066  5067  0  0  0  0
825  10055  10054  7560  7561  0  0  0  0
79  2574  2573  79  80  0  0  0  0
328  5068  5067  2573  2574  0  0  0  0
577  7562  7561  5067  5068  0  0  0  0
826  10056  10055  7561  7562  0  0  0  0
80  2575  2574  80  81  0  0  0  0
329  5069  5068  2574  2575  0  0  0  0
578  7563  7562  5068  5069  0  0  0  0
827  10057  10056  7562  7563  0  0  0  0
81  2576  2575  81  82  0  0  0  0
330  5070  5069  2575  2576  0  0  0  0
579  7564  7563  5069  5070  0  0  0  0
828  10058  10057  7563  7564  0  0  0  0
82  2577  2576  82  83  0  0  0  0
331  5071  5070  2576  2577  0  0  0  0
580  7565  7564  5070  5071  0  0  0  0
829  10059  10058  7564  7565  0  0  0  0
83  2578  2577  83  84  0  0  0  0
332  5072  5071  2577  2578  0  0  0  0
581  7566  7565  5071  5072  0  0  0  0
830  10060  10059  7565  7566  0  0  0  0
84  2579  2578  84  85  0  0  0  0
333  5073  5072  2578  2579  0  0  0  0
582  7567  7566  5072  5073  0  0  0  0
831  10061  10060  7566  7567  0  0  0  0
85  2580  2579  85  86  0  0  0  0
334  5074  5073  2579  2580  0  0  0  0
583  7568  7567  5073  5074  0  0  0  0
832  10062  10061  7567  7568  0  0  0  0
86  2581  2580  86  87  0  0  0  0
335  5075  5074  2580  2581  0  0  0  0
584  7569  7568  5074  5075  0  0  0  0
833  10063  10062  7568  7569  0  0  0  0
87  2582  2581  87  88  0  0  0  0
336  5076  5075  2581  2582  0  0  0  0
585  7570  7569  5075  5076  0  0  0  0
834  10064  10063  7569  7570  0  0  0  0
88  2583  2582  88  89  0  0  0  0
337  5077  5076  2582  2583  0  0  0  0
586  7571  7570  5076  5077  0  0  0  0
835  10065  10064  7570  7571  0  0  0  0
89  2584  2583  89  90  0  0  0  0
338  5078  5077  2583  2584  0  0  0  0
587  7572  7571  5077  5078  0  0  0  0
836  10066  10065  7571  7572  0  0  0  0
90  2585  2584  90  91  0  0  0  0
339  5079  5078  2584  2585  0  0  0  0
588  7573  7572  5078  5079  0  0  0  0
837  10067  10066  7572  7573  0  0  0  0
91  2586  2585  91  92  0  0  0  0
340  5080  5079  2585  2586  0  0  0  0
589  7574  7573  5079  5080  0  0  0  0
838  10068  10067  7573  7574  0  0  0  0
92  2587  2586  92  93  0  0  0  0
341  5081  5080  2586  2587  0  0  0  0
590  7575  7574  5080  5081  0  0  0  0
839  10069  10068  7574  7575  0  0  0  0
93  2588  2587  93  94  0  0  0  0
342  5082  5081  2587  2588  0  0  0  0
591  7576  7575  5081  5082  0  0  0  0
840  10070  10069  7575  7576  0  0  0  0
94  2589  2588  94  95  0  0  0  0
343  5083  5082  2588  2589  0  0  0  0
592  7577  7576  5082  5083  0  0  0  0
841  10071  10070  7576  7577  0  0  0  0
95  2590  2589  95  96  0  0  0  0
344  5084  5083  2589  2590  0  0  0  0
593  7578  7577  5083  5084  0  0  0  0
842  10072  10071  7577  7578  0  0  0  0
96  2591  2590  96  97  0  0  0  0
345  5085  5084  2590  2591  0  0  0  0
594  7579  7578  5084  5085  0  0  0  0
843  10073  10072  7578  7579  0  0  0  0
97  2592  2591  97  98  0  0  0  0
346  5086  5085  2591  2592  0  0  0  0
595  7580  7579  5085  5086  0  0  0  0
844  10074  10073  7579  7580  0  0  0  0
98  2593  2592  98  99  0  0  0  0
347  5087  5086  2592  2593  0  0  0  0
596  7581  7580  5086  5087  0  0  0  0
845  10075  10074  7580  7581  0  0  0  0
99  2594  2593  99  100  0  0  0  0
348  5088  5087  2593  2594  0  0  0  0
597  7582  7581  5087  5088  0  0  0  0
846  10076  10075  7581  7582  0  0  0  0
100  2595  2594  100  101  0  0  0  0
349  5089  5088  2594  2595  0  0  0  0
598  7583  7582  5088  5089  0  0  0  0
847  10077  10076  7582  7583  0  0  0  0
101  2596  2595  101  102  0  0  0  0
350  5090  5089  2595  2596  0  0  0  0
599  7584  7583  5089  5090  0  0  0  0
848  10078  10077  7583  7584  0  0  0  0
102  2597  2596  102  103  0  0  0  0
351  5091  5090  2596  2597  0  0  0  0
600  7585  7584  5090  5091  0  0  0  0
849  10079  10078  7584  7585  0  0  0  0
103  2598  2597  103  104  0  0  0  0
352  5092  5091  2597  2598  0  0  0  0
601  7586  7585  5091  5092  0  0  0  0
850  10080  10079  7585  7586  0  0  0  0
104  2599  2598  104  105  0  0  0  0
353  5093  5092  2598  2599  0  0  0  0
602  7587  7586  5092  5093  0  0  0  0
851  10081  10080  7586  7587  0  0  0  0
105  2600  2599  105  106  0  0  0  0
354  5094  5093  2599  2600  0  0  0  0
603  7588  7587  5093  5094  0  0  0  0
852  10082  10081  7587  7588  0  0  0  0
106  2601  2600  106  107  0  0  0  0
355  5095  5094  2600  2601  0  0  0  0
604  7589  7588  5094  5095  0  0  0  0
853  10083  10082  7588  7589  0  0  0  0
107  2602  2601  107  108  0  0  0  0
356  5096  5095  2601  2602  0  0  0  0
605  7590  7589  5095  5096  0  0  0  0
854  10084  10083  7589  7590  0  0  0  0
108  2603  2602  108  109  0  0  0  0
357  5097  5096  2602  2603  0  0  0  0
606  7591  7590  5096  5097  0  0  0  0
855  10085  10084  7590  7591  0  0  0  0
109  2604  2603  109  110  0  0  0  0
358  5098  5097  2603  2604  0  0  0  0
607  7592  7591  5097  5098  0  0  0  0
856  10086  10085  7591  7592  0  0  0  0
110  2605  2604  110  111  0  0  0  0
359  5099  5098  2604  2605  0  0  0  0
608  7593  7592  5098  5099  0  0  0  0
857  10087  10086  7592  7593  0  0  0  0
111  2606  2605  111  112  0  0  0  0
360  5100  5099  2605  2606  0  0  0  0
609  7594  7593  5099  5100  0  0  0  0
858  10088  10087  7593  7594  0  0  0  0
112  2607  2606  112  113  0  0  0  0
361  5101  5100  2606  2607  0  0  0  0
610  7595  7594  5100  5101  0  0  0  0
859  10089  10088  7594  7595  0  0  0  0
113  2608  2607  113  114  0  0  0  0
362  5102  5101  2607  2608  0  0  0  0
611  7596  7595  5101  5102  0  0  0  0
860  10090  10089  7595  7596  0  0  0  0
114  2609  2608  114  115  0  0  0  0
363  5103  5102  2608  2609  0  0  0  0
612  7597  7596  5102  5103  0  0  0  0
861  10091  10090  7596  7597  0  0  0  0
115  2610  2609  115  116  0  0  0  0
364  5104  5103  2609  2610  0  0  0  0
613  7598  7597  5103  5104  0  0  0  0
862  10092  10091  7597  7598  0  0  0  0
116  2611  2610  116  117  0  0  0  0
365  5105  5104  2610  2611  0  0  0  0
614  7599  7598  5104  5105  0  0  0  0
863  10093  10092  7598  7599  0  0  0  0
117  2612  2611  117  118  0  0  0  0
366  5106  5105  2611  2612  0  0  0  0
615  7600  7599  5105  5106  0  0  0  0
864  10094  10093  7599  7600  0  0  0  0
118  2613  2612  118  119  0  0  0  0
367  5107  5106  2612  2613  0  0  0  0
616  7601  7600  5106  5107  0  0  0  0
865  10095  10094  7600  7601  0  0  0  0
119  2614  2613  119  120  0  0  0  0
368  5108  5107  2613  2614  0  0  0  0
617  7602  7601  5107  5108  0  0  0  0
866  10096  10095  7601  7602  0  0  0  0
120  2615  2614  120  121  0  0  0  0
369  5109  5108  2614  2615  0  0  0  0
618  7603  7602  5108  5109  0  0  0  0
867  10097  10096  7602  7603  0  0  0  0
121  2616  2615  121  122  0  0  0  0
370  5110  5109  2615  2616  0  0  0  0
619  7604  7603  5109  5110  0  0  0  0
868  10098  10097  7603  7604  0  0  0  0
122  2617  2616  122  123  0  0  0  0
371  5111  5110  2616  2617  0  0  0  0
620  7605  7604  5110  5111  0  0  0  0
869  10099  10098  7604  7605  0  0  0  0
123  2618  2617  123  124  0  0  0  0
372  5112  5111  2617  2618  0  0  0  0
621  7606  7605  5111  5112  0  0  0  0
870  10100  10099  7605  7606  0  0  0  0
124  2619  2618  124  125  0  0  0  0
373  5113  5112  2618  2619  0  0  0  0
622  7607  7606  5112  5113  0  0  0  0
871  10101  10100  7606  7607  0  0  0  0
125  2620  2619  125  126  0  0  0  0
374  5114  5113  2619  2620  0  0  0  0
623  7608  7607  5113  5114  0  0  0  0
872  10102  10101  7607  7608  0  0  0  0
126  2621  2620  126  127  0  0  0  0
375  5115  5114  2620  2621  0  0  0  0
624  7609  7608  5114  5115  0  0  0  0
873  10103  10102  7608  7609  0  0  0  0
127  2622  2621  127  128  0  0  0  0
376  5116  5115  2621  2622  0  0  0  0
625  7610  7609  5115  5116  0  0  0  0
874  10104  10103  7609  7610  0  0  0  0
128  2623  2622  128  129  0  0  0  0
377  5117  5116  2622  2623  0  0  0  0
626  7611  7610  5116  5117  0  0  0  0
875  10105  10104  7610  7611  0  0  0  0
129  2624  2623  129  130  0  0  0  0
378  5118  5117  2623  2624  0  0  0  0
627  7612  7611  5117  5118  0  0  0  0
876  10106  10105  7611  7612  0  0  0  0
130  2625  2624  130  131  0  0  0  0
379  5119  5118  2624  2625  0  0  0  0
628  7613  7612  5118  5119  0  0  0  0
877  10107  10106  7612  7613  0  0  0  0
131  2626  2625  131  132  0  0  0  0
380  5120  5119  2625  2626  0  0  0  0
629  7614  7613  5119  5120  0  0  0  0
878  10108  10107  7613  7614  0  0  0  0
132  2627  2626  132  133  0  0  0  0
381  5121  5120  2626  2627  0  0  0  0
630  7615  7614  5120  5121  0  0  0  0
879  10109  10108  7614  7615  0  0  0  0
133  2628  2627  133  134  0  0  0  0
382  5122  5121  2627  2628  0  0  0  0
631  7616  7615  5121  5122  0  0  0  0
880  10110  10109  7615  7616  0  0  0  0
134  2629  2628  134  135  0  0  0  0
383  5123  5122  2628  2629  0  0  0  0
632  7617  7616  5122  5123  0  0  0  0
881  10111  10110  7616  7617  0  0  0  0
135  2630  2629  135  136  0  0  0  0
384  5124  5123  2629  2630  0  0  0  0
633  7618  7617  5123  5124  0  0  0  0
882  10112  10111  7617  7618  0  0  0  0
136  2631  2630  136  137  0  0  0  0
385  5125  5124  2630  2631  0  0  0  0
634  7619  7618  5124  5125  0  0  0  0
883  10113  10112  7618  7619  0  0  0  0
137  2632  2631  137  138  0  0  0  0
386  5126  5125  2631  2632  0  0  0  0
635  7620  7619  5125  5126  0  0  0  0
884  10114  10113  7619  7620  0  0  0  0
138  2633  2632  138  139  0  0  0  0
387  5127  5126  2632  2633  0  0  0  0
636  7621  7620  5126  5127  0  0  0  0
885  10115  10114  7620  7621  0  0  0  0
139  2634  2633  139  140  0  0  0  0
388  5128  5127  2633  2634  0  0  0  0
637  7622  7621  5127  5128  0  0  0  0
886  10116  10115  7621  7622  0  0  0  0
140  2635  2634  140  141  0  0  0  0
389  5129  5128  2634  2635  0  0  0  0
638  7623  7622  5128  5129  0  0  0  0
887  10117  10116  7622  7623  0  0  0  0
141  2636  2635  141  142  0  0  0  0
390  5130  5129  2635  2636  0  0  0  0
639  7624  7623  5129  5130  0  0  0  0
888  10118  10117  7623  7624  0  0  0  0
142  2637  2636  142  143  0  0  0  0
391  5131  5130  2636  2637  0  0  0  0
640  7625  7624  5130  5131  0  0  0  0
889  10119  10118  7624  7625  0  0  0  0
143  2638  2637  143  144  0  0  0  0
392  5132  5131  2637  2638  0  0  0  0
641  7626  7625  5131  5132  0  0  0  0
890  10120  10119  7625  7626  0  0  0  0
144  2639  2638  144  145  0  0  0  0
393  5133  5132  2638  2639  0  0  0  0
642  7627  7626  5132  5133  0  0  0  0
891  10121  10120  7626  7627  0  0  0  0
145  2640  2639  145  146  0  0  0  0
394  5134  5133  2639  2640  0  0  0  0
643  7628  7627  5133  5134  0  0  0  0
892  10122  10121  7627  7628  0  0  0  0
146  2641  2640  146  147  0  0  0  0
395  5135  5134  2640  2641  0  0  0  0
644  7629  7628  5134  5135  0  0  0  0
893  10123  10122  7628  7629  0  0  0  0
147  2642  2641  147  148  0  0  0  0
396  5136  5135  2641  2642  0  0  0  0
645  7630  7629  5135  5136  0  0  0  0
894  10124  10123  7629  7630  0  0  0  0
148  2643  2642  148  149  0  0  0  0
397  5137  5136  2642  2643  0  0  0  0
646  7631  7630  5136  5137  0  0  0  0
895  10125  10124  7630  7631  0  0  0  0
149  2644  2643  149  150  0  0  0  0
398  5138  5137  2643  2644  0  0  0  0
647  7632  7631  5137  5138  0  0  0  0
896  10126  10125  7631  7632  0  0  0  0
150  2645  2644  150  151  0  0  0  0
399  5139  5138  2644  2645  0  0  0  0
648  7633  7632  5138  5139  0  0  0  0
897  10127  10126  7632  7633  0  0  0  0
151  2646  2645  151  152  0  0  0  0
400  5140  5139  2645  2646  0  0  0  0
649  7634  7633  5139  5140  0  0  0  0
898  10128  10127  7633  7634  0  0  0  0
152  2647  2646  152  153  0  0  0  0
401  5141  5140  2646  2647  0  0  0  0
650  7635  7634  5140  5141  0  0  0  0
899  10129  10128  7634  7635  0  0  0  0
153  2648  2647  153  154  0  0  0  0
402  5142  5141  2647  2648  0  0  0  0
651  7636  7635  5141  5142  0  0  0  0
900  10130  10129  7635  7636  0  0  0  0
154  2649  2648  154  155  0  0  0  0
403  5143  5142  2648  2649  0  0  0  0
652  7637  7636  5142  5143  0  0  0  0
901  10131  10130  7636  7637  0  0  0  0
155  2650  2649  155  156  0  0  0  0
404  5144  5143  2649  2650  0  0  0  0
653  7638  7637  5143  5144  0  0  0  0
902  10132  10131  7637  7638  0  0  0  0
156  2651  2650  156  157  0  0  0  0
405  5145  5144  2650  2651  0  0  0  0
654  7639  7638  5144  5145  0  0  0  0
903  10133  10132  7638  7639  0  0  0  0
157  2652  2651  157  158  0  0  0  0
406  5146  5145  2651  2652  0  0  0  0
655  7640  7639  5145  5146  0  0  0  0
904  10134  10133  7639  7640  0  0  0  0
158  2653  2652  158  159  0  0  0  0
407  5147  5146  2652  2653  0  0  0  0
656  7641  7640  5146  5147  0  0  0  0
905  10135  10134  7640  7641  0  0  0  0
159  2654  2653  159  160  0  0  0  0
408  5148  5147  2653  2654  0  0  0  0
657  7642  7641  5147  5148  0  0  0  0
906  10136  10135  7641  7642  0  0  0  0
160  2655  2654  160  161  0  0  0  0
409  5149  5148  2654  2655  0  0  0  0
658  7643  7642  5148  5149  0  0  0  0
907  10137  10136  7642  7643  0  0  0  0
161  2656  2655  161  162  0  0  0  0
410  5150  5149  2655  2656  0  0  0  0
659  7644  7643  5149  5150  0  0  0  0
908  10138  10137  7643  7644  0  0  0  0
162  2657  2656  162  163  0  0  0  0
411  5151  5150  2656  2657  0  0  0  0
660  7645  7644  5150  5151  0  0  0  0
909  10139  10138  7644  7645  0  0  0  0
163  2658  2657  163  164  0  0  0  0
412  5152  5151  2657  2658  0  0  0  0
661  7646  7645  5151  5152  0  0  0  0
910  10140  10139  7645  7646  0  0  0  0
164  2659  2658  164  165  0  0  0  0
413  5153  5152  2658  2659  0  0  0  0
662  7647  7646  5152  5153  0  0  0  0
911  10141  10140  7646  7647  0  0  0  0
165  2660  2659  165  166  0  0  0  0
414  5154  5153  2659  2660  0  0  0  0
663  7648  7647  5153  5154  0  0  0  0
912  10142  10141  7647  7648  0  0  0  0
166  2661  2660  166  167  0  0  0  0
415  5155  5154  2660  2661  0  0  0  0
664  7649  7648  5154  5155  0  0  0  0
913  10143  10142  7648  7649  0  0  0  0
167  2662  2661  167  168  0  0  0  0
416  5156  5155  2661  2662  0  0  0  0
665  7650  7649  5155  5156  0  0  0  0
914  10144  10143  7649  7650  0  0  0  0
168  2663  2662  168  169  0  0  0  0
417  5157  5156  2662  2663  0  0  0  0
666  7651  7650  5156  5157  0  0  0  0
915  10145  10144  7650  7651  0  0  0  0
169  2664  2663  169  170  0  0  0  0
418  5158  5157  2663  2664  0  0  0  0
667  7652  7651  5157  5158  0  0  0  0
916  10146  10145  7651  7652  0  0  0  0
170  2665  2664  170  171  0  0  0  0
419  5159  5158  2664  2665  0  0  0  0
668  7653  7652  5158  5159  0  0  0  0
917  10147  10146  7652  7653  0  0  0  0
171  2666  2665  171  172  0  0  0  0
420  5160  5159  2665  2666  0  0  0  0
669  7654  7653  5159  5160  0  0  0  0
918  10148  10147  7653  7654  0  0  0  0
172  2667  2666  172  173  0  0  0  0
421  5161  5160  2666  2667  0  0  0  0
670  7655  7654  5160  5161  0  0  0  0
919  10149  10148  7654  7655  0  0  0  0
173  2668  2667  173  174  0  0  0  0
422  5162  5161  2667  2668  0  0  0  0
671  7656  7655  5161  5162  0  0  0  0
920  10150  10149  7655  7656  0  0  0  0
174  2669  2668  174  175  0  0  0  0
423  5163  5162  2668  2669  0  0  0  0
672  7657  7656  5162  5163  0  0  0  0
921  10151  10150  7656  7657  0  0  0  0
175  2670  2669  175  176  0  0  0  0
424  5164  5163  2669  2670  0  0  0  0
673  7658  7657  5163  5164  0  0  0  0
922  10152  10151  7657  7658  0  0  0  0
176  2671  2670  176  177  0  0  0  0
425  5165  5164  2670  2671  0  0  0  0
674  7659  7658  5164  5165  0  0  0  0
923  10153  10152  7658  7659  0  0  0  0
177  2672  2671  177  178  0  0  0  0
426  5166  5165  2671  2672  0  0  0  0
675  7660  7659  5165  5166  0  0  0  0
924  10154  10153  7659  7660  0  0  0  0
178  2673  2672  178  179  0  0  0  0
427  5167  5166  2672  2673  0  0  0  0
676  7661  7660  5166  5167  0  0  0  0
925  10155  10154  7660  7661  0  0  0  0
179  2674  2673  179  180  0  0  0  0
428  5168  5167  2673  2674  0  0  0  0
677  7662  7661  5167  5168  0  0  0  0
926  10156  10155  7661  7662  0  0  0  0
180  2675  2674  180  181  0  0  0  0
429  5169  5168  2674  2675  0  0  0  0
678  7663  7662  5168  5169  0  0  0  0
927  10157  10156  7662  7663  0  0  0  0
181  2676  2675  181  182  0  0  0  0
430  5170  5169  2675  2676  0  0  0  0
679  7664  7663  5169  5170  0  0  0  0
928  10158  10157  7663  7664  0  0  0  0
182  2677  2676  182  183  0  0  0  0
431  5171  5170  2676  2677  0  0  0  0
680  7665  7664  5170  5171  0  0  0  0
929  10159  10158  7664  7665  0  0  0  0
183  2678  2677  183  184  0  0  0  0
432  5172  5171  2677  2678  0  0  0  0
681  7666  7665  5171  5172  0  0  0  0
930  10160  10159  7665  7666  0  0  0  0
184  2679  2678  184  185  0  0  0  0
433  5173  5172  2678  2679  0  0  0  0
682  7667  7666  5172  5173  0  0  0  0
931  10161  10160  7666  7667  0  0  0  0
185  2680  2679  185  186  0  0  0  0
434  5174  5173  2679  2680  0  0  0  0
683  7668  7667  5173  5174  0  0  0  0
932  10162  10161  7667  7668  0  0  0  0
186  2681  2680  186  187  0  0  0  0
435  5175  5174  2680  2681  0  0  0  0
684  7669  7668  5174  5175  0  0  0  0
933  10163  10162  7668  7669  0  0  0  0
187  2682  2681  187  188  0  0  0  0
436  5176  5175  2681  2682  0  0  0  0
685  7670  7669  5175  5176  0  0  0  0
934  10164  10163  7669  7670  0  0  0  0
188  2683  2682  188  189  0  0  0  0
437  5177  5176  2682  2683  0  0  0  0
686  7671  7670  5176  5177  0  0  0  0
935  10165  10164  7670  7671  0  0  0  0
189  2684  2683  189  190  0  0  0  0
438  5178  5177  2683  2684  0  0  0  0
687  7672  7671  5177  5178  0  0  0  0
936  10166  10165  7671  7672  0  0  0  0
190  2685  2684  190  191  0  0  0  0
439  5179  5178  2684  2685  0  0  0  0
688  7673  7672  5178  5179  0  0  0  0
937  10167  10166  7672  7673  0  0  0  0
191  2686  2685  191  192  0  0  0  0
440  5180  5179  2685  2686  0  0  0  0
689  7674  7673  5179  5180  0  0  0  0
938  10168  10167  7673  7674  0  0  0  0
192  2687  2686  192  193  0  0  0  0
441  5181  5180  2686  2687  0  0  0  0
690  7675  7674  5180  5181  0  0  0  0
939  10169  10168  7674  7675  0  0  0  0
193  2688  2687  193  194  0  0  0  0
442  5182  5181  2687  2688  0  0  0  0
691  7676  7675  5181  5182  0  0  0  0
940  10170  10169  7675  7676  0  0  0  0
194  2689  2688  194  195  0  0  0  0
443  5183  5182  2688  2689  0  0  0  0
692  7677  7676  5182  5183  0  0  0  0
941  10171  10170  7676  7677  0  0  0  0
195  2690  2689  195  196  0  0  0  0
444  5184  5183  2689  2690  0  0  0  0
693  7678  7677  5183  5184  0  0  0  0
942  10172  10171  7677  7678  0  0  0  0
196  2691  2690  196  197  0  0  0  0
445  5185  5184  2690  2691  0  0  0  0
694  7679  7678  5184  5185  0  0  0  0
943  10173  10172  7678  7679  0  0  0  0
197  2692  2691  197  198  0  0  0  0
446  5186  5185  2691  2692  0  0  0  0
695  7680  7679  5185  5186  0  0  0  0
944  10174  10173  7679  7680  0  0  0  0
198  2693  2692  198  199  0  0  0  0
447  5187  5186  2692  2693  0  0  0  0
696  7681  7680  5186  5187  0  0  0  0
945  10175  10174  7680  7681  0  0  0  0
199  2495  2693  199  1  0  0  0  0
448  4989  5187  2693  2495  0  0  0  0
697  7483  7681  5187  4989  0  0  0  0
946  9977  10175  7681  7483  0  0  0  0
200  2694  2639  145  200  0  0  0  0
449  5188  5133  2639  2694  0  0  0  0
698  7682  7627  5133  5188  0  0  0  0
947  10176  10121  7627  7682  0  0  0  0
201  2695  2694  200  201  0  0  0  0
450  5189  5188  2694  2695  0  0  0  0
699  7683  7682  5188  5189  0  0  0  0
948  10177  10176  7682  7683  0  0  0  0
202  2696  2695  201  202  0  0  0  0
451  5190  5189  2695  2696  0  0  0  0
700  7684  7683  5189  5190  0  0  0  0
949  10178  10177  7683  7684  0  0  0  0
203  2697  2696  202  203  0  0  0  0
452  5191  5190  2696  2697  0  0  0  0
701  7685  7684  5190  5191  0  0  0  0
950  10179  10178  7684  7685  0  0  0  0
204  2698  2697  203  204  0  0  0  0
453  5192  5191  2697  2698  0  0  0  0
702  7686  7685  5191  5192  0  0  0  0
951  10180  10179  7685  7686  0  0  0  0
205  2699  2698  204  205  0  0  0  0
454  5193  5192  2698  2699  0  0  0  0
703  7687  7686  5192  5193  0  0  0  0
952  10181  10180  7686  7687  0  0  0  0
206  2700  2699  205  206  0  0  0  0
455  5194  5193  2699  2700  0  0  0  0
704  7688  7687  5193  5194  0  0  0  0
953  10182  10181  7687  7688  0  0  0  0
207  2701  2700  206  207  0  0  0  0
456  5195  5194  2700  2701  0  0  0  0
705  7689  7688  5194  5195  0  0  0  0
954  10183  10182  7688  7689  0  0  0  0
208  2702  2701  207  208  0  0  0  0
457  5196  5195  2701  2702  0  0  0  0
706  7690  7689  5195  5196  0  0  0  0
955  10184  10183  7689  7690  0  0  0  0
209  2703  2702  208  209  0  0  0  0
458  5197  5196  2702  2703  0  0  0  0
707  7691  7690  5196  5197  0  0  0  0
956  10185  10184  7690  7691  0  0  0  0
210  2704  2703  209  210  0  0  0  0
459  5198  5197  2703  2704  0  0  0  0
708  7692  7691  5197  5198  0  0  0  0
957  10186  10185  7691  7692  0  0  0  0
211  2705  2704  210  211  0  0  0  0
460  5199  5198  2704  2705  0  0  0  0
709  7693  7692  5198  5199  0  0  0  0
958  10187  10186  7692  7693  0  0  0  0
212  2706  2705  211  212  0  0  0  0
461  5200  5199  2705  2706  0  0  0  0
710  7694  7693  5199  5200  0  0  0  0
959  10188  10187  7693  7694  0  0  0  0
213  2707  2706  212  213  0  0  0  0
462  5201  5200  2706  2707  0  0  0  0
711  7695  7694  5200  5201  0  0  0  0
960  10189  10188  7694  7695  0  0  0  0
214  2708  2707  213  214  0  0  0  0
463  5202  5201  2707  2708  0  0  0  0
712  7696  7695  5201  5202  0  0  0  0
961  10190  10189  7695  7696  0  0  0  0
215  2709  2708  214  215  0  0  0  0
464  5203  5202  2708  2709  0  0  0  0
713  7697  7696  5202  5203  0  0  0  0
962  10191  10190  7696  7697  0  0  0  0
216  2710  2709  215  216  0  0  0  0
465  5204  5203  2709  2710  0  0  0  0
714  7698  7697  5203  5204  0  0  0  0
963  10192  10191  7697  7698  0  0  0  0
217  2711  2710  216  217  0  0  0  0
466  5205  5204  2710  2711  0  0  0  0
715  7699  7698  5204  5205  0  0  0  0
964  10193  10192  7698  7699  0  0  0  0
218  2712  2711  217  218  0  0  0  0
467  5206  5205  2711  2712  0  0  0  0
716  7700  7699  5205  5206  0  0  0  0
965  10194  10193  7699  7700  0  0  0  0
219  2713  2712  218  219  0  0  0  0
468  5207  5206  2712  2713  0  0  0  0
717  7701  7700  5206  5207  0  0  0  0
966  10195  10194  7700  7701  0  0  0  0
220  2714  2713  219  220  0  0  0  0
469  5208  5207  2713  2714  0  0  0  0
718  7702  7701  5207  5208  0  0  0  0
967  10196  10195  7701  7702  0  0  0  0
221  2715  2714  220  221  0  0  0  0
470  5209  5208  2714  2715  0  0  0  0
719  7703  7702  5208  5209  0  0  0  0
968  10197  10196  7702  7703  0  0  0  0
222  2716  2715  221  222  0  0  0  0
471  5210  5209  2715  2716  0  0  0  0
720  7704  7703  5209  5210  0  0  0  0
969  10198  10197  7703  7704  0  0  0  0
223  2550  2716  222  56  0  0  0  0
472  5044  5210  2716  2550  0  0  0  0
721  7538  7704  5210  5044  0  0  0  0
970  10032  10198  7704  7538  0  0  0  0
224  2717  2623  129  223  0  0  0  0
473  5211  5117  2623  2717  0  0  0  0
722  7705  7611  5117  5211  0  0  0  0
971  10199  10105  7611  7705  0  0  0  0
225  2718  2717  223  224  0  0  0  0
474  5212  5211  2717  2718  0  0  0  0
723  7706  7705  5211  5212  0  0  0  0
972  10200  10199  7705  7706  0  0  0  0
226  2719  2718  224  225  0  0  0  0
475  5213  5212  2718  2719  0  0  0  0
724  7707  7706  5212  5213  0  0  0  0
973  10201  10200  7706  7707  0  0  0  0
227  2720  2719  225  226  0  0  0  0
476  5214  5213  2719  2720  0  0  0  0
725  7708  7707  5213  5214  0  0  0  0
974  10202  10201  7707  7708  0  0  0  0
228  2721  2720  226  227  0  0  0  0
477  5215  5214  2720  2721  0  0  0  0
726  7709  7708  5214  5215  0  0  0  0
975  10203  10202  7708  7709  0  0  0  0
229  2722  2721  227  228  0  0  0  0
478  5216  5215  2721  2722  0  0  0  0
727  7710  7709  5215  5216  0  0  0  0
976  10204  10203  7709  7710  0  0  0  0
230  2723  2722  228  229  0  0  0  0
479  5217  5216  2722  2723  0  0  0  0
728  7711  7710  5216  5217  0  0  0  0
977  10205  10204  7710  7711  0  0  0  0
231  2724  2723  229  230  0  0  0  0
480  5218  5217  2723  2724  0  0  0  0
729  7712  7711  5217  5218  0  0  0  0
978  10206  10205  7711  7712  0  0  0  0
232  2725  2724  230  231  0  0  0  0
481  5219  5218  2724  2725  0  0  0  0
730  7713  7712  5218  5219  0  0  0  0
979  10207  10206  7712  7713  0  0  0  0
233  2726  2725  231  232  0  0  0  0
482  5220  5219  2725  2726  0  0  0  0
731  7714  7713  5219  5220  0  0  0  0
980  10208  10207  7713  7714  0  0  0  0
234  2727  2726  232  233  0  0  0  0
483  5221  5220  2726  2727  0  0  0  0
732  7715  7714  5220  5221  0  0  0  0
981  10209  10208  7714  7715  0  0  0  0
235  2728  2727  233  234  0  0  0  0
484  5222  5221  2727  2728  0  0  0  0
733  7716  7715  5221  5222  0  0  0  0
982  10210  10209  7715  7716  0  0  0  0
236  2729  2728  234  235  0  0  0  0
485  5223  5222  2728  2729  0  0  0  0
734  7717  7716  5222  5223  0  0  0  0
983  10211  10210  7716  7717  0  0  0  0
237  2730  2729  235  236  0  0  0  0
486  5224  5223  2729  2730  0  0  0  0
735  7718  7717  5223  5224  0  0  0  0
984  10212  10211  7717  7718  0  0  0  0
238  2731  2730  236  237  0  0  0  0
487  5225  5224  2730  2731  0  0  0  0
736  7719  7718  5224  5225  0  0  0  0
985  10213  10212  7718  7719  0  0  0  0
239  2732  2731  237  238  0  0  0  0
488  5226  5225  2731  2732  0  0  0  0
737  7720  7719  5225  5226  0  0  0  0
986  10214  10213  7719  7720  0  0  0  0
240  2733  2732  238  239  0  0  0  0
489  5227  5226  2732  2733  0  0  0  0
738  7721  7720  5226  5227  0  0  0  0
987  10215  10214  7720  7721  0  0  0  0
241  2734  2733  239  240  0  0  0  0
490  5228  5227  2733  2734  0  0  0  0
739  7722  7721  5227  5228  0  0  0  0
988  10216  10215  7721  7722  0  0  0  0
242  2735  2734  240  241  0  0  0  0
491  5229  5228  2734  2735  0  0  0  0
740  7723  7722  5228  5229  0  0  0  0
989  10217  10216  7722  7723  0  0  0  0
243  2736  2735  241  242  0  0  0  0
492  5230  5229  2735  2736  0  0  0  0
741  7724  7723  5229  5230  0  0  0  0
990  10218  10217  7723  7724  0  0  0  0
244  2737  2736  242  243  0  0  0  0
493  5231  5230  2736  2737  0  0  0  0
742  7725  7724  5230  5231  0  0  0  0
991  10219  10218  7724  7725  0  0  0  0
245  2738  2737  243  244  0  0  0  0
494  5232  5231  2737  2738  0  0  0  0
743  7726  7725  5231  5232  0  0  0  0
992  10220  10219  7725  7726  0  0  0  0
246  2739  2738  244  245  0  0  0  0
495  5233  5232  2738  2739  0  0  0  0
744  7727  7726  5232  5233  0  0  0  0
993  10221  10220  7726  7727  0  0  0  0
247  2740  2739  245  246  0  0  0  0
496  5234  5233  2739  2740  0  0  0  0
745  7728  7727  5233  5234  0  0  0  0
994  10222  10221  7727  7728  0  0  0  0
248  2741  2740  246  247  0  0  0  0
497  5235  5234  2740  2741  0  0  0  0
746  7729  7728  5234  5235  0  0  0  0
995  10223  10222  7728  7729  0  0  0  0
249  2566  2741  247  72  0  0  0  0
498  5060  5235  2741  2566  0  0  0  0
747  7554  7729  5235  5060  0  0  0  0
996  10048  10223  7729  7554  0  0  0  0
