1  3  0  7.2132
234  5  0  7.21304
467  4  0  7.21243
700  5  0  -171.322
2  3  0  6.35876
235  5  0  6.35877
468  4  0  6.35879
701  5  0  6.3588
3  3  0  5.54304
236  5  0  5.54304
469  4  0  5.54304
702  5  0  5.54304
4  3  0  4.72874
237  5  0  4.72876
470  4  0  4.72879
703  5  0  4.72883
5  3  0  4.02138
238  5  0  4.02134
471  4  0  4.0213
704  5  0  4.02125
6  3  0  3.16625
239  5  0  3.1663
472  4  0  3.16637
705  5  0  3.16644
7  3  0  2.54702
240  5  0  2.54697
473  4  0  2.5469
706  5  0  2.54683
8  3  0  1.68714
241  5  0  1.68712
474  4  0  1.68708
707  5  0  1.68705
9  3  0  0.730699
242  5  0  0.730744
475  4  0  0.730806
708  5  0  0.730867
10  3  0  -0.0481431
243  5  0  -0.048272
476  4  0  -0.048448
709  5  0  -0.0486234
11  3  0  -1.26827
244  5  0  -1.26823
477  1  0  7.36614
710  5  0  15.5823
12  3  0  -2.31063
245  5  0  -2.31055
478  1  0  -2.31017
711  5  0  -2.3098
13  3  0  -3.02562
246  5  0  -3.02563
479  1  0  -3.02568
712  5  0  -3.02573
14  3  0  -3.79041
247  5  0  -3.79047
480  1  0  -3.79072
713  5  0  -3.79097
15  3  0  -4.77748
248  5  0  -4.77741
481  1  0  -4.77711
714  5  0  -4.77681
16  3  0  -5.49044
249  5  0  -5.49043
482  1  0  -5.49039
715  5  0  -5.49035
17  3  0  -6.15603
250  5  0  -6.15606
483  1  0  -6.15617
716  5  0  -6.15628
18  3  0  -6.94098
251  5  0  -6.94096
484  1  0  -6.94087
717  5  0  -6.94077
19  3  0  -7.62812
252  5  0  -7.6281
485  1  0  -7.628
718  5  0  -7.62791
20  3  0  -8.20172
253  5  0  -8.20177
486  1  0  -8.20203
719  5  0  -8.20229
21  3  0  -9.05361
254  5  0  -9.05359
487  1  0  -9.0535
720  5  0  -9.05342
22  3  0  -9.82081
255  5  0  -9.82073
488  1  0  -9.8204
721  5  0  -9.82007
23  3  0  -10.1039
256  5  0  -10.104
489  1  0  -10.1041
722  5  0  -10.1042
24  3  0  -10.621
257  5  0  -10.621
490  1  0  -10.621
723  5  0  -10.621
25  3  0  -11.1512
258  5  0  -11.1512
491  1  0  -11.1511
724  5  0  -11.1511
26  3  0  -11.572
259  5  0  -11.572
492  1  0  -11.5719
725  5  0  -11.5718
27  3  0  -11.7915
260  5  0  -11.7915
493  1  0  -11.7916
726  5  0  -11.7916
28  3  0  -12.1896
261  5  0  -12.1896
494  1  0  -12.1897
727  5  0  -12.1897
29  3  0  -12.6444
262  5  0  -12.6444
495  1  0  -12.6443
728  5  0  -12.6442
30  3  0  -12.9042
263  5  0  -12.9042
496  1  0  -12.9042
729  5  0  -12.9041
31  3  0  -12.9403
264  5  0  -12.9403
497  1  0  -12.9403
730  5  0  -12.9403
32  3  0  -13.0247
265  5  0  -13.0247
498  1  0  -13.0247
731  5  0  -13.0247
33  3  0  -13.1558
266  5  0  -13.1558
499  1  0  -13.1558
732  5  0  -13.1558
34  3  0  -13.2242
267  5  0  -13.2242
500  1  0  -13.2242
733  5  0  -13.2242
35  3  0  -13.2308
268  5  0  -13.2308
501  1  0  -13.2308
734  5  0  -13.2308
36  3  0  -13.1463
269  5  0  -13.1463
502  1  0  -13.1463
735  5  0  -13.1463
37  3  0  -13.1935
270  5  0  -13.1935
503  1  0  -13.1935
736  5  0  -13.1935
38  3  0  -13.1938
271  5  0  -13.1938
504  1  0  -13.1938
737  5  0  -13.1939
39  3  0  -12.9871
272  5  0  -12.9871
505  1  0  -12.9871
738  5  0  -12.9872
40  3  0  -12.7111
273  5  0  -12.7111
506  1  0  -12.7111
739  5  0  -12.7111
41  3  0  -12.5215
274  5  0  -12.5215
507  1  0  -12.5215
740  5  0  -12.5215
42  3  0  -12.3378
275  5  0  -12.3378
508  1  0  -12.3378
741  5  0  -12.3378
43  3  0  -12.2047
276  5  0  -12.2047
509  1  0  -12.2048
742  5  0  -12.2049
44  3  0  -11.8171
277  5  0  -11.8171
510  1  0  -11.8171
743  5  0  -11.8171
45  3  0  -11.4568
278  5  0  -11.4568
511  1  0  -11.4568
744  5  0  -11.4568
46  3  0  -11.1289
279  5  0  -11.1289
512  1  0  -11.1288
745  5  0  -11.1288
47  3  0  -10.8357
280  5  0  -10.8358
513  1  0  -10.8358
746  5  0  -10.8358
48  3  0  -10.4847
281  5  0  -10.4847
514  1  0  15.9825
747  5  0  34.4743
49  3  0  -10.1342
282  5  0  -10.1169
515  6  0  -10.109
748  5  0  -10.1099
50  3  0  -9.85063
283  5  0  -9.82417
516  6  0  -9.80633
749  5  0  -9.81033
51  3  0  -9.04727
284  5  0  -9.04719
517  6  0  -9.0461
750  5  0  -9.04499
52  3  0  -8.65745
285  5  0  -8.65745
518  6  0  -8.6574
751  5  0  -8.65736
53  3  0  -8.29579
286  5  0  -8.29585
519  6  0  -8.29669
752  5  0  -8.29755
54  3  0  -7.57606
287  5  0  -7.576
520  6  0  -7.57512
753  5  0  -7.57423
55  3  0  -7.23846
288  5  0  -7.23846
521  6  0  -7.23851
754  5  0  -7.23856
56  3  0  -6.86989
289  5  0  -6.86993
522  6  0  -6.87055
755  5  0  -6.87119
57  3  0  -6.21893
290  5  0  -6.21891
523  6  0  -6.21858
756  5  0  -6.21825
58  3  0  -5.69415
291  5  0  -5.69415
524  6  0  -5.69414
757  5  0  -5.69414
59  3  0  -5.17083
292  5  0  -5.17083
525  6  0  -5.17089
758  5  0  -5.17095
60  3  0  -4.62175
293  5  0  -4.62173
526  6  0  -4.62136
759  5  0  -4.62099
61  3  0  -4.25633
294  5  0  -4.25637
527  6  0  -4.25704
760  5  0  -4.25773
62  3  0  -3.59187
295  5  0  -3.59183
528  6  0  -3.59129
761  5  0  -3.59074
63  3  0  -3.15273
296  5  0  -3.15272
529  6  0  -3.15258
762  5  0  -3.15244
64  3  0  -2.79473
297  5  0  -2.79482
530  6  0  -2.79623
763  5  0  -2.79767
65  3  0  -1.91457
298  5  0  -1.91449
531  6  0  -1.9133
764  5  0  -1.91209
66  3  0  -1.43321
299  5  0  -1.4332
532  6  0  -1.43302
765  5  0  -1.43284
67  3  0  -1.04491
300  5  0  -1.04491
533  6  0  -1.04496
766  5  0  -1.045
68  3  0  -0.630727
301  5  0  -0.63079
534  6  0  -0.631732
767  5  0  -0.632694
69  3  0  0.146311
302  5  0  0.146302
535  6  0  0.146169
768  5  0  0.146032
70  3  0  0.961575
303  5  0  0.961634
536  6  0  0.962522
769  5  0  0.963431
71  3  0  1.46929
304  5  0  1.46929
537  6  0  1.46927
770  5  0  1.46926
72  3  0  1.98397
305  5  0  1.98394
538  6  0  1.98351
771  5  0  1.98306
73  3  0  2.66453
306  5  0  2.66456
539  6  0  2.66494
772  5  0  2.66533
74  3  0  3.20074
307  5  0  3.20069
540  6  0  3.19995
773  5  0  3.19919
75  3  0  3.99248
308  5  0  3.9925
541  6  0  3.9928
774  5  0  3.99312
76  3  0  4.70031
309  5  0  4.7405
542  6  0  4.7966
775  5  0  4.82473
77  3  0  5.3073
310  5  0  5.37184
543  6  0  5.65228
776  5  0  6.47913
78  3  0  6.0169
311  5  0  6.01688
544  1  0  -25.4396
777  5  0  -44.9339
79  3  0  6.84144
312  5  0  6.84147
545  1  0  6.84159
778  5  0  6.84172
80  3  0  7.54463
313  5  0  7.54464
546  1  0  7.54468
779  5  0  7.54473
81  3  0  8.19637
314  5  0  8.19631
547  1  0  8.19605
780  5  0  8.19579
82  3  0  9.09822
315  5  0  9.09824
548  1  0  9.0983
781  5  0  9.09836
83  3  0  9.94505
316  5  0  9.94509
549  1  0  9.94528
782  5  0  9.94547
84  3  0  10.6001
317  5  0  10.6
550  1  0  10.5997
783  5  0  10.5994
85  3  0  11.5448
318  5  0  11.5448
551  1  0  11.5446
784  5  0  11.5444
86  3  0  12.6334
319  5  0  12.6334
552  1  0  12.6337
785  5  0  12.634
87  3  0  13.4854
320  5  0  13.4854
553  1  0  13.4852
786  5  0  13.485
88  3  0  14.5005
321  5  0  14.5004
554  1  0  14.5003
787  5  0  14.5001
89  3  0  15.6225
322  5  0  15.6225
555  1  0  15.6224
788  5  0  15.6222
90  3  0  16.8426
323  5  0  16.8425
556  1  0  6.32191
789  5  0  -3.60711
91  3  0  18.3475
324  5  0  18.3476
557  4  0  18.3476
790  5  0  18.3477
92  3  0  19.7738
325  5  0  19.7736
558  4  0  19.7735
791  5  0  19.7733
93  3  0  21.454
326  5  0  21.4535
559  4  0  21.4529
792  5  0  21.4522
94  3  0  23.9001
327  5  0  23.8999
560  4  0  23.8996
793  5  0  23.8992
95  3  0  26.6637
328  5  0  26.6627
561  4  0  26.6612
794  5  0  26.6597
96  3  0  30.5049
329  5  0  30.5044
562  4  0  30.5037
795  5  0  30.503
97  3  0  34.7478
330  5  0  34.7447
563  4  0  34.7405
796  5  0  34.7361
98  3  0  40.951
331  5  0  40.934
564  4  0  40.9101
797  5  0  40.8855
99  3  0  53.2704
332  5  0  53.2936
565  4  0  53.327
798  5  0  53.3624
100  3  0  75.3223
333  5  0  75.2251
566  4  0  75.0824
799  5  0  74.9273
101  3  0  100.411
334  5  0  100.447
567  4  0  100.499
800  5  0  100.555
102  3  0  119.731
335  5  0  119.762
568  4  0  119.805
801  5  0  119.851
103  3  0  132.233
336  5  0  132.247
569  4  0  132.266
802  5  0  132.286
104  3  0  139.747
337  5  0  139.752
570  4  0  139.759
803  5  0  139.767
105  3  0  144.119
338  5  0  144.121
571  4  0  144.123
804  5  0  144.125
106  3  0  146.989
339  5  0  146.99
572  4  0  146.99
805  5  0  146.991
107  3  0  149.451
340  5  0  149.451
573  4  0  149.451
806  5  0  149.451
108  3  0  151.927
341  5  0  151.928
574  4  0  151.928
807  5  0  151.929
109  3  0  153.86
342  5  0  153.86
575  4  0  153.86
808  5  0  153.861
110  3  0  155.113
343  5  0  155.113
576  4  0  155.112
809  5  0  155.112
111  3  0  156.984
344  5  0  156.985
577  1  0  167.24
810  5  0  176.96
112  3  0  158.379
345  5  0  158.379
578  1  0  158.38
811  5  0  158.38
113  3  0  159.431
346  5  0  159.431
579  1  0  159.431
812  5  0  159.431
114  3  0  160.546
347  5  0  160.547
580  1  0  160.547
813  5  0  160.547
115  3  0  161.571
348  5  0  161.571
581  1  0  161.571
814  5  0  161.571
116  3  0  162.511
349  5  0  162.511
582  1  0  162.51
815  5  0  162.51
117  3  0  163.648
350  5  0  163.649
583  1  0  163.649
816  5  0  163.65
118  3  0  164.284
351  5  0  164.284
584  1  0  164.284
817  5  0  164.283
119  3  0  165.317
352  5  0  165.317
585  1  0  165.318
818  5  0  165.318
120  3  0  166.001
353  5  0  166.001
586  1  0  166.001
819  5  0  166
121  3  0  167.146
354  5  0  167.146
587  1  0  167.146
820  5  0  167.147
122  3  0  167.7
355  5  0  167.7
588  1  0  167.7
821  5  0  167.699
123  3  0  168.658
356  5  0  168.658
589  1  0  168.659
822  5  0  168.659
124  3  0  169.339
357  5  0  169.273
590  6  0  -130.054
823  5  0  -102.127
125  3  0  169.949
358  5  0  169.908
591  6  0  169.841
824  5  0  169.807
126  3  0  170.946
359  5  0  170.946
592  6  0  170.947
825  5  0  170.949
127  3  0  171.558
360  5  0  171.558
593  6  0  171.557
826  5  0  171.556
128  3  0  172.363
361  5  0  172.363
594  6  0  172.364
827  5  0  172.364
129  3  0  173.025
362  5  0  173.025
595  6  0  173.025
828  5  0  173.025
130  3  0  173.792
363  5  0  173.792
596  6  0  173.792
829  5  0  173.792
131  3  0  174.508
364  5  0  174.508
597  6  0  174.508
830  5  0  174.509
132  3  0  175.184
365  5  0  175.184
598  6  0  175.183
831  5  0  175.183
133  3  0  176.096
366  5  0  176.096
599  6  0  176.097
832  5  0  176.098
134  3  0  176.647
367  5  0  176.647
600  6  0  176.646
833  5  0  176.646
135  3  0  177.47
368  5  0  177.47
601  6  0  177.471
834  5  0  177.471
136  3  0  178.178
369  5  0  178.178
602  6  0  178.178
835  5  0  178.178
137  3  0  178.742
370  5  0  178.742
603  6  0  178.741
836  5  0  178.741
138  3  0  179.526
371  5  0  179.526
604  6  0  179.525
837  5  0  179.524
139  3  0  -179.468
372  5  0  -179.468
605  6  0  -179.467
838  5  0  -179.466
140  3  0  -178.742
373  5  0  -178.742
606  6  0  -178.742
839  5  0  -178.742
141  3  0  -178.07
374  5  0  -178.07
607  6  0  -178.071
840  5  0  -178.071
142  3  0  -177.143
375  5  0  -177.143
608  6  0  -177.142
841  5  0  -177.141
143  3  0  -176.536
376  5  0  -176.536
609  6  0  -176.536
842  5  0  -176.536
144  3  0  -176.01
377  5  0  -176.01
610  6  0  -176.01
843  5  0  -176.01
145  3  0  -175.428
378  5  0  -175.428
611  6  0  -175.429
844  5  0  -175.43
146  3  0  -174.572
379  5  0  -174.572
612  6  0  -174.571
845  5  0  -174.569
147  3  0  -174.165
380  5  0  -174.166
613  6  0  -174.166
846  5  0  -174.166
148  3  0  -173.648
381  5  0  -173.648
614  6  0  -173.648
847  5  0  -173.649
149  3  0  -173.024
382  5  0  -173.024
615  6  0  -173.023
848  5  0  -173.023
150  3  0  -172.499
383  5  0  -172.553
616  6  0  -172.61
849  5  0  -172.625
151  3  0  -171.901
384  5  0  -171.936
617  6  0  160.695
850  5  0  142.419
152  3  0  -171.408
385  5  0  -171.408
618  1  0  -171.408
851  5  0  -171.408
153  3  0  -171.042
386  5  0  -171.042
619  1  0  -171.042
852  5  0  -171.042
154  3  0  -170.724
387  5  0  -170.724
620  1  0  -170.724
853  5  0  -170.724
155  3  0  -170.385
388  5  0  -170.385
621  1  0  -170.385
854  5  0  -170.385
156  3  0  -170.087
389  5  0  -170.087
622  1  0  -170.087
855  5  0  -170.087
157  3  0  -169.887
390  5  0  -169.887
623  1  0  -169.887
856  5  0  -169.887
158  3  0  -169.759
391  5  0  -169.759
624  1  0  -169.759
857  5  0  -169.759
159  3  0  -169.275
392  5  0  -169.275
625  1  0  -169.275
858  5  0  -169.275
160  3  0  -168.935
393  5  0  -168.935
626  1  0  -168.934
859  5  0  -168.934
161  3  0  -168.71
394  5  0  -168.71
627  1  0  -168.71
860  5  0  -168.71
162  3  0  -168.654
395  5  0  -168.654
628  1  0  -168.654
861  5  0  -168.654
163  3  0  -168.394
396  5  0  -168.394
629  1  0  -168.394
862  5  0  -168.394
164  3  0  -168.346
397  5  0  -168.346
630  1  0  -168.346
863  5  0  -168.346
165  3  0  -168.188
398  5  0  -168.188
631  1  0  -168.188
864  5  0  -168.188
166  3  0  -167.714
399  5  0  -167.714
632  1  0  -167.714
865  5  0  -167.714
167  3  0  -167.884
400  5  0  -167.884
633  1  0  -167.884
866  5  0  -167.884
168  3  0  -167.541
401  5  0  -167.541
634  1  0  -167.541
867  5  0  -167.541
169  3  0  -167.445
402  5  0  -167.445
635  1  0  -167.445
868  5  0  -167.445
170  3  0  -167.617
403  5  0  -167.617
636  1  0  -167.617
869  5  0  -167.617
171  3  0  -167.364
404  5  0  -167.364
637  1  0  -167.364
870  5  0  -167.364
172  3  0  -167.06
405  5  0  -167.06
638  1  0  -167.06
871  5  0  -167.06
173  3  0  -167.234
406  5  0  -167.234
639  1  0  -167.234
872  5  0  -167.234
174  3  0  -167.211
407  5  0  -167.211
640  1  0  -167.211
873  5  0  -167.211
175  3  0  -166.944
408  5  0  -166.944
641  1  0  -166.944
874  5  0  -166.944
176  3  0  -166.933
409  5  0  -166.933
642  1  0  -166.933
875  5  0  -166.933
177  3  0  -166.636
410  5  0  -166.636
643  1  0  -166.635
876  5  0  -166.635
178  3  0  -166.814
411  5  0  -166.814
644  1  0  -166.814
877  5  0  -166.813
179  3  0  -166.789
412  5  0  -166.789
645  1  0  -166.789
878  5  0  -166.789
180  3  0  -166.607
413  5  0  -166.607
646  1  0  -166.607
879  5  0  -166.607
181  3  0  -166.39
414  5  0  -166.39
647  1  0  -166.39
880  5  0  -166.39
182  3  0  -166.255
415  5  0  -166.255
648  1  0  -166.255
881  5  0  -166.255
183  3  0  -166.419
416  5  0  -166.419
649  1  0  -166.419
882  5  0  -166.419
184  3  0  -166.473
417  5  0  -166.473
650  1  0  -166.473
883  5  0  -166.473
185  3  0  -166.198
418  5  0  -166.198
651  1  0  -166.198
884  5  0  -166.198
186  3  0  -166.24
419  5  0  -166.24
652  1  0  -166.24
885  5  0  -166.24
187  3  0  -166.331
420  5  0  -166.331
653  1  0  -166.331
886  5  0  -166.331
188  3  0  -166.297
421  5  0  -166.297
654  1  0  -174.705
887  5  0  177.232
189  3  0  -166.139
422  5  0  -166.139
655  4  0  -166.139
888  5  0  -166.139
190  3  0  -165.972
423  5  0  -165.972
656  4  0  -165.972
889  5  0  -165.972
191  3  0  -166.144
424  5  0  -166.144
657  4  0  -166.144
890  5  0  -166.144
192  3  0  -165.811
425  5  0  -165.811
658  4  0  -165.811
891  5  0  -165.811
193  3  0  -165.671
426  5  0  -165.671
659  4  0  -165.671
892  5  0  -165.671
194  3  0  -165.706
427  5  0  -165.706
660  4  0  -165.706
893  5  0  -165.706
195  3  0  -165.672
428  5  0  -165.672
661  4  0  -165.672
894  5  0  -165.672
196  3  0  -165.329
429  5  0  -165.329
662  4  0  -165.329
895  5  0  -165.329
197  3  0  -165.001
430  5  0  -165.07
663  4  0  -165.167
896  5  0  -165.267
198  3  0  -143.174
431  5  0  -143.095
664  4  0  -142.86
897  5  0  -141.689
199  2  0  -90.1346
432  1  0  -90.1346
665  1  0  -90.1346
898  2  0  89.8654
200  2  0  -90.1346
433  1  0  -90.1346
666  1  0  -90.1346
899  2  0  -90.1346
201  2  0  -90.1346
434  1  0  -90.1346
667  1  0  -90.1346
900  2  0  -90.1346
202  2  0  -90.1346
435  1  0  -90.1346
668  1  0  -90.1346
901  2  0  -90.1346
203  2  0  -90.1346
436  1  0  -90.1346
669  1  0  -90.1346
902  2  0  -90.1346
204  2  0  -90.1346
437  1  0  -90.1346
670  1  0  -90.1346
903  2  0  -90.1346
205  2  0  -90.1346
438  1  0  -90.1346
671  1  0  -90.1346
904  2  0  -90.1346
206  2  0  -90.1346
439  1  0  -90.1346
672  1  0  -90.1346
905  2  0  -90.1346
207  2  0  -90.1346
440  1  0  -90.1346
673  1  0  -90.1346
906  2  0  -90.1346
208  2  0  -90.1346
441  1  0  -90.1346
674  1  0  -90.1346
907  2  0  -90.1346
209  2  0  -90.1346
442  1  0  -90.1346
675  1  0  -90.1346
908  2  0  -90.1346
210  2  0  -90.1346
443  1  0  -90.1346
676  1  0  -90.1346
909  2  0  -90.1346
211  2  0  -90.1346
444  1  0  -90.1346
677  1  0  -90.1346
910  2  0  -90.1346
212  2  0  -90.1346
445  1  0  -90.1346
678  1  0  -90.1346
911  2  0  -90.1346
213  2  0  -90.1346
446  1  0  -90.1346
679  1  0  -90.1346
912  2  0  -90.1346
214  2  0  -90.1346
447  1  0  -90.1346
680  1  0  -90.1346
913  2  0  -90.1346
215  2  0  -90.1346
448  1  0  -90.1346
681  1  0  -90.1346
914  2  0  89.8654
216  2  0  -89.9301
449  1  0  -89.9301
682  1  0  90.0699
915  2  0  90.0699
217  2  0  -89.9301
450  1  0  -89.9301
683  1  0  -89.9301
916  2  0  -89.9301
218  2  0  -89.9301
451  1  0  -89.9301
684  1  0  -89.9301
917  2  0  -89.9301
219  2  0  -89.9301
452  1  0  -89.9301
685  1  0  -89.9301
918  2  0  -89.9301
220  2  0  -89.9301
453  1  0  -89.9301
686  1  0  -89.9301
919  2  0  -89.9301
221  2  0  -89.9301
454  1  0  -89.9301
687  1  0  -89.9301
920  2  0  -89.9301
222  2  0  -89.9301
455  1  0  -89.9301
688  1  0  -89.9301
921  2  0  -89.9301
223  2  0  -89.9301
456  1  0  -89.9301
689  1  0  -89.9301
922  2  0  -89.9301
224  2  0  -89.9301
457  1  0  -89.9301
690  1  0  -89.9301
923  2  0  -89.9301
225  2  0  -89.9301
458  1  0  -89.9301
691  1  0  -89.9301
924  2  0  -89.9301
226  2  0  -89.9301
459  1  0  -89.9301
692  1  0  -89.9301
925  2  0  -89.9301
227  2  0  -89.9301
460  1  0  -89.9301
693  1  0  -89.9301
926  2  0  -89.9301
228  2  0  -89.9301
461  1  0  -89.9301
694  1  0  -89.9301
927  2  0  -89.9301
229  2  0  -89.9301
462  1  0  -89.9301
695  1  0  -89.9301
928  2  0  -89.9301
230  2  0  -89.9301
463  1  0  -89.9301
696  1  0  -89.9301
929  2  0  -89.9301
231  2  0  -89.9301
464  1  0  -89.9301
697  1  0  -89.9301
930  2  0  -89.9301
232  2  0  -89.9301
465  1  0  -89.9301
698  1  0  -89.9301
931  2  0  -89.9301
233  2  0  -89.9301
466  1  0  -89.9301
699  1  0  90.0699
932  2  0  90.0699
