1  3  0  9.27022
238  5  0  9.27011
475  4  0  9.26959
712  5  0  -170.726
2  3  0  8.59462
239  5  0  8.59461
476  4  0  8.5946
713  5  0  8.59458
3  3  0  7.87761
240  5  0  7.87758
477  4  0  7.87753
714  5  0  7.87748
4  3  0  7.03371
241  5  0  7.03378
478  4  0  7.03389
715  5  0  7.034
5  3  0  6.52036
242  5  0  6.52018
479  4  0  6.5199
716  5  0  6.51962
6  3  0  5.32864
243  5  0  5.32876
480  4  0  5.32894
717  5  0  5.32911
7  3  0  4.5008
244  5  0  4.50068
481  4  0  4.50049
718  5  0  4.5003
8  3  0  3.28455
245  5  0  3.28458
482  4  0  3.28463
719  5  0  3.28467
9  3  0  2.14887
246  5  0  2.14887
483  4  0  2.14889
720  5  0  2.1489
10  3  0  1.03377
247  5  0  1.03359
484  4  0  1.03333
721  5  0  1.03307
11  3  0  -0.494921
248  5  0  -0.49481
485  1  0  13.2899
722  5  0  25.5431
12  3  0  -1.66456
249  5  0  -1.66457
486  1  0  -1.66458
723  5  0  -1.6646
13  3  0  -2.84119
250  5  0  -2.84107
487  1  0  -2.84038
724  5  0  -2.8397
14  3  0  -3.6601
251  5  0  -3.66028
488  1  0  -3.66138
725  5  0  -3.66246
15  3  0  -5.00198
252  5  0  -5.00182
489  1  0  -5.00083
726  5  0  -4.99985
16  3  0  -5.88246
253  5  0  -5.88248
490  1  0  -5.88265
727  5  0  -5.88281
17  3  0  -6.85368
254  5  0  -6.85371
491  1  0  -6.85393
728  5  0  -6.85413
18  3  0  -7.93141
255  5  0  -7.93133
492  1  0  -7.93085
729  5  0  -7.93037
19  3  0  -8.74712
256  5  0  -8.74715
493  1  0  -8.74731
730  5  0  -8.74746
20  3  0  -9.65717
257  5  0  -9.6572
494  1  0  -9.65736
731  5  0  -9.65752
21  3  0  -10.6549
258  5  0  -10.6549
495  1  0  -10.6544
732  5  0  -10.654
22  3  0  -11.4109
259  5  0  -11.4108
496  1  0  -11.4108
733  5  0  -11.4107
23  3  0  -12.1045
260  5  0  -12.1044
497  1  0  -12.1044
734  5  0  -12.1043
24  3  0  -12.748
261  5  0  -12.748
498  1  0  -12.7481
735  5  0  -12.7481
25  3  0  -13.4486
262  5  0  -13.4485
499  1  0  -13.4483
736  5  0  -13.4482
26  3  0  -14.0064
263  5  0  -14.0064
500  1  0  -14.0062
737  5  0  -14.006
27  3  0  -14.3081
264  5  0  -14.3081
501  1  0  -14.3084
738  5  0  -14.3086
28  3  0  -14.89
265  5  0  -14.8899
502  1  0  -14.8898
739  5  0  -14.8897
29  3  0  -15.3482
266  5  0  -15.3481
503  1  0  -15.348
740  5  0  -15.3479
30  3  0  -15.6131
267  5  0  -15.6131
504  1  0  -15.6131
741  5  0  -15.613
31  3  0  -15.7763
268  5  0  -15.7763
505  1  0  -15.7763
742  5  0  -15.7763
32  3  0  -15.9743
269  5  0  -15.9743
506  1  0  -15.9743
743  5  0  -15.9743
33  3  0  -16.169
270  5  0  -16.169
507  1  0  -16.169
744  5  0  -16.1689
34  3  0  -16.2703
271  5  0  -16.2703
508  1  0  -16.2703
745  5  0  -16.2703
35  3  0  -16.3259
272  5  0  -16.3259
509  1  0  -16.3259
746  5  0  -16.3259
36  3  0  -16.3046
273  5  0  -16.3046
510  1  0  -16.3046
747  5  0  -16.3046
37  3  0  -16.27
274  5  0  -16.27
511  1  0  -16.27
748  5  0  -16.27
38  3  0  -16.2072
275  5  0  -16.2072
512  1  0  -16.2072
749  5  0  -16.2072
39  3  0  -16.0614
276  5  0  -16.0614
513  1  0  -16.0615
750  5  0  -16.0616
40  3  0  -15.7667
277  5  0  -15.7667
514  1  0  -15.7666
751  5  0  -15.7666
41  3  0  -15.5747
278  5  0  -15.5747
515  1  0  -15.5747
752  5  0  -15.5747
42  3  0  -15.3715
279  5  0  -15.3716
516  1  0  -15.3716
753  5  0  -15.3717
43  3  0  -15.0574
280  5  0  -15.0574
517  1  0  -15.0574
754  5  0  -15.0575
44  3  0  -14.6695
281  5  0  -14.6695
518  1  0  -14.6695
755  5  0  -14.6694
45  3  0  -14.3549
282  5  0  -14.3549
519  1  0  -14.3549
756  5  0  -14.3549
46  3  0  -14.0211
283  5  0  -14.0211
520  1  0  -14.0212
757  5  0  -14.0214
47  3  0  -13.5424
284  5  0  -13.5424
521  1  0  -13.5422
758  5  0  -13.5421
48  3  0  -13.2441
285  5  0  -13.2441
522  1  0  -13.2442
759  5  0  -13.2442
49  3  0  -12.9106
286  5  0  -12.9106
523  1  0  -12.911
760  5  0  -12.9114
50  3  0  -12.203
287  5  0  -12.203
524  1  0  8.94252
761  5  0  25.7132
51  3  0  -11.411
288  5  0  -11.3703
525  6  0  -11.343
762  5  0  -11.3376
52  3  0  -10.9226
289  5  0  -10.8502
526  6  0  -10.7346
763  5  0  -10.6987
53  3  0  -10.4308
290  5  0  -10.4309
527  6  0  -10.4312
764  5  0  -10.4316
54  3  0  -9.7819
291  5  0  -9.78189
528  6  0  -9.78176
765  5  0  -9.78163
55  3  0  -9.17997
292  5  0  -9.17997
529  6  0  -9.17996
766  5  0  -9.17996
56  3  0  -8.57876
293  5  0  -8.57878
530  6  0  -8.57908
767  5  0  -8.57938
57  3  0  -7.87228
294  5  0  -7.87226
531  6  0  -7.87203
768  5  0  -7.87179
58  3  0  -7.24669
295  5  0  -7.24672
532  6  0  -7.24709
769  5  0  -7.24747
59  3  0  -6.49629
296  5  0  -6.49626
533  6  0  -6.49574
770  5  0  -6.49522
60  3  0  -5.92586
297  5  0  -5.92585
534  6  0  -5.9256
771  5  0  -5.92536
61  3  0  -5.46468
298  5  0  -5.46477
535  6  0  -5.46594
772  5  0  -5.46714
62  3  0  -4.59548
299  5  0  -4.59541
536  6  0  -4.59451
773  5  0  -4.59359
63  3  0  -4.01325
300  5  0  -4.01326
537  6  0  -4.01342
774  5  0  -4.01358
64  3  0  -3.37073
301  5  0  -3.37076
538  6  0  -3.37108
775  5  0  -3.37141
65  3  0  -2.62073
302  5  0  -2.62073
539  6  0  -2.62075
776  5  0  -2.62077
66  3  0  -1.86416
303  5  0  -1.86414
540  6  0  -1.86388
777  5  0  -1.86362
67  3  0  -1.19088
304  5  0  -1.19088
541  6  0  -1.19097
778  5  0  -1.19106
68  3  0  -0.487138
305  5  0  -0.487152
542  6  0  -0.487344
779  5  0  -0.487541
69  3  0  0.277082
306  5  0  0.277073
543  6  0  0.276943
780  5  0  0.27681
70  3  0  1.07959
307  5  0  1.07957
544  6  0  1.0794
781  5  0  1.07922
71  3  0  1.93025
308  5  0  1.93027
545  6  0  1.93053
782  5  0  1.9308
72  3  0  2.70757
309  5  0  2.70757
546  6  0  2.70767
783  5  0  2.70778
73  3  0  3.45439
310  5  0  3.45438
547  6  0  3.4543
784  5  0  3.45421
74  3  0  4.22693
311  5  0  4.22692
548  6  0  4.22669
785  5  0  4.22646
75  3  0  5.08024
312  5  0  5.1615
549  6  0  5.26132
786  5  0  5.30386
76  3  0  5.99965
313  5  0  6.15238
550  6  0  7.42019
787  5  0  -178.937
77  3  0  6.92767
314  5  0  6.92767
551  1  0  -18.1821
788  5  0  -36.5142
78  3  0  7.84604
315  5  0  7.84601
552  1  0  7.84586
789  5  0  7.84571
79  3  0  8.84471
316  5  0  8.84477
553  1  0  8.84509
790  5  0  8.84542
80  3  0  9.65962
317  5  0  9.65954
554  1  0  9.65898
791  5  0  9.65842
81  3  0  10.7715
318  5  0  10.7715
555  1  0  10.7719
792  5  0  10.7724
82  3  0  11.6713
319  5  0  11.6713
556  1  0  11.6711
793  5  0  11.671
83  3  0  12.646
320  5  0  12.646
557  1  0  12.6458
794  5  0  12.6455
84  3  0  13.7258
321  5  0  13.7257
558  1  0  13.7252
795  5  0  13.7247
85  3  0  15.0338
322  5  0  15.0339
559  1  0  15.0344
796  5  0  15.035
86  3  0  16.1193
323  5  0  16.1192
560  1  0  16.1187
797  5  0  16.1182
87  3  0  17.4171
324  5  0  17.4171
561  1  0  17.4173
798  5  0  17.4175
88  3  0  18.6447
325  5  0  18.6447
562  1  0  0.0952809
799  5  0  -15.3809
89  3  0  19.9762
326  5  0  19.9759
563  4  0  19.9755
800  5  0  19.9751
90  3  0  21.9193
327  5  0  21.9195
564  4  0  21.9198
801  5  0  21.9201
91  3  0  23.519
328  5  0  23.5186
565  4  0  23.518
802  5  0  23.5174
92  3  0  25.792
329  5  0  25.7917
566  4  0  25.7913
803  5  0  25.7909
93  3  0  28.4387
330  5  0  28.4377
567  4  0  28.4362
804  5  0  28.4347
94  3  0  32.1119
331  5  0  32.1116
568  4  0  32.111
805  5  0  32.1105
95  3  0  36.0833
332  5  0  36.0819
569  4  0  36.0799
806  5  0  36.0777
96  3  0  41.0523
333  5  0  41.0494
570  4  0  41.0449
807  5  0  41.0402
97  3  0  47.6817
334  5  0  47.6632
571  4  0  47.6346
808  5  0  47.605
98  3  0  60.4704
335  5  0  60.4433
572  4  0  60.4007
809  5  0  60.3555
99  3  0  78.8404
336  5  0  78.8934
573  4  0  78.9778
810  5  0  79.0688
100  3  0  98.5805
337  5  0  98.5249
574  4  0  98.4361
811  5  0  98.3398
101  3  0  116.744
338  5  0  116.774
575  4  0  116.821
812  5  0  116.872
102  3  0  129.011
339  5  0  129.026
576  4  0  129.051
813  5  0  129.076
103  3  0  136.464
340  5  0  136.469
577  4  0  136.477
814  5  0  136.485
104  3  0  141.469
341  5  0  141.471
578  4  0  141.475
815  5  0  141.479
105  3  0  144.558
342  5  0  144.559
579  4  0  144.56
816  5  0  144.561
106  3  0  146.852
343  5  0  146.852
580  4  0  146.851
817  5  0  146.851
107  3  0  149.551
344  5  0  149.551
581  4  0  149.552
818  5  0  149.553
108  3  0  151.533
345  5  0  151.533
582  4  0  151.533
819  5  0  151.533
109  3  0  153.231
346  5  0  153.231
583  4  0  153.231
820  5  0  153.232
110  3  0  154.462
347  5  0  154.461
584  4  0  154.461
821  5  0  154.46
111  3  0  156.341
348  5  0  156.341
585  1  0  172.556
822  5  0  -173.317
112  3  0  157.779
349  5  0  157.779
586  1  0  157.78
823  5  0  157.78
113  3  0  158.95
350  5  0  158.95
587  1  0  158.95
824  5  0  158.95
114  3  0  160.03
351  5  0  160.03
588  1  0  160.03
825  5  0  160.03
115  3  0  161.128
352  5  0  161.128
589  1  0  161.128
826  5  0  161.128
116  3  0  162.254
353  5  0  162.254
590  1  0  162.254
827  5  0  162.254
117  3  0  163.228
354  5  0  163.228
591  1  0  163.229
828  5  0  163.229
118  3  0  164.012
355  5  0  164.012
592  1  0  164.012
829  5  0  164.011
119  3  0  165.115
356  5  0  165.116
593  1  0  165.116
830  5  0  165.117
120  3  0  165.915
357  5  0  165.915
594  1  0  165.914
831  5  0  165.913
121  3  0  167.125
358  5  0  167.125
595  1  0  167.127
832  5  0  167.128
122  3  0  167.497
359  5  0  167.497
596  1  0  167.495
833  5  0  167.494
123  3  0  168.669
360  5  0  168.669
597  1  0  168.67
834  5  0  168.671
124  3  0  169.309
361  5  0  169.143
598  6  0  -116.506
835  5  0  -86.4256
125  3  0  170.254
362  5  0  170.168
599  6  0  170.054
836  5  0  170.007
126  3  0  171.081
363  5  0  171.081
600  6  0  171.081
837  5  0  171.082
127  3  0  171.765
364  5  0  171.765
601  6  0  171.765
838  5  0  171.765
128  3  0  172.431
365  5  0  172.431
602  6  0  172.431
839  5  0  172.43
129  3  0  173.16
366  5  0  173.16
603  6  0  173.159
840  5  0  173.158
130  3  0  174.13
367  5  0  174.131
604  6  0  174.131
841  5  0  174.132
131  3  0  174.875
368  5  0  174.875
605  6  0  174.875
842  5  0  174.875
132  3  0  175.656
369  5  0  175.656
606  6  0  175.656
843  5  0  175.656
133  3  0  176.427
370  5  0  176.427
607  6  0  176.428
844  5  0  176.428
134  3  0  177.078
371  5  0  177.078
608  6  0  177.077
845  5  0  177.075
135  3  0  178.172
372  5  0  178.172
609  6  0  178.173
846  5  0  178.175
136  3  0  178.856
373  5  0  178.856
610  6  0  178.856
847  5  0  178.856
137  3  0  179.53
374  5  0  179.53
611  6  0  179.53
848  5  0  179.529
138  3  0  -179.658
375  5  0  -179.659
612  6  0  -179.659
849  5  0  -179.66
139  3  0  -178.714
376  5  0  -178.713
613  6  0  -178.712
850  5  0  -178.711
140  3  0  -178.082
377  5  0  -178.082
614  6  0  -178.082
851  5  0  -178.082
141  3  0  -177.444
378  5  0  -177.444
615  6  0  -177.444
852  5  0  -177.444
142  3  0  -176.713
379  5  0  -176.713
616  6  0  -176.712
853  5  0  -176.712
143  3  0  -176.058
380  5  0  -176.058
617  6  0  -176.057
854  5  0  -176.057
144  3  0  -175.561
381  5  0  -175.561
618  6  0  -175.562
855  5  0  -175.562
145  3  0  -175.042
382  5  0  -175.042
619  6  0  -175.043
856  5  0  -175.043
146  3  0  -174.339
383  5  0  -174.339
620  6  0  -174.339
857  5  0  -174.338
147  3  0  -173.908
384  5  0  -173.908
621  6  0  -173.908
858  5  0  -173.908
148  3  0  -173.385
385  5  0  -173.469
622  6  0  -173.676
859  5  0  -173.86
149  3  0  -172.829
386  5  0  -172.875
623  6  0  167.745
860  5  0  153.754
150  3  0  -172.283
387  5  0  -172.283
624  1  0  -172.283
861  5  0  -172.283
151  3  0  -171.609
388  5  0  -171.608
625  1  0  -171.608
862  5  0  -171.608
152  3  0  -171.301
389  5  0  -171.301
626  1  0  -171.301
863  5  0  -171.301
153  3  0  -171.002
390  5  0  -171.002
627  1  0  -171.002
864  5  0  -171.002
154  3  0  -170.64
391  5  0  -170.64
628  1  0  -170.64
865  5  0  -170.64
155  3  0  -170.297
392  5  0  -170.297
629  1  0  -170.297
866  5  0  -170.297
156  3  0  -170.017
393  5  0  -170.017
630  1  0  -170.016
867  5  0  -170.016
157  3  0  -169.819
394  5  0  -169.819
631  1  0  -169.819
868  5  0  -169.819
158  3  0  -169.668
395  5  0  -169.668
632  1  0  -169.668
869  5  0  -169.668
159  3  0  -169.273
396  5  0  -169.273
633  1  0  -169.273
870  5  0  -169.273
160  3  0  -168.912
397  5  0  -168.912
634  1  0  -168.912
871  5  0  -168.912
161  3  0  -168.664
398  5  0  -168.664
635  1  0  -168.664
872  5  0  -168.664
162  3  0  -168.579
399  5  0  -168.579
636  1  0  -168.579
873  5  0  -168.579
163  3  0  -168.236
400  5  0  -168.236
637  1  0  -168.236
874  5  0  -168.236
164  3  0  -168.162
401  5  0  -168.162
638  1  0  -168.162
875  5  0  -168.162
165  3  0  -168.024
402  5  0  -168.024
639  1  0  -168.024
876  5  0  -168.024
166  3  0  -167.667
403  5  0  -167.667
640  1  0  -167.667
877  5  0  -167.667
167  3  0  -167.727
404  5  0  -167.727
641  1  0  -167.727
878  5  0  -167.727
168  3  0  -167.419
405  5  0  -167.419
642  1  0  -167.419
879  5  0  -167.419
169  3  0  -167.324
406  5  0  -167.324
643  1  0  -167.324
880  5  0  -167.324
170  3  0  -167.408
407  5  0  -167.408
644  1  0  -167.408
881  5  0  -167.408
171  3  0  -167.202
408  5  0  -167.202
645  1  0  -167.202
882  5  0  -167.202
172  3  0  -166.941
409  5  0  -166.941
646  1  0  -166.941
883  5  0  -166.941
173  3  0  -167.05
410  5  0  -167.05
647  1  0  -167.05
884  5  0  -167.05
174  3  0  -166.995
411  5  0  -166.995
648  1  0  -166.995
885  5  0  -166.995
175  3  0  -166.782
412  5  0  -166.782
649  1  0  -166.782
886  5  0  -166.782
176  3  0  -166.732
413  5  0  -166.732
650  1  0  -166.732
887  5  0  -166.733
177  3  0  -166.519
414  5  0  -166.519
651  1  0  -166.519
888  5  0  -166.519
178  3  0  -166.586
415  5  0  -166.586
652  1  0  -166.586
889  5  0  -166.586
179  3  0  -166.541
416  5  0  -166.541
653  1  0  -166.541
890  5  0  -166.541
180  3  0  -166.376
417  5  0  -166.376
654  1  0  -166.376
891  5  0  -166.376
181  3  0  -166.199
418  5  0  -166.199
655  1  0  -166.199
892  5  0  -166.199
182  3  0  -166.068
419  5  0  -166.068
656  1  0  -166.068
893  5  0  -166.068
183  3  0  -166.14
420  5  0  -166.14
657  1  0  -166.14
894  5  0  -166.14
184  3  0  -166.176
421  5  0  -166.176
658  1  0  -166.176
895  5  0  -166.176
185  3  0  -165.989
422  5  0  -165.989
659  1  0  -165.989
896  5  0  -165.989
186  3  0  -165.996
423  5  0  -165.996
660  1  0  -165.996
897  5  0  -165.996
187  3  0  -166.005
424  5  0  -166.005
661  1  0  -166.005
898  5  0  -166.005
188  3  0  -165.954
425  5  0  -165.954
662  1  0  -179.499
899  5  0  168.315
189  3  0  -165.867
426  5  0  -165.867
663  4  0  -165.867
900  5  0  -165.867
190  3  0  -165.752
427  5  0  -165.752
664  4  0  -165.752
901  5  0  -165.752
191  3  0  -165.695
428  5  0  -165.695
665  4  0  -165.695
902  5  0  -165.695
192  3  0  -165.571
429  5  0  -165.571
666  4  0  -165.571
903  5  0  -165.571
193  3  0  -165.355
430  5  0  -165.355
667  4  0  -165.355
904  5  0  -165.355
194  3  0  -165.309
431  5  0  -165.309
668  4  0  -165.309
905  5  0  -165.309
195  3  0  -165.264
432  5  0  -165.264
669  4  0  -165.264
906  5  0  -165.264
196  3  0  -164.821
433  5  0  -164.821
670  4  0  -164.821
907  5  0  -164.821
197  3  0  -164.363
434  5  0  -164.461
671  4  0  -164.615
908  5  0  -164.776
198  3  0  -139.42
435  5  0  -139.314
672  4  0  -138.957
909  5  0  -136.431
199  2  0  -90.0322
436  1  0  -90.0322
673  1  0  -90.0322
910  2  0  89.9678
200  2  0  -90.0322
437  1  0  -90.0322
674  1  0  -90.0322
911  2  0  -90.0322
201  2  0  -90.0322
438  1  0  -90.0322
675  1  0  -90.0322
912  2  0  -90.0322
202  2  0  -90.0322
439  1  0  -90.0322
676  1  0  -90.0322
913  2  0  -90.0322
203  2  0  -90.0322
440  1  0  -90.0322
677  1  0  -90.0322
914  2  0  -90.0322
204  2  0  -90.0322
441  1  0  -90.0322
678  1  0  -90.0322
915  2  0  -90.0322
205  2  0  -90.0322
442  1  0  -90.0322
679  1  0  -90.0322
916  2  0  -90.0322
206  2  0  -90.0322
443  1  0  -90.0322
680  1  0  -90.0322
917  2  0  -90.0322
207  2  0  -90.0322
444  1  0  -90.0322
681  1  0  -90.0322
918  2  0  -90.0322
208  2  0  -90.0322
445  1  0  -90.0322
682  1  0  -90.0322
919  2  0  -90.0322
209  2  0  -90.0322
446  1  0  -90.0322
683  1  0  -90.0322
920  2  0  -90.0322
210  2  0  -90.0322
447  1  0  -90.0322
684  1  0  -90.0322
921  2  0  -90.0322
211  2  0  -90.0322
448  1  0  -90.0322
685  1  0  -90.0322
922  2  0  -90.0322
212  2  0  -90.0322
449  1  0  -90.0322
686  1  0  -90.0322
923  2  0  -90.0322
213  2  0  -90.0322
450  1  0  -90.0322
687  1  0  -90.0322
924  2  0  -90.0322
214  2  0  -90.0322
451  1  0  -90.0322
688  1  0  -90.0322
925  2  0  -90.0322
215  2  0  -90.0322
452  1  0  -90.0322
689  1  0  -90.0322
926  2  0  -90.0322
216  2  0  -90.0322
453  1  0  -90.0322
690  1  0  -90.0322
927  2  0  -90.0322
217  2  0  -90.0322
454  1  0  -90.0322
691  1  0  -90.0322
928  2  0  89.9678
218  2  0  -90.0364
455  1  0  -90.0364
692  1  0  89.9636
929  2  0  89.9636
219  2  0  -90.0364
456  1  0  -90.0364
693  1  0  -90.0364
930  2  0  -90.0364
220  2  0  -90.0364
457  1  0  -90.0364
694  1  0  -90.0364
931  2  0  -90.0364
221  2  0  -90.0364
458  1  0  -90.0364
695  1  0  -90.0364
932  2  0  -90.0364
222  2  0  -90.0364
459  1  0  -90.0364
696  1  0  -90.0364
933  2  0  -90.0364
223  2  0  -90.0364
460  1  0  -90.0364
697  1  0  -90.0364
934  2  0  -90.0364
224  2  0  -90.0364
461  1  0  -90.0364
698  1  0  -90.0364
935  2  0  -90.0364
225  2  0  -90.0364
462  1  0  -90.0364
699  1  0  -90.0364
936  2  0  -90.0364
226  2  0  -90.0364
463  1  0  -90.0364
700  1  0  -90.0364
937  2  0  -90.0364
227  2  0  -90.0364
464  1  0  -90.0364
701  1  0  -90.0364
938  2  0  -90.0364
228  2  0  -90.0364
465  1  0  -90.0364
702  1  0  -90.0364
939  2  0  -90.0364
229  2  0  -90.0364
466  1  0  -90.0364
703  1  0  -90.0364
940  2  0  -90.0364
230  2  0  -90.0364
467  1  0  -90.0364
704  1  0  -90.0364
941  2  0  -90.0364
231  2  0  -90.0364
468  1  0  -90.0364
705  1  0  -90.0364
942  2  0  -90.0364
232  2  0  -90.0364
469  1  0  -90.0364
706  1  0  -90.0364
943  2  0  -90.0364
233  2  0  -90.0364
470  1  0  -90.0364
707  1  0  -90.0364
944  2  0  -90.0364
234  2  0  -90.0364
471  1  0  -90.0364
708  1  0  -90.0364
945  2  0  -90.0364
235  2  0  -90.0364
472  1  0  -90.0364
709  1  0  -90.0364
946  2  0  -90.0364
236  2  0  -90.0364
473  1  0  -90.0364
710  1  0  -90.0364
947  2  0  -90.0364
237  2  0  -90.0364
474  1  0  -90.0364
711  1  0  89.9636
948  2  0  89.9636
