1  3  0  6.05195
234  5  0  6.05176
467  4  0  6.05112
700  5  0  6.03965
2  3  0  5.10359
235  5  0  5.1036
468  4  0  5.10362
701  5  0  5.10364
3  3  0  4.2129
236  5  0  4.21291
469  4  0  4.21293
702  5  0  4.21294
4  3  0  3.36588
237  5  0  3.3659
470  4  0  3.36594
703  5  0  3.36597
5  3  0  2.63581
238  5  0  2.63578
471  4  0  2.63575
704  5  0  2.63571
6  3  0  1.78137
239  5  0  1.78142
472  4  0  1.78148
705  5  0  1.78155
7  3  0  1.17294
240  5  0  1.17289
473  4  0  1.17284
706  5  0  1.17278
8  3  0  0.34435
241  5  0  0.34434
474  4  0  0.344327
707  5  0  0.344314
9  3  0  -0.526575
242  5  0  -0.526543
475  4  0  -0.526501
708  5  0  -0.526459
10  3  0  -1.25242
243  5  0  -1.25251
476  4  0  -1.25262
709  5  0  -1.25274
11  3  0  -2.33497
244  5  0  -2.33494
477  1  0  4.61865
710  5  0  11.3464
12  3  0  -3.25467
245  5  0  -3.25461
478  1  0  -3.25437
711  5  0  -3.25413
13  3  0  -3.8914
246  5  0  -3.8914
479  1  0  -3.89142
712  5  0  -3.89144
14  3  0  -4.55875
247  5  0  -4.55878
480  1  0  -4.55893
713  5  0  -4.55907
15  3  0  -5.40389
248  5  0  -5.40385
481  1  0  -5.40366
714  5  0  -5.40348
16  3  0  -6.01695
249  5  0  -6.01694
482  1  0  -6.01692
715  5  0  -6.01689
17  3  0  -6.58907
250  5  0  -6.58909
483  1  0  -6.58915
716  5  0  -6.58922
18  3  0  -7.25766
251  5  0  -7.25764
484  1  0  -7.25758
717  5  0  -7.25752
19  3  0  -7.83689
252  5  0  -7.83687
485  1  0  -7.83681
718  5  0  -7.83675
20  3  0  -8.30787
253  5  0  -8.30791
486  1  0  -8.30809
719  5  0  -8.30826
21  3  0  -9.04208
254  5  0  -9.04205
487  1  0  -9.04197
720  5  0  -9.04189
22  3  0  -9.66479
255  5  0  -9.66475
488  1  0  -9.66457
721  5  0  -9.66439
23  3  0  -9.90766
256  5  0  -9.90767
489  1  0  -9.90774
722  5  0  -9.9078
24  3  0  -10.3231
257  5  0  -10.3231
490  1  0  -10.3231
723  5  0  -10.3231
25  3  0  -10.7587
258  5  0  -10.7587
491  1  0  -10.7586
724  5  0  -10.7586
26  3  0  -11.1108
259  5  0  -11.1108
492  1  0  -11.1107
725  5  0  -11.1107
27  3  0  -11.2943
260  5  0  -11.2944
493  1  0  -11.2944
726  5  0  -11.2944
28  3  0  -11.5905
261  5  0  -11.5905
494  1  0  -11.5905
727  5  0  -11.5905
29  3  0  -11.9466
262  5  0  -11.9466
495  1  0  -11.9465
728  5  0  -11.9465
30  3  0  -12.168
263  5  0  -12.168
496  1  0  -12.168
729  5  0  -12.1679
31  3  0  -12.1803
264  5  0  -12.1803
497  1  0  -12.1803
730  5  0  -12.1803
32  3  0  -12.2243
265  5  0  -12.2243
498  1  0  -12.2243
731  5  0  -12.2243
33  3  0  -12.3061
266  5  0  -12.3061
499  1  0  -12.3061
732  5  0  -12.3061
34  3  0  -12.3471
267  5  0  -12.3471
500  1  0  -12.3471
733  5  0  -12.3471
35  3  0  -12.3285
268  5  0  -12.3285
501  1  0  -12.3285
734  5  0  -12.3285
36  3  0  -12.2241
269  5  0  -12.2241
502  1  0  -12.224
735  5  0  -12.224
37  3  0  -12.2349
270  5  0  -12.2349
503  1  0  -12.2349
736  5  0  -12.2349
38  3  0  -12.2212
271  5  0  -12.2212
504  1  0  -12.2212
737  5  0  -12.2213
39  3  0  -11.9969
272  5  0  -11.9969
505  1  0  -11.9969
738  5  0  -11.9969
40  3  0  -11.74
273  5  0  -11.74
506  1  0  -11.74
739  5  0  -11.74
41  3  0  -11.5519
274  5  0  -11.5519
507  1  0  -11.5519
740  5  0  -11.5519
42  3  0  -11.3615
275  5  0  -11.3615
508  1  0  -11.3615
741  5  0  -11.3615
43  3  0  -11.1976
276  5  0  -11.1976
509  1  0  -11.1977
742  5  0  -11.1977
44  3  0  -10.8496
277  5  0  -10.8496
510  1  0  -10.8496
743  5  0  -10.8496
45  3  0  -10.5043
278  5  0  -10.5043
511  1  0  -10.5043
744  5  0  -10.5043
46  3  0  -10.1782
279  5  0  -10.1782
512  1  0  -10.1782
745  5  0  -10.1782
47  3  0  -9.89361
280  5  0  -9.89361
513  1  0  -9.89363
746  5  0  -9.89365
48  3  0  -9.55359
281  5  0  -9.55359
514  1  0  17.5957
747  5  0  36.2451
49  3  0  -9.21435
282  5  0  -9.19869
515  6  0  -9.19268
748  5  0  -9.19418
50  3  0  -8.91592
283  5  0  -8.89327
516  6  0  -8.88173
749  5  0  -8.88619
51  3  0  -8.21308
284  5  0  -8.21303
517  6  0  -8.21227
750  5  0  -8.21149
52  3  0  -7.83827
285  5  0  -7.83827
518  6  0  -7.83822
751  5  0  -7.83817
53  3  0  -7.49562
286  5  0  -7.49567
519  6  0  -7.4964
752  5  0  -7.49714
54  3  0  -6.81627
287  5  0  -6.81622
520  6  0  -6.81546
753  5  0  -6.81468
55  3  0  -6.50191
288  5  0  -6.50192
521  6  0  -6.50196
754  5  0  -6.502
56  3  0  -6.15949
289  5  0  -6.15953
522  6  0  -6.16013
755  5  0  -6.16075
57  3  0  -5.52495
290  5  0  -5.52493
523  6  0  -5.52457
756  5  0  -5.5242
58  3  0  -5.0441
291  5  0  -5.0441
524  6  0  -5.04408
757  5  0  -5.04407
59  3  0  -4.57122
292  5  0  -4.57123
525  6  0  -4.57133
758  5  0  -4.57143
60  3  0  -4.0497
293  5  0  -4.04969
526  6  0  -4.04943
759  5  0  -4.04918
61  3  0  -3.65989
294  5  0  -3.65992
527  6  0  -3.66029
760  5  0  -3.66068
62  3  0  -3.08542
295  5  0  -3.0854
528  6  0  -3.08509
761  5  0  -3.08477
63  3  0  -2.65876
296  5  0  -2.65876
529  6  0  -2.65865
762  5  0  -2.65853
64  3  0  -2.29872
297  5  0  -2.29879
530  6  0  -2.29973
763  5  0  -2.30069
65  3  0  -1.53995
298  5  0  -1.5399
531  6  0  -1.53912
764  5  0  -1.53833
66  3  0  -1.08442
299  5  0  -1.08441
532  6  0  -1.08427
765  5  0  -1.08412
67  3  0  -0.71097
300  5  0  -0.710972
533  6  0  -0.710992
766  5  0  -0.711012
68  3  0  -0.32506
301  5  0  -0.325112
534  6  0  -0.325898
767  5  0  -0.326699
69  3  0  0.396877
302  5  0  0.396881
535  6  0  0.396934
768  5  0  0.396989
70  3  0  1.10119
303  5  0  1.10123
536  6  0  1.10176
769  5  0  1.10231
71  3  0  1.59337
304  5  0  1.59337
537  6  0  1.59343
770  5  0  1.59349
72  3  0  2.05753
305  5  0  2.0575
538  6  0  2.05705
771  5  0  2.0566
73  3  0  2.71218
306  5  0  2.7122
539  6  0  2.71255
772  5  0  2.71291
74  3  0  3.22576
307  5  0  3.22573
540  6  0  3.22525
773  5  0  3.22475
75  3  0  3.92761
308  5  0  3.92762
541  6  0  3.92781
774  5  0  3.92799
76  3  0  4.57483
309  5  0  4.60805
542  6  0  4.65691
775  5  0  4.68321
77  3  0  5.15369
310  5  0  5.20389
543  6  0  5.39055
776  5  0  5.76896
78  3  0  5.81408
311  5  0  5.81406
544  1  0  -26.1319
777  5  0  -45.6424
79  3  0  6.58775
312  5  0  6.58776
545  1  0  6.58784
778  5  0  6.58791
80  3  0  7.2675
313  5  0  7.26751
546  1  0  7.26755
779  5  0  7.2676
81  3  0  7.88129
314  5  0  7.88123
547  1  0  7.88103
780  5  0  7.88081
82  3  0  8.75355
315  5  0  8.75356
548  1  0  8.75362
781  5  0  8.75367
83  3  0  9.56683
316  5  0  9.56687
549  1  0  9.567
782  5  0  9.56714
84  3  0  10.2055
317  5  0  10.2054
550  1  0  10.2052
783  5  0  10.205
85  3  0  11.0951
318  5  0  11.0951
551  1  0  11.0949
784  5  0  11.0948
86  3  0  12.1464
319  5  0  12.1465
552  1  0  12.1467
785  5  0  12.1469
87  3  0  12.9826
320  5  0  12.9826
553  1  0  12.9824
786  5  0  12.9823
88  3  0  13.976
321  5  0  13.976
554  1  0  13.9759
787  5  0  13.9758
89  3  0  15.0622
322  5  0  15.0622
555  1  0  15.062
788  5  0  15.0619
90  3  0  16.252
323  5  0  16.2519
556  1  0  7.85142
789  5  0  -0.253609
91  3  0  17.7626
324  5  0  17.7627
557  4  0  17.7627
790  5  0  17.7628
92  3  0  19.1386
325  5  0  19.1385
558  4  0  19.1383
791  5  0  19.1382
93  3  0  20.7564
326  5  0  20.756
559  4  0  20.7554
792  5  0  20.7549
94  3  0  23.1043
327  5  0  23.1042
560  4  0  23.104
793  5  0  23.1037
95  3  0  25.6797
328  5  0  25.6787
561  4  0  25.6773
794  5  0  25.6759
96  3  0  29.4192
329  5  0  29.4187
562  4  0  29.4182
795  5  0  29.4176
97  3  0  33.5491
330  5  0  33.5462
563  4  0  33.5424
796  5  0  33.5385
98  3  0  39.6327
331  5  0  39.6176
564  4  0  39.5971
797  5  0  39.576
99  3  0  51.5901
332  5  0  51.6109
565  4  0  51.6398
798  5  0  51.6702
100  3  0  74.1679
333  5  0  74.0583
566  4  0  73.9033
799  5  0  73.7352
101  3  0  101.423
334  5  0  101.47
567  4  0  101.537
800  5  0  101.608
102  3  0  121.076
335  5  0  121.108
568  4  0  121.153
801  5  0  121.199
103  3  0  132.996
336  5  0  133.009
569  4  0  133.025
802  5  0  133.042
104  3  0  140.072
337  5  0  140.076
570  4  0  140.082
803  5  0  140.087
105  3  0  144.333
338  5  0  144.334
571  4  0  144.336
804  5  0  144.337
106  3  0  147.177
339  5  0  147.177
572  4  0  147.177
805  5  0  147.178
107  3  0  149.603
340  5  0  149.603
573  4  0  149.603
806  5  0  149.603
108  3  0  152.017
341  5  0  152.017
574  4  0  152.017
807  5  0  152.018
109  3  0  153.898
342  5  0  153.899
575  4  0  153.899
808  5  0  153.899
110  3  0  155.175
343  5  0  155.175
576  4  0  155.175
809  5  0  155.174
111  3  0  157.054
344  5  0  157.054
577  1  0  165.232
810  5  0  173.148
112  3  0  158.439
345  5  0  158.439
578  1  0  158.44
811  5  0  158.44
113  3  0  159.517
346  5  0  159.517
579  1  0  159.517
812  5  0  159.517
114  3  0  160.637
347  5  0  160.637
580  1  0  160.637
813  5  0  160.637
115  3  0  161.682
348  5  0  161.682
581  1  0  161.682
814  5  0  161.682
116  3  0  162.639
349  5  0  162.639
582  1  0  162.638
815  5  0  162.638
117  3  0  163.758
350  5  0  163.758
583  1  0  163.758
816  5  0  163.759
118  3  0  164.436
351  5  0  164.436
584  1  0  164.436
817  5  0  164.435
119  3  0  165.473
352  5  0  165.473
585  1  0  165.474
818  5  0  165.474
120  3  0  166.194
353  5  0  166.194
586  1  0  166.193
819  5  0  166.193
121  3  0  167.331
354  5  0  167.331
587  1  0  167.331
820  5  0  167.332
122  3  0  167.876
355  5  0  167.876
588  1  0  167.876
821  5  0  167.875
123  3  0  168.878
356  5  0  168.878
589  1  0  168.878
822  5  0  168.879
124  3  0  169.516
357  5  0  169.453
590  6  0  -134.199
823  5  0  -106.724
125  3  0  170.225
358  5  0  170.184
591  6  0  170.111
824  5  0  170.072
126  3  0  171.132
359  5  0  171.132
592  6  0  171.133
825  5  0  171.134
127  3  0  171.761
360  5  0  171.761
593  6  0  171.76
826  5  0  171.76
128  3  0  172.549
361  5  0  172.549
594  6  0  172.55
827  5  0  172.55
129  3  0  173.215
362  5  0  173.215
595  6  0  173.214
828  5  0  173.214
130  3  0  174.003
363  5  0  174.003
596  6  0  174.003
829  5  0  174.003
131  3  0  174.703
364  5  0  174.703
597  6  0  174.703
830  5  0  174.703
132  3  0  175.395
365  5  0  175.395
598  6  0  175.395
831  5  0  175.394
133  3  0  176.202
366  5  0  176.202
599  6  0  176.203
832  5  0  176.203
134  3  0  176.82
367  5  0  176.82
600  6  0  176.819
833  5  0  176.818
135  3  0  177.639
368  5  0  177.639
601  6  0  177.64
834  5  0  177.64
136  3  0  178.301
369  5  0  178.301
602  6  0  178.302
835  5  0  178.302
137  3  0  178.872
370  5  0  178.872
603  6  0  178.871
836  5  0  178.871
138  3  0  179.652
371  5  0  179.652
604  6  0  179.651
837  5  0  179.649
139  3  0  -179.26
372  5  0  -179.26
605  6  0  -179.259
838  5  0  -179.258
140  3  0  -178.506
373  5  0  -178.506
606  6  0  -178.505
839  5  0  -178.505
141  3  0  -177.786
374  5  0  -177.786
607  6  0  -177.786
840  5  0  -177.787
142  3  0  -176.883
375  5  0  -176.883
608  6  0  -176.882
841  5  0  -176.881
143  3  0  -176.216
376  5  0  -176.216
609  6  0  -176.216
842  5  0  -176.216
144  3  0  -175.676
377  5  0  -175.676
610  6  0  -175.676
843  5  0  -175.676
145  3  0  -175.101
378  5  0  -175.101
611  6  0  -175.102
844  5  0  -175.102
146  3  0  -174.314
379  5  0  -174.314
612  6  0  -174.313
845  5  0  -174.312
147  3  0  -173.884
380  5  0  -173.884
613  6  0  -173.884
846  5  0  -173.884
148  3  0  -173.384
381  5  0  -173.384
614  6  0  -173.384
847  5  0  -173.384
149  3  0  -172.825
382  5  0  -172.825
615  6  0  -172.825
848  5  0  -172.825
150  3  0  -172.324
383  5  0  -172.365
616  6  0  -172.394
849  5  0  -172.394
151  3  0  -171.763
384  5  0  -171.792
617  6  0  158.849
850  5  0  139.689
152  3  0  -171.316
385  5  0  -171.316
618  1  0  -171.316
851  5  0  -171.316
153  3  0  -170.962
386  5  0  -170.962
619  1  0  -170.962
852  5  0  -170.962
154  3  0  -170.661
387  5  0  -170.661
620  1  0  -170.661
853  5  0  -170.661
155  3  0  -170.338
388  5  0  -170.338
621  1  0  -170.338
854  5  0  -170.338
156  3  0  -170.058
389  5  0  -170.058
622  1  0  -170.058
855  5  0  -170.058
157  3  0  -169.867
390  5  0  -169.867
623  1  0  -169.867
856  5  0  -169.867
158  3  0  -169.722
391  5  0  -169.722
624  1  0  -169.722
857  5  0  -169.723
159  3  0  -169.29
392  5  0  -169.29
625  1  0  -169.29
858  5  0  -169.29
160  3  0  -168.986
393  5  0  -168.986
626  1  0  -168.986
859  5  0  -168.986
161  3  0  -168.783
394  5  0  -168.783
627  1  0  -168.783
860  5  0  -168.783
162  3  0  -168.709
395  5  0  -168.709
628  1  0  -168.709
861  5  0  -168.709
163  3  0  -168.477
396  5  0  -168.477
629  1  0  -168.477
862  5  0  -168.477
164  3  0  -168.419
397  5  0  -168.419
630  1  0  -168.419
863  5  0  -168.419
165  3  0  -168.268
398  5  0  -168.268
631  1  0  -168.268
864  5  0  -168.268
166  3  0  -167.86
399  5  0  -167.86
632  1  0  -167.86
865  5  0  -167.86
167  3  0  -167.984
400  5  0  -167.984
633  1  0  -167.984
866  5  0  -167.984
168  3  0  -167.687
401  5  0  -167.687
634  1  0  -167.687
867  5  0  -167.687
169  3  0  -167.598
402  5  0  -167.598
635  1  0  -167.598
868  5  0  -167.598
170  3  0  -167.731
403  5  0  -167.731
636  1  0  -167.731
869  5  0  -167.731
171  3  0  -167.503
404  5  0  -167.503
637  1  0  -167.503
870  5  0  -167.503
172  3  0  -167.244
405  5  0  -167.244
638  1  0  -167.244
871  5  0  -167.244
173  3  0  -167.377
406  5  0  -167.377
639  1  0  -167.377
872  5  0  -167.377
174  3  0  -167.356
407  5  0  -167.356
640  1  0  -167.356
873  5  0  -167.356
175  3  0  -167.131
408  5  0  -167.131
641  1  0  -167.131
874  5  0  -167.131
176  3  0  -167.111
409  5  0  -167.111
642  1  0  -167.111
875  5  0  -167.111
177  3  0  -166.859
410  5  0  -166.859
643  1  0  -166.859
876  5  0  -166.859
178  3  0  -167.003
411  5  0  -167.003
644  1  0  -167.003
877  5  0  -167.003
179  3  0  -166.986
412  5  0  -166.986
645  1  0  -166.986
878  5  0  -166.986
180  3  0  -166.833
413  5  0  -166.833
646  1  0  -166.833
879  5  0  -166.833
181  3  0  -166.649
414  5  0  -166.649
647  1  0  -166.649
880  5  0  -166.649
182  3  0  -166.536
415  5  0  -166.536
648  1  0  -166.536
881  5  0  -166.536
183  3  0  -166.675
416  5  0  -166.675
649  1  0  -166.675
882  5  0  -166.675
184  3  0  -166.731
417  5  0  -166.731
650  1  0  -166.731
883  5  0  -166.731
185  3  0  -166.503
418  5  0  -166.503
651  1  0  -166.503
884  5  0  -166.503
186  3  0  -166.543
419  5  0  -166.543
652  1  0  -166.543
885  5  0  -166.543
187  3  0  -166.627
420  5  0  -166.627
653  1  0  -166.627
886  5  0  -166.627
188  3  0  -166.612
421  5  0  -166.612
654  1  0  -173.373
887  5  0  -179.952
189  3  0  -166.497
422  5  0  -166.497
655  4  0  -166.497
888  5  0  -166.497
190  3  0  -166.37
423  5  0  -166.37
656  4  0  -166.37
889  5  0  -166.37
191  3  0  -166.531
424  5  0  -166.531
657  4  0  -166.531
890  5  0  -166.531
192  3  0  -166.277
425  5  0  -166.277
658  4  0  -166.277
891  5  0  -166.277
193  3  0  -166.183
426  5  0  -166.183
659  4  0  -166.183
892  5  0  -166.183
194  3  0  -166.232
427  5  0  -166.232
660  4  0  -166.232
893  5  0  -166.232
195  3  0  -166.242
428  5  0  -166.242
661  4  0  -166.242
894  5  0  -166.242
196  3  0  -165.986
429  5  0  -165.986
662  4  0  -165.986
895  5  0  -165.986
197  3  0  -165.767
430  5  0  -165.823
663  4  0  -165.897
896  5  0  -165.974
198  3  0  -145.553
431  5  0  -145.486
664  4  0  -145.3
897  5  0  -144.468
199  2  0  -90.1292
432  1  0  -90.1292
665  1  0  -90.1292
898  2  0  89.8708
200  2  0  -90.1292
433  1  0  -90.1292
666  1  0  -90.1292
899  2  0  -90.1292
201  2  0  -90.1292
434  1  0  -90.1292
667  1  0  -90.1292
900  2  0  -90.1292
202  2  0  -90.1292
435  1  0  -90.1292
668  1  0  -90.1292
901  2  0  -90.1292
203  2  0  -90.1292
436  1  0  -90.1292
669  1  0  -90.1292
902  2  0  -90.1292
204  2  0  -90.1292
437  1  0  -90.1292
670  1  0  -90.1292
903  2  0  -90.1292
205  2  0  -90.1292
438  1  0  -90.1292
671  1  0  -90.1292
904  2  0  -90.1292
206  2  0  -90.1292
439  1  0  -90.1292
672  1  0  -90.1292
905  2  0  -90.1292
207  2  0  -90.1292
440  1  0  -90.1292
673  1  0  -90.1292
906  2  0  -90.1292
208  2  0  -90.1292
441  1  0  -90.1292
674  1  0  -90.1292
907  2  0  -90.1292
209  2  0  -90.1292
442  1  0  -90.1292
675  1  0  -90.1292
908  2  0  -90.1292
210  2  0  -90.1292
443  1  0  -90.1292
676  1  0  -90.1292
909  2  0  -90.1292
211  2  0  -90.1292
444  1  0  -90.1292
677  1  0  -90.1292
910  2  0  -90.1292
212  2  0  -90.1292
445  1  0  -90.1292
678  1  0  -90.1292
911  2  0  -90.1292
213  2  0  -90.1292
446  1  0  -90.1292
679  1  0  -90.1292
912  2  0  -90.1292
214  2  0  -90.1292
447  1  0  -90.1292
680  1  0  -90.1292
913  2  0  -90.1292
215  2  0  -90.1292
448  1  0  -90.1292
681  1  0  -90.1292
914  2  0  89.8708
216  2  0  -89.9252
449  1  0  -89.9252
682  1  0  90.0748
915  2  0  90.0748
217  2  0  -89.9252
450  1  0  -89.9252
683  1  0  -89.9252
916  2  0  -89.9252
218  2  0  -89.9252
451  1  0  -89.9252
684  1  0  -89.9252
917  2  0  -89.9252
219  2  0  -89.9252
452  1  0  -89.9252
685  1  0  -89.9252
918  2  0  -89.9252
220  2  0  -89.9252
453  1  0  -89.9252
686  1  0  -89.9252
919  2  0  -89.9252
221  2  0  -89.9252
454  1  0  -89.9252
687  1  0  -89.9252
920  2  0  -89.9252
222  2  0  -89.9252
455  1  0  -89.9252
688  1  0  -89.9252
921  2  0  -89.9252
223  2  0  -89.9252
456  1  0  -89.9252
689  1  0  -89.9252
922  2  0  -89.9252
224  2  0  -89.9252
457  1  0  -89.9252
690  1  0  -89.9252
923  2  0  -89.9252
225  2  0  -89.9252
458  1  0  -89.9252
691  1  0  -89.9252
924  2  0  -89.9252
226  2  0  -89.9252
459  1  0  -89.9252
692  1  0  -89.9252
925  2  0  -89.9252
227  2  0  -89.9252
460  1  0  -89.9252
693  1  0  -89.9252
926  2  0  -89.9252
228  2  0  -89.9252
461  1  0  -89.9252
694  1  0  -89.9252
927  2  0  -89.9252
229  2  0  -89.9252
462  1  0  -89.9252
695  1  0  -89.9252
928  2  0  -89.9252
230  2  0  -89.9252
463  1  0  -89.9252
696  1  0  -89.9252
929  2  0  -89.9252
231  2  0  -89.9252
464  1  0  -89.9252
697  1  0  -89.9252
930  2  0  -89.9252
232  2  0  -89.9252
465  1  0  -89.9252
698  1  0  -89.9252
931  2  0  -89.9252
233  2  0  -89.9252
466  1  0  -89.9252
699  1  0  90.0748
932  2  0  90.0748
