MATERIALS: 
	 1     BALSA                          
	 2     BIAXIAL                        
	 3     FICT_WEBS                      
	 4     PAINT                          
	 5     REINFORCEMENT                  
	 6     TRIAXIAL                       
	 7     UNIDIRECTIONAL                 
ELEMENT_1: 
	 Elements ID: 
	 	 1	 	 224	 	 447
	 	 2	 	 225	 	 448
	 	 3	 	 226	 	 449
	 	 4	 	 227	 	 450
	 	 5	 	 228	 	 451
	 	 6	 	 229	 	 452
	 	 7	 	 230	 	 453
	 	 8	 	 231	 	 454
	 	 9	 	 232	 	 455
	 	 10	 	 233	 	 456
	 	 11	 	 234	 	 457
	 	 12	 	 235	 	 458
	 Materials ID: 
	 	 4	 	 6	 	 6
	 	 4	 	 6	 	 6
	 	 4	 	 6	 	 6
	 	 4	 	 6	 	 6
	 	 4	 	 6	 	 6
	 	 4	 	 6	 	 6
	 	 4	 	 6	 	 6
	 	 4	 	 6	 	 6
	 	 4	 	 6	 	 6
	 	 4	 	 6	 	 6
	 	 4	 	 6	 	 6
	 	 4	 	 6	 	 6
ELEMENT_2: 
	 Elements ID: 
	 	 13	 	 236	 	 459
	 	 14	 	 237	 	 460
	 	 15	 	 238	 	 461
	 	 16	 	 239	 	 462
	 	 17	 	 240	 	 463
	 	 18	 	 241	 	 464
	 	 19	 	 242	 	 465
	 	 20	 	 243	 	 466
	 	 21	 	 244	 	 467
	 	 22	 	 245	 	 468
	 	 23	 	 246	 	 469
	 	 24	 	 247	 	 470
	 Materials ID: 
	 	 4	 	 6	 	 6
	 	 4	 	 6	 	 6
	 	 4	 	 6	 	 6
	 	 4	 	 6	 	 6
	 	 4	 	 6	 	 6
	 	 4	 	 6	 	 6
	 	 4	 	 6	 	 6
	 	 4	 	 6	 	 6
	 	 4	 	 6	 	 6
	 	 4	 	 6	 	 6
	 	 4	 	 6	 	 6
	 	 4	 	 6	 	 6
ELEMENT_3: 
	 Elements ID: 
	 	 25	 	 248	 	 471
	 	 26	 	 249	 	 472
	 	 27	 	 250	 	 473
	 	 28	 	 251	 	 474
	 	 29	 	 252	 	 475
	 	 30	 	 253	 	 476
	 	 31	 	 254	 	 477
	 	 32	 	 255	 	 478
	 	 33	 	 256	 	 479
	 	 34	 	 257	 	 480
	 	 35	 	 258	 	 481
	 	 36	 	 259	 	 482
	 	 37	 	 260	 	 483
	 	 38	 	 261	 	 484
	 	 39	 	 262	 	 485
	 	 40	 	 263	 	 486
	 	 41	 	 264	 	 487
	 	 42	 	 265	 	 488
	 	 43	 	 266	 	 489
	 	 44	 	 267	 	 490
	 	 45	 	 268	 	 491
	 	 46	 	 269	 	 492
	 	 47	 	 270	 	 493
	 	 48	 	 271	 	 494
	 	 49	 	 272	 	 495
	 	 50	 	 273	 	 496
	 	 51	 	 274	 	 497
	 	 52	 	 275	 	 498
	 	 53	 	 276	 	 499
	 	 54	 	 277	 	 500
	 	 55	 	 278	 	 501
	 	 56	 	 279	 	 502
	 	 57	 	 280	 	 503
	 	 58	 	 281	 	 504
	 	 59	 	 282	 	 505
	 	 60	 	 283	 	 506
	 	 61	 	 284	 	 507
	 	 62	 	 285	 	 508
	 	 63	 	 286	 	 509
	 	 64	 	 287	 	 510
	 	 65	 	 288	 	 511
	 	 66	 	 289	 	 512
	 	 67	 	 290	 	 513
	 	 68	 	 291	 	 514
	 	 69	 	 292	 	 515
	 	 70	 	 293	 	 516
	 	 71	 	 294	 	 517
	 	 72	 	 295	 	 518
	 	 73	 	 296	 	 519
	 Materials ID: 
	 	 4	 	 6	 	 6
	 	 4	 	 6	 	 6
	 	 4	 	 6	 	 6
	 	 4	 	 6	 	 6
	 	 4	 	 6	 	 6
	 	 4	 	 6	 	 6
	 	 4	 	 6	 	 6
	 	 4	 	 6	 	 6
	 	 4	 	 6	 	 6
	 	 4	 	 6	 	 6
	 	 4	 	 6	 	 6
	 	 4	 	 6	 	 6
	 	 4	 	 6	 	 6
	 	 4	 	 6	 	 6
	 	 4	 	 6	 	 6
	 	 4	 	 6	 	 6
	 	 4	 	 6	 	 6
	 	 4	 	 6	 	 6
	 	 4	 	 6	 	 6
	 	 4	 	 6	 	 6
	 	 4	 	 6	 	 6
	 	 4	 	 6	 	 6
	 	 4	 	 6	 	 6
	 	 4	 	 6	 	 6
	 	 4	 	 6	 	 6
	 	 4	 	 6	 	 6
	 	 4	 	 6	 	 6
	 	 4	 	 6	 	 6
	 	 4	 	 6	 	 6
	 	 4	 	 6	 	 6
	 	 4	 	 6	 	 6
	 	 4	 	 6	 	 6
	 	 4	 	 6	 	 6
	 	 4	 	 6	 	 6
	 	 4	 	 6	 	 6
	 	 4	 	 6	 	 6
	 	 4	 	 6	 	 6
	 	 4	 	 6	 	 6
	 	 4	 	 6	 	 6
	 	 4	 	 6	 	 6
	 	 4	 	 6	 	 6
	 	 4	 	 6	 	 6
	 	 4	 	 6	 	 6
	 	 4	 	 6	 	 6
	 	 4	 	 6	 	 6
	 	 4	 	 6	 	 6
	 	 4	 	 6	 	 6
	 	 4	 	 6	 	 6
	 	 4	 	 6	 	 6
ELEMENT_4: 
	 Elements ID: 
	 	 74	 	 297	 	 520
	 	 75	 	 298	 	 521
	 	 76	 	 299	 	 522
	 	 77	 	 300	 	 523
	 	 78	 	 301	 	 524
	 	 79	 	 302	 	 525
	 	 80	 	 303	 	 526
	 	 81	 	 304	 	 527
	 	 82	 	 305	 	 528
	 	 83	 	 306	 	 529
	 	 84	 	 307	 	 530
	 	 85	 	 308	 	 531
	 Materials ID: 
	 	 4	 	 6	 	 6
	 	 4	 	 6	 	 6
	 	 4	 	 6	 	 6
	 	 4	 	 6	 	 6
	 	 4	 	 6	 	 6
	 	 4	 	 6	 	 6
	 	 4	 	 6	 	 6
	 	 4	 	 6	 	 6
	 	 4	 	 6	 	 6
	 	 4	 	 6	 	 6
	 	 4	 	 6	 	 6
	 	 4	 	 6	 	 6
ELEMENT_5: 
	 Elements ID: 
	 	 86	 	 309	 	 532
	 	 87	 	 310	 	 533
	 	 88	 	 311	 	 534
	 	 89	 	 312	 	 535
	 	 90	 	 313	 	 536
	 	 91	 	 314	 	 537
	 	 92	 	 315	 	 538
	 	 93	 	 316	 	 539
	 	 94	 	 317	 	 540
	 	 95	 	 318	 	 541
	 	 96	 	 319	 	 542
	 	 97	 	 320	 	 543
	 	 98	 	 321	 	 544
	 	 99	 	 322	 	 545
	 	 100	 	 323	 	 546
	 Materials ID: 
	 	 4	 	 6	 	 6
	 	 4	 	 6	 	 6
	 	 4	 	 6	 	 6
	 	 4	 	 6	 	 6
	 	 4	 	 6	 	 6
	 	 4	 	 6	 	 6
	 	 4	 	 6	 	 6
	 	 4	 	 6	 	 6
	 	 4	 	 6	 	 6
	 	 4	 	 6	 	 6
	 	 4	 	 6	 	 6
	 	 4	 	 6	 	 6
	 	 4	 	 6	 	 6
	 	 4	 	 6	 	 6
	 	 4	 	 6	 	 6
ELEMENT_6: 
	 Elements ID: 
	 	 101	 	 324	 	 547
	 	 102	 	 325	 	 548
	 	 103	 	 326	 	 549
	 	 104	 	 327	 	 550
	 	 105	 	 328	 	 551
	 	 106	 	 329	 	 552
	 	 107	 	 330	 	 553
	 	 108	 	 331	 	 554
	 	 109	 	 332	 	 555
	 	 110	 	 333	 	 556
	 	 111	 	 334	 	 557
	 	 112	 	 335	 	 558
	 	 113	 	 336	 	 559
	 	 114	 	 337	 	 560
	 Materials ID: 
	 	 4	 	 6	 	 6
	 	 4	 	 6	 	 6
	 	 4	 	 6	 	 6
	 	 4	 	 6	 	 6
	 	 4	 	 6	 	 6
	 	 4	 	 6	 	 6
	 	 4	 	 6	 	 6
	 	 4	 	 6	 	 6
	 	 4	 	 6	 	 6
	 	 4	 	 6	 	 6
	 	 4	 	 6	 	 6
	 	 4	 	 6	 	 6
	 	 4	 	 6	 	 6
	 	 4	 	 6	 	 6
ELEMENT_7: 
	 Elements ID: 
	 	 115	 	 338	 	 561
	 	 116	 	 339	 	 562
	 	 117	 	 340	 	 563
	 	 118	 	 341	 	 564
	 	 119	 	 342	 	 565
	 	 120	 	 343	 	 566
	 	 121	 	 344	 	 567
	 	 122	 	 345	 	 568
	 	 123	 	 346	 	 569
	 	 124	 	 347	 	 570
	 	 125	 	 348	 	 571
	 	 126	 	 349	 	 572
	 Materials ID: 
	 	 4	 	 6	 	 6
	 	 4	 	 6	 	 6
	 	 4	 	 6	 	 6
	 	 4	 	 6	 	 6
	 	 4	 	 6	 	 6
	 	 4	 	 6	 	 6
	 	 4	 	 6	 	 6
	 	 4	 	 6	 	 6
	 	 4	 	 6	 	 6
	 	 4	 	 6	 	 6
	 	 4	 	 6	 	 6
	 	 4	 	 6	 	 6
ELEMENT_8: 
	 Elements ID: 
	 	 127	 	 350	 	 573
	 	 128	 	 351	 	 574
	 	 129	 	 352	 	 575
	 	 130	 	 353	 	 576
	 	 131	 	 354	 	 577
	 	 132	 	 355	 	 578
	 	 133	 	 356	 	 579
	 	 134	 	 357	 	 580
	 	 135	 	 358	 	 581
	 	 136	 	 359	 	 582
	 	 137	 	 360	 	 583
	 	 138	 	 361	 	 584
	 	 139	 	 362	 	 585
	 	 140	 	 363	 	 586
	 	 141	 	 364	 	 587
	 	 142	 	 365	 	 588
	 	 143	 	 366	 	 589
	 	 144	 	 367	 	 590
	 	 145	 	 368	 	 591
	 	 146	 	 369	 	 592
	 	 147	 	 370	 	 593
	 	 148	 	 371	 	 594
	 	 149	 	 372	 	 595
	 	 150	 	 373	 	 596
	 	 151	 	 374	 	 597
	 	 152	 	 375	 	 598
	 	 153	 	 376	 	 599
	 	 154	 	 377	 	 600
	 	 155	 	 378	 	 601
	 	 156	 	 379	 	 602
	 	 157	 	 380	 	 603
	 	 158	 	 381	 	 604
	 	 159	 	 382	 	 605
	 	 160	 	 383	 	 606
	 	 161	 	 384	 	 607
	 	 162	 	 385	 	 608
	 	 163	 	 386	 	 609
	 	 164	 	 387	 	 610
	 	 165	 	 388	 	 611
	 	 166	 	 389	 	 612
	 	 167	 	 390	 	 613
	 	 168	 	 391	 	 614
	 	 169	 	 392	 	 615
	 	 170	 	 393	 	 616
	 	 171	 	 394	 	 617
	 	 172	 	 395	 	 618
	 	 173	 	 396	 	 619
	 	 174	 	 397	 	 620
	 	 175	 	 398	 	 621
	 Materials ID: 
	 	 4	 	 6	 	 6
	 	 4	 	 6	 	 6
	 	 4	 	 6	 	 6
	 	 4	 	 6	 	 6
	 	 4	 	 6	 	 6
	 	 4	 	 6	 	 6
	 	 4	 	 6	 	 6
	 	 4	 	 6	 	 6
	 	 4	 	 6	 	 6
	 	 4	 	 6	 	 6
	 	 4	 	 6	 	 6
	 	 4	 	 6	 	 6
	 	 4	 	 6	 	 6
	 	 4	 	 6	 	 6
	 	 4	 	 6	 	 6
	 	 4	 	 6	 	 6
	 	 4	 	 6	 	 6
	 	 4	 	 6	 	 6
	 	 4	 	 6	 	 6
	 	 4	 	 6	 	 6
	 	 4	 	 6	 	 6
	 	 4	 	 6	 	 6
	 	 4	 	 6	 	 6
	 	 4	 	 6	 	 6
	 	 4	 	 6	 	 6
	 	 4	 	 6	 	 6
	 	 4	 	 6	 	 6
	 	 4	 	 6	 	 6
	 	 4	 	 6	 	 6
	 	 4	 	 6	 	 6
	 	 4	 	 6	 	 6
	 	 4	 	 6	 	 6
	 	 4	 	 6	 	 6
	 	 4	 	 6	 	 6
	 	 4	 	 6	 	 6
	 	 4	 	 6	 	 6
	 	 4	 	 6	 	 6
	 	 4	 	 6	 	 6
	 	 4	 	 6	 	 6
	 	 4	 	 6	 	 6
	 	 4	 	 6	 	 6
	 	 4	 	 6	 	 6
	 	 4	 	 6	 	 6
	 	 4	 	 6	 	 6
	 	 4	 	 6	 	 6
	 	 4	 	 6	 	 6
	 	 4	 	 6	 	 6
	 	 4	 	 6	 	 6
	 	 4	 	 6	 	 6
ELEMENT_9: 
	 Elements ID: 
	 	 176	 	 399	 	 622
	 	 177	 	 400	 	 623
	 	 178	 	 401	 	 624
	 	 179	 	 402	 	 625
	 	 180	 	 403	 	 626
	 	 181	 	 404	 	 627
	 	 182	 	 405	 	 628
	 	 183	 	 406	 	 629
	 	 184	 	 407	 	 630
	 	 185	 	 408	 	 631
	 	 186	 	 409	 	 632
	 	 187	 	 410	 	 633
	 Materials ID: 
	 	 4	 	 6	 	 6
	 	 4	 	 6	 	 6
	 	 4	 	 6	 	 6
	 	 4	 	 6	 	 6
	 	 4	 	 6	 	 6
	 	 4	 	 6	 	 6
	 	 4	 	 6	 	 6
	 	 4	 	 6	 	 6
	 	 4	 	 6	 	 6
	 	 4	 	 6	 	 6
	 	 4	 	 6	 	 6
	 	 4	 	 6	 	 6
ELEMENT_10: 
	 Elements ID: 
	 	 188	 	 411	 	 634
	 	 189	 	 412	 	 635
	 	 190	 	 413	 	 636
	 	 191	 	 414	 	 637
	 	 192	 	 415	 	 638
	 	 193	 	 416	 	 639
	 	 194	 	 417	 	 640
	 	 195	 	 418	 	 641
	 	 196	 	 419	 	 642
	 	 197	 	 420	 	 643
	 	 198	 	 421	 	 644
	 	 199	 	 422	 	 645
	 Materials ID: 
	 	 4	 	 6	 	 6
	 	 4	 	 6	 	 6
	 	 4	 	 6	 	 6
	 	 4	 	 6	 	 6
	 	 4	 	 6	 	 6
	 	 4	 	 6	 	 6
	 	 4	 	 6	 	 6
	 	 4	 	 6	 	 6
	 	 4	 	 6	 	 6
	 	 4	 	 6	 	 6
	 	 4	 	 6	 	 6
	 	 4	 	 6	 	 6
