1  2482  2481  1  2  0  0  0  0
243  4962  4961  2481  2482  0  0  0  0
485  7442  7441  4961  4962  0  0  0  0
727  9922  9921  7441  7442  0  0  0  0
2  2483  2482  2  3  0  0  0  0
244  4963  4962  2482  2483  0  0  0  0
486  7443  7442  4962  4963  0  0  0  0
728  9923  9922  7442  7443  0  0  0  0
3  2484  2483  3  4  0  0  0  0
245  4964  4963  2483  2484  0  0  0  0
487  7444  7443  4963  4964  0  0  0  0
729  9924  9923  7443  7444  0  0  0  0
4  2485  2484  4  5  0  0  0  0
246  4965  4964  2484  2485  0  0  0  0
488  7445  7444  4964  4965  0  0  0  0
730  9925  9924  7444  7445  0  0  0  0
5  2486  2485  5  6  0  0  0  0
247  4966  4965  2485  2486  0  0  0  0
489  7446  7445  4965  4966  0  0  0  0
731  9926  9925  7445  7446  0  0  0  0
6  2487  2486  6  7  0  0  0  0
248  4967  4966  2486  2487  0  0  0  0
490  7447  7446  4966  4967  0  0  0  0
732  9927  9926  7446  7447  0  0  0  0
7  2488  2487  7  8  0  0  0  0
249  4968  4967  2487  2488  0  0  0  0
491  7448  7447  4967  4968  0  0  0  0
733  9928  9927  7447  7448  0  0  0  0
8  2489  2488  8  9  0  0  0  0
250  4969  4968  2488  2489  0  0  0  0
492  7449  7448  4968  4969  0  0  0  0
734  9929  9928  7448  7449  0  0  0  0
9  2490  2489  9  10  0  0  0  0
251  4970  4969  2489  2490  0  0  0  0
493  7450  7449  4969  4970  0  0  0  0
735  9930  9929  7449  7450  0  0  0  0
10  2491  2490  10  11  0  0  0  0
252  4971  4970  2490  2491  0  0  0  0
494  7451  7450  4970  4971  0  0  0  0
736  9931  9930  7450  7451  0  0  0  0
11  2492  2491  11  12  0  0  0  0
253  4972  4971  2491  2492  0  0  0  0
495  7452  7451  4971  4972  0  0  0  0
737  9932  9931  7451  7452  0  0  0  0
12  2493  2492  12  13  0  0  0  0
254  4973  4972  2492  2493  0  0  0  0
496  7453  7452  4972  4973  0  0  0  0
738  9933  9932  7452  7453  0  0  0  0
13  2494  2493  13  14  0  0  0  0
255  4974  4973  2493  2494  0  0  0  0
497  7454  7453  4973  4974  0  0  0  0
739  9934  9933  7453  7454  0  0  0  0
14  2495  2494  14  15  0  0  0  0
256  4975  4974  2494  2495  0  0  0  0
498  7455  7454  4974  4975  0  0  0  0
740  9935  9934  7454  7455  0  0  0  0
15  2496  2495  15  16  0  0  0  0
257  4976  4975  2495  2496  0  0  0  0
499  7456  7455  4975  4976  0  0  0  0
741  9936  9935  7455  7456  0  0  0  0
16  2497  2496  16  17  0  0  0  0
258  4977  4976  2496  2497  0  0  0  0
500  7457  7456  4976  4977  0  0  0  0
742  9937  9936  7456  7457  0  0  0  0
17  2498  2497  17  18  0  0  0  0
259  4978  4977  2497  2498  0  0  0  0
501  7458  7457  4977  4978  0  0  0  0
743  9938  9937  7457  7458  0  0  0  0
18  2499  2498  18  19  0  0  0  0
260  4979  4978  2498  2499  0  0  0  0
502  7459  7458  4978  4979  0  0  0  0
744  9939  9938  7458  7459  0  0  0  0
19  2500  2499  19  20  0  0  0  0
261  4980  4979  2499  2500  0  0  0  0
503  7460  7459  4979  4980  0  0  0  0
745  9940  9939  7459  7460  0  0  0  0
20  2501  2500  20  21  0  0  0  0
262  4981  4980  2500  2501  0  0  0  0
504  7461  7460  4980  4981  0  0  0  0
746  9941  9940  7460  7461  0  0  0  0
21  2502  2501  21  22  0  0  0  0
263  4982  4981  2501  2502  0  0  0  0
505  7462  7461  4981  4982  0  0  0  0
747  9942  9941  7461  7462  0  0  0  0
22  2503  2502  22  23  0  0  0  0
264  4983  4982  2502  2503  0  0  0  0
506  7463  7462  4982  4983  0  0  0  0
748  9943  9942  7462  7463  0  0  0  0
23  2504  2503  23  24  0  0  0  0
265  4984  4983  2503  2504  0  0  0  0
507  7464  7463  4983  4984  0  0  0  0
749  9944  9943  7463  7464  0  0  0  0
24  2505  2504  24  25  0  0  0  0
266  4985  4984  2504  2505  0  0  0  0
508  7465  7464  4984  4985  0  0  0  0
750  9945  9944  7464  7465  0  0  0  0
25  2506  2505  25  26  0  0  0  0
267  4986  4985  2505  2506  0  0  0  0
509  7466  7465  4985  4986  0  0  0  0
751  9946  9945  7465  7466  0  0  0  0
26  2507  2506  26  27  0  0  0  0
268  4987  4986  2506  2507  0  0  0  0
510  7467  7466  4986  4987  0  0  0  0
752  9947  9946  7466  7467  0  0  0  0
27  2508  2507  27  28  0  0  0  0
269  4988  4987  2507  2508  0  0  0  0
511  7468  7467  4987  4988  0  0  0  0
753  9948  9947  7467  7468  0  0  0  0
28  2509  2508  28  29  0  0  0  0
270  4989  4988  2508  2509  0  0  0  0
512  7469  7468  4988  4989  0  0  0  0
754  9949  9948  7468  7469  0  0  0  0
29  2510  2509  29  30  0  0  0  0
271  4990  4989  2509  2510  0  0  0  0
513  7470  7469  4989  4990  0  0  0  0
755  9950  9949  7469  7470  0  0  0  0
30  2511  2510  30  31  0  0  0  0
272  4991  4990  2510  2511  0  0  0  0
514  7471  7470  4990  4991  0  0  0  0
756  9951  9950  7470  7471  0  0  0  0
31  2512  2511  31  32  0  0  0  0
273  4992  4991  2511  2512  0  0  0  0
515  7472  7471  4991  4992  0  0  0  0
757  9952  9951  7471  7472  0  0  0  0
32  2513  2512  32  33  0  0  0  0
274  4993  4992  2512  2513  0  0  0  0
516  7473  7472  4992  4993  0  0  0  0
758  9953  9952  7472  7473  0  0  0  0
33  2514  2513  33  34  0  0  0  0
275  4994  4993  2513  2514  0  0  0  0
517  7474  7473  4993  4994  0  0  0  0
759  9954  9953  7473  7474  0  0  0  0
34  2515  2514  34  35  0  0  0  0
276  4995  4994  2514  2515  0  0  0  0
518  7475  7474  4994  4995  0  0  0  0
760  9955  9954  7474  7475  0  0  0  0
35  2516  2515  35  36  0  0  0  0
277  4996  4995  2515  2516  0  0  0  0
519  7476  7475  4995  4996  0  0  0  0
761  9956  9955  7475  7476  0  0  0  0
36  2517  2516  36  37  0  0  0  0
278  4997  4996  2516  2517  0  0  0  0
520  7477  7476  4996  4997  0  0  0  0
762  9957  9956  7476  7477  0  0  0  0
37  2518  2517  37  38  0  0  0  0
279  4998  4997  2517  2518  0  0  0  0
521  7478  7477  4997  4998  0  0  0  0
763  9958  9957  7477  7478  0  0  0  0
38  2519  2518  38  39  0  0  0  0
280  4999  4998  2518  2519  0  0  0  0
522  7479  7478  4998  4999  0  0  0  0
764  9959  9958  7478  7479  0  0  0  0
39  2520  2519  39  40  0  0  0  0
281  5000  4999  2519  2520  0  0  0  0
523  7480  7479  4999  5000  0  0  0  0
765  9960  9959  7479  7480  0  0  0  0
40  2521  2520  40  41  0  0  0  0
282  5001  5000  2520  2521  0  0  0  0
524  7481  7480  5000  5001  0  0  0  0
766  9961  9960  7480  7481  0  0  0  0
41  2522  2521  41  42  0  0  0  0
283  5002  5001  2521  2522  0  0  0  0
525  7482  7481  5001  5002  0  0  0  0
767  9962  9961  7481  7482  0  0  0  0
42  2523  2522  42  43  0  0  0  0
284  5003  5002  2522  2523  0  0  0  0
526  7483  7482  5002  5003  0  0  0  0
768  9963  9962  7482  7483  0  0  0  0
43  2524  2523  43  44  0  0  0  0
285  5004  5003  2523  2524  0  0  0  0
527  7484  7483  5003  5004  0  0  0  0
769  9964  9963  7483  7484  0  0  0  0
44  2525  2524  44  45  0  0  0  0
286  5005  5004  2524  2525  0  0  0  0
528  7485  7484  5004  5005  0  0  0  0
770  9965  9964  7484  7485  0  0  0  0
45  2526  2525  45  46  0  0  0  0
287  5006  5005  2525  2526  0  0  0  0
529  7486  7485  5005  5006  0  0  0  0
771  9966  9965  7485  7486  0  0  0  0
46  2527  2526  46  47  0  0  0  0
288  5007  5006  2526  2527  0  0  0  0
530  7487  7486  5006  5007  0  0  0  0
772  9967  9966  7486  7487  0  0  0  0
47  2528  2527  47  48  0  0  0  0
289  5008  5007  2527  2528  0  0  0  0
531  7488  7487  5007  5008  0  0  0  0
773  9968  9967  7487  7488  0  0  0  0
48  2529  2528  48  49  0  0  0  0
290  5009  5008  2528  2529  0  0  0  0
532  7489  7488  5008  5009  0  0  0  0
774  9969  9968  7488  7489  0  0  0  0
49  2530  2529  49  50  0  0  0  0
291  5010  5009  2529  2530  0  0  0  0
533  7490  7489  5009  5010  0  0  0  0
775  9970  9969  7489  7490  0  0  0  0
50  2531  2530  50  51  0  0  0  0
292  5011  5010  2530  2531  0  0  0  0
534  7491  7490  5010  5011  0  0  0  0
776  9971  9970  7490  7491  0  0  0  0
51  2532  2531  51  52  0  0  0  0
293  5012  5011  2531  2532  0  0  0  0
535  7492  7491  5011  5012  0  0  0  0
777  9972  9971  7491  7492  0  0  0  0
52  2533  2532  52  53  0  0  0  0
294  5013  5012  2532  2533  0  0  0  0
536  7493  7492  5012  5013  0  0  0  0
778  9973  9972  7492  7493  0  0  0  0
53  2534  2533  53  54  0  0  0  0
295  5014  5013  2533  2534  0  0  0  0
537  7494  7493  5013  5014  0  0  0  0
779  9974  9973  7493  7494  0  0  0  0
54  2535  2534  54  55  0  0  0  0
296  5015  5014  2534  2535  0  0  0  0
538  7495  7494  5014  5015  0  0  0  0
780  9975  9974  7494  7495  0  0  0  0
55  2536  2535  55  56  0  0  0  0
297  5016  5015  2535  2536  0  0  0  0
539  7496  7495  5015  5016  0  0  0  0
781  9976  9975  7495  7496  0  0  0  0
56  2537  2536  56  57  0  0  0  0
298  5017  5016  2536  2537  0  0  0  0
540  7497  7496  5016  5017  0  0  0  0
782  9977  9976  7496  7497  0  0  0  0
57  2538  2537  57  58  0  0  0  0
299  5018  5017  2537  2538  0  0  0  0
541  7498  7497  5017  5018  0  0  0  0
783  9978  9977  7497  7498  0  0  0  0
58  2539  2538  58  59  0  0  0  0
300  5019  5018  2538  2539  0  0  0  0
542  7499  7498  5018  5019  0  0  0  0
784  9979  9978  7498  7499  0  0  0  0
59  2540  2539  59  60  0  0  0  0
301  5020  5019  2539  2540  0  0  0  0
543  7500  7499  5019  5020  0  0  0  0
785  9980  9979  7499  7500  0  0  0  0
60  2541  2540  60  61  0  0  0  0
302  5021  5020  2540  2541  0  0  0  0
544  7501  7500  5020  5021  0  0  0  0
786  9981  9980  7500  7501  0  0  0  0
61  2542  2541  61  62  0  0  0  0
303  5022  5021  2541  2542  0  0  0  0
545  7502  7501  5021  5022  0  0  0  0
787  9982  9981  7501  7502  0  0  0  0
62  2543  2542  62  63  0  0  0  0
304  5023  5022  2542  2543  0  0  0  0
546  7503  7502  5022  5023  0  0  0  0
788  9983  9982  7502  7503  0  0  0  0
63  2544  2543  63  64  0  0  0  0
305  5024  5023  2543  2544  0  0  0  0
547  7504  7503  5023  5024  0  0  0  0
789  9984  9983  7503  7504  0  0  0  0
64  2545  2544  64  65  0  0  0  0
306  5025  5024  2544  2545  0  0  0  0
548  7505  7504  5024  5025  0  0  0  0
790  9985  9984  7504  7505  0  0  0  0
65  2546  2545  65  66  0  0  0  0
307  5026  5025  2545  2546  0  0  0  0
549  7506  7505  5025  5026  0  0  0  0
791  9986  9985  7505  7506  0  0  0  0
66  2547  2546  66  67  0  0  0  0
308  5027  5026  2546  2547  0  0  0  0
550  7507  7506  5026  5027  0  0  0  0
792  9987  9986  7506  7507  0  0  0  0
67  2548  2547  67  68  0  0  0  0
309  5028  5027  2547  2548  0  0  0  0
551  7508  7507  5027  5028  0  0  0  0
793  9988  9987  7507  7508  0  0  0  0
68  2549  2548  68  69  0  0  0  0
310  5029  5028  2548  2549  0  0  0  0
552  7509  7508  5028  5029  0  0  0  0
794  9989  9988  7508  7509  0  0  0  0
69  2550  2549  69  70  0  0  0  0
311  5030  5029  2549  2550  0  0  0  0
553  7510  7509  5029  5030  0  0  0  0
795  9990  9989  7509  7510  0  0  0  0
70  2551  2550  70  71  0  0  0  0
312  5031  5030  2550  2551  0  0  0  0
554  7511  7510  5030  5031  0  0  0  0
796  9991  9990  7510  7511  0  0  0  0
71  2552  2551  71  72  0  0  0  0
313  5032  5031  2551  2552  0  0  0  0
555  7512  7511  5031  5032  0  0  0  0
797  9992  9991  7511  7512  0  0  0  0
72  2553  2552  72  73  0  0  0  0
314  5033  5032  2552  2553  0  0  0  0
556  7513  7512  5032  5033  0  0  0  0
798  9993  9992  7512  7513  0  0  0  0
73  2554  2553  73  74  0  0  0  0
315  5034  5033  2553  2554  0  0  0  0
557  7514  7513  5033  5034  0  0  0  0
799  9994  9993  7513  7514  0  0  0  0
74  2555  2554  74  75  0  0  0  0
316  5035  5034  2554  2555  0  0  0  0
558  7515  7514  5034  5035  0  0  0  0
800  9995  9994  7514  7515  0  0  0  0
75  2556  2555  75  76  0  0  0  0
317  5036  5035  2555  2556  0  0  0  0
559  7516  7515  5035  5036  0  0  0  0
801  9996  9995  7515  7516  0  0  0  0
76  2557  2556  76  77  0  0  0  0
318  5037  5036  2556  2557  0  0  0  0
560  7517  7516  5036  5037  0  0  0  0
802  9997  9996  7516  7517  0  0  0  0
77  2558  2557  77  78  0  0  0  0
319  5038  5037  2557  2558  0  0  0  0
561  7518  7517  5037  5038  0  0  0  0
803  9998  9997  7517  7518  0  0  0  0
78  2559  2558  78  79  0  0  0  0
320  5039  5038  2558  2559  0  0  0  0
562  7519  7518  5038  5039  0  0  0  0
804  9999  9998  7518  7519  0  0  0  0
79  2560  2559  79  80  0  0  0  0
321  5040  5039  2559  2560  0  0  0  0
563  7520  7519  5039  5040  0  0  0  0
805  10000  9999  7519  7520  0  0  0  0
80  2561  2560  80  81  0  0  0  0
322  5041  5040  2560  2561  0  0  0  0
564  7521  7520  5040  5041  0  0  0  0
806  10001  10000  7520  7521  0  0  0  0
81  2562  2561  81  82  0  0  0  0
323  5042  5041  2561  2562  0  0  0  0
565  7522  7521  5041  5042  0  0  0  0
807  10002  10001  7521  7522  0  0  0  0
82  2563  2562  82  83  0  0  0  0
324  5043  5042  2562  2563  0  0  0  0
566  7523  7522  5042  5043  0  0  0  0
808  10003  10002  7522  7523  0  0  0  0
83  2564  2563  83  84  0  0  0  0
325  5044  5043  2563  2564  0  0  0  0
567  7524  7523  5043  5044  0  0  0  0
809  10004  10003  7523  7524  0  0  0  0
84  2565  2564  84  85  0  0  0  0
326  5045  5044  2564  2565  0  0  0  0
568  7525  7524  5044  5045  0  0  0  0
810  10005  10004  7524  7525  0  0  0  0
85  2566  2565  85  86  0  0  0  0
327  5046  5045  2565  2566  0  0  0  0
569  7526  7525  5045  5046  0  0  0  0
811  10006  10005  7525  7526  0  0  0  0
86  2567  2566  86  87  0  0  0  0
328  5047  5046  2566  2567  0  0  0  0
570  7527  7526  5046  5047  0  0  0  0
812  10007  10006  7526  7527  0  0  0  0
87  2568  2567  87  88  0  0  0  0
329  5048  5047  2567  2568  0  0  0  0
571  7528  7527  5047  5048  0  0  0  0
813  10008  10007  7527  7528  0  0  0  0
88  2569  2568  88  89  0  0  0  0
330  5049  5048  2568  2569  0  0  0  0
572  7529  7528  5048  5049  0  0  0  0
814  10009  10008  7528  7529  0  0  0  0
89  2570  2569  89  90  0  0  0  0
331  5050  5049  2569  2570  0  0  0  0
573  7530  7529  5049  5050  0  0  0  0
815  10010  10009  7529  7530  0  0  0  0
90  2571  2570  90  91  0  0  0  0
332  5051  5050  2570  2571  0  0  0  0
574  7531  7530  5050  5051  0  0  0  0
816  10011  10010  7530  7531  0  0  0  0
91  2572  2571  91  92  0  0  0  0
333  5052  5051  2571  2572  0  0  0  0
575  7532  7531  5051  5052  0  0  0  0
817  10012  10011  7531  7532  0  0  0  0
92  2573  2572  92  93  0  0  0  0
334  5053  5052  2572  2573  0  0  0  0
576  7533  7532  5052  5053  0  0  0  0
818  10013  10012  7532  7533  0  0  0  0
93  2574  2573  93  94  0  0  0  0
335  5054  5053  2573  2574  0  0  0  0
577  7534  7533  5053  5054  0  0  0  0
819  10014  10013  7533  7534  0  0  0  0
94  2575  2574  94  95  0  0  0  0
336  5055  5054  2574  2575  0  0  0  0
578  7535  7534  5054  5055  0  0  0  0
820  10015  10014  7534  7535  0  0  0  0
95  2576  2575  95  96  0  0  0  0
337  5056  5055  2575  2576  0  0  0  0
579  7536  7535  5055  5056  0  0  0  0
821  10016  10015  7535  7536  0  0  0  0
96  2577  2576  96  97  0  0  0  0
338  5057  5056  2576  2577  0  0  0  0
580  7537  7536  5056  5057  0  0  0  0
822  10017  10016  7536  7537  0  0  0  0
97  2578  2577  97  98  0  0  0  0
339  5058  5057  2577  2578  0  0  0  0
581  7538  7537  5057  5058  0  0  0  0
823  10018  10017  7537  7538  0  0  0  0
98  2579  2578  98  99  0  0  0  0
340  5059  5058  2578  2579  0  0  0  0
582  7539  7538  5058  5059  0  0  0  0
824  10019  10018  7538  7539  0  0  0  0
99  2580  2579  99  100  0  0  0  0
341  5060  5059  2579  2580  0  0  0  0
583  7540  7539  5059  5060  0  0  0  0
825  10020  10019  7539  7540  0  0  0  0
100  2581  2580  100  101  0  0  0  0
342  5061  5060  2580  2581  0  0  0  0
584  7541  7540  5060  5061  0  0  0  0
826  10021  10020  7540  7541  0  0  0  0
101  2582  2581  101  102  0  0  0  0
343  5062  5061  2581  2582  0  0  0  0
585  7542  7541  5061  5062  0  0  0  0
827  10022  10021  7541  7542  0  0  0  0
102  2583  2582  102  103  0  0  0  0
344  5063  5062  2582  2583  0  0  0  0
586  7543  7542  5062  5063  0  0  0  0
828  10023  10022  7542  7543  0  0  0  0
103  2584  2583  103  104  0  0  0  0
345  5064  5063  2583  2584  0  0  0  0
587  7544  7543  5063  5064  0  0  0  0
829  10024  10023  7543  7544  0  0  0  0
104  2585  2584  104  105  0  0  0  0
346  5065  5064  2584  2585  0  0  0  0
588  7545  7544  5064  5065  0  0  0  0
830  10025  10024  7544  7545  0  0  0  0
105  2586  2585  105  106  0  0  0  0
347  5066  5065  2585  2586  0  0  0  0
589  7546  7545  5065  5066  0  0  0  0
831  10026  10025  7545  7546  0  0  0  0
106  2587  2586  106  107  0  0  0  0
348  5067  5066  2586  2587  0  0  0  0
590  7547  7546  5066  5067  0  0  0  0
832  10027  10026  7546  7547  0  0  0  0
107  2588  2587  107  108  0  0  0  0
349  5068  5067  2587  2588  0  0  0  0
591  7548  7547  5067  5068  0  0  0  0
833  10028  10027  7547  7548  0  0  0  0
108  2589  2588  108  109  0  0  0  0
350  5069  5068  2588  2589  0  0  0  0
592  7549  7548  5068  5069  0  0  0  0
834  10029  10028  7548  7549  0  0  0  0
109  2590  2589  109  110  0  0  0  0
351  5070  5069  2589  2590  0  0  0  0
593  7550  7549  5069  5070  0  0  0  0
835  10030  10029  7549  7550  0  0  0  0
110  2591  2590  110  111  0  0  0  0
352  5071  5070  2590  2591  0  0  0  0
594  7551  7550  5070  5071  0  0  0  0
836  10031  10030  7550  7551  0  0  0  0
111  2592  2591  111  112  0  0  0  0
353  5072  5071  2591  2592  0  0  0  0
595  7552  7551  5071  5072  0  0  0  0
837  10032  10031  7551  7552  0  0  0  0
112  2593  2592  112  113  0  0  0  0
354  5073  5072  2592  2593  0  0  0  0
596  7553  7552  5072  5073  0  0  0  0
838  10033  10032  7552  7553  0  0  0  0
113  2594  2593  113  114  0  0  0  0
355  5074  5073  2593  2594  0  0  0  0
597  7554  7553  5073  5074  0  0  0  0
839  10034  10033  7553  7554  0  0  0  0
114  2595  2594  114  115  0  0  0  0
356  5075  5074  2594  2595  0  0  0  0
598  7555  7554  5074  5075  0  0  0  0
840  10035  10034  7554  7555  0  0  0  0
115  2596  2595  115  116  0  0  0  0
357  5076  5075  2595  2596  0  0  0  0
599  7556  7555  5075  5076  0  0  0  0
841  10036  10035  7555  7556  0  0  0  0
116  2597  2596  116  117  0  0  0  0
358  5077  5076  2596  2597  0  0  0  0
600  7557  7556  5076  5077  0  0  0  0
842  10037  10036  7556  7557  0  0  0  0
117  2598  2597  117  118  0  0  0  0
359  5078  5077  2597  2598  0  0  0  0
601  7558  7557  5077  5078  0  0  0  0
843  10038  10037  7557  7558  0  0  0  0
118  2599  2598  118  119  0  0  0  0
360  5079  5078  2598  2599  0  0  0  0
602  7559  7558  5078  5079  0  0  0  0
844  10039  10038  7558  7559  0  0  0  0
119  2600  2599  119  120  0  0  0  0
361  5080  5079  2599  2600  0  0  0  0
603  7560  7559  5079  5080  0  0  0  0
845  10040  10039  7559  7560  0  0  0  0
120  2601  2600  120  121  0  0  0  0
362  5081  5080  2600  2601  0  0  0  0
604  7561  7560  5080  5081  0  0  0  0
846  10041  10040  7560  7561  0  0  0  0
121  2602  2601  121  122  0  0  0  0
363  5082  5081  2601  2602  0  0  0  0
605  7562  7561  5081  5082  0  0  0  0
847  10042  10041  7561  7562  0  0  0  0
122  2603  2602  122  123  0  0  0  0
364  5083  5082  2602  2603  0  0  0  0
606  7563  7562  5082  5083  0  0  0  0
848  10043  10042  7562  7563  0  0  0  0
123  2604  2603  123  124  0  0  0  0
365  5084  5083  2603  2604  0  0  0  0
607  7564  7563  5083  5084  0  0  0  0
849  10044  10043  7563  7564  0  0  0  0
124  2605  2604  124  125  0  0  0  0
366  5085  5084  2604  2605  0  0  0  0
608  7565  7564  5084  5085  0  0  0  0
850  10045  10044  7564  7565  0  0  0  0
125  2606  2605  125  126  0  0  0  0
367  5086  5085  2605  2606  0  0  0  0
609  7566  7565  5085  5086  0  0  0  0
851  10046  10045  7565  7566  0  0  0  0
126  2607  2606  126  127  0  0  0  0
368  5087  5086  2606  2607  0  0  0  0
610  7567  7566  5086  5087  0  0  0  0
852  10047  10046  7566  7567  0  0  0  0
127  2608  2607  127  128  0  0  0  0
369  5088  5087  2607  2608  0  0  0  0
611  7568  7567  5087  5088  0  0  0  0
853  10048  10047  7567  7568  0  0  0  0
128  2609  2608  128  129  0  0  0  0
370  5089  5088  2608  2609  0  0  0  0
612  7569  7568  5088  5089  0  0  0  0
854  10049  10048  7568  7569  0  0  0  0
129  2610  2609  129  130  0  0  0  0
371  5090  5089  2609  2610  0  0  0  0
613  7570  7569  5089  5090  0  0  0  0
855  10050  10049  7569  7570  0  0  0  0
130  2611  2610  130  131  0  0  0  0
372  5091  5090  2610  2611  0  0  0  0
614  7571  7570  5090  5091  0  0  0  0
856  10051  10050  7570  7571  0  0  0  0
131  2612  2611  131  132  0  0  0  0
373  5092  5091  2611  2612  0  0  0  0
615  7572  7571  5091  5092  0  0  0  0
857  10052  10051  7571  7572  0  0  0  0
132  2613  2612  132  133  0  0  0  0
374  5093  5092  2612  2613  0  0  0  0
616  7573  7572  5092  5093  0  0  0  0
858  10053  10052  7572  7573  0  0  0  0
133  2614  2613  133  134  0  0  0  0
375  5094  5093  2613  2614  0  0  0  0
617  7574  7573  5093  5094  0  0  0  0
859  10054  10053  7573  7574  0  0  0  0
134  2615  2614  134  135  0  0  0  0
376  5095  5094  2614  2615  0  0  0  0
618  7575  7574  5094  5095  0  0  0  0
860  10055  10054  7574  7575  0  0  0  0
135  2616  2615  135  136  0  0  0  0
377  5096  5095  2615  2616  0  0  0  0
619  7576  7575  5095  5096  0  0  0  0
861  10056  10055  7575  7576  0  0  0  0
136  2617  2616  136  137  0  0  0  0
378  5097  5096  2616  2617  0  0  0  0
620  7577  7576  5096  5097  0  0  0  0
862  10057  10056  7576  7577  0  0  0  0
137  2618  2617  137  138  0  0  0  0
379  5098  5097  2617  2618  0  0  0  0
621  7578  7577  5097  5098  0  0  0  0
863  10058  10057  7577  7578  0  0  0  0
138  2619  2618  138  139  0  0  0  0
380  5099  5098  2618  2619  0  0  0  0
622  7579  7578  5098  5099  0  0  0  0
864  10059  10058  7578  7579  0  0  0  0
139  2620  2619  139  140  0  0  0  0
381  5100  5099  2619  2620  0  0  0  0
623  7580  7579  5099  5100  0  0  0  0
865  10060  10059  7579  7580  0  0  0  0
140  2621  2620  140  141  0  0  0  0
382  5101  5100  2620  2621  0  0  0  0
624  7581  7580  5100  5101  0  0  0  0
866  10061  10060  7580  7581  0  0  0  0
141  2622  2621  141  142  0  0  0  0
383  5102  5101  2621  2622  0  0  0  0
625  7582  7581  5101  5102  0  0  0  0
867  10062  10061  7581  7582  0  0  0  0
142  2623  2622  142  143  0  0  0  0
384  5103  5102  2622  2623  0  0  0  0
626  7583  7582  5102  5103  0  0  0  0
868  10063  10062  7582  7583  0  0  0  0
143  2624  2623  143  144  0  0  0  0
385  5104  5103  2623  2624  0  0  0  0
627  7584  7583  5103  5104  0  0  0  0
869  10064  10063  7583  7584  0  0  0  0
144  2625  2624  144  145  0  0  0  0
386  5105  5104  2624  2625  0  0  0  0
628  7585  7584  5104  5105  0  0  0  0
870  10065  10064  7584  7585  0  0  0  0
145  2626  2625  145  146  0  0  0  0
387  5106  5105  2625  2626  0  0  0  0
629  7586  7585  5105  5106  0  0  0  0
871  10066  10065  7585  7586  0  0  0  0
146  2627  2626  146  147  0  0  0  0
388  5107  5106  2626  2627  0  0  0  0
630  7587  7586  5106  5107  0  0  0  0
872  10067  10066  7586  7587  0  0  0  0
147  2628  2627  147  148  0  0  0  0
389  5108  5107  2627  2628  0  0  0  0
631  7588  7587  5107  5108  0  0  0  0
873  10068  10067  7587  7588  0  0  0  0
148  2629  2628  148  149  0  0  0  0
390  5109  5108  2628  2629  0  0  0  0
632  7589  7588  5108  5109  0  0  0  0
874  10069  10068  7588  7589  0  0  0  0
149  2630  2629  149  150  0  0  0  0
391  5110  5109  2629  2630  0  0  0  0
633  7590  7589  5109  5110  0  0  0  0
875  10070  10069  7589  7590  0  0  0  0
150  2631  2630  150  151  0  0  0  0
392  5111  5110  2630  2631  0  0  0  0
634  7591  7590  5110  5111  0  0  0  0
876  10071  10070  7590  7591  0  0  0  0
151  2632  2631  151  152  0  0  0  0
393  5112  5111  2631  2632  0  0  0  0
635  7592  7591  5111  5112  0  0  0  0
877  10072  10071  7591  7592  0  0  0  0
152  2633  2632  152  153  0  0  0  0
394  5113  5112  2632  2633  0  0  0  0
636  7593  7592  5112  5113  0  0  0  0
878  10073  10072  7592  7593  0  0  0  0
153  2634  2633  153  154  0  0  0  0
395  5114  5113  2633  2634  0  0  0  0
637  7594  7593  5113  5114  0  0  0  0
879  10074  10073  7593  7594  0  0  0  0
154  2635  2634  154  155  0  0  0  0
396  5115  5114  2634  2635  0  0  0  0
638  7595  7594  5114  5115  0  0  0  0
880  10075  10074  7594  7595  0  0  0  0
155  2636  2635  155  156  0  0  0  0
397  5116  5115  2635  2636  0  0  0  0
639  7596  7595  5115  5116  0  0  0  0
881  10076  10075  7595  7596  0  0  0  0
156  2637  2636  156  157  0  0  0  0
398  5117  5116  2636  2637  0  0  0  0
640  7597  7596  5116  5117  0  0  0  0
882  10077  10076  7596  7597  0  0  0  0
157  2638  2637  157  158  0  0  0  0
399  5118  5117  2637  2638  0  0  0  0
641  7598  7597  5117  5118  0  0  0  0
883  10078  10077  7597  7598  0  0  0  0
158  2639  2638  158  159  0  0  0  0
400  5119  5118  2638  2639  0  0  0  0
642  7599  7598  5118  5119  0  0  0  0
884  10079  10078  7598  7599  0  0  0  0
159  2640  2639  159  160  0  0  0  0
401  5120  5119  2639  2640  0  0  0  0
643  7600  7599  5119  5120  0  0  0  0
885  10080  10079  7599  7600  0  0  0  0
160  2641  2640  160  161  0  0  0  0
402  5121  5120  2640  2641  0  0  0  0
644  7601  7600  5120  5121  0  0  0  0
886  10081  10080  7600  7601  0  0  0  0
161  2642  2641  161  162  0  0  0  0
403  5122  5121  2641  2642  0  0  0  0
645  7602  7601  5121  5122  0  0  0  0
887  10082  10081  7601  7602  0  0  0  0
162  2643  2642  162  163  0  0  0  0
404  5123  5122  2642  2643  0  0  0  0
646  7603  7602  5122  5123  0  0  0  0
888  10083  10082  7602  7603  0  0  0  0
163  2644  2643  163  164  0  0  0  0
405  5124  5123  2643  2644  0  0  0  0
647  7604  7603  5123  5124  0  0  0  0
889  10084  10083  7603  7604  0  0  0  0
164  2645  2644  164  165  0  0  0  0
406  5125  5124  2644  2645  0  0  0  0
648  7605  7604  5124  5125  0  0  0  0
890  10085  10084  7604  7605  0  0  0  0
165  2646  2645  165  166  0  0  0  0
407  5126  5125  2645  2646  0  0  0  0
649  7606  7605  5125  5126  0  0  0  0
891  10086  10085  7605  7606  0  0  0  0
166  2647  2646  166  167  0  0  0  0
408  5127  5126  2646  2647  0  0  0  0
650  7607  7606  5126  5127  0  0  0  0
892  10087  10086  7606  7607  0  0  0  0
167  2648  2647  167  168  0  0  0  0
409  5128  5127  2647  2648  0  0  0  0
651  7608  7607  5127  5128  0  0  0  0
893  10088  10087  7607  7608  0  0  0  0
168  2649  2648  168  169  0  0  0  0
410  5129  5128  2648  2649  0  0  0  0
652  7609  7608  5128  5129  0  0  0  0
894  10089  10088  7608  7609  0  0  0  0
169  2650  2649  169  170  0  0  0  0
411  5130  5129  2649  2650  0  0  0  0
653  7610  7609  5129  5130  0  0  0  0
895  10090  10089  7609  7610  0  0  0  0
170  2651  2650  170  171  0  0  0  0
412  5131  5130  2650  2651  0  0  0  0
654  7611  7610  5130  5131  0  0  0  0
896  10091  10090  7610  7611  0  0  0  0
171  2652  2651  171  172  0  0  0  0
413  5132  5131  2651  2652  0  0  0  0
655  7612  7611  5131  5132  0  0  0  0
897  10092  10091  7611  7612  0  0  0  0
172  2653  2652  172  173  0  0  0  0
414  5133  5132  2652  2653  0  0  0  0
656  7613  7612  5132  5133  0  0  0  0
898  10093  10092  7612  7613  0  0  0  0
173  2654  2653  173  174  0  0  0  0
415  5134  5133  2653  2654  0  0  0  0
657  7614  7613  5133  5134  0  0  0  0
899  10094  10093  7613  7614  0  0  0  0
174  2655  2654  174  175  0  0  0  0
416  5135  5134  2654  2655  0  0  0  0
658  7615  7614  5134  5135  0  0  0  0
900  10095  10094  7614  7615  0  0  0  0
175  2656  2655  175  176  0  0  0  0
417  5136  5135  2655  2656  0  0  0  0
659  7616  7615  5135  5136  0  0  0  0
901  10096  10095  7615  7616  0  0  0  0
176  2657  2656  176  177  0  0  0  0
418  5137  5136  2656  2657  0  0  0  0
660  7617  7616  5136  5137  0  0  0  0
902  10097  10096  7616  7617  0  0  0  0
177  2658  2657  177  178  0  0  0  0
419  5138  5137  2657  2658  0  0  0  0
661  7618  7617  5137  5138  0  0  0  0
903  10098  10097  7617  7618  0  0  0  0
178  2659  2658  178  179  0  0  0  0
420  5139  5138  2658  2659  0  0  0  0
662  7619  7618  5138  5139  0  0  0  0
904  10099  10098  7618  7619  0  0  0  0
179  2660  2659  179  180  0  0  0  0
421  5140  5139  2659  2660  0  0  0  0
663  7620  7619  5139  5140  0  0  0  0
905  10100  10099  7619  7620  0  0  0  0
180  2661  2660  180  181  0  0  0  0
422  5141  5140  2660  2661  0  0  0  0
664  7621  7620  5140  5141  0  0  0  0
906  10101  10100  7620  7621  0  0  0  0
181  2662  2661  181  182  0  0  0  0
423  5142  5141  2661  2662  0  0  0  0
665  7622  7621  5141  5142  0  0  0  0
907  10102  10101  7621  7622  0  0  0  0
182  2663  2662  182  183  0  0  0  0
424  5143  5142  2662  2663  0  0  0  0
666  7623  7622  5142  5143  0  0  0  0
908  10103  10102  7622  7623  0  0  0  0
183  2664  2663  183  184  0  0  0  0
425  5144  5143  2663  2664  0  0  0  0
667  7624  7623  5143  5144  0  0  0  0
909  10104  10103  7623  7624  0  0  0  0
184  2665  2664  184  185  0  0  0  0
426  5145  5144  2664  2665  0  0  0  0
668  7625  7624  5144  5145  0  0  0  0
910  10105  10104  7624  7625  0  0  0  0
185  2666  2665  185  186  0  0  0  0
427  5146  5145  2665  2666  0  0  0  0
669  7626  7625  5145  5146  0  0  0  0
911  10106  10105  7625  7626  0  0  0  0
186  2667  2666  186  187  0  0  0  0
428  5147  5146  2666  2667  0  0  0  0
670  7627  7626  5146  5147  0  0  0  0
912  10107  10106  7626  7627  0  0  0  0
187  2668  2667  187  188  0  0  0  0
429  5148  5147  2667  2668  0  0  0  0
671  7628  7627  5147  5148  0  0  0  0
913  10108  10107  7627  7628  0  0  0  0
188  2669  2668  188  189  0  0  0  0
430  5149  5148  2668  2669  0  0  0  0
672  7629  7628  5148  5149  0  0  0  0
914  10109  10108  7628  7629  0  0  0  0
189  2670  2669  189  190  0  0  0  0
431  5150  5149  2669  2670  0  0  0  0
673  7630  7629  5149  5150  0  0  0  0
915  10110  10109  7629  7630  0  0  0  0
190  2671  2670  190  191  0  0  0  0
432  5151  5150  2670  2671  0  0  0  0
674  7631  7630  5150  5151  0  0  0  0
916  10111  10110  7630  7631  0  0  0  0
191  2672  2671  191  192  0  0  0  0
433  5152  5151  2671  2672  0  0  0  0
675  7632  7631  5151  5152  0  0  0  0
917  10112  10111  7631  7632  0  0  0  0
192  2673  2672  192  193  0  0  0  0
434  5153  5152  2672  2673  0  0  0  0
676  7633  7632  5152  5153  0  0  0  0
918  10113  10112  7632  7633  0  0  0  0
193  2674  2673  193  194  0  0  0  0
435  5154  5153  2673  2674  0  0  0  0
677  7634  7633  5153  5154  0  0  0  0
919  10114  10113  7633  7634  0  0  0  0
194  2675  2674  194  195  0  0  0  0
436  5155  5154  2674  2675  0  0  0  0
678  7635  7634  5154  5155  0  0  0  0
920  10115  10114  7634  7635  0  0  0  0
195  2676  2675  195  196  0  0  0  0
437  5156  5155  2675  2676  0  0  0  0
679  7636  7635  5155  5156  0  0  0  0
921  10116  10115  7635  7636  0  0  0  0
196  2677  2676  196  197  0  0  0  0
438  5157  5156  2676  2677  0  0  0  0
680  7637  7636  5156  5157  0  0  0  0
922  10117  10116  7636  7637  0  0  0  0
197  2678  2677  197  198  0  0  0  0
439  5158  5157  2677  2678  0  0  0  0
681  7638  7637  5157  5158  0  0  0  0
923  10118  10117  7637  7638  0  0  0  0
198  2679  2678  198  199  0  0  0  0
440  5159  5158  2678  2679  0  0  0  0
682  7639  7638  5158  5159  0  0  0  0
924  10119  10118  7638  7639  0  0  0  0
199  2481  2679  199  1  0  0  0  0
441  4961  5159  2679  2481  0  0  0  0
683  7441  7639  5159  4961  0  0  0  0
925  9921  10119  7639  7441  0  0  0  0
200  2680  2627  147  200  0  0  0  0
442  5160  5107  2627  2680  0  0  0  0
684  7640  7587  5107  5160  0  0  0  0
926  10120  10067  7587  7640  0  0  0  0
201  2681  2680  200  201  0  0  0  0
443  5161  5160  2680  2681  0  0  0  0
685  7641  7640  5160  5161  0  0  0  0
927  10121  10120  7640  7641  0  0  0  0
202  2682  2681  201  202  0  0  0  0
444  5162  5161  2681  2682  0  0  0  0
686  7642  7641  5161  5162  0  0  0  0
928  10122  10121  7641  7642  0  0  0  0
203  2683  2682  202  203  0  0  0  0
445  5163  5162  2682  2683  0  0  0  0
687  7643  7642  5162  5163  0  0  0  0
929  10123  10122  7642  7643  0  0  0  0
204  2684  2683  203  204  0  0  0  0
446  5164  5163  2683  2684  0  0  0  0
688  7644  7643  5163  5164  0  0  0  0
930  10124  10123  7643  7644  0  0  0  0
205  2685  2684  204  205  0  0  0  0
447  5165  5164  2684  2685  0  0  0  0
689  7645  7644  5164  5165  0  0  0  0
931  10125  10124  7644  7645  0  0  0  0
206  2686  2685  205  206  0  0  0  0
448  5166  5165  2685  2686  0  0  0  0
690  7646  7645  5165  5166  0  0  0  0
932  10126  10125  7645  7646  0  0  0  0
207  2687  2686  206  207  0  0  0  0
449  5167  5166  2686  2687  0  0  0  0
691  7647  7646  5166  5167  0  0  0  0
933  10127  10126  7646  7647  0  0  0  0
208  2688  2687  207  208  0  0  0  0
450  5168  5167  2687  2688  0  0  0  0
692  7648  7647  5167  5168  0  0  0  0
934  10128  10127  7647  7648  0  0  0  0
209  2689  2688  208  209  0  0  0  0
451  5169  5168  2688  2689  0  0  0  0
693  7649  7648  5168  5169  0  0  0  0
935  10129  10128  7648  7649  0  0  0  0
210  2690  2689  209  210  0  0  0  0
452  5170  5169  2689  2690  0  0  0  0
694  7650  7649  5169  5170  0  0  0  0
936  10130  10129  7649  7650  0  0  0  0
211  2691  2690  210  211  0  0  0  0
453  5171  5170  2690  2691  0  0  0  0
695  7651  7650  5170  5171  0  0  0  0
937  10131  10130  7650  7651  0  0  0  0
212  2692  2691  211  212  0  0  0  0
454  5172  5171  2691  2692  0  0  0  0
696  7652  7651  5171  5172  0  0  0  0
938  10132  10131  7651  7652  0  0  0  0
213  2693  2692  212  213  0  0  0  0
455  5173  5172  2692  2693  0  0  0  0
697  7653  7652  5172  5173  0  0  0  0
939  10133  10132  7652  7653  0  0  0  0
214  2694  2693  213  214  0  0  0  0
456  5174  5173  2693  2694  0  0  0  0
698  7654  7653  5173  5174  0  0  0  0
940  10134  10133  7653  7654  0  0  0  0
215  2695  2694  214  215  0  0  0  0
457  5175  5174  2694  2695  0  0  0  0
699  7655  7654  5174  5175  0  0  0  0
941  10135  10134  7654  7655  0  0  0  0
216  2696  2695  215  216  0  0  0  0
458  5176  5175  2695  2696  0  0  0  0
700  7656  7655  5175  5176  0  0  0  0
942  10136  10135  7655  7656  0  0  0  0
217  2697  2696  216  217  0  0  0  0
459  5177  5176  2696  2697  0  0  0  0
701  7657  7656  5176  5177  0  0  0  0
943  10137  10136  7656  7657  0  0  0  0
218  2698  2697  217  218  0  0  0  0
460  5178  5177  2697  2698  0  0  0  0
702  7658  7657  5177  5178  0  0  0  0
944  10138  10137  7657  7658  0  0  0  0
219  2699  2698  218  219  0  0  0  0
461  5179  5178  2698  2699  0  0  0  0
703  7659  7658  5178  5179  0  0  0  0
945  10139  10138  7658  7659  0  0  0  0
220  2534  2699  219  54  0  0  0  0
462  5014  5179  2699  2534  0  0  0  0
704  7494  7659  5179  5014  0  0  0  0
946  9974  10139  7659  7494  0  0  0  0
221  2700  2607  127  220  0  0  0  0
463  5180  5087  2607  2700  0  0  0  0
705  7660  7567  5087  5180  0  0  0  0
947  10140  10047  7567  7660  0  0  0  0
222  2701  2700  220  221  0  0  0  0
464  5181  5180  2700  2701  0  0  0  0
706  7661  7660  5180  5181  0  0  0  0
948  10141  10140  7660  7661  0  0  0  0
223  2702  2701  221  222  0  0  0  0
465  5182  5181  2701  2702  0  0  0  0
707  7662  7661  5181  5182  0  0  0  0
949  10142  10141  7661  7662  0  0  0  0
224  2703  2702  222  223  0  0  0  0
466  5183  5182  2702  2703  0  0  0  0
708  7663  7662  5182  5183  0  0  0  0
950  10143  10142  7662  7663  0  0  0  0
225  2704  2703  223  224  0  0  0  0
467  5184  5183  2703  2704  0  0  0  0
709  7664  7663  5183  5184  0  0  0  0
951  10144  10143  7663  7664  0  0  0  0
226  2705  2704  224  225  0  0  0  0
468  5185  5184  2704  2705  0  0  0  0
710  7665  7664  5184  5185  0  0  0  0
952  10145  10144  7664  7665  0  0  0  0
227  2706  2705  225  226  0  0  0  0
469  5186  5185  2705  2706  0  0  0  0
711  7666  7665  5185  5186  0  0  0  0
953  10146  10145  7665  7666  0  0  0  0
228  2707  2706  226  227  0  0  0  0
470  5187  5186  2706  2707  0  0  0  0
712  7667  7666  5186  5187  0  0  0  0
954  10147  10146  7666  7667  0  0  0  0
229  2708  2707  227  228  0  0  0  0
471  5188  5187  2707  2708  0  0  0  0
713  7668  7667  5187  5188  0  0  0  0
955  10148  10147  7667  7668  0  0  0  0
230  2709  2708  228  229  0  0  0  0
472  5189  5188  2708  2709  0  0  0  0
714  7669  7668  5188  5189  0  0  0  0
956  10149  10148  7668  7669  0  0  0  0
231  2710  2709  229  230  0  0  0  0
473  5190  5189  2709  2710  0  0  0  0
715  7670  7669  5189  5190  0  0  0  0
957  10150  10149  7669  7670  0  0  0  0
232  2711  2710  230  231  0  0  0  0
474  5191  5190  2710  2711  0  0  0  0
716  7671  7670  5190  5191  0  0  0  0
958  10151  10150  7670  7671  0  0  0  0
233  2712  2711  231  232  0  0  0  0
475  5192  5191  2711  2712  0  0  0  0
717  7672  7671  5191  5192  0  0  0  0
959  10152  10151  7671  7672  0  0  0  0
234  2713  2712  232  233  0  0  0  0
476  5193  5192  2712  2713  0  0  0  0
718  7673  7672  5192  5193  0  0  0  0
960  10153  10152  7672  7673  0  0  0  0
235  2714  2713  233  234  0  0  0  0
477  5194  5193  2713  2714  0  0  0  0
719  7674  7673  5193  5194  0  0  0  0
961  10154  10153  7673  7674  0  0  0  0
236  2715  2714  234  235  0  0  0  0
478  5195  5194  2714  2715  0  0  0  0
720  7675  7674  5194  5195  0  0  0  0
962  10155  10154  7674  7675  0  0  0  0
237  2716  2715  235  236  0  0  0  0
479  5196  5195  2715  2716  0  0  0  0
721  7676  7675  5195  5196  0  0  0  0
963  10156  10155  7675  7676  0  0  0  0
238  2717  2716  236  237  0  0  0  0
480  5197  5196  2716  2717  0  0  0  0
722  7677  7676  5196  5197  0  0  0  0
964  10157  10156  7676  7677  0  0  0  0
239  2718  2717  237  238  0  0  0  0
481  5198  5197  2717  2718  0  0  0  0
723  7678  7677  5197  5198  0  0  0  0
965  10158  10157  7677  7678  0  0  0  0
240  2719  2718  238  239  0  0  0  0
482  5199  5198  2718  2719  0  0  0  0
724  7679  7678  5198  5199  0  0  0  0
966  10159  10158  7678  7679  0  0  0  0
241  2720  2719  239  240  0  0  0  0
483  5200  5199  2719  2720  0  0  0  0
725  7680  7679  5199  5200  0  0  0  0
967  10160  10159  7679  7680  0  0  0  0
242  2554  2720  240  74  0  0  0  0
484  5034  5200  2720  2554  0  0  0  0
726  7514  7680  5200  5034  0  0  0  0
968  9994  10160  7680  7514  0  0  0  0
