%------------------------------%
%     AIRFOIL  7  DATASET      %
%------------------------------%


% Writing from here with Matlab. 26-Nov-2008 14:27:02.
% Airfoil NAME  cylinder1Cd35

     100            0             0                 0


% Percentage    Reyolds    Chordwise origin    Aileron deployment
% Thickness     Number     for pitch moments   angle

    100           3e+6            50                0

% Angle of   Lift            Drag              Pitch moment
% Attack     Coefficient     coefficient       coefficient
% (deg)



-1.80000e+002   +0.00000e+000   +3.50000e-001   +0.00000e+000
-1.70000e+002   +0.00000e+000   +3.50000e-001   +0.00000e+000
-1.60000e+002   +0.00000e+000   +3.50000e-001   +0.00000e+000
-1.50000e+002   +0.00000e+000   +3.50000e-001   +0.00000e+000
-1.40000e+002   +0.00000e+000   +3.50000e-001   +0.00000e+000
-1.30000e+002   +0.00000e+000   +3.50000e-001   +0.00000e+000
-1.20000e+002   +0.00000e+000   +3.50000e-001   +0.00000e+000
-1.10000e+002   +0.00000e+000   +3.50000e-001   +0.00000e+000
-1.00000e+002   +0.00000e+000   +3.50000e-001   +0.00000e+000
-9.00000e+001   +0.00000e+000   +3.50000e-001   +0.00000e+000
-8.00000e+001   +0.00000e+000   +3.50000e-001   +0.00000e+000
-7.00000e+001   +0.00000e+000   +3.50000e-001   +0.00000e+000
-6.00000e+001   +0.00000e+000   +3.50000e-001   +0.00000e+000
-5.00000e+001   +0.00000e+000   +3.50000e-001   +0.00000e+000
-4.90000e+001   +0.00000e+000   +3.50000e-001   +0.00000e+000
-4.80000e+001   +0.00000e+000   +3.50000e-001   +0.00000e+000
-4.70000e+001   +0.00000e+000   +3.50000e-001   +0.00000e+000
-4.60000e+001   +0.00000e+000   +3.50000e-001   +0.00000e+000
-4.50000e+001   +0.00000e+000   +3.50000e-001   +0.00000e+000
-4.40000e+001   +0.00000e+000   +3.50000e-001   +0.00000e+000
-4.30000e+001   +0.00000e+000   +3.50000e-001   +0.00000e+000
-4.20000e+001   +0.00000e+000   +3.50000e-001   +0.00000e+000
-4.10000e+001   +0.00000e+000   +3.50000e-001   +0.00000e+000
-4.00000e+001   +0.00000e+000   +3.50000e-001   +0.00000e+000
-3.90000e+001   +0.00000e+000   +3.50000e-001   +0.00000e+000
-3.80000e+001   +0.00000e+000   +3.50000e-001   +0.00000e+000
-3.70000e+001   +0.00000e+000   +3.50000e-001   +0.00000e+000
-3.60000e+001   +0.00000e+000   +3.50000e-001   +0.00000e+000
-3.50000e+001   +0.00000e+000   +3.50000e-001   +0.00000e+000
-3.40000e+001   +0.00000e+000   +3.50000e-001   +0.00000e+000
-3.30000e+001   +0.00000e+000   +3.50000e-001   +0.00000e+000
-3.20000e+001   +0.00000e+000   +3.50000e-001   +0.00000e+000
-3.10000e+001   +0.00000e+000   +3.50000e-001   +0.00000e+000
-3.00000e+001   +0.00000e+000   +3.50000e-001   +0.00000e+000
-2.90000e+001   +0.00000e+000   +3.50000e-001   +0.00000e+000
-2.80000e+001   +0.00000e+000   +3.50000e-001   +0.00000e+000
-2.70000e+001   +0.00000e+000   +3.50000e-001   +0.00000e+000
-2.60000e+001   +0.00000e+000   +3.50000e-001   +0.00000e+000
-2.50000e+001   +0.00000e+000   +3.50000e-001   +0.00000e+000
-2.40000e+001   +0.00000e+000   +3.50000e-001   +0.00000e+000
-2.30000e+001   +0.00000e+000   +3.50000e-001   +0.00000e+000
-2.20000e+001   +0.00000e+000   +3.50000e-001   +0.00000e+000
-2.10000e+001   +0.00000e+000   +3.50000e-001   +0.00000e+000
-2.00000e+001   +0.00000e+000   +3.50000e-001   +0.00000e+000
-1.90000e+001   +0.00000e+000   +3.50000e-001   +0.00000e+000
-1.80000e+001   +0.00000e+000   +3.50000e-001   +0.00000e+000
-1.70000e+001   +0.00000e+000   +3.50000e-001   +0.00000e+000
-1.60000e+001   +0.00000e+000   +3.50000e-001   +0.00000e+000
-1.50000e+001   +0.00000e+000   +3.50000e-001   +0.00000e+000
-1.40000e+001   +0.00000e+000   +3.50000e-001   +0.00000e+000
-1.30000e+001   +0.00000e+000   +3.50000e-001   +0.00000e+000
-1.20000e+001   +0.00000e+000   +3.50000e-001   +0.00000e+000
-1.10000e+001   +0.00000e+000   +3.50000e-001   +0.00000e+000
-1.00000e+001   +0.00000e+000   +3.50000e-001   +0.00000e+000
-9.00000e+000   +0.00000e+000   +3.50000e-001   +0.00000e+000
-8.00000e+000   +0.00000e+000   +3.50000e-001   +0.00000e+000
-7.00000e+000   +0.00000e+000   +3.50000e-001   +0.00000e+000
-6.00000e+000   +0.00000e+000   +3.50000e-001   +0.00000e+000
-5.00000e+000   +0.00000e+000   +3.50000e-001   +0.00000e+000
-4.00000e+000   +0.00000e+000   +3.50000e-001   +0.00000e+000
-3.50000e+000   +0.00000e+000   +3.50000e-001   +0.00000e+000
-3.00000e+000   +0.00000e+000   +3.50000e-001   +0.00000e+000
-2.50000e+000   +0.00000e+000   +3.50000e-001   +0.00000e+000
-2.00000e+000   +0.00000e+000   +3.50000e-001   +0.00000e+000
-1.50000e+000   +0.00000e+000   +3.50000e-001   +0.00000e+000
-1.00000e+000   +0.00000e+000   +3.50000e-001   +0.00000e+000
-5.00000e-001   +0.00000e+000   +3.50000e-001   +0.00000e+000
+0.00000e+000   +0.00000e+000   +3.50000e-001   +0.00000e+000
+5.00000e-001   +0.00000e+000   +3.50000e-001   +0.00000e+000
+1.00000e+000   +0.00000e+000   +3.50000e-001   +0.00000e+000
+1.50000e+000   +0.00000e+000   +3.50000e-001   +0.00000e+000
+2.00000e+000   +0.00000e+000   +3.50000e-001   +0.00000e+000
+2.50000e+000   +0.00000e+000   +3.50000e-001   +0.00000e+000
+3.00000e+000   +0.00000e+000   +3.50000e-001   +0.00000e+000
+3.50000e+000   +0.00000e+000   +3.50000e-001   +0.00000e+000
+4.00000e+000   +0.00000e+000   +3.50000e-001   +0.00000e+000
+5.00000e+000   +0.00000e+000   +3.50000e-001   +0.00000e+000
+6.00000e+000   +0.00000e+000   +3.50000e-001   +0.00000e+000
+7.00000e+000   +0.00000e+000   +3.50000e-001   +0.00000e+000
+8.00000e+000   +0.00000e+000   +3.50000e-001   +0.00000e+000
+9.00000e+000   +0.00000e+000   +3.50000e-001   +0.00000e+000
+1.00000e+001   +0.00000e+000   +3.50000e-001   +0.00000e+000
+1.10000e+001   +0.00000e+000   +3.50000e-001   +0.00000e+000
+1.20000e+001   +0.00000e+000   +3.50000e-001   +0.00000e+000
+1.30000e+001   +0.00000e+000   +3.50000e-001   +0.00000e+000
+1.40000e+001   +0.00000e+000   +3.50000e-001   +0.00000e+000
+1.50000e+001   +0.00000e+000   +3.50000e-001   +0.00000e+000
+1.60000e+001   +0.00000e+000   +3.50000e-001   +0.00000e+000
+1.70000e+001   +0.00000e+000   +3.50000e-001   +0.00000e+000
+1.80000e+001   +0.00000e+000   +3.50000e-001   +0.00000e+000
+1.90000e+001   +0.00000e+000   +3.50000e-001   +0.00000e+000
+2.00000e+001   +0.00000e+000   +3.50000e-001   +0.00000e+000
+2.10000e+001   +0.00000e+000   +3.50000e-001   +0.00000e+000
+2.20000e+001   +0.00000e+000   +3.50000e-001   +0.00000e+000
+2.30000e+001   +0.00000e+000   +3.50000e-001   +0.00000e+000
+2.40000e+001   +0.00000e+000   +3.50000e-001   +0.00000e+000
+2.50000e+001   +0.00000e+000   +3.50000e-001   +0.00000e+000
+2.60000e+001   +0.00000e+000   +3.50000e-001   +0.00000e+000
+2.70000e+001   +0.00000e+000   +3.50000e-001   +0.00000e+000
+2.80000e+001   +0.00000e+000   +3.50000e-001   +0.00000e+000
+2.90000e+001   +0.00000e+000   +3.50000e-001   +0.00000e+000
+3.00000e+001   +0.00000e+000   +3.50000e-001   +0.00000e+000
+3.10000e+001   +0.00000e+000   +3.50000e-001   +0.00000e+000
+3.20000e+001   +0.00000e+000   +3.50000e-001   +0.00000e+000
+3.30000e+001   +0.00000e+000   +3.50000e-001   +0.00000e+000
+3.40000e+001   +0.00000e+000   +3.50000e-001   +0.00000e+000
+3.50000e+001   +0.00000e+000   +3.50000e-001   +0.00000e+000
+3.60000e+001   +0.00000e+000   +3.50000e-001   +0.00000e+000
+3.70000e+001   +0.00000e+000   +3.50000e-001   +0.00000e+000
+3.80000e+001   +0.00000e+000   +3.50000e-001   +0.00000e+000
+3.90000e+001   +0.00000e+000   +3.50000e-001   +0.00000e+000
+4.00000e+001   +0.00000e+000   +3.50000e-001   +0.00000e+000
+4.10000e+001   +0.00000e+000   +3.50000e-001   +0.00000e+000
+4.20000e+001   +0.00000e+000   +3.50000e-001   +0.00000e+000
+4.30000e+001   +0.00000e+000   +3.50000e-001   +0.00000e+000
+4.40000e+001   +0.00000e+000   +3.50000e-001   +0.00000e+000
+4.50000e+001   +0.00000e+000   +3.50000e-001   +0.00000e+000
+4.60000e+001   +0.00000e+000   +3.50000e-001   +0.00000e+000
+4.70000e+001   +0.00000e+000   +3.50000e-001   +0.00000e+000
+4.80000e+001   +0.00000e+000   +3.50000e-001   +0.00000e+000
+4.90000e+001   +0.00000e+000   +3.50000e-001   +0.00000e+000
+5.00000e+001   +0.00000e+000   +3.50000e-001   +0.00000e+000
+6.00000e+001   +0.00000e+000   +3.50000e-001   +0.00000e+000
+7.00000e+001   +0.00000e+000   +3.50000e-001   +0.00000e+000
+8.00000e+001   +0.00000e+000   +3.50000e-001   +0.00000e+000
+9.00000e+001   +0.00000e+000   +3.50000e-001   +0.00000e+000
+1.00000e+002   +0.00000e+000   +3.50000e-001   +0.00000e+000
+1.10000e+002   +0.00000e+000   +3.50000e-001   +0.00000e+000
+1.20000e+002   +0.00000e+000   +3.50000e-001   +0.00000e+000
+1.30000e+002   +0.00000e+000   +3.50000e-001   +0.00000e+000
+1.40000e+002   +0.00000e+000   +3.50000e-001   +0.00000e+000
+1.50000e+002   +0.00000e+000   +3.50000e-001   +0.00000e+000
+1.60000e+002   +0.00000e+000   +3.50000e-001   +0.00000e+000
+1.70000e+002   +0.00000e+000   +3.50000e-001   +0.00000e+000
+1.80000e+002   +0.00000e+000   +3.50000e-001   +0.00000e+000
