1  3  0  7.21318
234  5  0  7.21302
467  4  0  7.21241
700  5  0  -170.863
2  3  0  6.35902
235  5  0  6.35903
468  4  0  6.35904
701  5  0  6.35905
3  3  0  5.54323
236  5  0  5.54323
469  4  0  5.54323
702  5  0  5.54323
4  3  0  4.72909
237  5  0  4.72911
470  4  0  4.72914
703  5  0  4.72917
5  3  0  4.0216
238  5  0  4.02157
471  4  0  4.02152
704  5  0  4.02148
6  3  0  3.16686
239  5  0  3.16691
472  4  0  3.16698
705  5  0  3.16705
7  3  0  2.54735
240  5  0  2.54729
473  4  0  2.54722
706  5  0  2.54715
8  3  0  1.68842
241  5  0  1.68839
474  4  0  1.68835
707  5  0  1.68832
9  3  0  0.731127
242  5  0  0.731172
475  4  0  0.731234
708  5  0  0.731296
10  3  0  -0.0472361
243  5  0  -0.0473649
476  4  0  -0.0475408
709  5  0  -0.0477162
11  3  0  -1.26694
244  5  0  -1.2669
477  1  0  7.36622
710  5  0  15.5813
12  3  0  -2.30969
245  5  0  -2.30961
478  1  0  -2.30924
711  5  0  -2.30887
13  3  0  -3.02518
246  5  0  -3.02519
479  1  0  -3.02524
712  5  0  -3.02528
14  3  0  -3.78934
247  5  0  -3.7894
480  1  0  -3.78965
713  5  0  -3.7899
15  3  0  -4.77658
248  5  0  -4.77651
481  1  0  -4.77621
714  5  0  -4.77591
16  3  0  -5.4899
249  5  0  -5.48989
482  1  0  -5.48985
715  5  0  -5.48981
17  3  0  -6.15526
250  5  0  -6.15528
483  1  0  -6.1554
716  5  0  -6.15551
18  3  0  -6.94021
251  5  0  -6.94019
484  1  0  -6.9401
717  5  0  -6.94001
19  3  0  -7.62762
252  5  0  -7.6276
485  1  0  -7.62751
718  5  0  -7.62742
20  3  0  -8.20091
253  5  0  -8.20097
486  1  0  -8.20123
719  5  0  -8.20149
21  3  0  -9.05302
254  5  0  -9.053
487  1  0  -9.05291
720  5  0  -9.05282
22  3  0  -9.8206
255  5  0  -9.82053
488  1  0  -9.8202
721  5  0  -9.81987
23  3  0  -10.1038
256  5  0  -10.1039
489  1  0  -10.104
722  5  0  -10.1041
24  3  0  -10.6204
257  5  0  -10.6204
490  1  0  -10.6205
723  5  0  -10.6205
25  3  0  -11.1508
258  5  0  -11.1508
491  1  0  -11.1507
724  5  0  -11.1506
26  3  0  -11.5719
259  5  0  -11.5718
492  1  0  -11.5718
725  5  0  -11.5717
27  3  0  -11.7915
260  5  0  -11.7915
493  1  0  -11.7916
726  5  0  -11.7916
28  3  0  -12.1894
261  5  0  -12.1894
494  1  0  -12.1894
727  5  0  -12.1894
29  3  0  -12.644
262  5  0  -12.644
495  1  0  -12.6439
728  5  0  -12.6438
30  3  0  -12.9042
263  5  0  -12.9042
496  1  0  -12.9042
729  5  0  -12.9041
31  3  0  -12.9403
264  5  0  -12.9403
497  1  0  -12.9403
730  5  0  -12.9403
32  3  0  -13.0246
265  5  0  -13.0246
498  1  0  -13.0247
731  5  0  -13.0247
33  3  0  -13.1557
266  5  0  -13.1557
499  1  0  -13.1557
732  5  0  -13.1557
34  3  0  -13.2242
267  5  0  -13.2242
500  1  0  -13.2242
733  5  0  -13.2242
35  3  0  -13.2308
268  5  0  -13.2308
501  1  0  -13.2308
734  5  0  -13.2308
36  3  0  -13.1463
269  5  0  -13.1463
502  1  0  -13.1463
735  5  0  -13.1463
37  3  0  -13.1935
270  5  0  -13.1935
503  1  0  -13.1935
736  5  0  -13.1935
38  3  0  -13.1939
271  5  0  -13.1939
504  1  0  -13.1939
737  5  0  -13.1939
39  3  0  -12.9871
272  5  0  -12.9871
505  1  0  -12.9871
738  5  0  -12.9872
40  3  0  -12.7112
273  5  0  -12.7112
506  1  0  -12.7112
739  5  0  -12.7112
41  3  0  -12.5215
274  5  0  -12.5215
507  1  0  -12.5215
740  5  0  -12.5215
42  3  0  -12.3379
275  5  0  -12.3379
508  1  0  -12.3379
741  5  0  -12.3378
43  3  0  -12.2047
276  5  0  -12.2047
509  1  0  -12.2048
742  5  0  -12.2049
44  3  0  -11.8172
277  5  0  -11.8172
510  1  0  -11.8172
743  5  0  -11.8172
45  3  0  -11.4568
278  5  0  -11.4568
511  1  0  -11.4568
744  5  0  -11.4568
46  3  0  -11.1289
279  5  0  -11.1289
512  1  0  -11.1288
745  5  0  -11.1288
47  3  0  -10.8357
280  5  0  -10.8357
513  1  0  -10.8358
746  5  0  -10.8358
48  3  0  -10.4846
281  5  0  -10.4846
514  1  0  15.9792
747  5  0  34.47
49  3  0  -10.1342
282  5  0  -10.1169
515  6  0  -10.109
748  5  0  -10.1099
50  3  0  -9.85064
283  5  0  -9.82419
516  6  0  -9.80634
749  5  0  -9.81035
51  3  0  -9.04741
284  5  0  -9.04734
517  6  0  -9.04625
750  5  0  -9.04513
52  3  0  -8.65763
285  5  0  -8.65763
518  6  0  -8.65758
751  5  0  -8.65753
53  3  0  -8.2961
286  5  0  -8.29616
519  6  0  -8.297
752  5  0  -8.29786
54  3  0  -7.57615
287  5  0  -7.57609
520  6  0  -7.57521
753  5  0  -7.57432
55  3  0  -7.23877
288  5  0  -7.23878
521  6  0  -7.23882
754  5  0  -7.23887
56  3  0  -6.87056
289  5  0  -6.8706
522  6  0  -6.87123
755  5  0  -6.87187
57  3  0  -6.21898
290  5  0  -6.21895
523  6  0  -6.21863
756  5  0  -6.2183
58  3  0  -5.69472
291  5  0  -5.69472
524  6  0  -5.69472
757  5  0  -5.69471
59  3  0  -5.17187
292  5  0  -5.17188
525  6  0  -5.17194
758  5  0  -5.172
60  3  0  -4.62221
293  5  0  -4.62218
526  6  0  -4.62181
759  5  0  -4.62144
61  3  0  -4.25641
294  5  0  -4.25646
527  6  0  -4.25712
760  5  0  -4.2578
62  3  0  -3.5932
295  5  0  -3.59317
528  6  0  -3.59263
761  5  0  -3.59208
63  3  0  -3.1535
296  5  0  -3.15349
529  6  0  -3.15335
762  5  0  -3.15321
64  3  0  -2.79511
297  5  0  -2.79521
530  6  0  -2.79662
763  5  0  -2.79805
65  3  0  -1.91588
298  5  0  -1.9158
531  6  0  -1.91461
764  5  0  -1.9134
66  3  0  -1.43445
299  5  0  -1.43444
532  6  0  -1.43426
765  5  0  -1.43408
67  3  0  -1.04593
300  5  0  -1.04594
533  6  0  -1.04598
766  5  0  -1.04603
68  3  0  -0.632
301  5  0  -0.632064
534  6  0  -0.633006
767  5  0  -0.633969
69  3  0  0.145028
302  5  0  0.145019
535  6  0  0.144888
768  5  0  0.144753
70  3  0  0.959776
303  5  0  0.959836
536  6  0  0.960721
769  5  0  0.961627
71  3  0  1.46785
304  5  0  1.46785
537  6  0  1.46784
770  5  0  1.46782
72  3  0  1.98167
305  5  0  1.98164
538  6  0  1.9812
771  5  0  1.98075
73  3  0  2.66345
306  5  0  2.66347
539  6  0  2.66386
772  5  0  2.66426
74  3  0  3.19948
307  5  0  3.19943
540  6  0  3.19869
773  5  0  3.19794
75  3  0  3.99036
308  5  0  3.99038
541  6  0  3.99069
774  5  0  3.991
76  3  0  4.69778
309  5  0  4.73799
542  6  0  4.79412
775  5  0  4.82227
77  3  0  5.30518
310  5  0  5.36976
543  6  0  5.65034
776  5  0  6.4772
78  3  0  6.01416
311  5  0  6.01413
544  1  0  -25.4425
777  5  0  -44.9367
79  3  0  6.83857
312  5  0  6.8386
545  1  0  6.83872
778  5  0  6.83884
80  3  0  7.54225
313  5  0  7.54226
546  1  0  7.54231
779  5  0  7.54236
81  3  0  8.19275
314  5  0  8.1927
547  1  0  8.19244
780  5  0  8.19218
82  3  0  9.09476
315  5  0  9.09477
548  1  0  9.09483
781  5  0  9.0949
83  3  0  9.94358
316  5  0  9.94362
549  1  0  9.94382
782  5  0  9.94402
84  3  0  10.5952
317  5  0  10.5951
550  1  0  10.5948
783  5  0  10.5945
85  3  0  11.5402
318  5  0  11.5402
551  1  0  11.54
784  5  0  11.5398
86  3  0  12.63
319  5  0  12.6301
552  1  0  12.6304
785  5  0  12.6307
87  3  0  13.4814
320  5  0  13.4813
553  1  0  13.4811
786  5  0  13.4809
88  3  0  14.4959
321  5  0  14.4959
554  1  0  14.4957
787  5  0  14.4956
89  3  0  15.6178
322  5  0  15.6178
555  1  0  15.6176
788  5  0  15.6174
90  3  0  16.8382
323  5  0  16.8382
556  1  0  6.31749
789  5  0  -3.61152
91  3  0  18.3375
324  5  0  18.3375
557  4  0  18.3375
790  5  0  18.3376
92  3  0  19.7686
325  5  0  19.7685
558  4  0  19.7683
791  5  0  19.7682
93  3  0  21.448
326  5  0  21.4476
559  4  0  21.4469
792  5  0  21.4463
94  3  0  23.8908
327  5  0  23.8906
560  4  0  23.8903
793  5  0  23.8899
95  3  0  26.6509
328  5  0  26.6498
561  4  0  26.6484
794  5  0  26.6469
96  3  0  30.5
329  5  0  30.4996
562  4  0  30.4989
795  5  0  30.4982
97  3  0  34.737
330  5  0  34.7339
563  4  0  34.7297
796  5  0  34.7253
98  3  0  40.942
331  5  0  40.925
564  4  0  40.9011
797  5  0  40.8765
99  3  0  53.258
332  5  0  53.2811
565  4  0  53.3145
798  5  0  53.3499
100  3  0  75.3159
333  5  0  75.2187
566  4  0  75.0759
799  5  0  74.9208
101  3  0  100.416
334  5  0  100.452
567  4  0  100.504
800  5  0  100.56
102  3  0  119.743
335  5  0  119.773
568  4  0  119.817
801  5  0  119.863
103  3  0  132.244
336  5  0  132.258
569  4  0  132.277
802  5  0  132.297
104  3  0  139.756
337  5  0  139.761
570  4  0  139.768
803  5  0  139.776
105  3  0  144.127
338  5  0  144.128
571  4  0  144.13
804  5  0  144.132
106  3  0  146.997
339  5  0  146.997
572  4  0  146.997
805  5  0  146.998
107  3  0  149.458
340  5  0  149.458
573  4  0  149.458
806  5  0  149.458
108  3  0  151.937
341  5  0  151.938
574  4  0  151.938
807  5  0  151.939
109  3  0  153.865
342  5  0  153.865
575  4  0  153.866
808  5  0  153.866
110  3  0  155.123
343  5  0  155.122
576  4  0  155.122
809  5  0  155.122
111  3  0  156.991
344  5  0  156.991
577  1  0  167.246
810  5  0  176.966
112  3  0  158.383
345  5  0  158.383
578  1  0  158.384
811  5  0  158.385
113  3  0  159.436
346  5  0  159.436
579  1  0  159.436
812  5  0  159.436
114  3  0  160.551
347  5  0  160.551
580  1  0  160.551
813  5  0  160.552
115  3  0  161.575
348  5  0  161.575
581  1  0  161.575
814  5  0  161.575
116  3  0  162.514
349  5  0  162.514
582  1  0  162.514
815  5  0  162.514
117  3  0  163.654
350  5  0  163.654
583  1  0  163.654
816  5  0  163.655
118  3  0  164.286
351  5  0  164.286
584  1  0  164.286
817  5  0  164.285
119  3  0  165.322
352  5  0  165.322
585  1  0  165.322
818  5  0  165.322
120  3  0  166.004
353  5  0  166.003
586  1  0  166.003
819  5  0  166.002
121  3  0  167.151
354  5  0  167.151
587  1  0  167.151
820  5  0  167.152
122  3  0  167.701
355  5  0  167.701
588  1  0  167.701
821  5  0  167.7
123  3  0  168.663
356  5  0  168.663
589  1  0  168.663
822  5  0  168.663
124  3  0  169.339
357  5  0  169.273
590  6  0  -130.056
823  5  0  -102.129
125  3  0  169.953
358  5  0  169.912
591  6  0  169.844
824  5  0  169.811
126  3  0  170.948
359  5  0  170.948
592  6  0  170.949
825  5  0  170.95
127  3  0  171.559
360  5  0  171.559
593  6  0  171.559
826  5  0  171.558
128  3  0  172.365
361  5  0  172.365
594  6  0  172.365
827  5  0  172.366
129  3  0  173.026
362  5  0  173.026
595  6  0  173.026
828  5  0  173.026
130  3  0  173.795
363  5  0  173.795
596  6  0  173.795
829  5  0  173.795
131  3  0  174.51
364  5  0  174.51
597  6  0  174.51
830  5  0  174.51
132  3  0  175.187
365  5  0  175.187
598  6  0  175.186
831  5  0  175.185
133  3  0  176.096
366  5  0  176.096
599  6  0  176.097
832  5  0  176.098
134  3  0  176.648
367  5  0  176.648
600  6  0  176.648
833  5  0  176.647
135  3  0  177.473
368  5  0  177.473
601  6  0  177.473
834  5  0  177.473
136  3  0  178.179
369  5  0  178.179
602  6  0  178.179
835  5  0  178.18
137  3  0  178.743
370  5  0  178.743
603  6  0  178.743
836  5  0  178.742
138  3  0  179.526
371  5  0  179.526
604  6  0  179.525
837  5  0  179.524
139  3  0  -179.466
372  5  0  -179.466
605  6  0  -179.465
838  5  0  -179.464
140  3  0  -178.741
373  5  0  -178.741
606  6  0  -178.741
839  5  0  -178.741
141  3  0  -178.069
374  5  0  -178.069
607  6  0  -178.07
840  5  0  -178.07
142  3  0  -177.143
375  5  0  -177.143
608  6  0  -177.142
841  5  0  -177.141
143  3  0  -176.535
376  5  0  -176.535
609  6  0  -176.535
842  5  0  -176.535
144  3  0  -176.009
377  5  0  -176.009
610  6  0  -176.009
843  5  0  -176.009
145  3  0  -175.427
378  5  0  -175.427
611  6  0  -175.428
844  5  0  -175.429
146  3  0  -174.572
379  5  0  -174.572
612  6  0  -174.571
845  5  0  -174.569
147  3  0  -174.165
380  5  0  -174.165
613  6  0  -174.165
846  5  0  -174.166
148  3  0  -173.648
381  5  0  -173.648
614  6  0  -173.648
847  5  0  -173.648
149  3  0  -173.024
382  5  0  -173.024
615  6  0  -173.023
848  5  0  -173.023
150  3  0  -172.499
383  5  0  -172.553
616  6  0  -172.61
849  5  0  -172.625
151  3  0  -171.901
384  5  0  -171.936
617  6  0  160.695
850  5  0  142.419
152  3  0  -171.408
385  5  0  -171.408
618  1  0  -171.408
851  5  0  -171.408
153  3  0  -171.042
386  5  0  -171.042
619  1  0  -171.042
852  5  0  -171.042
154  3  0  -170.724
387  5  0  -170.724
620  1  0  -170.724
853  5  0  -170.724
155  3  0  -170.385
388  5  0  -170.385
621  1  0  -170.385
854  5  0  -170.385
156  3  0  -170.087
389  5  0  -170.087
622  1  0  -170.087
855  5  0  -170.087
157  3  0  -169.887
390  5  0  -169.887
623  1  0  -169.887
856  5  0  -169.887
158  3  0  -169.759
391  5  0  -169.759
624  1  0  -169.759
857  5  0  -169.759
159  3  0  -169.275
392  5  0  -169.275
625  1  0  -169.275
858  5  0  -169.275
160  3  0  -168.934
393  5  0  -168.934
626  1  0  -168.934
859  5  0  -168.934
161  3  0  -168.71
394  5  0  -168.71
627  1  0  -168.71
860  5  0  -168.71
162  3  0  -168.654
395  5  0  -168.654
628  1  0  -168.654
861  5  0  -168.654
163  3  0  -168.394
396  5  0  -168.394
629  1  0  -168.394
862  5  0  -168.394
164  3  0  -168.346
397  5  0  -168.346
630  1  0  -168.346
863  5  0  -168.346
165  3  0  -168.188
398  5  0  -168.188
631  1  0  -168.188
864  5  0  -168.188
166  3  0  -167.714
399  5  0  -167.714
632  1  0  -167.714
865  5  0  -167.714
167  3  0  -167.884
400  5  0  -167.884
633  1  0  -167.884
866  5  0  -167.884
168  3  0  -167.541
401  5  0  -167.541
634  1  0  -167.541
867  5  0  -167.54
169  3  0  -167.445
402  5  0  -167.445
635  1  0  -167.445
868  5  0  -167.445
170  3  0  -167.617
403  5  0  -167.617
636  1  0  -167.617
869  5  0  -167.617
171  3  0  -167.364
404  5  0  -167.364
637  1  0  -167.364
870  5  0  -167.364
172  3  0  -167.06
405  5  0  -167.06
638  1  0  -167.06
871  5  0  -167.06
173  3  0  -167.234
406  5  0  -167.234
639  1  0  -167.234
872  5  0  -167.234
174  3  0  -167.211
407  5  0  -167.211
640  1  0  -167.211
873  5  0  -167.211
175  3  0  -166.944
408  5  0  -166.944
641  1  0  -166.944
874  5  0  -166.944
176  3  0  -166.933
409  5  0  -166.933
642  1  0  -166.933
875  5  0  -166.933
177  3  0  -166.635
410  5  0  -166.635
643  1  0  -166.635
876  5  0  -166.635
178  3  0  -166.814
411  5  0  -166.814
644  1  0  -166.814
877  5  0  -166.814
179  3  0  -166.789
412  5  0  -166.789
645  1  0  -166.789
878  5  0  -166.789
180  3  0  -166.607
413  5  0  -166.607
646  1  0  -166.607
879  5  0  -166.607
181  3  0  -166.39
414  5  0  -166.39
647  1  0  -166.39
880  5  0  -166.39
182  3  0  -166.255
415  5  0  -166.255
648  1  0  -166.255
881  5  0  -166.255
183  3  0  -166.419
416  5  0  -166.419
649  1  0  -166.419
882  5  0  -166.419
184  3  0  -166.473
417  5  0  -166.473
650  1  0  -166.473
883  5  0  -166.473
185  3  0  -166.198
418  5  0  -166.198
651  1  0  -166.198
884  5  0  -166.198
186  3  0  -166.24
419  5  0  -166.24
652  1  0  -166.24
885  5  0  -166.24
187  3  0  -166.331
420  5  0  -166.331
653  1  0  -166.331
886  5  0  -166.331
188  3  0  -166.297
421  5  0  -166.297
654  1  0  -174.703
887  5  0  177.235
189  3  0  -166.139
422  5  0  -166.139
655  4  0  -166.139
888  5  0  -166.139
190  3  0  -165.972
423  5  0  -165.972
656  4  0  -165.972
889  5  0  -165.972
191  3  0  -166.144
424  5  0  -166.144
657  4  0  -166.144
890  5  0  -166.144
192  3  0  -165.811
425  5  0  -165.811
658  4  0  -165.811
891  5  0  -165.811
193  3  0  -165.671
426  5  0  -165.671
659  4  0  -165.671
892  5  0  -165.671
194  3  0  -165.706
427  5  0  -165.706
660  4  0  -165.706
893  5  0  -165.706
195  3  0  -165.671
428  5  0  -165.671
661  4  0  -165.671
894  5  0  -165.672
196  3  0  -165.328
429  5  0  -165.328
662  4  0  -165.328
895  5  0  -165.328
197  3  0  -165.001
430  5  0  -165.07
663  4  0  -165.166
896  5  0  -165.267
198  3  0  -143.173
431  5  0  -143.093
664  4  0  -142.858
897  5  0  -141.688
199  2  0  -90.1346
432  1  0  -90.1346
665  1  0  -90.1346
898  2  0  89.8654
200  2  0  -90.1346
433  1  0  -90.1346
666  1  0  -90.1346
899  2  0  -90.1346
201  2  0  -90.1346
434  1  0  -90.1346
667  1  0  -90.1346
900  2  0  -90.1346
202  2  0  -90.1346
435  1  0  -90.1346
668  1  0  -90.1346
901  2  0  -90.1346
203  2  0  -90.1346
436  1  0  -90.1346
669  1  0  -90.1346
902  2  0  -90.1346
204  2  0  -90.1346
437  1  0  -90.1346
670  1  0  -90.1346
903  2  0  -90.1346
205  2  0  -90.1346
438  1  0  -90.1346
671  1  0  -90.1346
904  2  0  -90.1346
206  2  0  -90.1346
439  1  0  -90.1346
672  1  0  -90.1346
905  2  0  -90.1346
207  2  0  -90.1346
440  1  0  -90.1346
673  1  0  -90.1346
906  2  0  -90.1346
208  2  0  -90.1346
441  1  0  -90.1346
674  1  0  -90.1346
907  2  0  -90.1346
209  2  0  -90.1346
442  1  0  -90.1346
675  1  0  -90.1346
908  2  0  -90.1346
210  2  0  -90.1346
443  1  0  -90.1346
676  1  0  -90.1346
909  2  0  -90.1346
211  2  0  -90.1346
444  1  0  -90.1346
677  1  0  -90.1346
910  2  0  -90.1346
212  2  0  -90.1346
445  1  0  -90.1346
678  1  0  -90.1346
911  2  0  -90.1346
213  2  0  -90.1346
446  1  0  -90.1346
679  1  0  -90.1346
912  2  0  -90.1346
214  2  0  -90.1346
447  1  0  -90.1346
680  1  0  -90.1346
913  2  0  -90.1346
215  2  0  -90.1346
448  1  0  -90.1346
681  1  0  -90.1346
914  2  0  89.8654
216  2  0  -89.9301
449  1  0  -89.9301
682  1  0  90.0699
915  2  0  90.0699
217  2  0  -89.9301
450  1  0  -89.9301
683  1  0  -89.9301
916  2  0  -89.9301
218  2  0  -89.9301
451  1  0  -89.9301
684  1  0  -89.9301
917  2  0  -89.9301
219  2  0  -89.9301
452  1  0  -89.9301
685  1  0  -89.9301
918  2  0  -89.9301
220  2  0  -89.9301
453  1  0  -89.9301
686  1  0  -89.9301
919  2  0  -89.9301
221  2  0  -89.9301
454  1  0  -89.9301
687  1  0  -89.9301
920  2  0  -89.9301
222  2  0  -89.9301
455  1  0  -89.9301
688  1  0  -89.9301
921  2  0  -89.9301
223  2  0  -89.9301
456  1  0  -89.9301
689  1  0  -89.9301
922  2  0  -89.9301
224  2  0  -89.9301
457  1  0  -89.9301
690  1  0  -89.9301
923  2  0  -89.9301
225  2  0  -89.9301
458  1  0  -89.9301
691  1  0  -89.9301
924  2  0  -89.9301
226  2  0  -89.9301
459  1  0  -89.9301
692  1  0  -89.9301
925  2  0  -89.9301
227  2  0  -89.9301
460  1  0  -89.9301
693  1  0  -89.9301
926  2  0  -89.9301
228  2  0  -89.9301
461  1  0  -89.9301
694  1  0  -89.9301
927  2  0  -89.9301
229  2  0  -89.9301
462  1  0  -89.9301
695  1  0  -89.9301
928  2  0  -89.9301
230  2  0  -89.9301
463  1  0  -89.9301
696  1  0  -89.9301
929  2  0  -89.9301
231  2  0  -89.9301
464  1  0  -89.9301
697  1  0  -89.9301
930  2  0  -89.9301
232  2  0  -89.9301
465  1  0  -89.9301
698  1  0  -89.9301
931  2  0  -89.9301
233  2  0  -89.9301
466  1  0  -89.9301
699  1  0  90.0699
932  2  0  90.0699
