1  -1.87360000e+00  -1.03292404e-02
2  -1.86852515e+00  -4.75276326e-02
3  -1.85527480e+00  -8.26013351e-02
4  -1.83504572e+00  -1.14224106e-01
5  -1.81017254e+00  -1.42372865e-01
6  -1.78227216e+00  -1.67551151e-01
7  -1.75273017e+00  -1.90790011e-01
8  -1.72196835e+00  -2.12395037e-01
9  -1.69048021e+00  -2.32925594e-01
10  -1.65846707e+00  -2.52628565e-01
11  -1.62593319e+00  -2.71461248e-01
12  -1.59315345e+00  -2.89861999e-01
13  -1.56005303e+00  -3.07680174e-01
14  -1.52690424e+00  -3.25409384e-01
15  -1.49362500e+00  -3.42892330e-01
16  -1.44975097e+00  -3.65555974e-01
17  -1.41685007e+00  -3.82602647e-01
18  -1.38389766e+00  -3.99549544e-01
19  -1.35087855e+00  -4.16366142e-01
20  -1.31789073e+00  -4.33244035e-01
21  -1.28486256e+00  -4.50042828e-01
22  -1.25179022e+00  -4.66754478e-01
23  -1.21870382e+00  -4.83438301e-01
24  -1.18566153e+00  -5.00209248e-01
25  -1.15259903e+00  -5.16940300e-01
26  -1.11949467e+00  -5.33588402e-01
27  -1.08634867e+00  -5.50153427e-01
28  -1.05315181e+00  -5.66616232e-01
29  -1.01989488e+00  -5.82957455e-01
30  -9.86604113e-01  -5.99229638e-01
31  -9.53252711e-01  -6.15377164e-01
32  -9.19812354e-01  -6.31339404e-01
33  -8.86278201e-01  -6.47103431e-01
34  -8.52647596e-01  -6.62660731e-01
35  -8.18921956e-01  -6.78011159e-01
36  -7.85117013e-01  -6.93186307e-01
37  -7.51171883e-01  -7.08044900e-01
38  -7.17106953e-01  -7.22626103e-01
39  -6.82890688e-01  -7.36847294e-01
40  -6.48507465e-01  -7.50661443e-01
41  -6.13959388e-01  -7.64058484e-01
42  -5.79238022e-01  -7.76999645e-01
43  -5.44321047e-01  -7.89401464e-01
44  -5.09209753e-01  -8.01239485e-01
45  -4.73894645e-01  -8.12455129e-01
46  -4.38359931e-01  -8.22957065e-01
47  -4.02614277e-01  -8.32719262e-01
48  -3.55700000e-01  -8.44257239e-01
49  -3.19013752e-01  -8.52183278e-01
50  -2.82167795e-01  -8.59321783e-01
51  -2.45160785e-01  -8.65560939e-01
52  -2.08013922e-01  -8.70910450e-01
53  -1.70753095e-01  -8.75399359e-01
54  -1.33390169e-01  -8.78951262e-01
55  -9.59375467e-02  -8.81404414e-01
56  -5.84336548e-02  -8.82863800e-01
57  -2.09061233e-02  -8.83352371e-01
58  1.66195690e-02  -8.82830649e-01
59  5.41205240e-02  -8.81360164e-01
60  9.15754405e-02  -8.78987308e-01
61  1.28963838e-01  -8.75724659e-01
62  1.66258993e-01  -8.71532888e-01
63  2.03430013e-01  -8.66340512e-01
64  2.40492176e-01  -8.60417305e-01
65  2.77400000e-01  -8.53596185e-01
66  3.20121694e-01  -8.44331902e-01
67  3.57740209e-01  -8.35193315e-01
68  3.95153897e-01  -8.25248409e-01
69  4.32265880e-01  -8.14231537e-01
70  4.69061153e-01  -8.02199095e-01
71  5.05539355e-01  -7.89236962e-01
72  5.41707724e-01  -7.75433835e-01
73  5.77500138e-01  -7.60684900e-01
74  6.12800672e-01  -7.44795195e-01
75  6.47620275e-01  -7.27878474e-01
76  6.81932147e-01  -7.09956360e-01
77  7.15691457e-01  -6.91014456e-01
78  7.48857326e-01  -6.71052219e-01
79  7.86225000e-01  -6.46686648e-01
80  8.16607196e-01  -6.25218408e-01
81  8.46295980e-01  -6.02800486e-01
82  8.75161118e-01  -5.79330434e-01
83  9.03121852e-01  -5.54789240e-01
84  9.30132673e-01  -5.29209906e-01
85  9.56040870e-01  -5.02516424e-01
86  9.80871476e-01  -4.74815366e-01
87  1.00465509e+00  -4.46212353e-01
88  1.02703303e+00  -4.16497223e-01
89  1.04820030e+00  -3.85905130e-01
90  1.06783107e+00  -3.54305757e-01
91  1.08596402e+00  -3.21828069e-01
92  1.10247610e+00  -2.88494002e-01
93  1.11707811e+00  -2.54281506e-01
94  1.12986946e+00  -2.19350409e-01
95  1.14090404e+00  -1.83826210e-01
96  1.14973552e+00  -1.47696842e-01
97  1.15643511e+00  -1.11109445e-01
98  1.16133175e+00  -7.42329607e-02
99  1.16407997e+00  -3.71440833e-02
100  1.16620000e+00  0.00000000e+00
101  1.16403485e+00  3.79728626e-02
102  1.16125718e+00  7.58948841e-02
103  1.15674780e+00  1.13658495e-01
104  1.15076550e+00  1.51211011e-01
105  1.14227863e+00  1.88278599e-01
106  1.13175626e+00  2.24822931e-01
107  1.11941491e+00  2.60792371e-01
108  1.10530677e+00  2.96109027e-01
109  1.08926929e+00  3.30591699e-01
110  1.07155169e+00  3.64240963e-01
111  1.05226092e+00  3.97013107e-01
112  1.03146434e+00  4.28852163e-01
113  1.00917048e+00  4.59664633e-01
114  9.85393418e-01  4.89344665e-01
115  9.60273487e-01  5.17896149e-01
116  9.33929089e-01  5.45321046e-01
117  9.06447171e-01  5.71607177e-01
118  8.77904740e-01  5.96741055e-01
119  8.48272819e-01  6.20583257e-01
120  8.17647987e-01  6.43133969e-01
121  7.86225000e-01  6.64557135e-01
122  7.48920102e-01  6.87857976e-01
123  7.15800982e-01  7.06810562e-01
124  6.82061342e-01  7.24636596e-01
125  6.47713031e-01  7.41258463e-01
126  6.12779735e-01  7.56615932e-01
127  5.77372903e-01  7.70851023e-01
128  5.41546694e-01  7.83996436e-01
129  5.05325725e-01  7.96012513e-01
130  4.68761780e-01  8.06940318e-01
131  4.31883338e-01  8.16755262e-01
132  3.94784907e-01  8.25703211e-01
133  3.57474086e-01  8.33720513e-01
134  3.19957456e-01  8.40708337e-01
135  2.77400000e-01  8.47625869e-01
136  2.40317157e-01  8.52520676e-01
137  2.03138361e-01  8.56621211e-01
138  1.65882323e-01  8.59938907e-01
139  1.28564286e-01  8.62457604e-01
140  9.12009426e-02  8.64169696e-01
141  5.38103512e-02  8.65116181e-01
142  1.64082956e-02  8.65360324e-01
143  -2.09928900e-02  8.64963753e-01
144  -5.83822661e-02  8.63943341e-01
145  -9.57456128e-02  8.62194870e-01
146  -1.33067910e-01  8.59715976e-01
147  -1.70341936e-01  8.56600807e-01
148  -2.07566485e-01  8.52945064e-01
149  -2.44718775e-01  8.48626886e-01
150  -2.81790222e-01  8.43656082e-01
151  -3.18783694e-01  8.38130564e-01
152  -3.55700000e-01  8.32107236e-01
153  -4.03355545e-01  8.23479027e-01
154  -4.39960400e-01  8.16227729e-01
155  -4.76472358e-01  8.08522952e-01
156  -5.12884668e-01  8.00361272e-01
157  -5.49181915e-01  7.91704564e-01
158  -5.85369260e-01  7.82597815e-01
159  -6.21452772e-01  7.73087371e-01
160  -6.57416670e-01  7.63133081e-01
161  -6.93281218e-01  7.52826272e-01
162  -7.29042769e-01  7.42167799e-01
163  -7.64706515e-01  7.31187525e-01
164  -8.00277127e-01  7.19909183e-01
165  -8.35733459e-01  7.08277596e-01
166  -8.71052038e-01  6.96232343e-01
167  -9.06265500e-01  6.83883161e-01
168  -9.41355548e-01  6.71187244e-01
169  -9.76332070e-01  6.58182276e-01
170  -1.01116799e+00  6.44805634e-01
171  -1.04587792e+00  6.31105549e-01
172  -1.08045343e+00  6.17069889e-01
173  -1.11488877e+00  6.02693612e-01
174  -1.14919812e+00  5.88018643e-01
175  -1.18338487e+00  5.73060632e-01
176  -1.21741445e+00  5.57748441e-01
177  -1.25126415e+00  5.42042265e-01
178  -1.28493091e+00  5.25947512e-01
179  -1.31842381e+00  5.09493897e-01
180  -1.35173866e+00  4.92682757e-01
181  -1.38481363e+00  4.75404417e-01
182  -1.41768508e+00  4.57742113e-01
183  -1.45030790e+00  4.39624914e-01
184  -1.49362500e+00  4.14676767e-01
185  -1.52648173e+00  3.94973175e-01
186  -1.55895551e+00  3.74644509e-01
187  -1.59097170e+00  3.53603031e-01
188  -1.62255434e+00  3.31916061e-01
189  -1.65363990e+00  3.09523988e-01
190  -1.68397455e+00  2.86125247e-01
191  -1.71352667e+00  2.61746911e-01
192  -1.74206241e+00  2.36188259e-01
193  -1.76942324e+00  2.09376104e-01
194  -1.79521129e+00  1.81050754e-01
195  -1.81895414e+00  1.51000425e-01
196  -1.83989028e+00  1.18937183e-01
197  -1.85703559e+00  8.47120737e-02
198  -1.86875812e+00  4.82985702e-02
199  -3.18788923e-01  7.99714341e-01
200  -3.18794151e-01  7.61298117e-01
201  -3.18799380e-01  7.22881893e-01
202  -3.18804608e-01  6.84465670e-01
203  -3.18809837e-01  6.46049446e-01
204  -3.18815066e-01  6.07633222e-01
205  -3.18820294e-01  5.69216999e-01
206  -3.18825523e-01  5.30800775e-01
207  -3.18830751e-01  4.92384551e-01
208  -3.18835980e-01  4.53968328e-01
209  -3.18841208e-01  4.15552104e-01
210  -3.18846437e-01  3.77135880e-01
211  -3.18851666e-01  3.38719656e-01
212  -3.18856894e-01  3.00303433e-01
213  -3.18862123e-01  2.61887209e-01
214  -3.18867351e-01  2.23470985e-01
215  -3.18872580e-01  1.85054762e-01
216  -3.18877809e-01  1.46638538e-01
217  -3.18883037e-01  1.08222314e-01
218  -3.18888266e-01  6.98060906e-02
219  -3.18893494e-01  3.13898670e-02
220  -3.18898723e-01  -7.02635673e-03
221  -3.18903952e-01  -4.54425804e-02
222  -3.18909180e-01  -8.38588041e-02
223  -3.18914409e-01  -1.22275028e-01
224  -3.18919637e-01  -1.60691251e-01
225  -3.18924866e-01  -1.99107475e-01
226  -3.18930094e-01  -2.37523699e-01
227  -3.18935323e-01  -2.75939923e-01
228  -3.18940552e-01  -3.14356146e-01
229  -3.18945780e-01  -3.52772370e-01
230  -3.18951009e-01  -3.91188594e-01
231  -3.18956237e-01  -4.29604817e-01
232  -3.18961466e-01  -4.68021041e-01
233  -3.18966695e-01  -5.06437265e-01
234  -3.18971923e-01  -5.44853488e-01
235  -3.18977152e-01  -5.83269712e-01
236  -3.18982380e-01  -6.21685936e-01
237  -3.18987609e-01  -6.60102159e-01
238  -3.18992838e-01  -6.98518383e-01
239  -3.18998066e-01  -7.36934607e-01
240  -3.19003295e-01  -7.75350830e-01
241  -3.19008523e-01  -8.13767054e-01
242  2.40321046e-01  8.14455387e-01
243  2.40324936e-01  7.76390099e-01
244  2.40328825e-01  7.38324810e-01
245  2.40332714e-01  7.00259522e-01
246  2.40336604e-01  6.62194234e-01
247  2.40340493e-01  6.24128945e-01
248  2.40344382e-01  5.86063657e-01
249  2.40348271e-01  5.47998368e-01
250  2.40352161e-01  5.09933080e-01
251  2.40356050e-01  4.71867791e-01
252  2.40359939e-01  4.33802503e-01
253  2.40363829e-01  3.95737214e-01
254  2.40367718e-01  3.57671926e-01
255  2.40371607e-01  3.19606637e-01
256  2.40375497e-01  2.81541349e-01
257  2.40379386e-01  2.43476061e-01
258  2.40383275e-01  2.05410772e-01
259  2.40387164e-01  1.67345484e-01
260  2.40391054e-01  1.29280195e-01
261  2.40394943e-01  9.12149067e-02
262  2.40398832e-01  5.31496183e-02
263  2.40402722e-01  1.50843298e-02
264  2.40406611e-01  -2.29809586e-02
265  2.40410500e-01  -6.10462471e-02
266  2.40414390e-01  -9.91115355e-02
267  2.40418279e-01  -1.37176824e-01
268  2.40422168e-01  -1.75242112e-01
269  2.40426058e-01  -2.13307401e-01
270  2.40429947e-01  -2.51372689e-01
271  2.40433836e-01  -2.89437978e-01
272  2.40437725e-01  -3.27503266e-01
273  2.40441615e-01  -3.65568555e-01
274  2.40445504e-01  -4.03633843e-01
275  2.40449393e-01  -4.41699132e-01
276  2.40453283e-01  -4.79764420e-01
277  2.40457172e-01  -5.17829709e-01
278  2.40461061e-01  -5.55894997e-01
279  2.40464951e-01  -5.93960285e-01
280  2.40468840e-01  -6.32025574e-01
281  2.40472729e-01  -6.70090862e-01
282  2.40476618e-01  -7.08156151e-01
283  2.40480508e-01  -7.46221439e-01
284  2.40484397e-01  -7.84286728e-01
285  2.40488286e-01  -8.22352016e-01
10281  -1.84260095e+00  -9.50462973e-03
10282  -1.83864529e+00  -3.99489505e-02
10283  -1.82772401e+00  -6.87739689e-02
10284  -1.81043863e+00  -9.56571076e-02
10285  -1.78826156e+00  -1.20689890e-01
10286  -1.76240526e+00  -1.43981070e-01
10287  -1.73433549e+00  -1.66053842e-01
10288  -1.70468914e+00  -1.86867188e-01
10289  -1.67398199e+00  -2.06886178e-01
10290  -1.64266532e+00  -2.26160720e-01
10291  -1.61066662e+00  -2.44681143e-01
10292  -1.57830259e+00  -2.62849143e-01
10293  -1.54547826e+00  -2.80517362e-01
10294  -1.51246692e+00  -2.98173265e-01
10295  -1.47938304e+00  -3.15553549e-01
10296  -1.43558664e+00  -3.38176896e-01
10297  -1.40271038e+00  -3.55210834e-01
10298  -1.36985366e+00  -3.72108546e-01
10299  -1.33686328e+00  -3.88910462e-01
10300  -1.30388286e+00  -4.05784578e-01
10301  -1.27092383e+00  -4.22548207e-01
10302  -1.23789933e+00  -4.39235659e-01
10303  -1.20478825e+00  -4.55931954e-01
10304  -1.17172632e+00  -4.72712847e-01
10305  -1.13871491e+00  -4.89418066e-01
10306  -1.10567961e+00  -5.06031438e-01
10307  -1.07261067e+00  -5.22557964e-01
10308  -1.03950690e+00  -5.38974621e-01
10309  -1.00632928e+00  -5.55276833e-01
10310  -9.73119066e-01  -5.71509685e-01
10311  -9.39896537e-01  -5.87594888e-01
10312  -9.06615655e-01  -6.03481023e-01
10313  -8.73249926e-01  -6.19165888e-01
10314  -8.39791384e-01  -6.34643592e-01
10315  -8.06224748e-01  -6.49921603e-01
10316  -7.72624280e-01  -6.65005216e-01
10317  -7.38926174e-01  -6.79755593e-01
10318  -7.05126191e-01  -6.94223575e-01
10319  -6.71228960e-01  -7.08312292e-01
10320  -6.37188661e-01  -7.21988687e-01
10321  -6.03003698e-01  -7.35245030e-01
10322  -5.68696124e-01  -7.48032238e-01
10323  -5.34237805e-01  -7.60271231e-01
10324  -4.99619775e-01  -7.71943161e-01
10325  -4.64860456e-01  -7.82982672e-01
10326  -4.29930489e-01  -7.93305981e-01
10327  -3.94872094e-01  -8.02881352e-01
10328  -3.48771586e-01  -8.14256886e-01
10329  -3.11283689e-01  -8.22337422e-01
10330  -2.76679838e-01  -8.29024812e-01
10331  -2.40406666e-01  -8.35140182e-01
10332  -2.03977898e-01  -8.40386122e-01
10333  -1.67454518e-01  -8.44786560e-01
10334  -1.30926729e-01  -8.48259967e-01
10335  -9.43325758e-02  -8.50656273e-01
10336  -5.76345660e-02  -8.52084171e-01
10337  -2.09197309e-02  -8.52562374e-01
10338  1.58022825e-02  -8.52051498e-01
10339  5.25438479e-02  -8.50610559e-01
10340  8.92635812e-02  -8.48284223e-01
10341  1.25905776e-01  -8.45086899e-01
10342  1.62409329e-01  -8.40984497e-01
10343  1.98870393e-01  -8.35889995e-01
10344  2.48214847e-01  -8.27843119e-01
10345  2.71338830e-01  -8.23408666e-01
10346  3.13216317e-01  -8.14289298e-01
10347  3.50141913e-01  -8.05318440e-01
10348  3.86807364e-01  -7.95573880e-01
10349  4.23088198e-01  -7.84803448e-01
10350  4.59109063e-01  -7.73023794e-01
10351  4.94882384e-01  -7.60311692e-01
10352  5.30338998e-01  -7.46780836e-01
10353  5.65299937e-01  -7.32375937e-01
10354  5.99737442e-01  -7.16873979e-01
10355  6.33747535e-01  -7.00350500e-01
10356  6.67252665e-01  -6.82849994e-01
10357  7.00199417e-01  -6.64364147e-01
10358  7.32487899e-01  -6.44931650e-01
10359  7.68908990e-01  -6.21183745e-01
10360  7.98422551e-01  -6.00327427e-01
10361  8.27281438e-01  -5.78537562e-01
10362  8.55266741e-01  -5.55783543e-01
10363  8.82352836e-01  -5.32010077e-01
10364  9.08469701e-01  -5.07279153e-01
10365  9.33499287e-01  -4.81489791e-01
10366  9.57539178e-01  -4.54669743e-01
10367  9.80484684e-01  -4.27080345e-01
10368  1.00204108e+00  -3.98451601e-01
10369  1.02242541e+00  -3.68996629e-01
10370  1.04127400e+00  -3.38654428e-01
10371  1.05868678e+00  -3.07468587e-01
10372  1.07447769e+00  -2.75597061e-01
10373  1.08841930e+00  -2.42927426e-01
10374  1.10066800e+00  -2.09475336e-01
10375  1.11119859e+00  -1.75590401e-01
10376  1.11958946e+00  -1.41258120e-01
10377  1.12598612e+00  -1.06303045e-01
10378  1.13066908e+00  -7.10638665e-02
10379  1.13332005e+00  -3.51267768e-02
10380  1.13532388e+00  8.84744318e-07
10381  1.13327402e+00  3.59694605e-02
10382  1.13057306e+00  7.29406794e-02
10383  1.12621661e+00  1.09405395e-01
10384  1.12050316e+00  1.45343019e-01
10385  1.11243174e+00  1.80571089e-01
10386  1.10235701e+00  2.15553282e-01
10387  1.09051410e+00  2.50069246e-01
10388  1.07700732e+00  2.83886775e-01
10389  1.06164745e+00  3.16906808e-01
10390  1.04462346e+00  3.49237211e-01
10391  1.02606697e+00  3.80761355e-01
10392  1.00606572e+00  4.11383545e-01
10393  9.84646880e-01  4.40987499e-01
10394  9.61786314e-01  4.69521776e-01
10395  9.37580826e-01  4.97032654e-01
10396  9.12155191e-01  5.23500422e-01
10397  8.85603098e-01  5.48896675e-01
10398  8.58051648e-01  5.73159346e-01
10399  8.29467299e-01  5.96157969e-01
10400  7.99823730e-01  6.17983658e-01
10401  7.69374186e-01  6.38744496e-01
10402  7.33096676e-01  6.61403081e-01
10403  7.00943396e-01  6.79801408e-01
10404  6.68145152e-01  6.97130562e-01
10405  6.34794066e-01  7.13270204e-01
10406  6.00825833e-01  7.28202088e-01
10407  5.66312930e-01  7.42077437e-01
10408  5.31383112e-01  7.54894136e-01
10409  4.96058047e-01  7.66612642e-01
10410  4.60383186e-01  7.77274826e-01
10411  4.24304841e-01  7.86875358e-01
10412  3.87932454e-01  7.95648492e-01
10413  3.51413220e-01  8.03496215e-01
10414  3.14661966e-01  8.10340590e-01
10415  2.72914912e-01  8.17164285e-01
10416  2.48046421e-01  8.20569366e-01
10417  2.00084936e-01  8.25982988e-01
10418  1.63479953e-01  8.29242772e-01
10419  1.26822790e-01  8.31716893e-01
10420  9.01066073e-02  8.33399150e-01
10421  5.33202646e-02  8.34330082e-01
10422  1.64710353e-02  8.34570388e-01
10423  -2.04096469e-02  8.34179278e-01
10424  -5.72425725e-02  8.33174441e-01
10425  -9.40056201e-02  8.31454074e-01
10426  -1.30765396e-01  8.29012189e-01
10427  -1.67555028e-01  8.25937193e-01
10428  -2.04284302e-01  8.22330503e-01
10429  -2.40895284e-01  8.18075208e-01
10430  -2.77469900e-01  8.13170693e-01
10431  -3.11061772e-01  8.08173544e-01
10432  -3.50477981e-01  8.01763297e-01
10433  -3.97614353e-01  7.93192380e-01
10434  -4.33782841e-01  7.86027066e-01
10435  -4.69918734e-01  7.78401659e-01
10436  -5.05937752e-01  7.70328246e-01
10437  -5.41844648e-01  7.61764511e-01
10438  -5.77679437e-01  7.52746368e-01
10439  -6.13412893e-01  7.43328295e-01
10440  -6.49047953e-01  7.33464801e-01
10441  -6.84621645e-01  7.23241579e-01
10442  -7.20104999e-01  7.12665959e-01
10443  -7.55512688e-01  7.01764476e-01
10444  -7.90814203e-01  6.90571573e-01
10445  -8.25953755e-01  6.79044059e-01
10446  -8.60976090e-01  6.67099586e-01
10447  -8.95920785e-01  6.54844753e-01
10448  -9.30739982e-01  6.42246753e-01
10449  -9.65435245e-01  6.29346509e-01
10450  -9.99984057e-01  6.16080002e-01
10451  -1.03442175e+00  6.02487400e-01
10452  -1.06871795e+00  5.88565137e-01
10453  -1.10288931e+00  5.74298980e-01
10454  -1.13695840e+00  5.59726745e-01
10455  -1.17088186e+00  5.44884098e-01
10456  -1.20460239e+00  5.29711082e-01
10457  -1.23812890e+00  5.14154857e-01
10458  -1.27148699e+00  4.98207590e-01
10459  -1.30468399e+00  4.81899338e-01
10460  -1.33765805e+00  4.65260529e-01
10461  -1.37038154e+00  4.48165526e-01
10462  -1.40290637e+00  4.30689722e-01
10463  -1.43513191e+00  4.12793371e-01
10464  -1.47800517e+00  3.88101155e-01
10465  -1.51037587e+00  3.68689272e-01
10466  -1.54231109e+00  3.48698305e-01
10467  -1.57378092e+00  3.28015546e-01
10468  -1.60481977e+00  3.06702424e-01
10469  -1.63521502e+00  2.84810304e-01
10470  -1.66475018e+00  2.62028235e-01
10471  -1.69343120e+00  2.38371407e-01
10472  -1.72098614e+00  2.13693077e-01
10473  -1.74722940e+00  1.87982751e-01
10474  -1.77170612e+00  1.61107107e-01
10475  -1.79392956e+00  1.33000072e-01
10476  -1.81316089e+00  1.03581997e-01
10477  -1.82850017e+00  7.30513729e-02
10478  -1.83852790e+00  4.22673079e-02
10479  -3.11062923e-01  7.99713289e-01
10480  -3.11068151e-01  7.61297065e-01
10481  -3.11073380e-01  7.22880841e-01
10482  -3.11078608e-01  6.84464618e-01
10483  -3.11083837e-01  6.46048394e-01
10484  -3.11089066e-01  6.07632170e-01
10485  -3.11094294e-01  5.69215947e-01
10486  -3.11099523e-01  5.30799723e-01
10487  -3.11104751e-01  4.92383499e-01
10488  -3.11109980e-01  4.53967276e-01
10489  -3.11115208e-01  4.15551052e-01
10490  -3.11120437e-01  3.77134828e-01
10491  -3.11125666e-01  3.38718604e-01
10492  -3.11130894e-01  3.00302381e-01
10493  -3.11136123e-01  2.61886157e-01
10494  -3.11141351e-01  2.23469933e-01
10495  -3.11146580e-01  1.85053710e-01
10496  -3.11151809e-01  1.46637486e-01
10497  -3.11157037e-01  1.08221262e-01
10498  -3.11162266e-01  6.98050391e-02
10499  -3.11167494e-01  3.13888155e-02
10500  -3.11172723e-01  -7.02740835e-03
10501  -3.11177952e-01  -4.54436319e-02
10502  -3.11183180e-01  -8.38598556e-02
10503  -3.11188409e-01  -1.22276080e-01
10504  -3.11193637e-01  -1.60692303e-01
10505  -3.11198866e-01  -1.99108527e-01
10506  -3.11204094e-01  -2.37524751e-01
10507  -3.11209323e-01  -2.75940975e-01
10508  -3.11214552e-01  -3.14357198e-01
10509  -3.11219780e-01  -3.52773422e-01
10510  -3.11225009e-01  -3.91189646e-01
10511  -3.11230237e-01  -4.29605869e-01
10512  -3.11235466e-01  -4.68022093e-01
10513  -3.11240695e-01  -5.06438317e-01
10514  -3.11245923e-01  -5.44854540e-01
10515  -3.11251152e-01  -5.83270764e-01
10516  -3.11256380e-01  -6.21686988e-01
10517  -3.11261609e-01  -6.60103211e-01
10518  -3.11266838e-01  -6.98519435e-01
10519  -3.11272066e-01  -7.36935659e-01
10520  -3.11277295e-01  -7.75351882e-01
10521  -3.11282523e-01  -8.13768106e-01
10522  2.48047046e-01  8.14456176e-01
10523  2.48050936e-01  7.76390888e-01
10524  2.48054825e-01  7.38325599e-01
10525  2.48058714e-01  7.00260311e-01
10526  2.48062604e-01  6.62195023e-01
10527  2.48066493e-01  6.24129734e-01
10528  2.48070382e-01  5.86064446e-01
10529  2.48074271e-01  5.47999157e-01
10530  2.48078161e-01  5.09933869e-01
10531  2.48082050e-01  4.71868580e-01
10532  2.48085939e-01  4.33803292e-01
10533  2.48089829e-01  3.95738003e-01
10534  2.48093718e-01  3.57672715e-01
10535  2.48097607e-01  3.19607426e-01
10536  2.48101497e-01  2.81542138e-01
10537  2.48105386e-01  2.43476850e-01
10538  2.48109275e-01  2.05411561e-01
10539  2.48113164e-01  1.67346273e-01
10540  2.48117054e-01  1.29280984e-01
10541  2.48120943e-01  9.12156960e-02
10542  2.48124832e-01  5.31504077e-02
10543  2.48128722e-01  1.50851192e-02
10544  2.48132611e-01  -2.29801693e-02
10545  2.48136500e-01  -6.10454577e-02
10546  2.48140390e-01  -9.91107461e-02
10547  2.48144279e-01  -1.37176035e-01
10548  2.48148168e-01  -1.75241323e-01
10549  2.48152058e-01  -2.13306612e-01
10550  2.48155947e-01  -2.51371900e-01
10551  2.48159836e-01  -2.89437189e-01
10552  2.48163725e-01  -3.27502477e-01
10553  2.48167615e-01  -3.65567766e-01
10554  2.48171504e-01  -4.03633054e-01
10555  2.48175393e-01  -4.41698343e-01
10556  2.48179283e-01  -4.79763631e-01
10557  2.48183172e-01  -5.17828920e-01
10558  2.48187061e-01  -5.55894208e-01
10559  2.48190951e-01  -5.93959496e-01
10560  2.48194840e-01  -6.32024785e-01
10561  2.48198729e-01  -6.70090073e-01
10562  2.48202618e-01  -7.08155362e-01
10563  2.48206508e-01  -7.46220650e-01
10564  2.48210397e-01  -7.84285939e-01
10565  2.48214286e-01  -8.22351227e-01
2571  -1.87309719e+00  -1.03158652e-02
2572  -1.86804050e+00  -4.74047058e-02
2573  -1.85482792e+00  -8.23770542e-02
2574  -1.83464659e+00  -1.13922948e-01
2575  -1.80981714e+00  -1.42021166e-01
2576  -1.78194992e+00  -1.67168843e-01
2577  -1.75243181e+00  -1.90388789e-01
2578  -1.72168808e+00  -2.11980973e-01
2579  -1.69021261e+00  -2.32503233e-01
2580  -1.65821076e+00  -2.52199255e-01
2581  -1.62568557e+00  -2.71026873e-01
2582  -1.59291257e+00  -2.89423848e-01
2583  -1.55981663e+00  -3.07239591e-01
2584  -1.52667007e+00  -3.24967612e-01
2585  -1.49339399e+00  -3.42448893e-01
2586  -1.44952122e+00  -3.65111883e-01
2587  -1.41662072e+00  -3.82158350e-01
2588  -1.38366987e+00  -3.99104449e-01
2589  -1.35065122e+00  -4.15920809e-01
2590  -1.31766352e+00  -4.32798641e-01
2591  -1.28463647e+00  -4.49596863e-01
2592  -1.25156491e+00  -4.66308121e-01
2593  -1.21847811e+00  -4.82992146e-01
2594  -1.18543550e+00  -4.99763254e-01
2595  -1.15237383e+00  -5.16493887e-01
2596  -1.11927059e+00  -5.33141426e-01
2597  -1.08612584e+00  -5.49705827e-01
2598  -1.05293049e+00  -5.66167883e-01
2599  -1.01967484e+00  -5.82508473e-01
2600  -9.86385385e-01  -5.98780018e-01
2601  -9.53036073e-01  -6.14926533e-01
2602  -9.19598303e-01  -6.30887539e-01
2603  -8.86066881e-01  -6.46650282e-01
2604  -8.52439067e-01  -6.62206291e-01
2605  -8.18716006e-01  -6.77555544e-01
2606  -7.84914380e-01  -6.92729208e-01
2607  -7.50973257e-01  -7.07586045e-01
2608  -7.16912624e-01  -7.22165412e-01
2609  -6.82701534e-01  -7.36384454e-01
2610  -6.48323873e-01  -7.50196369e-01
2611  -6.13781686e-01  -7.63591128e-01
2612  -5.79067032e-01  -7.76529792e-01
2613  -5.44157496e-01  -7.88928969e-01
2614  -5.09054203e-01  -8.00764296e-01
2615  -4.73748110e-01  -8.11977084e-01
2616  -4.38223205e-01  -8.22476122e-01
2617  -4.02488698e-01  -8.32235289e-01
2618  -3.55587489e-01  -8.43770062e-01
2619  -3.18013710e-01  -8.51877771e-01
2620  -2.82078676e-01  -8.58829789e-01
2621  -2.45083583e-01  -8.65066935e-01
2622  -2.07948381e-01  -8.70414764e-01
2623  -1.70699529e-01  -8.74902237e-01
2624  -1.33350165e-01  -8.78452865e-01
2625  -9.59114835e-02  -8.80905094e-01
2626  -5.84206784e-02  -8.82363968e-01
2627  -2.09063443e-02  -8.82852371e-01
2628  1.66062971e-02  -8.82330825e-01
2629  5.40949203e-02  -8.80860820e-01
2630  9.15378981e-02  -8.78488719e-01
2631  1.28914178e-01  -8.75227131e-01
2632  1.66196478e-01  -8.71036812e-01
2633  2.03355969e-01  -8.65846025e-01
2634  2.41492107e-01  -8.59737660e-01
2635  2.77301572e-01  -8.53105969e-01
2636  3.20009688e-01  -8.43844609e-01
2637  3.57616964e-01  -8.34708742e-01
2638  3.95018516e-01  -8.24767086e-01
2639  4.32117017e-01  -8.13754211e-01
2640  4.68899729e-01  -8.01725869e-01
2641  5.05366498e-01  -7.88767792e-01
2642  5.41523322e-01  -7.74969081e-01
2643  5.77302250e-01  -7.60225727e-01
2644  6.12588785e-01  -7.44342311e-01
2645  6.47395258e-01  -7.27431968e-01
2646  6.81694045e-01  -7.09516693e-01
2647  7.15440175e-01  -6.90582186e-01
2648  7.48591813e-01  -6.70628541e-01
2649  7.85944133e-01  -6.46272989e-01
2650  8.16312240e-01  -6.24814674e-01
2651  8.45987563e-01  -6.02406940e-01
2652  8.74838430e-01  -5.78948502e-01
2653  9.02784977e-01  -5.54419760e-01
2654  9.29781298e-01  -5.28854188e-01
2655  9.55675244e-01  -5.02175370e-01
2656  9.80493024e-01  -4.74488603e-01
2657  1.00426304e+00  -4.45902030e-01
2658  1.02662766e+00  -4.16204522e-01
2659  1.04778223e+00  -3.85630873e-01
2660  1.06740031e+00  -3.54051891e-01
2661  1.08552158e+00  -3.21595157e-01
2662  1.10202196e+00  -2.88284813e-01
2663  1.11661326e+00  -2.54097342e-01
2664  1.12939581e+00  -2.19190235e-01
2665  1.14042222e+00  -1.83692625e-01
2666  1.14924655e+00  -1.47592405e-01
2667  1.15594123e+00  -1.11031485e-01
2668  1.16083440e+00  -7.41815578e-02
2669  1.16358104e+00  -3.71113624e-02
2670  1.16569919e+00  1.43506183e-08
2671  1.16353591e+00  3.79403673e-02
2672  1.16075948e+00  7.58469667e-02
2673  1.15625258e+00  1.13589509e-01
2674  1.15027464e+00  1.51115832e-01
2675  1.14179451e+00  1.88153583e-01
2676  1.13127940e+00  2.24672577e-01
2677  1.11894614e+00  2.60618441e-01
2678  1.10484775e+00  2.95910781e-01
2679  1.08882126e+00  3.30369729e-01
2680  1.07111491e+00  3.63997601e-01
2681  1.05183605e+00  3.96749502e-01
2682  1.03105237e+00  4.28568821e-01
2683  1.00877271e+00  4.59361689e-01
2684  9.85010509e-01  4.89023136e-01
2685  9.59905410e-01  5.17557742e-01
2686  9.33575915e-01  5.44967114e-01
2687  9.06109079e-01  5.71238811e-01
2688  8.77582721e-01  5.96358558e-01
2689  8.47967792e-01  6.20187077e-01
2690  8.17358876e-01  6.42726029e-01
2691  7.85951679e-01  6.64138452e-01
2692  7.48663445e-01  6.87428876e-01
2693  7.15559991e-01  7.06372472e-01
2694  6.81835620e-01  7.24190446e-01
2695  6.47503484e-01  7.40804491e-01
2696  6.12585842e-01  7.56155057e-01
2697  5.77193509e-01  7.70384313e-01
2698  5.41381840e-01  7.83524395e-01
2699  5.05175403e-01  7.95535645e-01
2700  4.68625879e-01  8.06459142e-01
2701  4.31760414e-01  8.16270608e-01
2702  3.94673760e-01  8.25215721e-01
2703  3.57375778e-01  8.33230273e-01
2704  3.19871563e-01  8.40215770e-01
2705  2.77327166e-01  8.47131202e-01
2706  2.41317221e-01  8.51895883e-01
2707  2.03088776e-01  8.56123676e-01
2708  1.65843311e-01  8.59440431e-01
2709  1.28536006e-01  8.61958404e-01
2710  9.11831716e-02  8.63670012e-01
2711  5.38023927e-02  8.64616244e-01
2712  1.64093144e-02  8.64860325e-01
2713  -2.09834187e-02  8.64463843e-01
2714  -5.83637586e-02  8.63443684e-01
2715  -9.57173570e-02  8.61695669e-01
2716  -1.33030519e-01  8.59217376e-01
2717  -1.70296679e-01  8.56102859e-01
2718  -2.07513185e-01  8.52447913e-01
2719  -2.44656685e-01  8.48130756e-01
2720  -2.81720064e-01  8.43161029e-01
2721  -3.17783742e-01  8.37780745e-01
2722  -3.55615199e-01  8.31614480e-01
2723  -4.03262422e-01  8.22987775e-01
2724  -4.39860200e-01  8.15737872e-01
2725  -4.76366058e-01  8.08034382e-01
2726  -5.12771989e-01  7.99874134e-01
2727  -5.49062904e-01  7.91218934e-01
2728  -5.85244530e-01  7.82113622e-01
2729  -6.21322365e-01  7.72604677e-01
2730  -6.57280929e-01  7.62651859e-01
2731  -6.93140759e-01  7.52346406e-01
2732  -7.28897798e-01  7.41689277e-01
2733  -7.64557390e-01  7.30710281e-01
2734  -8.00123638e-01  7.19433325e-01
2735  -8.35574831e-01  7.07803426e-01
2736  -8.70888605e-01  6.95759808e-01
2737  -9.06097708e-01  6.83412156e-01
2738  -9.41183363e-01  6.70717827e-01
2739  -9.76155323e-01  6.57714558e-01
2740  -1.01098659e+00  6.44339702e-01
2741  -1.04569210e+00  6.30641361e-01
2742  -1.08026308e+00  6.16607540e-01
2743  -1.11469414e+00  6.02233049e-01
2744  -1.14899959e+00  5.87559746e-01
2745  -1.18318207e+00  5.72603607e-01
2746  -1.21720664e+00  5.57293673e-01
2747  -1.25105110e+00  5.41589929e-01
2748  -1.28471285e+00  5.25497568e-01
2749  -1.31820095e+00  5.09046311e-01
2750  -1.35151027e+00  4.92237966e-01
2751  -1.38457954e+00  4.74962600e-01
2752  -1.41744537e+00  4.57303321e-01
2753  -1.45006174e+00  4.39189704e-01
2754  -1.49337165e+00  4.14245709e-01
2755  -1.52622049e+00  3.94546848e-01
2756  -1.55868554e+00  3.74223660e-01
2757  -1.59069286e+00  3.53188000e-01
2758  -1.62226668e+00  3.31507094e-01
2759  -1.65334105e+00  3.09123130e-01
2760  -1.68366273e+00  2.85734392e-01
2761  -1.71320072e+00  2.61367759e-01
2762  -1.74172055e+00  2.35823385e-01
2763  -1.76906325e+00  2.09029102e-01
2764  -1.79483003e+00  1.80727267e-01
2765  -1.81854824e+00  1.50708458e-01
2766  -1.83945673e+00  1.18688121e-01
2767  -1.85657274e+00  8.45229363e-02
2768  -1.86826778e+00  4.82007427e-02
2769  -3.17788923e-01  7.99714205e-01
2770  -3.17794151e-01  7.61297981e-01
2771  -3.17799380e-01  7.22881757e-01
2772  -3.17804608e-01  6.84465534e-01
2773  -3.17809837e-01  6.46049310e-01
2774  -3.17815066e-01  6.07633086e-01
2775  -3.17820294e-01  5.69216863e-01
2776  -3.17825523e-01  5.30800639e-01
2777  -3.17830751e-01  4.92384415e-01
2778  -3.17835980e-01  4.53968192e-01
2779  -3.17841208e-01  4.15551968e-01
2780  -3.17846437e-01  3.77135744e-01
2781  -3.17851666e-01  3.38719520e-01
2782  -3.17856894e-01  3.00303297e-01
2783  -3.17862123e-01  2.61887073e-01
2784  -3.17867351e-01  2.23470849e-01
2785  -3.17872580e-01  1.85054626e-01
2786  -3.17877809e-01  1.46638402e-01
2787  -3.17883037e-01  1.08222178e-01
2788  -3.17888266e-01  6.98059545e-02
2789  -3.17893494e-01  3.13897309e-02
2790  -3.17898723e-01  -7.02649284e-03
2791  -3.17903952e-01  -4.54427165e-02
2792  -3.17909180e-01  -8.38589402e-02
2793  -3.17914409e-01  -1.22275164e-01
2794  -3.17919637e-01  -1.60691387e-01
2795  -3.17924866e-01  -1.99107611e-01
2796  -3.17930094e-01  -2.37523835e-01
2797  -3.17935323e-01  -2.75940059e-01
2798  -3.17940552e-01  -3.14356282e-01
2799  -3.17945780e-01  -3.52772506e-01
2800  -3.17951009e-01  -3.91188730e-01
2801  -3.17956237e-01  -4.29604953e-01
2802  -3.17961466e-01  -4.68021177e-01
2803  -3.17966695e-01  -5.06437401e-01
2804  -3.17971923e-01  -5.44853624e-01
2805  -3.17977152e-01  -5.83269848e-01
2806  -3.17982380e-01  -6.21686072e-01
2807  -3.17987609e-01  -6.60102295e-01
2808  -3.17992838e-01  -6.98518519e-01
2809  -3.17998066e-01  -7.36934743e-01
2810  -3.18003295e-01  -7.75350966e-01
2811  -3.18008523e-01  -8.13767190e-01
2812  2.41321046e-01  8.14455489e-01
2813  2.41324936e-01  7.76390201e-01
2814  2.41328825e-01  7.38324912e-01
2815  2.41332714e-01  7.00259624e-01
2816  2.41336604e-01  6.62194336e-01
2817  2.41340493e-01  6.24129047e-01
2818  2.41344382e-01  5.86063759e-01
2819  2.41348271e-01  5.47998470e-01
2820  2.41352161e-01  5.09933182e-01
2821  2.41356050e-01  4.71867893e-01
2822  2.41359939e-01  4.33802605e-01
2823  2.41363829e-01  3.95737316e-01
2824  2.41367718e-01  3.57672028e-01
2825  2.41371607e-01  3.19606739e-01
2826  2.41375497e-01  2.81541451e-01
2827  2.41379386e-01  2.43476163e-01
2828  2.41383275e-01  2.05410874e-01
2829  2.41387164e-01  1.67345586e-01
2830  2.41391054e-01  1.29280297e-01
2831  2.41394943e-01  9.12150089e-02
2832  2.41398832e-01  5.31497205e-02
2833  2.41402722e-01  1.50844320e-02
2834  2.41406611e-01  -2.29808564e-02
2835  2.41410500e-01  -6.10461449e-02
2836  2.41414390e-01  -9.91114333e-02
2837  2.41418279e-01  -1.37176722e-01
2838  2.41422168e-01  -1.75242010e-01
2839  2.41426058e-01  -2.13307299e-01
2840  2.41429947e-01  -2.51372587e-01
2841  2.41433836e-01  -2.89437876e-01
2842  2.41437725e-01  -3.27503164e-01
2843  2.41441615e-01  -3.65568453e-01
2844  2.41445504e-01  -4.03633741e-01
2845  2.41449393e-01  -4.41699030e-01
2846  2.41453283e-01  -4.79764318e-01
2847  2.41457172e-01  -5.17829607e-01
2848  2.41461061e-01  -5.55894895e-01
2849  2.41464951e-01  -5.93960183e-01
2850  2.41468840e-01  -6.32025472e-01
2851  2.41472729e-01  -6.70090760e-01
2852  2.41476618e-01  -7.08156049e-01
2853  2.41480508e-01  -7.46221337e-01
2854  2.41484397e-01  -7.84286626e-01
2855  2.41488286e-01  -8.22351914e-01
5141  -1.86817874e+00  -1.01850285e-02
5142  -1.86329962e+00  -4.62022360e-02
5143  -1.85045658e+00  -8.01831384e-02
5144  -1.83074231e+00  -1.10977020e-01
5145  -1.80634064e+00  -1.38580841e-01
5146  -1.77879774e+00  -1.63429101e-01
5147  -1.74951322e+00  -1.86464030e-01
5148  -1.71894648e+00  -2.07930603e-01
5149  -1.68759492e+00  -2.28371695e-01
5150  -1.65570358e+00  -2.47999740e-01
5151  -1.62326330e+00  -2.66777814e-01
5152  -1.59055626e+00  -2.85137860e-01
5153  -1.55750412e+00  -3.02929810e-01
5154  -1.52437937e+00  -3.20646200e-01
5155  -1.49113430e+00  -3.38111192e-01
5156  -1.44727384e+00  -3.60767788e-01
5157  -1.41437725e+00  -3.77812234e-01
5158  -1.38144158e+00  -3.94750530e-01
5159  -1.34842749e+00  -4.11564560e-01
5160  -1.31544097e+00  -4.28441792e-01
5161  -1.28242489e+00  -4.45234436e-01
5162  -1.24936091e+00  -4.61941854e-01
5163  -1.21627020e+00  -4.78627858e-01
5164  -1.18322447e+00  -4.95400544e-01
5165  -1.15017091e+00  -5.12127079e-01
5166  -1.11707862e+00  -5.28769107e-01
5167  -1.08394610e+00  -5.45327399e-01
5168  -1.05076552e+00  -5.61782133e-01
5169  -1.01752246e+00  -5.78116534e-01
5170  -9.84245783e-01  -5.94381839e-01
5171  -9.50916919e-01  -6.10518465e-01
5172  -9.17504451e-01  -6.26467395e-01
5173  -8.83999753e-01  -6.42217578e-01
5174  -8.50399240e-01  -6.57760958e-01
5175  -8.16701407e-01  -6.73098722e-01
5176  -7.82932223e-01  -6.88257861e-01
5177  -7.49030294e-01  -7.03097529e-01
5178  -7.15011699e-01  -7.17658931e-01
5179  -6.80851229e-01  -7.31856955e-01
5180  -6.46527978e-01  -7.45647013e-01
5181  -6.12043404e-01  -7.59019448e-01
5182  -5.77394404e-01  -7.71933685e-01
5183  -5.42557641e-01  -7.84307028e-01
5184  -5.07532611e-01  -7.96116002e-01
5185  -4.72314702e-01  -8.07300843e-01
5186  -4.36885749e-01  -8.17771540e-01
5187  -4.01260287e-01  -8.27501064e-01
5188  -3.54486909e-01  -8.39004498e-01
5189  -3.15150111e-01  -8.47471850e-01
5190  -2.81206912e-01  -8.54017107e-01
5191  -2.44328390e-01  -8.60234590e-01
5192  -2.07307257e-01  -8.65565966e-01
5193  -1.70175549e-01  -8.70039385e-01
5194  -1.32958847e-01  -8.73577544e-01
5195  -9.56565334e-02  -8.76020743e-01
5196  -5.82937429e-02  -8.77474616e-01
5197  -2.09085059e-02  -8.77961372e-01
5198  1.64764709e-02  -8.77441549e-01
5199  5.38444649e-02  -8.75976237e-01
5200  9.11706586e-02  -8.73611526e-01
5201  1.28428404e-01  -8.70360315e-01
5202  1.65584958e-01  -8.66184191e-01
5203  2.02631672e-01  -8.61008952e-01
5204  2.44354549e-01  -8.54281427e-01
5205  2.76338754e-01  -8.48310673e-01
5206  3.18914048e-01  -8.39077906e-01
5207  3.56411382e-01  -8.29968652e-01
5208  3.93694215e-01  -8.20058784e-01
5209  4.30660843e-01  -8.09085010e-01
5210  4.67320683e-01  -7.97096777e-01
5211  5.03675612e-01  -7.84178371e-01
5212  5.39719506e-01  -7.70422860e-01
5213  5.75366508e-01  -7.55734092e-01
5214  6.10516111e-01  -7.39912198e-01
5215  6.45194143e-01  -7.23064249e-01
5216  6.79364928e-01  -7.05215868e-01
5217  7.12982134e-01  -6.86353721e-01
5218  7.45994561e-01  -6.66484128e-01
5219  7.83196692e-01  -6.42226577e-01
5220  8.13426977e-01  -6.20865353e-01
5221  8.42970625e-01  -5.98557269e-01
5222  8.71681893e-01  -5.75212440e-01
5223  8.99489666e-01  -5.50805510e-01
5224  9.26344148e-01  -5.25374550e-01
5225  9.52098689e-01  -4.98839185e-01
5226  9.76791011e-01  -4.71292202e-01
5227  1.00042805e+00  -4.42866455e-01
5228  1.02266232e+00  -4.13341317e-01
5229  1.04369266e+00  -3.82948089e-01
5230  1.06318664e+00  -3.51568577e-01
5231  1.08119365e+00  -3.19316813e-01
5232  1.09757960e+00  -2.86238523e-01
5233  1.11206612e+00  -2.52295849e-01
5234  1.12476257e+00  -2.17623408e-01
5235  1.13570901e+00  -1.82385892e-01
5236  1.14446343e+00  -1.46570807e-01
5237  1.15111004e+00  -1.10268878e-01
5238  1.15596931e+00  -7.36787342e-02
5239  1.15870053e+00  -3.67912870e-02
5240  1.16080023e+00  1.54728366e-07
5241  1.15865525e+00  3.76224980e-02
5242  1.15589099e+00  7.53782385e-02
5243  1.15140836e+00  1.12914692e-01
5244  1.14547308e+00  1.50184788e-01
5245  1.13705886e+00  1.86930672e-01
5246  1.12661478e+00  2.23201810e-01
5247  1.11436060e+00  2.58917059e-01
5248  1.10035763e+00  2.93971540e-01
5249  1.08443865e+00  3.28198419e-01
5250  1.06684235e+00  3.61617034e-01
5251  1.04768000e+00  3.94170922e-01
5252  1.02702251e+00  4.25797167e-01
5253  1.00488167e+00  4.56398285e-01
5254  9.81264894e-01  4.85877942e-01
5255  9.56304885e-01  5.14247440e-01
5256  9.30121164e-01  5.41504950e-01
5257  9.02801859e-01  5.67635455e-01
5258  8.74432735e-01  5.92616972e-01
5259  8.44984019e-01  6.16311644e-01
5260  8.14530795e-01  6.38735561e-01
5261  7.83278048e-01  6.60042896e-01
5262  7.46152825e-01  6.83231416e-01
5263  7.13202615e-01  7.02087070e-01
5264  6.79627611e-01  7.19826208e-01
5265  6.45453700e-01  7.36363741e-01
5266  6.10689179e-01  7.51646782e-01
5267  5.75438681e-01  7.65818959e-01
5268  5.39769238e-01  7.78906885e-01
5269  5.03704949e-01  7.90870921e-01
5270  4.67296491e-01  8.01752273e-01
5271  4.30557974e-01  8.11529720e-01
5272  3.93586517e-01  8.20447096e-01
5273  3.56414132e-01  8.28434742e-01
5274  3.19031355e-01  8.35397478e-01
5275  2.76614709e-01  8.42292371e-01
5276  2.44180760e-01  8.46622271e-01
5277  2.02603739e-01  8.51256786e-01
5278  1.65461694e-01  8.54564342e-01
5279  1.28259369e-01  8.57075234e-01
5280  9.10093362e-02  8.58782102e-01
5281  5.37245423e-02  8.59725864e-01
5282  1.64192807e-02  8.59969335e-01
5283  -2.08907704e-02  8.59573720e-01
5284  -5.81827179e-02  8.58556035e-01
5285  -9.54409587e-02  8.56812485e-01
5286  -1.32664764e-01  8.54340071e-01
5287  -1.69853978e-01  8.51231936e-01
5288  -2.06991810e-01  8.47584781e-01
5289  -2.44049323e-01  8.43277614e-01
5290  -2.81033780e-01  8.38318416e-01
5291  -3.14921355e-01  8.33277661e-01
5292  -3.54785680e-01  8.26794337e-01
5293  -4.02351498e-01  8.18182352e-01
5294  -4.38880039e-01  8.10946091e-01
5295  -4.75326229e-01  8.03255195e-01
5296  -5.11669758e-01  7.95108951e-01
5297  -5.47898738e-01  7.86468503e-01
5298  -5.84024426e-01  7.77377250e-01
5299  -6.20046719e-01  7.67882960e-01
5300  -6.55953108e-01  7.57944549e-01
5301  -6.91766790e-01  7.47652358e-01
5302  -7.27479689e-01  7.37008375e-01
5303  -7.63098654e-01  7.26041880e-01
5304  -7.98622205e-01  7.14778480e-01
5305  -8.34023137e-01  7.03165094e-01
5306  -8.69289908e-01  6.91137465e-01
5307  -9.04456366e-01  6.78804784e-01
5308  -9.39499047e-01  6.66125991e-01
5309  -9.74426380e-01  6.53139338e-01
5310  -1.00921209e+00  6.39781957e-01
5311  -1.04387441e+00  6.26100669e-01
5312  -1.07840107e+00  6.12084840e-01
5313  -1.11279025e+00  5.97727821e-01
5314  -1.14705758e+00  5.83070819e-01
5315  -1.18119828e+00  5.68132983e-01
5316  -1.21517382e+00  5.52845132e-01
5317  -1.24896699e+00  5.37165180e-01
5318  -1.28257977e+00  5.21096220e-01
5319  -1.31602092e+00  5.04668027e-01
5320  -1.34927617e+00  4.87887025e-01
5321  -1.38228968e+00  4.70640748e-01
5322  -1.41510051e+00  4.53011060e-01
5323  -1.44765385e+00  4.34932484e-01
5324  -1.49089333e+00  4.10029095e-01
5325  -1.52366506e+00  3.90376519e-01
5326  -1.55604465e+00  3.70106911e-01
5327  -1.58796529e+00  3.49128168e-01
5328  -1.61945283e+00  3.27506578e-01
5329  -1.65041767e+00  3.05201939e-01
5330  -1.68061250e+00  2.81911045e-01
5331  -1.71001228e+00  2.57658890e-01
5332  -1.73837649e+00  2.32254193e-01
5333  -1.76554187e+00  2.05634731e-01
5334  -1.79110059e+00  1.77562913e-01
5335  -1.81457772e+00  1.47852436e-01
5336  -1.83521571e+00  1.16251794e-01
5337  -1.85204518e+00  8.26727939e-02
5338  -1.86347131e+00  4.72437939e-02
5339  -3.14925923e-01  7.99713815e-01
5340  -3.14931151e-01  7.61297591e-01
5341  -3.14936380e-01  7.22881367e-01
5342  -3.14941608e-01  6.84465144e-01
5343  -3.14946837e-01  6.46048920e-01
5344  -3.14952066e-01  6.07632696e-01
5345  -3.14957294e-01  5.69216473e-01
5346  -3.14962523e-01  5.30800249e-01
5347  -3.14967751e-01  4.92384025e-01
5348  -3.14972980e-01  4.53967802e-01
5349  -3.14978208e-01  4.15551578e-01
5350  -3.14983437e-01  3.77135354e-01
5351  -3.14988666e-01  3.38719130e-01
5352  -3.14993894e-01  3.00302907e-01
5353  -3.14999123e-01  2.61886683e-01
5354  -3.15004351e-01  2.23470459e-01
5355  -3.15009580e-01  1.85054236e-01
5356  -3.15014809e-01  1.46638012e-01
5357  -3.15020037e-01  1.08221788e-01
5358  -3.15025266e-01  6.98055648e-02
5359  -3.15030494e-01  3.13893412e-02
5360  -3.15035723e-01  -7.02688254e-03
5361  -3.15040952e-01  -4.54431062e-02
5362  -3.15046180e-01  -8.38593299e-02
5363  -3.15051409e-01  -1.22275554e-01
5364  -3.15056637e-01  -1.60691777e-01
5365  -3.15061866e-01  -1.99108001e-01
5366  -3.15067094e-01  -2.37524225e-01
5367  -3.15072323e-01  -2.75940449e-01
5368  -3.15077552e-01  -3.14356672e-01
5369  -3.15082780e-01  -3.52772896e-01
5370  -3.15088009e-01  -3.91189120e-01
5371  -3.15093237e-01  -4.29605343e-01
5372  -3.15098466e-01  -4.68021567e-01
5373  -3.15103695e-01  -5.06437791e-01
5374  -3.15108923e-01  -5.44854014e-01
5375  -3.15114152e-01  -5.83270238e-01
5376  -3.15119380e-01  -6.21686462e-01
5377  -3.15124609e-01  -6.60102685e-01
5378  -3.15129838e-01  -6.98518909e-01
5379  -3.15135066e-01  -7.36935133e-01
5380  -3.15140295e-01  -7.75351356e-01
5381  -3.15145523e-01  -8.13767580e-01
5382  2.44184046e-01  8.14455782e-01
5383  2.44187936e-01  7.76390494e-01
5384  2.44191825e-01  7.38325205e-01
5385  2.44195714e-01  7.00259917e-01
5386  2.44199604e-01  6.62194629e-01
5387  2.44203493e-01  6.24129340e-01
5388  2.44207382e-01  5.86064052e-01
5389  2.44211271e-01  5.47998763e-01
5390  2.44215161e-01  5.09933475e-01
5391  2.44219050e-01  4.71868186e-01
5392  2.44222939e-01  4.33802898e-01
5393  2.44226829e-01  3.95737609e-01
5394  2.44230718e-01  3.57672321e-01
5395  2.44234607e-01  3.19607032e-01
5396  2.44238497e-01  2.81541744e-01
5397  2.44242386e-01  2.43476456e-01
5398  2.44246275e-01  2.05411167e-01
5399  2.44250164e-01  1.67345879e-01
5400  2.44254054e-01  1.29280590e-01
5401  2.44257943e-01  9.12153014e-02
5402  2.44261832e-01  5.31500130e-02
5403  2.44265722e-01  1.50847245e-02
5404  2.44269611e-01  -2.29805639e-02
5405  2.44273500e-01  -6.10458524e-02
5406  2.44277390e-01  -9.91111408e-02
5407  2.44281279e-01  -1.37176429e-01
5408  2.44285168e-01  -1.75241717e-01
5409  2.44289058e-01  -2.13307006e-01
5410  2.44292947e-01  -2.51372294e-01
5411  2.44296836e-01  -2.89437583e-01
5412  2.44300725e-01  -3.27502871e-01
5413  2.44304615e-01  -3.65568160e-01
5414  2.44308504e-01  -4.03633448e-01
5415  2.44312393e-01  -4.41698737e-01
5416  2.44316283e-01  -4.79764025e-01
5417  2.44320172e-01  -5.17829314e-01
5418  2.44324061e-01  -5.55894602e-01
5419  2.44327951e-01  -5.93959890e-01
5420  2.44331840e-01  -6.32025179e-01
5421  2.44335729e-01  -6.70090467e-01
5422  2.44339618e-01  -7.08155756e-01
5423  2.44343508e-01  -7.46221044e-01
5424  2.44347397e-01  -7.84286333e-01
5425  2.44351286e-01  -8.22351621e-01
7711  -1.84751941e+00  -9.63546639e-03
7712  -1.84338617e+00  -4.11514203e-02
7713  -1.83209535e+00  -7.09678847e-02
7714  -1.81434291e+00  -9.86030360e-02
7715  -1.79173806e+00  -1.24130214e-01
7716  -1.76555744e+00  -1.47720811e-01
7717  -1.73725408e+00  -1.69978600e-01
7718  -1.70743074e+00  -1.90917558e-01
7719  -1.67659968e+00  -2.11017716e-01
7720  -1.64517250e+00  -2.30360234e-01
7721  -1.61308888e+00  -2.48930202e-01
7722  -1.58065890e+00  -2.67135132e-01
7723  -1.54779076e+00  -2.84827143e-01
7724  -1.51475762e+00  -3.02494677e-01
7725  -1.48164274e+00  -3.19891251e-01
7726  -1.43783402e+00  -3.42520991e-01
7727  -1.40495385e+00  -3.59556950e-01
7728  -1.37208195e+00  -3.76462466e-01
7729  -1.33908701e+00  -3.93266711e-01
7730  -1.30610541e+00  -4.10141426e-01
7731  -1.27313542e+00  -4.26910635e-01
7732  -1.24010332e+00  -4.43601926e-01
7733  -1.20699616e+00  -4.60296242e-01
7734  -1.17393734e+00  -4.77075557e-01
7735  -1.14091783e+00  -4.93784875e-01
7736  -1.10787157e+00  -5.10403757e-01
7737  -1.07479041e+00  -5.26936391e-01
7738  -1.04167186e+00  -5.43360371e-01
7739  -1.00848166e+00  -5.59668773e-01
7740  -9.75258668e-01  -5.75907865e-01
7741  -9.42015691e-01  -5.92002956e-01
7742  -9.08709506e-01  -6.07901166e-01
7743  -8.75317054e-01  -6.23598591e-01
7744  -8.41831212e-01  -6.39088924e-01
7745  -8.08239347e-01  -6.54378426e-01
7746  -7.74606437e-01  -6.69476562e-01
7747  -7.40869137e-01  -6.84244109e-01
7748  -7.07027116e-01  -6.98730055e-01
7749  -6.73079265e-01  -7.12839791e-01
7750  -6.38984557e-01  -7.26538043e-01
7751  -6.04741980e-01  -7.39816710e-01
7752  -5.70368752e-01  -7.52628345e-01
7753  -5.35837660e-01  -7.64893172e-01
7754  -5.01141366e-01  -7.76591455e-01
7755  -4.66293863e-01  -7.87658913e-01
7756  -4.31267945e-01  -7.98010563e-01
7757  -3.96100506e-01  -8.07615577e-01
7758  -3.49872166e-01  -8.19022450e-01
7759  -3.12284341e-01  -8.27125006e-01
7760  -2.77551601e-01  -8.33837495e-01
7761  -2.41161859e-01  -8.39972528e-01
7762  -2.04619022e-01  -8.45234920e-01
7763  -1.67978498e-01  -8.49649411e-01
7764  -1.31318047e-01  -8.53135288e-01
7765  -9.45875259e-02  -8.55540624e-01
7766  -5.77615015e-02  -8.56973524e-01
7767  -2.09175694e-02  -8.57453374e-01
7768  1.59321087e-02  -8.56940775e-01
7769  5.27943033e-02  -8.55495142e-01
7770  8.96308207e-02  -8.53161417e-01
7771  1.26391550e-01  -8.49953715e-01
7772  1.63020849e-01  -8.45837117e-01
7773  1.99594690e-01  -8.40727068e-01
7774  2.47215372e-01  -8.32978381e-01
7775  2.72301649e-01  -8.28203961e-01
7776  3.14311957e-01  -8.19056001e-01
7777  3.51347495e-01  -8.10058530e-01
7778  3.88131665e-01  -8.00282182e-01
7779  4.24544373e-01  -7.89472649e-01
7780  4.60688109e-01  -7.77652886e-01
7781  4.96573270e-01  -7.64901113e-01
7782  5.32142814e-01  -7.51327058e-01
7783  5.67235679e-01  -7.36867572e-01
7784  6.01810116e-01  -7.21304092e-01
7785  6.35948650e-01  -7.04718219e-01
7786  6.69581782e-01  -6.87150819e-01
7787  7.02657458e-01  -6.68592612e-01
7788  7.35085150e-01  -6.49076064e-01
7789  7.71656430e-01  -6.25230157e-01
7790  8.01307813e-01  -6.04276748e-01
7791  8.30298376e-01  -5.82387233e-01
7792  8.58423278e-01  -5.59519605e-01
7793  8.85648147e-01  -5.35624328e-01
7794  9.11906852e-01  -5.10758791e-01
7795  9.37075842e-01  -4.84825977e-01
7796  9.61241191e-01  -4.57866143e-01
7797  9.84319676e-01  -4.30115920e-01
7798  1.00600642e+00  -4.01314806e-01
7799  1.02651498e+00  -3.71679412e-01
7800  1.04548767e+00  -3.41137742e-01
7801  1.06301472e+00  -3.09746931e-01
7802  1.07892005e+00  -2.77643351e-01
7803  1.09296645e+00  -2.44728918e-01
7804  1.10530124e+00  -2.11042162e-01
7805  1.11591180e+00  -1.76897134e-01
7806  1.12437257e+00  -1.42279719e-01
7807  1.13081730e+00  -1.07065651e-01
7808  1.13553417e+00  -7.15666901e-02
7809  1.13820056e+00  -3.54468522e-02
7810  1.14022283e+00  7.44366570e-07
7811  1.13815468e+00  3.62873299e-02
7812  1.13544155e+00  7.34094076e-02
7813  1.13106084e+00  1.10080213e-01
7814  1.12530473e+00  1.46274063e-01
7815  1.11716739e+00  1.81793999e-01
7816  1.10702164e+00  2.17024049e-01
7817  1.09509964e+00  2.51770628e-01
7818  1.08149745e+00  2.85826015e-01
7819  1.06603006e+00  3.19078118e-01
7820  1.04889602e+00  3.51617777e-01
7821  1.03022303e+00  3.83339936e-01
7822  1.01009559e+00  4.14155199e-01
7823  9.88537911e-01  4.43950902e-01
7824  9.65531930e-01  4.72666970e-01
7825  9.41181352e-01  5.00342955e-01
7826  9.15609941e-01  5.26962586e-01
7827  8.88910318e-01  5.52500031e-01
7828  8.61201634e-01  5.76900932e-01
7829  8.32451073e-01  6.00033401e-01
7830  8.02651812e-01  6.21974126e-01
7831  7.72047816e-01  6.42840052e-01
7832  7.35607296e-01  6.65600541e-01
7833  7.03300771e-01  6.84086809e-01
7834  6.70353161e-01  7.01494800e-01
7835  6.36843851e-01  7.17710955e-01
7836  6.02722496e-01  7.32710364e-01
7837  5.68067758e-01  7.46642791e-01
7838  5.32995714e-01  7.59511645e-01
7839  4.97528501e-01  7.71277365e-01
7840  4.61712574e-01  7.81981694e-01
7841  4.25507282e-01  7.91616246e-01
7842  3.89019696e-01  8.00417117e-01
7843  3.52374866e-01  8.08291746e-01
7844  3.15502174e-01  8.15158881e-01
7845  2.73627370e-01  8.22003116e-01
7846  2.47045906e-01  8.25617310e-01
7847  2.00569974e-01  8.30849878e-01
7848  1.63861570e-01  8.34118861e-01
7849  1.27099427e-01  8.36600064e-01
7850  9.02804427e-02  8.38287059e-01
7851  5.33981150e-02  8.39220462e-01
7852  1.64610691e-02  8.39461378e-01
7853  -2.05022953e-02  8.39069400e-01
7854  -5.74236131e-02  8.38062089e-01
7855  -9.42820184e-02  8.36337258e-01
7856  -1.31131151e-01  8.33889494e-01
7857  -1.67997729e-01  8.30808116e-01
7858  -2.04805677e-01  8.27193634e-01
7859  -2.41502647e-01  8.22928351e-01
7860  -2.78156184e-01  8.18013306e-01
7861  -3.12061119e-01  8.12967739e-01
7862  -3.51307500e-01  8.06583440e-01
7863  -3.98525278e-01  7.97997804e-01
7864  -4.34763002e-01  7.90818847e-01
7865  -4.70958563e-01  7.83180847e-01
7866  -5.07039983e-01  7.75093429e-01
7867  -5.43008814e-01  7.66514942e-01
7868  -5.78899541e-01  7.57482741e-01
7869  -6.14688539e-01  7.48050011e-01
7870  -6.50375773e-01  7.38172111e-01
7871  -6.85995614e-01  7.27935627e-01
7872  -7.21523108e-01  7.17346862e-01
7873  -7.56971425e-01  7.06432877e-01
7874  -7.92315635e-01  6.95226418e-01
7875  -8.27505450e-01  6.83682391e-01
7876  -8.62574788e-01  6.71721928e-01
7877  -8.97562127e-01  6.59452125e-01
7878  -9.32424299e-01  6.46838589e-01
7879  -9.67164187e-01  6.33921729e-01
7880  -1.00175855e+00  6.20637748e-01
7881  -1.03623944e+00  6.07028092e-01
7882  -1.07057996e+00  5.93087837e-01
7883  -1.10479320e+00  5.78804207e-01
7884  -1.13890041e+00  5.64215673e-01
7885  -1.17286565e+00  5.49354721e-01
7886  -1.20663522e+00  5.34159623e-01
7887  -1.24021300e+00  5.18579606e-01
7888  -1.27362007e+00  5.02608938e-01
7889  -1.30686402e+00  4.86277622e-01
7890  -1.33989214e+00  4.69611471e-01
7891  -1.37267141e+00  4.52487378e-01
7892  -1.40525123e+00  4.34981983e-01
7893  -1.43753981e+00  4.17050592e-01
7894  -1.48048349e+00  3.92317769e-01
7895  -1.51293130e+00  3.72859601e-01
7896  -1.54495197e+00  3.52815054e-01
7897  -1.57650849e+00  3.32075379e-01
7898  -1.60763363e+00  3.10702940e-01
7899  -1.63813840e+00  2.88731495e-01
7900  -1.66780041e+00  2.65851581e-01
7901  -1.69661964e+00  2.42080276e-01
7902  -1.72433020e+00  2.17262270e-01
7903  -1.75075078e+00  1.91377122e-01
7904  -1.77543556e+00  1.64271461e-01
7905  -1.79790008e+00  1.35856094e-01
7906  -1.81740190e+00  1.06018324e-01
7907  -1.83302773e+00  7.49015153e-02
7908  -1.84332437e+00  4.32242567e-02
7909  -3.12062923e-01  7.99713426e-01
7910  -3.12068151e-01  7.61297202e-01
7911  -3.12073380e-01  7.22880978e-01
7912  -3.12078608e-01  6.84464755e-01
7913  -3.12083837e-01  6.46048530e-01
7914  -3.12089066e-01  6.07632307e-01
7915  -3.12094294e-01  5.69216084e-01
7916  -3.12099523e-01  5.30799860e-01
7917  -3.12104751e-01  4.92383636e-01
7918  -3.12109980e-01  4.53967413e-01
7919  -3.12115208e-01  4.15551189e-01
7920  -3.12120437e-01  3.77134964e-01
7921  -3.12125666e-01  3.38718741e-01
7922  -3.12130894e-01  3.00302518e-01
7923  -3.12136123e-01  2.61886294e-01
7924  -3.12141351e-01  2.23470070e-01
7925  -3.12146580e-01  1.85053846e-01
7926  -3.12151809e-01  1.46637623e-01
7927  -3.12157037e-01  1.08221399e-01
7928  -3.12162266e-01  6.98051752e-02
7929  -3.12167494e-01  3.13889516e-02
7930  -3.12172723e-01  -7.02727224e-03
7931  -3.12177952e-01  -4.54434958e-02
7932  -3.12183180e-01  -8.38597195e-02
7933  -3.12188409e-01  -1.22275943e-01
7934  -3.12193637e-01  -1.60692166e-01
7935  -3.12198866e-01  -1.99108390e-01
7936  -3.12204094e-01  -2.37524614e-01
7937  -3.12209323e-01  -2.75940839e-01
7938  -3.12214552e-01  -3.14357061e-01
7939  -3.12219780e-01  -3.52773285e-01
7940  -3.12225009e-01  -3.91189509e-01
7941  -3.12230237e-01  -4.29605732e-01
7942  -3.12235466e-01  -4.68021957e-01
7943  -3.12240695e-01  -5.06438180e-01
7944  -3.12245923e-01  -5.44854403e-01
7945  -3.12251152e-01  -5.83270627e-01
7946  -3.12256380e-01  -6.21686851e-01
7947  -3.12261609e-01  -6.60103075e-01
7948  -3.12266838e-01  -6.98519298e-01
7949  -3.12272066e-01  -7.36935522e-01
7950  -3.12277295e-01  -7.75351745e-01
7951  -3.12282523e-01  -8.13767969e-01
7952  2.47047046e-01  8.14456074e-01
7953  2.47050936e-01  7.76390786e-01
7954  2.47054825e-01  7.38325497e-01
7955  2.47058714e-01  7.00260209e-01
7956  2.47062604e-01  6.62194921e-01
7957  2.47066493e-01  6.24129632e-01
7958  2.47070382e-01  5.86064344e-01
7959  2.47074271e-01  5.47999055e-01
7960  2.47078161e-01  5.09933767e-01
7961  2.47082050e-01  4.71868478e-01
7962  2.47085939e-01  4.33803190e-01
7963  2.47089829e-01  3.95737901e-01
7964  2.47093718e-01  3.57672613e-01
7965  2.47097607e-01  3.19607324e-01
7966  2.47101497e-01  2.81542036e-01
7967  2.47105386e-01  2.43476748e-01
7968  2.47109275e-01  2.05411459e-01
7969  2.47113164e-01  1.67346171e-01
7970  2.47117054e-01  1.29280882e-01
7971  2.47120943e-01  9.12155939e-02
7972  2.47124832e-01  5.31503056e-02
7973  2.47128722e-01  1.50850171e-02
7974  2.47132611e-01  -2.29802714e-02
7975  2.47136500e-01  -6.10455598e-02
7976  2.47140390e-01  -9.91108482e-02
7977  2.47144279e-01  -1.37176137e-01
7978  2.47148168e-01  -1.75241425e-01
7979  2.47152058e-01  -2.13306714e-01
7980  2.47155947e-01  -2.51372002e-01
7981  2.47159836e-01  -2.89437291e-01
7982  2.47163725e-01  -3.27502579e-01
7983  2.47167615e-01  -3.65567868e-01
7984  2.47171504e-01  -4.03633156e-01
7985  2.47175393e-01  -4.41698445e-01
7986  2.47179283e-01  -4.79763733e-01
7987  2.47183172e-01  -5.17829022e-01
7988  2.47187061e-01  -5.55894310e-01
7989  2.47190951e-01  -5.93959598e-01
7990  2.47194840e-01  -6.32024887e-01
7991  2.47198729e-01  -6.70090175e-01
7992  2.47202618e-01  -7.08155464e-01
7993  2.47206508e-01  -7.46220752e-01
7994  2.47210397e-01  -7.84286041e-01
7995  2.47214286e-01  -8.22351329e-01
