%--------------------------------% 
%   BLADE STIFFNESS DEFINITION   % 
%--------------------------------% 

% Radial Position [-]    Stiffness about Chord Line [Nm2]     Stiffness perpendicular to Chord Line [Nm2]   Torsional rigidity [Nm2]    Neutral axis [%chord] 



0.0000     4.648781e+09    4.648088e+09    2.107104e+09    50.000000        
0.0111     3.651671e+09    3.739824e+09    1.661086e+09    49.959985        
0.0222     2.652764e+09    2.829923e+09    1.214265e+09    49.919897        
0.0333     1.657450e+09    1.923296e+09    7.690508e+08    49.357807        
0.0444     1.550718e+09    1.898204e+09    7.086734e+08    49.460830        
0.0556     1.550175e+09    1.978263e+09    6.943205e+08    48.985645        
0.0667     1.549634e+09    2.058251e+09    6.799805e+08    48.020942        
0.0778     1.547723e+09    2.095820e+09    6.417446e+08    47.345523        
0.0889     1.545456e+09    2.122342e+09    5.972856e+08    46.907234        
0.1000     1.543188e+09    2.148865e+09    5.528266e+08    46.620854        
0.1111     1.538580e+09    2.239261e+09    5.190242e+08    46.113659        
0.1222     1.532918e+09    2.358405e+09    4.900180e+08    45.607757        
0.1333     1.527257e+09    2.477550e+09    4.610117e+08    45.237651        
0.1444     1.480748e+09    2.461884e+09    4.170514e+08    44.808931        
0.1556     1.405298e+09    2.350826e+09    3.624713e+08    44.418544        
0.1667     1.329916e+09    2.239867e+09    3.079403e+08    44.232465        
0.1778     1.256654e+09    2.158527e+09    2.649938e+08    44.240614        
0.1889     1.185664e+09    2.108891e+09    2.344467e+08    44.453824        
0.1950     1.146622e+09    2.081592e+09    2.176473e+08    44.697143        
0.2000     1.114673e+09    2.059254e+09    2.038997e+08    44.907510        
0.2111     1.047896e+09    2.023137e+09    1.815881e+08    45.247336        
0.2222     9.880156e+08    2.009149e+09    1.727561e+08    45.202708        
0.2333     9.281353e+08    1.995162e+09    1.639240e+08    45.198410        
0.2444     8.690395e+08    1.970560e+09    1.548623e+08    45.224924        
0.2556     8.119550e+08    1.917999e+09    1.451876e+08    45.270190        
0.2667     7.549219e+08    1.865485e+09    1.355216e+08    45.339829        
0.2778     6.993987e+08    1.810566e+09    1.260201e+08    45.402066        
0.2889     6.511124e+08    1.744120e+09    1.173070e+08    45.348230        
0.3000     6.028261e+08    1.677674e+09    1.085938e+08    45.297049        
0.3111     5.552212e+08    1.611277e+09    9.999812e+07    45.249900        
0.3222     5.168281e+08    1.545529e+09    9.299097e+07    45.244185        
0.3333     4.784349e+08    1.479781e+09    8.598382e+07    45.240230        
0.3444     4.400418e+08    1.414034e+09    7.897667e+07    45.237517        
0.3556     4.083211e+08    1.349159e+09    7.356752e+07    45.293564        
0.3667     3.768708e+08    1.284376e+09    6.822112e+07    45.354587        
0.3778     3.454206e+08    1.219592e+09    6.287472e+07    45.417895        
0.3889     3.183196e+08    1.153989e+09    5.820486e+07    45.433244        
0.4000     2.919133e+08    1.088254e+09    5.364308e+07    45.439534        
0.4111     2.655070e+08    1.022519e+09    4.908130e+07    45.443680        
0.4222     2.437042e+08    9.587504e+08    4.513932e+07    45.396574        
0.4333     2.233670e+08    8.956086e+08    4.139468e+07    45.327528        
0.4444     2.030299e+08    8.324669e+08    3.765005e+07    45.250563        
0.4556     1.864362e+08    7.775339e+08    3.458492e+07    45.193571        
0.4667     1.718367e+08    7.269993e+08    3.188184e+07    45.143702        
0.4778     1.572372e+08    6.764646e+08    2.917876e+07    45.084216        
0.4889     1.447223e+08    6.323145e+08    2.691532e+07    45.040129        
0.5000     1.339003e+08    5.933485e+08    2.500886e+07    45.006787        
0.5111     1.230782e+08    5.543825e+08    2.310240e+07    44.961816        
0.5222     1.135319e+08    5.193343e+08    2.126953e+07    44.880887        
0.5333     1.055568e+08    4.891110e+08    1.952730e+07    44.755476        
0.5444     9.758165e+07    4.588877e+08    1.778506e+07    44.611332        
0.5556     9.035802e+07    4.313600e+08    1.644045e+07    44.474186        
0.5667     8.458029e+07    4.090228e+08    1.585445e+07    44.370190        
0.5778     7.880255e+07    3.866857e+08    1.526845e+07    44.245957        
0.5889     7.335958e+07    3.650640e+08    1.461605e+07    44.129611        
0.6000     6.896803e+07    3.456894e+08    1.375513e+07    44.086059        
0.6111     6.457649e+07    3.263149e+08    1.289422e+07    44.022149        
0.6222     6.033579e+07    3.073753e+08    1.205392e+07    43.945474        
0.6333     5.703942e+07    2.911587e+08    1.134265e+07    43.897441        
0.6444     5.374305e+07    2.749420e+08    1.063139e+07    43.831577        
0.6556     5.047759e+07    2.588627e+08    9.928974e+06    43.749776        
0.6667     4.815231e+07    2.469989e+08    9.489818e+06    43.688728        
0.6778     4.582703e+07    2.351351e+08    9.050661e+06    43.612935        
0.6889     4.350174e+07    2.232713e+08    8.611504e+06    43.523436        
0.7000     4.165927e+07    2.137894e+08    8.222174e+06    43.424152        
0.7111     3.985250e+07    2.044837e+08    7.836529e+06    43.313408        
0.7222     3.804573e+07    1.951779e+08    7.450884e+06    43.192173        
0.7333     3.655257e+07    1.873904e+08    7.380880e+06    43.097812        
0.7444     3.512485e+07    1.799195e+08    7.376734e+06    42.986429        
0.7556     3.369584e+07    1.724420e+08    7.372584e+06    42.835729        
0.7667     3.245290e+07    1.658641e+08    6.907699e+06    42.667868        
0.7778     3.128022e+07    1.596257e+08    6.267621e+06    42.473394        
0.7889     3.010755e+07    1.533872e+08    5.627543e+06    42.247688        
0.8000     2.857717e+07    1.430102e+08    5.171501e+06    42.173881        
0.8111     2.682826e+07    1.301046e+08    4.827897e+06    42.185424        
0.8222     2.507934e+07    1.171990e+08    4.484293e+06    42.174685        
0.8333     2.324471e+07    1.077501e+08    4.186437e+06    42.142521        
0.8444     2.132999e+07    1.015305e+08    3.931320e+06    42.091690        
0.8556     1.941355e+07    9.530533e+07    3.675974e+06    42.030722        
0.8667     1.742994e+07    8.835895e+07    3.394639e+06    41.938524        
0.8778     1.534887e+07    8.038435e+07    3.076213e+06    41.824860        
0.8889     1.326781e+07    7.240976e+07    2.757788e+06    41.782119        
0.9000     1.115463e+07    6.369635e+07    2.415092e+06    41.727069        
0.9111     8.970101e+06    5.334138e+07    2.018467e+06    41.542861        
0.9222     6.785576e+06    4.298640e+07    1.621843e+06    41.550951        
0.9333     4.757894e+06    3.296551e+07    1.235966e+06    41.687979        
0.9444     3.332475e+06    2.422743e+07    8.913593e+05    41.578130        
0.9556     1.905772e+06    1.548149e+07    5.464421e+05    41.954693        
0.9667     6.072580e+05    7.394520e+06    2.296551e+05    42.872547        
0.9700     5.466129e+05    6.656319e+06    2.067306e+05    42.348358        
0.9778     4.049255e+05    4.931635e+06    1.531712e+05    41.117350        
0.9889     2.025930e+05    2.468750e+06    7.668737e+04    39.079287        
1.0000     2.604363e+02    5.864655e+03    2.035003e+02    47.142221        
