1  2470  2469  1  2  0  0  0  0
237  4938  4937  2469  2470  0  0  0  0
473  7406  7405  4937  4938  0  0  0  0
709  9874  9873  7405  7406  0  0  0  0
2  2471  2470  2  3  0  0  0  0
238  4939  4938  2470  2471  0  0  0  0
474  7407  7406  4938  4939  0  0  0  0
710  9875  9874  7406  7407  0  0  0  0
3  2472  2471  3  4  0  0  0  0
239  4940  4939  2471  2472  0  0  0  0
475  7408  7407  4939  4940  0  0  0  0
711  9876  9875  7407  7408  0  0  0  0
4  2473  2472  4  5  0  0  0  0
240  4941  4940  2472  2473  0  0  0  0
476  7409  7408  4940  4941  0  0  0  0
712  9877  9876  7408  7409  0  0  0  0
5  2474  2473  5  6  0  0  0  0
241  4942  4941  2473  2474  0  0  0  0
477  7410  7409  4941  4942  0  0  0  0
713  9878  9877  7409  7410  0  0  0  0
6  2475  2474  6  7  0  0  0  0
242  4943  4942  2474  2475  0  0  0  0
478  7411  7410  4942  4943  0  0  0  0
714  9879  9878  7410  7411  0  0  0  0
7  2476  2475  7  8  0  0  0  0
243  4944  4943  2475  2476  0  0  0  0
479  7412  7411  4943  4944  0  0  0  0
715  9880  9879  7411  7412  0  0  0  0
8  2477  2476  8  9  0  0  0  0
244  4945  4944  2476  2477  0  0  0  0
480  7413  7412  4944  4945  0  0  0  0
716  9881  9880  7412  7413  0  0  0  0
9  2478  2477  9  10  0  0  0  0
245  4946  4945  2477  2478  0  0  0  0
481  7414  7413  4945  4946  0  0  0  0
717  9882  9881  7413  7414  0  0  0  0
10  2479  2478  10  11  0  0  0  0
246  4947  4946  2478  2479  0  0  0  0
482  7415  7414  4946  4947  0  0  0  0
718  9883  9882  7414  7415  0  0  0  0
11  2480  2479  11  12  0  0  0  0
247  4948  4947  2479  2480  0  0  0  0
483  7416  7415  4947  4948  0  0  0  0
719  9884  9883  7415  7416  0  0  0  0
12  2481  2480  12  13  0  0  0  0
248  4949  4948  2480  2481  0  0  0  0
484  7417  7416  4948  4949  0  0  0  0
720  9885  9884  7416  7417  0  0  0  0
13  2482  2481  13  14  0  0  0  0
249  4950  4949  2481  2482  0  0  0  0
485  7418  7417  4949  4950  0  0  0  0
721  9886  9885  7417  7418  0  0  0  0
14  2483  2482  14  15  0  0  0  0
250  4951  4950  2482  2483  0  0  0  0
486  7419  7418  4950  4951  0  0  0  0
722  9887  9886  7418  7419  0  0  0  0
15  2484  2483  15  16  0  0  0  0
251  4952  4951  2483  2484  0  0  0  0
487  7420  7419  4951  4952  0  0  0  0
723  9888  9887  7419  7420  0  0  0  0
16  2485  2484  16  17  0  0  0  0
252  4953  4952  2484  2485  0  0  0  0
488  7421  7420  4952  4953  0  0  0  0
724  9889  9888  7420  7421  0  0  0  0
17  2486  2485  17  18  0  0  0  0
253  4954  4953  2485  2486  0  0  0  0
489  7422  7421  4953  4954  0  0  0  0
725  9890  9889  7421  7422  0  0  0  0
18  2487  2486  18  19  0  0  0  0
254  4955  4954  2486  2487  0  0  0  0
490  7423  7422  4954  4955  0  0  0  0
726  9891  9890  7422  7423  0  0  0  0
19  2488  2487  19  20  0  0  0  0
255  4956  4955  2487  2488  0  0  0  0
491  7424  7423  4955  4956  0  0  0  0
727  9892  9891  7423  7424  0  0  0  0
20  2489  2488  20  21  0  0  0  0
256  4957  4956  2488  2489  0  0  0  0
492  7425  7424  4956  4957  0  0  0  0
728  9893  9892  7424  7425  0  0  0  0
21  2490  2489  21  22  0  0  0  0
257  4958  4957  2489  2490  0  0  0  0
493  7426  7425  4957  4958  0  0  0  0
729  9894  9893  7425  7426  0  0  0  0
22  2491  2490  22  23  0  0  0  0
258  4959  4958  2490  2491  0  0  0  0
494  7427  7426  4958  4959  0  0  0  0
730  9895  9894  7426  7427  0  0  0  0
23  2492  2491  23  24  0  0  0  0
259  4960  4959  2491  2492  0  0  0  0
495  7428  7427  4959  4960  0  0  0  0
731  9896  9895  7427  7428  0  0  0  0
24  2493  2492  24  25  0  0  0  0
260  4961  4960  2492  2493  0  0  0  0
496  7429  7428  4960  4961  0  0  0  0
732  9897  9896  7428  7429  0  0  0  0
25  2494  2493  25  26  0  0  0  0
261  4962  4961  2493  2494  0  0  0  0
497  7430  7429  4961  4962  0  0  0  0
733  9898  9897  7429  7430  0  0  0  0
26  2495  2494  26  27  0  0  0  0
262  4963  4962  2494  2495  0  0  0  0
498  7431  7430  4962  4963  0  0  0  0
734  9899  9898  7430  7431  0  0  0  0
27  2496  2495  27  28  0  0  0  0
263  4964  4963  2495  2496  0  0  0  0
499  7432  7431  4963  4964  0  0  0  0
735  9900  9899  7431  7432  0  0  0  0
28  2497  2496  28  29  0  0  0  0
264  4965  4964  2496  2497  0  0  0  0
500  7433  7432  4964  4965  0  0  0  0
736  9901  9900  7432  7433  0  0  0  0
29  2498  2497  29  30  0  0  0  0
265  4966  4965  2497  2498  0  0  0  0
501  7434  7433  4965  4966  0  0  0  0
737  9902  9901  7433  7434  0  0  0  0
30  2499  2498  30  31  0  0  0  0
266  4967  4966  2498  2499  0  0  0  0
502  7435  7434  4966  4967  0  0  0  0
738  9903  9902  7434  7435  0  0  0  0
31  2500  2499  31  32  0  0  0  0
267  4968  4967  2499  2500  0  0  0  0
503  7436  7435  4967  4968  0  0  0  0
739  9904  9903  7435  7436  0  0  0  0
32  2501  2500  32  33  0  0  0  0
268  4969  4968  2500  2501  0  0  0  0
504  7437  7436  4968  4969  0  0  0  0
740  9905  9904  7436  7437  0  0  0  0
33  2502  2501  33  34  0  0  0  0
269  4970  4969  2501  2502  0  0  0  0
505  7438  7437  4969  4970  0  0  0  0
741  9906  9905  7437  7438  0  0  0  0
34  2503  2502  34  35  0  0  0  0
270  4971  4970  2502  2503  0  0  0  0
506  7439  7438  4970  4971  0  0  0  0
742  9907  9906  7438  7439  0  0  0  0
35  2504  2503  35  36  0  0  0  0
271  4972  4971  2503  2504  0  0  0  0
507  7440  7439  4971  4972  0  0  0  0
743  9908  9907  7439  7440  0  0  0  0
36  2505  2504  36  37  0  0  0  0
272  4973  4972  2504  2505  0  0  0  0
508  7441  7440  4972  4973  0  0  0  0
744  9909  9908  7440  7441  0  0  0  0
37  2506  2505  37  38  0  0  0  0
273  4974  4973  2505  2506  0  0  0  0
509  7442  7441  4973  4974  0  0  0  0
745  9910  9909  7441  7442  0  0  0  0
38  2507  2506  38  39  0  0  0  0
274  4975  4974  2506  2507  0  0  0  0
510  7443  7442  4974  4975  0  0  0  0
746  9911  9910  7442  7443  0  0  0  0
39  2508  2507  39  40  0  0  0  0
275  4976  4975  2507  2508  0  0  0  0
511  7444  7443  4975  4976  0  0  0  0
747  9912  9911  7443  7444  0  0  0  0
40  2509  2508  40  41  0  0  0  0
276  4977  4976  2508  2509  0  0  0  0
512  7445  7444  4976  4977  0  0  0  0
748  9913  9912  7444  7445  0  0  0  0
41  2510  2509  41  42  0  0  0  0
277  4978  4977  2509  2510  0  0  0  0
513  7446  7445  4977  4978  0  0  0  0
749  9914  9913  7445  7446  0  0  0  0
42  2511  2510  42  43  0  0  0  0
278  4979  4978  2510  2511  0  0  0  0
514  7447  7446  4978  4979  0  0  0  0
750  9915  9914  7446  7447  0  0  0  0
43  2512  2511  43  44  0  0  0  0
279  4980  4979  2511  2512  0  0  0  0
515  7448  7447  4979  4980  0  0  0  0
751  9916  9915  7447  7448  0  0  0  0
44  2513  2512  44  45  0  0  0  0
280  4981  4980  2512  2513  0  0  0  0
516  7449  7448  4980  4981  0  0  0  0
752  9917  9916  7448  7449  0  0  0  0
45  2514  2513  45  46  0  0  0  0
281  4982  4981  2513  2514  0  0  0  0
517  7450  7449  4981  4982  0  0  0  0
753  9918  9917  7449  7450  0  0  0  0
46  2515  2514  46  47  0  0  0  0
282  4983  4982  2514  2515  0  0  0  0
518  7451  7450  4982  4983  0  0  0  0
754  9919  9918  7450  7451  0  0  0  0
47  2516  2515  47  48  0  0  0  0
283  4984  4983  2515  2516  0  0  0  0
519  7452  7451  4983  4984  0  0  0  0
755  9920  9919  7451  7452  0  0  0  0
48  2517  2516  48  49  0  0  0  0
284  4985  4984  2516  2517  0  0  0  0
520  7453  7452  4984  4985  0  0  0  0
756  9921  9920  7452  7453  0  0  0  0
49  2518  2517  49  50  0  0  0  0
285  4986  4985  2517  2518  0  0  0  0
521  7454  7453  4985  4986  0  0  0  0
757  9922  9921  7453  7454  0  0  0  0
50  2519  2518  50  51  0  0  0  0
286  4987  4986  2518  2519  0  0  0  0
522  7455  7454  4986  4987  0  0  0  0
758  9923  9922  7454  7455  0  0  0  0
51  2520  2519  51  52  0  0  0  0
287  4988  4987  2519  2520  0  0  0  0
523  7456  7455  4987  4988  0  0  0  0
759  9924  9923  7455  7456  0  0  0  0
52  2521  2520  52  53  0  0  0  0
288  4989  4988  2520  2521  0  0  0  0
524  7457  7456  4988  4989  0  0  0  0
760  9925  9924  7456  7457  0  0  0  0
53  2522  2521  53  54  0  0  0  0
289  4990  4989  2521  2522  0  0  0  0
525  7458  7457  4989  4990  0  0  0  0
761  9926  9925  7457  7458  0  0  0  0
54  2523  2522  54  55  0  0  0  0
290  4991  4990  2522  2523  0  0  0  0
526  7459  7458  4990  4991  0  0  0  0
762  9927  9926  7458  7459  0  0  0  0
55  2524  2523  55  56  0  0  0  0
291  4992  4991  2523  2524  0  0  0  0
527  7460  7459  4991  4992  0  0  0  0
763  9928  9927  7459  7460  0  0  0  0
56  2525  2524  56  57  0  0  0  0
292  4993  4992  2524  2525  0  0  0  0
528  7461  7460  4992  4993  0  0  0  0
764  9929  9928  7460  7461  0  0  0  0
57  2526  2525  57  58  0  0  0  0
293  4994  4993  2525  2526  0  0  0  0
529  7462  7461  4993  4994  0  0  0  0
765  9930  9929  7461  7462  0  0  0  0
58  2527  2526  58  59  0  0  0  0
294  4995  4994  2526  2527  0  0  0  0
530  7463  7462  4994  4995  0  0  0  0
766  9931  9930  7462  7463  0  0  0  0
59  2528  2527  59  60  0  0  0  0
295  4996  4995  2527  2528  0  0  0  0
531  7464  7463  4995  4996  0  0  0  0
767  9932  9931  7463  7464  0  0  0  0
60  2529  2528  60  61  0  0  0  0
296  4997  4996  2528  2529  0  0  0  0
532  7465  7464  4996  4997  0  0  0  0
768  9933  9932  7464  7465  0  0  0  0
61  2530  2529  61  62  0  0  0  0
297  4998  4997  2529  2530  0  0  0  0
533  7466  7465  4997  4998  0  0  0  0
769  9934  9933  7465  7466  0  0  0  0
62  2531  2530  62  63  0  0  0  0
298  4999  4998  2530  2531  0  0  0  0
534  7467  7466  4998  4999  0  0  0  0
770  9935  9934  7466  7467  0  0  0  0
63  2532  2531  63  64  0  0  0  0
299  5000  4999  2531  2532  0  0  0  0
535  7468  7467  4999  5000  0  0  0  0
771  9936  9935  7467  7468  0  0  0  0
64  2533  2532  64  65  0  0  0  0
300  5001  5000  2532  2533  0  0  0  0
536  7469  7468  5000  5001  0  0  0  0
772  9937  9936  7468  7469  0  0  0  0
65  2534  2533  65  66  0  0  0  0
301  5002  5001  2533  2534  0  0  0  0
537  7470  7469  5001  5002  0  0  0  0
773  9938  9937  7469  7470  0  0  0  0
66  2535  2534  66  67  0  0  0  0
302  5003  5002  2534  2535  0  0  0  0
538  7471  7470  5002  5003  0  0  0  0
774  9939  9938  7470  7471  0  0  0  0
67  2536  2535  67  68  0  0  0  0
303  5004  5003  2535  2536  0  0  0  0
539  7472  7471  5003  5004  0  0  0  0
775  9940  9939  7471  7472  0  0  0  0
68  2537  2536  68  69  0  0  0  0
304  5005  5004  2536  2537  0  0  0  0
540  7473  7472  5004  5005  0  0  0  0
776  9941  9940  7472  7473  0  0  0  0
69  2538  2537  69  70  0  0  0  0
305  5006  5005  2537  2538  0  0  0  0
541  7474  7473  5005  5006  0  0  0  0
777  9942  9941  7473  7474  0  0  0  0
70  2539  2538  70  71  0  0  0  0
306  5007  5006  2538  2539  0  0  0  0
542  7475  7474  5006  5007  0  0  0  0
778  9943  9942  7474  7475  0  0  0  0
71  2540  2539  71  72  0  0  0  0
307  5008  5007  2539  2540  0  0  0  0
543  7476  7475  5007  5008  0  0  0  0
779  9944  9943  7475  7476  0  0  0  0
72  2541  2540  72  73  0  0  0  0
308  5009  5008  2540  2541  0  0  0  0
544  7477  7476  5008  5009  0  0  0  0
780  9945  9944  7476  7477  0  0  0  0
73  2542  2541  73  74  0  0  0  0
309  5010  5009  2541  2542  0  0  0  0
545  7478  7477  5009  5010  0  0  0  0
781  9946  9945  7477  7478  0  0  0  0
74  2543  2542  74  75  0  0  0  0
310  5011  5010  2542  2543  0  0  0  0
546  7479  7478  5010  5011  0  0  0  0
782  9947  9946  7478  7479  0  0  0  0
75  2544  2543  75  76  0  0  0  0
311  5012  5011  2543  2544  0  0  0  0
547  7480  7479  5011  5012  0  0  0  0
783  9948  9947  7479  7480  0  0  0  0
76  2545  2544  76  77  0  0  0  0
312  5013  5012  2544  2545  0  0  0  0
548  7481  7480  5012  5013  0  0  0  0
784  9949  9948  7480  7481  0  0  0  0
77  2546  2545  77  78  0  0  0  0
313  5014  5013  2545  2546  0  0  0  0
549  7482  7481  5013  5014  0  0  0  0
785  9950  9949  7481  7482  0  0  0  0
78  2547  2546  78  79  0  0  0  0
314  5015  5014  2546  2547  0  0  0  0
550  7483  7482  5014  5015  0  0  0  0
786  9951  9950  7482  7483  0  0  0  0
79  2548  2547  79  80  0  0  0  0
315  5016  5015  2547  2548  0  0  0  0
551  7484  7483  5015  5016  0  0  0  0
787  9952  9951  7483  7484  0  0  0  0
80  2549  2548  80  81  0  0  0  0
316  5017  5016  2548  2549  0  0  0  0
552  7485  7484  5016  5017  0  0  0  0
788  9953  9952  7484  7485  0  0  0  0
81  2550  2549  81  82  0  0  0  0
317  5018  5017  2549  2550  0  0  0  0
553  7486  7485  5017  5018  0  0  0  0
789  9954  9953  7485  7486  0  0  0  0
82  2551  2550  82  83  0  0  0  0
318  5019  5018  2550  2551  0  0  0  0
554  7487  7486  5018  5019  0  0  0  0
790  9955  9954  7486  7487  0  0  0  0
83  2552  2551  83  84  0  0  0  0
319  5020  5019  2551  2552  0  0  0  0
555  7488  7487  5019  5020  0  0  0  0
791  9956  9955  7487  7488  0  0  0  0
84  2553  2552  84  85  0  0  0  0
320  5021  5020  2552  2553  0  0  0  0
556  7489  7488  5020  5021  0  0  0  0
792  9957  9956  7488  7489  0  0  0  0
85  2554  2553  85  86  0  0  0  0
321  5022  5021  2553  2554  0  0  0  0
557  7490  7489  5021  5022  0  0  0  0
793  9958  9957  7489  7490  0  0  0  0
86  2555  2554  86  87  0  0  0  0
322  5023  5022  2554  2555  0  0  0  0
558  7491  7490  5022  5023  0  0  0  0
794  9959  9958  7490  7491  0  0  0  0
87  2556  2555  87  88  0  0  0  0
323  5024  5023  2555  2556  0  0  0  0
559  7492  7491  5023  5024  0  0  0  0
795  9960  9959  7491  7492  0  0  0  0
88  2557  2556  88  89  0  0  0  0
324  5025  5024  2556  2557  0  0  0  0
560  7493  7492  5024  5025  0  0  0  0
796  9961  9960  7492  7493  0  0  0  0
89  2558  2557  89  90  0  0  0  0
325  5026  5025  2557  2558  0  0  0  0
561  7494  7493  5025  5026  0  0  0  0
797  9962  9961  7493  7494  0  0  0  0
90  2559  2558  90  91  0  0  0  0
326  5027  5026  2558  2559  0  0  0  0
562  7495  7494  5026  5027  0  0  0  0
798  9963  9962  7494  7495  0  0  0  0
91  2560  2559  91  92  0  0  0  0
327  5028  5027  2559  2560  0  0  0  0
563  7496  7495  5027  5028  0  0  0  0
799  9964  9963  7495  7496  0  0  0  0
92  2561  2560  92  93  0  0  0  0
328  5029  5028  2560  2561  0  0  0  0
564  7497  7496  5028  5029  0  0  0  0
800  9965  9964  7496  7497  0  0  0  0
93  2562  2561  93  94  0  0  0  0
329  5030  5029  2561  2562  0  0  0  0
565  7498  7497  5029  5030  0  0  0  0
801  9966  9965  7497  7498  0  0  0  0
94  2563  2562  94  95  0  0  0  0
330  5031  5030  2562  2563  0  0  0  0
566  7499  7498  5030  5031  0  0  0  0
802  9967  9966  7498  7499  0  0  0  0
95  2564  2563  95  96  0  0  0  0
331  5032  5031  2563  2564  0  0  0  0
567  7500  7499  5031  5032  0  0  0  0
803  9968  9967  7499  7500  0  0  0  0
96  2565  2564  96  97  0  0  0  0
332  5033  5032  2564  2565  0  0  0  0
568  7501  7500  5032  5033  0  0  0  0
804  9969  9968  7500  7501  0  0  0  0
97  2566  2565  97  98  0  0  0  0
333  5034  5033  2565  2566  0  0  0  0
569  7502  7501  5033  5034  0  0  0  0
805  9970  9969  7501  7502  0  0  0  0
98  2567  2566  98  99  0  0  0  0
334  5035  5034  2566  2567  0  0  0  0
570  7503  7502  5034  5035  0  0  0  0
806  9971  9970  7502  7503  0  0  0  0
99  2568  2567  99  100  0  0  0  0
335  5036  5035  2567  2568  0  0  0  0
571  7504  7503  5035  5036  0  0  0  0
807  9972  9971  7503  7504  0  0  0  0
100  2569  2568  100  101  0  0  0  0
336  5037  5036  2568  2569  0  0  0  0
572  7505  7504  5036  5037  0  0  0  0
808  9973  9972  7504  7505  0  0  0  0
101  2570  2569  101  102  0  0  0  0
337  5038  5037  2569  2570  0  0  0  0
573  7506  7505  5037  5038  0  0  0  0
809  9974  9973  7505  7506  0  0  0  0
102  2571  2570  102  103  0  0  0  0
338  5039  5038  2570  2571  0  0  0  0
574  7507  7506  5038  5039  0  0  0  0
810  9975  9974  7506  7507  0  0  0  0
103  2572  2571  103  104  0  0  0  0
339  5040  5039  2571  2572  0  0  0  0
575  7508  7507  5039  5040  0  0  0  0
811  9976  9975  7507  7508  0  0  0  0
104  2573  2572  104  105  0  0  0  0
340  5041  5040  2572  2573  0  0  0  0
576  7509  7508  5040  5041  0  0  0  0
812  9977  9976  7508  7509  0  0  0  0
105  2574  2573  105  106  0  0  0  0
341  5042  5041  2573  2574  0  0  0  0
577  7510  7509  5041  5042  0  0  0  0
813  9978  9977  7509  7510  0  0  0  0
106  2575  2574  106  107  0  0  0  0
342  5043  5042  2574  2575  0  0  0  0
578  7511  7510  5042  5043  0  0  0  0
814  9979  9978  7510  7511  0  0  0  0
107  2576  2575  107  108  0  0  0  0
343  5044  5043  2575  2576  0  0  0  0
579  7512  7511  5043  5044  0  0  0  0
815  9980  9979  7511  7512  0  0  0  0
108  2577  2576  108  109  0  0  0  0
344  5045  5044  2576  2577  0  0  0  0
580  7513  7512  5044  5045  0  0  0  0
816  9981  9980  7512  7513  0  0  0  0
109  2578  2577  109  110  0  0  0  0
345  5046  5045  2577  2578  0  0  0  0
581  7514  7513  5045  5046  0  0  0  0
817  9982  9981  7513  7514  0  0  0  0
110  2579  2578  110  111  0  0  0  0
346  5047  5046  2578  2579  0  0  0  0
582  7515  7514  5046  5047  0  0  0  0
818  9983  9982  7514  7515  0  0  0  0
111  2580  2579  111  112  0  0  0  0
347  5048  5047  2579  2580  0  0  0  0
583  7516  7515  5047  5048  0  0  0  0
819  9984  9983  7515  7516  0  0  0  0
112  2581  2580  112  113  0  0  0  0
348  5049  5048  2580  2581  0  0  0  0
584  7517  7516  5048  5049  0  0  0  0
820  9985  9984  7516  7517  0  0  0  0
113  2582  2581  113  114  0  0  0  0
349  5050  5049  2581  2582  0  0  0  0
585  7518  7517  5049  5050  0  0  0  0
821  9986  9985  7517  7518  0  0  0  0
114  2583  2582  114  115  0  0  0  0
350  5051  5050  2582  2583  0  0  0  0
586  7519  7518  5050  5051  0  0  0  0
822  9987  9986  7518  7519  0  0  0  0
115  2584  2583  115  116  0  0  0  0
351  5052  5051  2583  2584  0  0  0  0
587  7520  7519  5051  5052  0  0  0  0
823  9988  9987  7519  7520  0  0  0  0
116  2585  2584  116  117  0  0  0  0
352  5053  5052  2584  2585  0  0  0  0
588  7521  7520  5052  5053  0  0  0  0
824  9989  9988  7520  7521  0  0  0  0
117  2586  2585  117  118  0  0  0  0
353  5054  5053  2585  2586  0  0  0  0
589  7522  7521  5053  5054  0  0  0  0
825  9990  9989  7521  7522  0  0  0  0
118  2587  2586  118  119  0  0  0  0
354  5055  5054  2586  2587  0  0  0  0
590  7523  7522  5054  5055  0  0  0  0
826  9991  9990  7522  7523  0  0  0  0
119  2588  2587  119  120  0  0  0  0
355  5056  5055  2587  2588  0  0  0  0
591  7524  7523  5055  5056  0  0  0  0
827  9992  9991  7523  7524  0  0  0  0
120  2589  2588  120  121  0  0  0  0
356  5057  5056  2588  2589  0  0  0  0
592  7525  7524  5056  5057  0  0  0  0
828  9993  9992  7524  7525  0  0  0  0
121  2590  2589  121  122  0  0  0  0
357  5058  5057  2589  2590  0  0  0  0
593  7526  7525  5057  5058  0  0  0  0
829  9994  9993  7525  7526  0  0  0  0
122  2591  2590  122  123  0  0  0  0
358  5059  5058  2590  2591  0  0  0  0
594  7527  7526  5058  5059  0  0  0  0
830  9995  9994  7526  7527  0  0  0  0
123  2592  2591  123  124  0  0  0  0
359  5060  5059  2591  2592  0  0  0  0
595  7528  7527  5059  5060  0  0  0  0
831  9996  9995  7527  7528  0  0  0  0
124  2593  2592  124  125  0  0  0  0
360  5061  5060  2592  2593  0  0  0  0
596  7529  7528  5060  5061  0  0  0  0
832  9997  9996  7528  7529  0  0  0  0
125  2594  2593  125  126  0  0  0  0
361  5062  5061  2593  2594  0  0  0  0
597  7530  7529  5061  5062  0  0  0  0
833  9998  9997  7529  7530  0  0  0  0
126  2595  2594  126  127  0  0  0  0
362  5063  5062  2594  2595  0  0  0  0
598  7531  7530  5062  5063  0  0  0  0
834  9999  9998  7530  7531  0  0  0  0
127  2596  2595  127  128  0  0  0  0
363  5064  5063  2595  2596  0  0  0  0
599  7532  7531  5063  5064  0  0  0  0
835  10000  9999  7531  7532  0  0  0  0
128  2597  2596  128  129  0  0  0  0
364  5065  5064  2596  2597  0  0  0  0
600  7533  7532  5064  5065  0  0  0  0
836  10001  10000  7532  7533  0  0  0  0
129  2598  2597  129  130  0  0  0  0
365  5066  5065  2597  2598  0  0  0  0
601  7534  7533  5065  5066  0  0  0  0
837  10002  10001  7533  7534  0  0  0  0
130  2599  2598  130  131  0  0  0  0
366  5067  5066  2598  2599  0  0  0  0
602  7535  7534  5066  5067  0  0  0  0
838  10003  10002  7534  7535  0  0  0  0
131  2600  2599  131  132  0  0  0  0
367  5068  5067  2599  2600  0  0  0  0
603  7536  7535  5067  5068  0  0  0  0
839  10004  10003  7535  7536  0  0  0  0
132  2601  2600  132  133  0  0  0  0
368  5069  5068  2600  2601  0  0  0  0
604  7537  7536  5068  5069  0  0  0  0
840  10005  10004  7536  7537  0  0  0  0
133  2602  2601  133  134  0  0  0  0
369  5070  5069  2601  2602  0  0  0  0
605  7538  7537  5069  5070  0  0  0  0
841  10006  10005  7537  7538  0  0  0  0
134  2603  2602  134  135  0  0  0  0
370  5071  5070  2602  2603  0  0  0  0
606  7539  7538  5070  5071  0  0  0  0
842  10007  10006  7538  7539  0  0  0  0
135  2604  2603  135  136  0  0  0  0
371  5072  5071  2603  2604  0  0  0  0
607  7540  7539  5071  5072  0  0  0  0
843  10008  10007  7539  7540  0  0  0  0
136  2605  2604  136  137  0  0  0  0
372  5073  5072  2604  2605  0  0  0  0
608  7541  7540  5072  5073  0  0  0  0
844  10009  10008  7540  7541  0  0  0  0
137  2606  2605  137  138  0  0  0  0
373  5074  5073  2605  2606  0  0  0  0
609  7542  7541  5073  5074  0  0  0  0
845  10010  10009  7541  7542  0  0  0  0
138  2607  2606  138  139  0  0  0  0
374  5075  5074  2606  2607  0  0  0  0
610  7543  7542  5074  5075  0  0  0  0
846  10011  10010  7542  7543  0  0  0  0
139  2608  2607  139  140  0  0  0  0
375  5076  5075  2607  2608  0  0  0  0
611  7544  7543  5075  5076  0  0  0  0
847  10012  10011  7543  7544  0  0  0  0
140  2609  2608  140  141  0  0  0  0
376  5077  5076  2608  2609  0  0  0  0
612  7545  7544  5076  5077  0  0  0  0
848  10013  10012  7544  7545  0  0  0  0
141  2610  2609  141  142  0  0  0  0
377  5078  5077  2609  2610  0  0  0  0
613  7546  7545  5077  5078  0  0  0  0
849  10014  10013  7545  7546  0  0  0  0
142  2611  2610  142  143  0  0  0  0
378  5079  5078  2610  2611  0  0  0  0
614  7547  7546  5078  5079  0  0  0  0
850  10015  10014  7546  7547  0  0  0  0
143  2612  2611  143  144  0  0  0  0
379  5080  5079  2611  2612  0  0  0  0
615  7548  7547  5079  5080  0  0  0  0
851  10016  10015  7547  7548  0  0  0  0
144  2613  2612  144  145  0  0  0  0
380  5081  5080  2612  2613  0  0  0  0
616  7549  7548  5080  5081  0  0  0  0
852  10017  10016  7548  7549  0  0  0  0
145  2614  2613  145  146  0  0  0  0
381  5082  5081  2613  2614  0  0  0  0
617  7550  7549  5081  5082  0  0  0  0
853  10018  10017  7549  7550  0  0  0  0
146  2615  2614  146  147  0  0  0  0
382  5083  5082  2614  2615  0  0  0  0
618  7551  7550  5082  5083  0  0  0  0
854  10019  10018  7550  7551  0  0  0  0
147  2616  2615  147  148  0  0  0  0
383  5084  5083  2615  2616  0  0  0  0
619  7552  7551  5083  5084  0  0  0  0
855  10020  10019  7551  7552  0  0  0  0
148  2617  2616  148  149  0  0  0  0
384  5085  5084  2616  2617  0  0  0  0
620  7553  7552  5084  5085  0  0  0  0
856  10021  10020  7552  7553  0  0  0  0
149  2618  2617  149  150  0  0  0  0
385  5086  5085  2617  2618  0  0  0  0
621  7554  7553  5085  5086  0  0  0  0
857  10022  10021  7553  7554  0  0  0  0
150  2619  2618  150  151  0  0  0  0
386  5087  5086  2618  2619  0  0  0  0
622  7555  7554  5086  5087  0  0  0  0
858  10023  10022  7554  7555  0  0  0  0
151  2620  2619  151  152  0  0  0  0
387  5088  5087  2619  2620  0  0  0  0
623  7556  7555  5087  5088  0  0  0  0
859  10024  10023  7555  7556  0  0  0  0
152  2621  2620  152  153  0  0  0  0
388  5089  5088  2620  2621  0  0  0  0
624  7557  7556  5088  5089  0  0  0  0
860  10025  10024  7556  7557  0  0  0  0
153  2622  2621  153  154  0  0  0  0
389  5090  5089  2621  2622  0  0  0  0
625  7558  7557  5089  5090  0  0  0  0
861  10026  10025  7557  7558  0  0  0  0
154  2623  2622  154  155  0  0  0  0
390  5091  5090  2622  2623  0  0  0  0
626  7559  7558  5090  5091  0  0  0  0
862  10027  10026  7558  7559  0  0  0  0
155  2624  2623  155  156  0  0  0  0
391  5092  5091  2623  2624  0  0  0  0
627  7560  7559  5091  5092  0  0  0  0
863  10028  10027  7559  7560  0  0  0  0
156  2625  2624  156  157  0  0  0  0
392  5093  5092  2624  2625  0  0  0  0
628  7561  7560  5092  5093  0  0  0  0
864  10029  10028  7560  7561  0  0  0  0
157  2626  2625  157  158  0  0  0  0
393  5094  5093  2625  2626  0  0  0  0
629  7562  7561  5093  5094  0  0  0  0
865  10030  10029  7561  7562  0  0  0  0
158  2627  2626  158  159  0  0  0  0
394  5095  5094  2626  2627  0  0  0  0
630  7563  7562  5094  5095  0  0  0  0
866  10031  10030  7562  7563  0  0  0  0
159  2628  2627  159  160  0  0  0  0
395  5096  5095  2627  2628  0  0  0  0
631  7564  7563  5095  5096  0  0  0  0
867  10032  10031  7563  7564  0  0  0  0
160  2629  2628  160  161  0  0  0  0
396  5097  5096  2628  2629  0  0  0  0
632  7565  7564  5096  5097  0  0  0  0
868  10033  10032  7564  7565  0  0  0  0
161  2630  2629  161  162  0  0  0  0
397  5098  5097  2629  2630  0  0  0  0
633  7566  7565  5097  5098  0  0  0  0
869  10034  10033  7565  7566  0  0  0  0
162  2631  2630  162  163  0  0  0  0
398  5099  5098  2630  2631  0  0  0  0
634  7567  7566  5098  5099  0  0  0  0
870  10035  10034  7566  7567  0  0  0  0
163  2632  2631  163  164  0  0  0  0
399  5100  5099  2631  2632  0  0  0  0
635  7568  7567  5099  5100  0  0  0  0
871  10036  10035  7567  7568  0  0  0  0
164  2633  2632  164  165  0  0  0  0
400  5101  5100  2632  2633  0  0  0  0
636  7569  7568  5100  5101  0  0  0  0
872  10037  10036  7568  7569  0  0  0  0
165  2634  2633  165  166  0  0  0  0
401  5102  5101  2633  2634  0  0  0  0
637  7570  7569  5101  5102  0  0  0  0
873  10038  10037  7569  7570  0  0  0  0
166  2635  2634  166  167  0  0  0  0
402  5103  5102  2634  2635  0  0  0  0
638  7571  7570  5102  5103  0  0  0  0
874  10039  10038  7570  7571  0  0  0  0
167  2636  2635  167  168  0  0  0  0
403  5104  5103  2635  2636  0  0  0  0
639  7572  7571  5103  5104  0  0  0  0
875  10040  10039  7571  7572  0  0  0  0
168  2637  2636  168  169  0  0  0  0
404  5105  5104  2636  2637  0  0  0  0
640  7573  7572  5104  5105  0  0  0  0
876  10041  10040  7572  7573  0  0  0  0
169  2638  2637  169  170  0  0  0  0
405  5106  5105  2637  2638  0  0  0  0
641  7574  7573  5105  5106  0  0  0  0
877  10042  10041  7573  7574  0  0  0  0
170  2639  2638  170  171  0  0  0  0
406  5107  5106  2638  2639  0  0  0  0
642  7575  7574  5106  5107  0  0  0  0
878  10043  10042  7574  7575  0  0  0  0
171  2640  2639  171  172  0  0  0  0
407  5108  5107  2639  2640  0  0  0  0
643  7576  7575  5107  5108  0  0  0  0
879  10044  10043  7575  7576  0  0  0  0
172  2641  2640  172  173  0  0  0  0
408  5109  5108  2640  2641  0  0  0  0
644  7577  7576  5108  5109  0  0  0  0
880  10045  10044  7576  7577  0  0  0  0
173  2642  2641  173  174  0  0  0  0
409  5110  5109  2641  2642  0  0  0  0
645  7578  7577  5109  5110  0  0  0  0
881  10046  10045  7577  7578  0  0  0  0
174  2643  2642  174  175  0  0  0  0
410  5111  5110  2642  2643  0  0  0  0
646  7579  7578  5110  5111  0  0  0  0
882  10047  10046  7578  7579  0  0  0  0
175  2644  2643  175  176  0  0  0  0
411  5112  5111  2643  2644  0  0  0  0
647  7580  7579  5111  5112  0  0  0  0
883  10048  10047  7579  7580  0  0  0  0
176  2645  2644  176  177  0  0  0  0
412  5113  5112  2644  2645  0  0  0  0
648  7581  7580  5112  5113  0  0  0  0
884  10049  10048  7580  7581  0  0  0  0
177  2646  2645  177  178  0  0  0  0
413  5114  5113  2645  2646  0  0  0  0
649  7582  7581  5113  5114  0  0  0  0
885  10050  10049  7581  7582  0  0  0  0
178  2647  2646  178  179  0  0  0  0
414  5115  5114  2646  2647  0  0  0  0
650  7583  7582  5114  5115  0  0  0  0
886  10051  10050  7582  7583  0  0  0  0
179  2648  2647  179  180  0  0  0  0
415  5116  5115  2647  2648  0  0  0  0
651  7584  7583  5115  5116  0  0  0  0
887  10052  10051  7583  7584  0  0  0  0
180  2649  2648  180  181  0  0  0  0
416  5117  5116  2648  2649  0  0  0  0
652  7585  7584  5116  5117  0  0  0  0
888  10053  10052  7584  7585  0  0  0  0
181  2650  2649  181  182  0  0  0  0
417  5118  5117  2649  2650  0  0  0  0
653  7586  7585  5117  5118  0  0  0  0
889  10054  10053  7585  7586  0  0  0  0
182  2651  2650  182  183  0  0  0  0
418  5119  5118  2650  2651  0  0  0  0
654  7587  7586  5118  5119  0  0  0  0
890  10055  10054  7586  7587  0  0  0  0
183  2652  2651  183  184  0  0  0  0
419  5120  5119  2651  2652  0  0  0  0
655  7588  7587  5119  5120  0  0  0  0
891  10056  10055  7587  7588  0  0  0  0
184  2653  2652  184  185  0  0  0  0
420  5121  5120  2652  2653  0  0  0  0
656  7589  7588  5120  5121  0  0  0  0
892  10057  10056  7588  7589  0  0  0  0
185  2654  2653  185  186  0  0  0  0
421  5122  5121  2653  2654  0  0  0  0
657  7590  7589  5121  5122  0  0  0  0
893  10058  10057  7589  7590  0  0  0  0
186  2655  2654  186  187  0  0  0  0
422  5123  5122  2654  2655  0  0  0  0
658  7591  7590  5122  5123  0  0  0  0
894  10059  10058  7590  7591  0  0  0  0
187  2656  2655  187  188  0  0  0  0
423  5124  5123  2655  2656  0  0  0  0
659  7592  7591  5123  5124  0  0  0  0
895  10060  10059  7591  7592  0  0  0  0
188  2657  2656  188  189  0  0  0  0
424  5125  5124  2656  2657  0  0  0  0
660  7593  7592  5124  5125  0  0  0  0
896  10061  10060  7592  7593  0  0  0  0
189  2658  2657  189  190  0  0  0  0
425  5126  5125  2657  2658  0  0  0  0
661  7594  7593  5125  5126  0  0  0  0
897  10062  10061  7593  7594  0  0  0  0
190  2659  2658  190  191  0  0  0  0
426  5127  5126  2658  2659  0  0  0  0
662  7595  7594  5126  5127  0  0  0  0
898  10063  10062  7594  7595  0  0  0  0
191  2660  2659  191  192  0  0  0  0
427  5128  5127  2659  2660  0  0  0  0
663  7596  7595  5127  5128  0  0  0  0
899  10064  10063  7595  7596  0  0  0  0
192  2661  2660  192  193  0  0  0  0
428  5129  5128  2660  2661  0  0  0  0
664  7597  7596  5128  5129  0  0  0  0
900  10065  10064  7596  7597  0  0  0  0
193  2662  2661  193  194  0  0  0  0
429  5130  5129  2661  2662  0  0  0  0
665  7598  7597  5129  5130  0  0  0  0
901  10066  10065  7597  7598  0  0  0  0
194  2663  2662  194  195  0  0  0  0
430  5131  5130  2662  2663  0  0  0  0
666  7599  7598  5130  5131  0  0  0  0
902  10067  10066  7598  7599  0  0  0  0
195  2664  2663  195  196  0  0  0  0
431  5132  5131  2663  2664  0  0  0  0
667  7600  7599  5131  5132  0  0  0  0
903  10068  10067  7599  7600  0  0  0  0
196  2665  2664  196  197  0  0  0  0
432  5133  5132  2664  2665  0  0  0  0
668  7601  7600  5132  5133  0  0  0  0
904  10069  10068  7600  7601  0  0  0  0
197  2666  2665  197  198  0  0  0  0
433  5134  5133  2665  2666  0  0  0  0
669  7602  7601  5133  5134  0  0  0  0
905  10070  10069  7601  7602  0  0  0  0
198  2667  2666  198  199  0  0  0  0
434  5135  5134  2666  2667  0  0  0  0
670  7603  7602  5134  5135  0  0  0  0
906  10071  10070  7602  7603  0  0  0  0
199  2469  2667  199  1  0  0  0  0
435  4937  5135  2667  2469  0  0  0  0
671  7405  7603  5135  4937  0  0  0  0
907  9873  10071  7603  7405  0  0  0  0
200  2668  2619  151  200  0  0  0  0
436  5136  5087  2619  2668  0  0  0  0
672  7604  7555  5087  5136  0  0  0  0
908  10072  10023  7555  7604  0  0  0  0
201  2669  2668  200  201  0  0  0  0
437  5137  5136  2668  2669  0  0  0  0
673  7605  7604  5136  5137  0  0  0  0
909  10073  10072  7604  7605  0  0  0  0
202  2670  2669  201  202  0  0  0  0
438  5138  5137  2669  2670  0  0  0  0
674  7606  7605  5137  5138  0  0  0  0
910  10074  10073  7605  7606  0  0  0  0
203  2671  2670  202  203  0  0  0  0
439  5139  5138  2670  2671  0  0  0  0
675  7607  7606  5138  5139  0  0  0  0
911  10075  10074  7606  7607  0  0  0  0
204  2672  2671  203  204  0  0  0  0
440  5140  5139  2671  2672  0  0  0  0
676  7608  7607  5139  5140  0  0  0  0
912  10076  10075  7607  7608  0  0  0  0
205  2673  2672  204  205  0  0  0  0
441  5141  5140  2672  2673  0  0  0  0
677  7609  7608  5140  5141  0  0  0  0
913  10077  10076  7608  7609  0  0  0  0
206  2674  2673  205  206  0  0  0  0
442  5142  5141  2673  2674  0  0  0  0
678  7610  7609  5141  5142  0  0  0  0
914  10078  10077  7609  7610  0  0  0  0
207  2675  2674  206  207  0  0  0  0
443  5143  5142  2674  2675  0  0  0  0
679  7611  7610  5142  5143  0  0  0  0
915  10079  10078  7610  7611  0  0  0  0
208  2676  2675  207  208  0  0  0  0
444  5144  5143  2675  2676  0  0  0  0
680  7612  7611  5143  5144  0  0  0  0
916  10080  10079  7611  7612  0  0  0  0
209  2677  2676  208  209  0  0  0  0
445  5145  5144  2676  2677  0  0  0  0
681  7613  7612  5144  5145  0  0  0  0
917  10081  10080  7612  7613  0  0  0  0
210  2678  2677  209  210  0  0  0  0
446  5146  5145  2677  2678  0  0  0  0
682  7614  7613  5145  5146  0  0  0  0
918  10082  10081  7613  7614  0  0  0  0
211  2679  2678  210  211  0  0  0  0
447  5147  5146  2678  2679  0  0  0  0
683  7615  7614  5146  5147  0  0  0  0
919  10083  10082  7614  7615  0  0  0  0
212  2680  2679  211  212  0  0  0  0
448  5148  5147  2679  2680  0  0  0  0
684  7616  7615  5147  5148  0  0  0  0
920  10084  10083  7615  7616  0  0  0  0
213  2681  2680  212  213  0  0  0  0
449  5149  5148  2680  2681  0  0  0  0
685  7617  7616  5148  5149  0  0  0  0
921  10085  10084  7616  7617  0  0  0  0
214  2682  2681  213  214  0  0  0  0
450  5150  5149  2681  2682  0  0  0  0
686  7618  7617  5149  5150  0  0  0  0
922  10086  10085  7617  7618  0  0  0  0
215  2683  2682  214  215  0  0  0  0
451  5151  5150  2682  2683  0  0  0  0
687  7619  7618  5150  5151  0  0  0  0
923  10087  10086  7618  7619  0  0  0  0
216  2684  2683  215  216  0  0  0  0
452  5152  5151  2683  2684  0  0  0  0
688  7620  7619  5151  5152  0  0  0  0
924  10088  10087  7619  7620  0  0  0  0
217  2518  2684  216  50  0  0  0  0
453  4986  5152  2684  2518  0  0  0  0
689  7454  7620  5152  4986  0  0  0  0
925  9922  10088  7620  7454  0  0  0  0
218  2685  2593  125  217  0  0  0  0
454  5153  5061  2593  2685  0  0  0  0
690  7621  7529  5061  5153  0  0  0  0
926  10089  9997  7529  7621  0  0  0  0
219  2686  2685  217  218  0  0  0  0
455  5154  5153  2685  2686  0  0  0  0
691  7622  7621  5153  5154  0  0  0  0
927  10090  10089  7621  7622  0  0  0  0
220  2687  2686  218  219  0  0  0  0
456  5155  5154  2686  2687  0  0  0  0
692  7623  7622  5154  5155  0  0  0  0
928  10091  10090  7622  7623  0  0  0  0
221  2688  2687  219  220  0  0  0  0
457  5156  5155  2687  2688  0  0  0  0
693  7624  7623  5155  5156  0  0  0  0
929  10092  10091  7623  7624  0  0  0  0
222  2689  2688  220  221  0  0  0  0
458  5157  5156  2688  2689  0  0  0  0
694  7625  7624  5156  5157  0  0  0  0
930  10093  10092  7624  7625  0  0  0  0
223  2690  2689  221  222  0  0  0  0
459  5158  5157  2689  2690  0  0  0  0
695  7626  7625  5157  5158  0  0  0  0
931  10094  10093  7625  7626  0  0  0  0
224  2691  2690  222  223  0  0  0  0
460  5159  5158  2690  2691  0  0  0  0
696  7627  7626  5158  5159  0  0  0  0
932  10095  10094  7626  7627  0  0  0  0
225  2692  2691  223  224  0  0  0  0
461  5160  5159  2691  2692  0  0  0  0
697  7628  7627  5159  5160  0  0  0  0
933  10096  10095  7627  7628  0  0  0  0
226  2693  2692  224  225  0  0  0  0
462  5161  5160  2692  2693  0  0  0  0
698  7629  7628  5160  5161  0  0  0  0
934  10097  10096  7628  7629  0  0  0  0
227  2694  2693  225  226  0  0  0  0
463  5162  5161  2693  2694  0  0  0  0
699  7630  7629  5161  5162  0  0  0  0
935  10098  10097  7629  7630  0  0  0  0
228  2695  2694  226  227  0  0  0  0
464  5163  5162  2694  2695  0  0  0  0
700  7631  7630  5162  5163  0  0  0  0
936  10099  10098  7630  7631  0  0  0  0
229  2696  2695  227  228  0  0  0  0
465  5164  5163  2695  2696  0  0  0  0
701  7632  7631  5163  5164  0  0  0  0
937  10100  10099  7631  7632  0  0  0  0
230  2697  2696  228  229  0  0  0  0
466  5165  5164  2696  2697  0  0  0  0
702  7633  7632  5164  5165  0  0  0  0
938  10101  10100  7632  7633  0  0  0  0
231  2698  2697  229  230  0  0  0  0
467  5166  5165  2697  2698  0  0  0  0
703  7634  7633  5165  5166  0  0  0  0
939  10102  10101  7633  7634  0  0  0  0
232  2699  2698  230  231  0  0  0  0
468  5167  5166  2698  2699  0  0  0  0
704  7635  7634  5166  5167  0  0  0  0
940  10103  10102  7634  7635  0  0  0  0
233  2700  2699  231  232  0  0  0  0
469  5168  5167  2699  2700  0  0  0  0
705  7636  7635  5167  5168  0  0  0  0
941  10104  10103  7635  7636  0  0  0  0
234  2701  2700  232  233  0  0  0  0
470  5169  5168  2700  2701  0  0  0  0
706  7637  7636  5168  5169  0  0  0  0
942  10105  10104  7636  7637  0  0  0  0
235  2702  2701  233  234  0  0  0  0
471  5170  5169  2701  2702  0  0  0  0
707  7638  7637  5169  5170  0  0  0  0
943  10106  10105  7637  7638  0  0  0  0
236  2544  2702  234  76  0  0  0  0
472  5012  5170  2702  2544  0  0  0  0
708  7480  7638  5170  5012  0  0  0  0
944  9948  10106  7638  7480  0  0  0  0
