1  3  0  8.5794
237  5  0  8.57927
473  4  0  8.57865
709  5  0  -171.416
2  3  0  7.83712
238  5  0  7.83713
474  4  0  7.83713
710  5  0  7.83713
3  3  0  7.09865
239  5  0  7.09864
475  4  0  7.09862
711  5  0  7.09859
4  3  0  6.29565
240  5  0  6.29569
476  4  0  6.29575
712  5  0  6.29581
5  3  0  5.66374
241  5  0  5.66366
477  4  0  5.66354
713  5  0  5.66341
6  3  0  4.69724
242  5  0  4.69731
478  4  0  4.69742
714  5  0  4.69752
7  3  0  4.00739
243  5  0  4.00731
479  4  0  4.00718
715  5  0  4.00706
8  3  0  3.00686
244  5  0  3.00684
480  4  0  3.00681
716  5  0  3.00678
9  3  0  1.9442
245  5  0  1.94424
481  4  0  1.94431
717  5  0  1.94437
10  3  0  1.01987
246  5  0  1.01969
482  4  0  1.01943
718  5  0  1.01917
11  3  0  -0.388841
247  5  0  -0.388772
483  1  0  10.9864
719  5  0  21.455
12  3  0  -1.56574
248  5  0  -1.56566
484  1  0  -1.5652
720  5  0  -1.56474
13  3  0  -2.47326
249  5  0  -2.47325
485  1  0  -2.47322
721  5  0  -2.47319
14  3  0  -3.3589
250  5  0  -3.35901
486  1  0  -3.35956
722  5  0  -3.36011
15  3  0  -4.56835
251  5  0  -4.56822
487  1  0  -4.56753
723  5  0  -4.56685
16  3  0  -5.35607
252  5  0  -5.35609
488  1  0  -5.35624
724  5  0  -5.35638
17  3  0  -6.24786
253  5  0  -6.24788
489  1  0  -6.24798
725  5  0  -6.24808
18  3  0  -7.2068
254  5  0  -7.20675
490  1  0  -7.20649
726  5  0  -7.20622
19  3  0  -7.97863
255  5  0  -7.97865
491  1  0  -7.97872
727  5  0  -7.97879
20  3  0  -8.80555
256  5  0  -8.80558
492  1  0  -8.80574
728  5  0  -8.8059
21  3  0  -9.745
257  5  0  -9.74495
493  1  0  -9.74472
729  5  0  -9.74449
22  3  0  -10.5203
258  5  0  -10.5202
494  1  0  -10.5199
730  5  0  -10.5196
23  3  0  -10.963
259  5  0  -10.963
495  1  0  -10.9633
731  5  0  -10.9635
24  3  0  -11.6396
260  5  0  -11.6396
496  1  0  -11.6396
732  5  0  -11.6396
25  3  0  -12.3397
261  5  0  -12.3397
497  1  0  -12.3394
733  5  0  -12.3391
26  3  0  -12.7402
262  5  0  -12.7402
498  1  0  -12.7401
734  5  0  -12.7401
27  3  0  -13.0526
263  5  0  -13.0526
499  1  0  -13.0527
735  5  0  -13.0528
28  3  0  -13.5083
264  5  0  -13.5083
500  1  0  -13.5084
736  5  0  -13.5086
29  3  0  -14.1341
265  5  0  -14.1341
501  1  0  -14.1337
737  5  0  -14.1334
30  3  0  -14.2759
266  5  0  -14.2759
502  1  0  -14.2759
738  5  0  -14.2759
31  3  0  -14.3795
267  5  0  -14.3795
503  1  0  -14.3795
739  5  0  -14.3795
32  3  0  -14.507
268  5  0  -14.507
504  1  0  -14.507
740  5  0  -14.507
33  3  0  -14.7182
269  5  0  -14.7181
505  1  0  -14.7181
741  5  0  -14.7181
34  3  0  -14.7747
270  5  0  -14.7747
506  1  0  -14.7747
742  5  0  -14.7747
35  3  0  -14.7663
271  5  0  -14.7663
507  1  0  -14.7663
743  5  0  -14.7663
36  3  0  -14.7351
272  5  0  -14.7351
508  1  0  -14.7351
744  5  0  -14.7351
37  3  0  -14.8145
273  5  0  -14.8146
509  1  0  -14.8146
745  5  0  -14.8146
38  3  0  -14.6563
274  5  0  -14.6563
510  1  0  -14.6563
746  5  0  -14.6564
39  3  0  -14.4725
275  5  0  -14.4725
511  1  0  -14.4726
747  5  0  -14.4726
40  3  0  -14.2144
276  5  0  -14.2144
512  1  0  -14.2144
748  5  0  -14.2143
41  3  0  -13.9638
277  5  0  -13.9638
513  1  0  -13.9638
749  5  0  -13.9637
42  3  0  -13.8238
278  5  0  -13.8238
514  1  0  -13.8239
750  5  0  -13.8239
43  3  0  -13.61
279  5  0  -13.6101
515  1  0  -13.6103
751  5  0  -13.6105
44  3  0  -13.0636
280  5  0  -13.0635
516  1  0  -13.0634
752  5  0  -13.0632
45  3  0  -12.7459
281  5  0  -12.7459
517  1  0  -12.7459
753  5  0  -12.7459
46  3  0  -12.4715
282  5  0  -12.4715
518  1  0  -12.4716
754  5  0  -12.4716
47  3  0  -12.1336
283  5  0  -12.1336
519  1  0  -12.1336
755  5  0  -12.1337
48  3  0  -11.7272
284  5  0  -11.7272
520  1  0  12.6223
756  5  0  30.5484
49  3  0  -11.1763
285  5  0  -11.1352
521  6  0  -11.112
757  5  0  -11.1103
50  3  0  -10.6248
286  5  0  -10.5555
522  6  0  -10.4771
758  5  0  -10.4686
51  3  0  -10.1059
287  5  0  -10.1059
523  6  0  -10.1059
759  5  0  -10.1059
52  3  0  -9.56014
288  5  0  -9.56016
524  6  0  -9.56038
760  5  0  -9.5606
53  3  0  -8.93024
289  5  0  -8.9302
525  6  0  -8.92971
761  5  0  -8.92921
54  3  0  -8.51014
290  5  0  -8.51013
526  6  0  -8.5101
762  5  0  -8.51007
55  3  0  -8.10626
291  5  0  -8.10635
527  6  0  -8.10767
763  5  0  -8.10902
56  3  0  -7.23767
292  5  0  -7.23759
528  6  0  -7.23638
764  5  0  -7.23514
57  3  0  -6.77684
293  5  0  -6.77685
529  6  0  -6.77696
765  5  0  -6.77708
58  3  0  -6.26319
294  5  0  -6.26325
530  6  0  -6.26398
766  5  0  -6.26473
59  3  0  -5.4938
295  5  0  -5.49373
531  6  0  -5.49282
767  5  0  -5.49189
60  3  0  -5.06622
296  5  0  -5.06624
532  6  0  -5.0666
768  5  0  -5.06697
61  3  0  -4.47794
297  5  0  -4.47794
533  6  0  -4.47789
769  5  0  -4.47785
62  3  0  -3.90702
298  5  0  -3.907
534  6  0  -3.90678
770  5  0  -3.90655
63  3  0  -3.43095
299  5  0  -3.43105
535  6  0  -3.43241
771  5  0  -3.4338
64  3  0  -2.51791
300  5  0  -2.51783
536  6  0  -2.51667
772  5  0  -2.51547
65  3  0  -1.95847
301  5  0  -1.95846
537  6  0  -1.95829
773  5  0  -1.95813
66  3  0  -1.46956
302  5  0  -1.46956
538  6  0  -1.46961
774  5  0  -1.46966
67  3  0  -0.957606
303  5  0  -0.957683
539  6  0  -0.958771
775  5  0  -0.959887
68  3  0  -0.09211
304  5  0  -0.0921065
540  6  0  -0.0920567
776  5  0  -0.0920054
69  3  0  0.76047
305  5  0  0.760526
541  6  0  0.761313
777  5  0  0.762122
70  3  0  1.37277
306  5  0  1.37277
542  6  0  1.3728
778  5  0  1.37283
71  3  0  1.97411
307  5  0  1.97409
543  6  0  1.97373
779  5  0  1.97336
72  3  0  2.69758
308  5  0  2.69759
544  6  0  2.69771
780  5  0  2.69783
73  3  0  3.38279
309  5  0  3.38275
545  6  0  3.38211
781  5  0  3.38146
74  3  0  4.25042
310  5  0  4.25044
546  6  0  4.25074
782  5  0  4.25105
75  3  0  5.05009
311  5  0  5.10651
547  6  0  5.17958
783  5  0  5.21275
76  3  0  5.75526
312  5  0  5.85541
548  6  0  6.47743
784  5  0  37.8563
77  3  0  6.5579
313  5  0  6.55788
549  1  0  -23.1049
785  5  0  -42.4264
78  3  0  7.45339
314  5  0  7.45342
550  1  0  7.4536
786  5  0  7.45379
79  3  0  8.22163
315  5  0  8.22164
551  1  0  8.22167
787  5  0  8.22171
80  3  0  8.96264
316  5  0  8.96257
552  1  0  8.96222
788  5  0  8.96187
81  3  0  9.94195
317  5  0  9.94198
553  1  0  9.94216
789  5  0  9.94233
82  3  0  10.8129
318  5  0  10.8129
554  1  0  10.813
790  5  0  10.8131
83  3  0  11.5894
319  5  0  11.5893
555  1  0  11.5889
791  5  0  11.5885
84  3  0  12.6077
320  5  0  12.6077
556  1  0  12.6074
792  5  0  12.6071
85  3  0  13.7811
321  5  0  13.7812
557  1  0  13.7817
793  5  0  13.7821
86  3  0  14.6982
322  5  0  14.6981
558  1  0  14.6978
794  5  0  14.6974
87  3  0  15.8139
323  5  0  15.8139
559  1  0  15.8137
795  5  0  15.8136
88  3  0  16.9836
324  5  0  16.9836
560  1  0  1.06689
796  5  0  -12.8427
89  3  0  18.2439
325  5  0  18.2437
561  4  0  18.2435
797  5  0  18.2433
90  3  0  19.8991
326  5  0  19.8991
562  4  0  19.8993
798  5  0  19.8994
91  3  0  21.3972
327  5  0  21.3969
563  4  0  21.3966
799  5  0  21.3963
92  3  0  23.3267
328  5  0  23.3263
564  4  0  23.3256
800  5  0  23.3249
93  3  0  25.8939
329  5  0  25.8933
565  4  0  25.8924
801  5  0  25.8915
94  3  0  29.1112
330  5  0  29.1104
566  4  0  29.1093
802  5  0  29.1081
95  3  0  33.0225
331  5  0  33.0216
567  4  0  33.0203
803  5  0  33.0189
96  3  0  37.6111
332  5  0  37.6081
568  4  0  37.6035
804  5  0  37.5989
97  3  0  43.9715
333  5  0  43.9518
569  4  0  43.9225
805  5  0  43.8921
98  3  0  56.7575
334  5  0  56.716
570  4  0  56.6526
806  5  0  56.585
99  3  0  77.2705
335  5  0  77.2648
571  4  0  77.256
807  5  0  77.2464
100  3  0  98.6262
336  5  0  98.7029
572  4  0  98.8215
808  5  0  98.9499
101  3  0  116.443
337  5  0  116.416
573  4  0  116.376
809  5  0  116.333
102  3  0  129.062
338  5  0  129.078
574  4  0  129.102
810  5  0  129.127
103  3  0  137.01
339  5  0  137.016
575  4  0  137.025
811  5  0  137.035
104  3  0  142.139
340  5  0  142.142
576  4  0  142.146
812  5  0  142.151
105  3  0  145.164
341  5  0  145.165
577  4  0  145.166
813  5  0  145.167
106  3  0  147.387
342  5  0  147.387
578  4  0  147.386
814  5  0  147.386
107  3  0  150.079
343  5  0  150.079
579  4  0  150.08
815  5  0  150.081
108  3  0  152.03
344  5  0  152.03
580  4  0  152.03
816  5  0  152.03
109  3  0  153.752
345  5  0  153.753
581  4  0  153.753
817  5  0  153.754
110  3  0  154.878
346  5  0  154.877
582  4  0  154.877
818  5  0  154.876
111  3  0  156.716
347  5  0  156.716
583  1  0  170.55
819  5  0  -176.935
112  3  0  158.117
348  5  0  158.117
584  1  0  158.118
820  5  0  158.119
113  3  0  159.189
349  5  0  159.189
585  1  0  159.189
821  5  0  159.189
114  3  0  160.277
350  5  0  160.277
586  1  0  160.277
822  5  0  160.277
115  3  0  161.302
351  5  0  161.302
587  1  0  161.302
823  5  0  161.302
116  3  0  162.28
352  5  0  162.28
588  1  0  162.28
824  5  0  162.28
117  3  0  163.374
353  5  0  163.374
589  1  0  163.375
825  5  0  163.376
118  3  0  164.034
354  5  0  164.034
590  1  0  164.033
826  5  0  164.033
119  3  0  165.064
355  5  0  165.064
591  1  0  165.065
827  5  0  165.065
120  3  0  165.789
356  5  0  165.789
592  1  0  165.788
828  5  0  165.788
121  3  0  166.895
357  5  0  166.896
593  1  0  166.896
829  5  0  166.897
122  3  0  167.489
358  5  0  167.489
594  1  0  167.489
830  5  0  167.489
123  3  0  168.368
359  5  0  168.368
595  1  0  168.368
831  5  0  168.368
124  3  0  169.155
360  5  0  169.077
596  6  0  -120.113
832  5  0  -92.6311
125  3  0  169.668
361  5  0  169.626
597  6  0  169.564
833  5  0  169.536
126  3  0  170.721
362  5  0  170.721
598  6  0  170.723
834  5  0  170.724
127  3  0  171.383
363  5  0  171.383
599  6  0  171.382
835  5  0  171.382
128  3  0  172.182
364  5  0  172.182
600  6  0  172.183
836  5  0  172.183
129  3  0  172.796
365  5  0  172.796
601  6  0  172.796
837  5  0  172.795
130  3  0  173.503
366  5  0  173.503
602  6  0  173.503
838  5  0  173.502
131  3  0  174.257
367  5  0  174.257
603  6  0  174.257
839  5  0  174.257
132  3  0  175.007
368  5  0  175.007
604  6  0  175.007
840  5  0  175.006
133  3  0  175.967
369  5  0  175.967
605  6  0  175.968
841  5  0  175.97
134  3  0  176.503
370  5  0  176.503
606  6  0  176.503
842  5  0  176.503
135  3  0  177.157
371  5  0  177.157
607  6  0  177.156
843  5  0  177.155
136  3  0  178.033
372  5  0  178.033
608  6  0  178.034
844  5  0  178.034
137  3  0  178.791
373  5  0  178.791
609  6  0  178.791
845  5  0  178.792
138  3  0  179.458
374  5  0  179.458
610  6  0  179.458
846  5  0  179.458
139  3  0  -179.826
375  5  0  -179.826
611  6  0  -179.826
847  5  0  -179.827
140  3  0  -179.057
376  5  0  -179.057
612  6  0  -179.057
848  5  0  -179.058
141  3  0  -178.21
377  5  0  -178.21
613  6  0  -178.21
849  5  0  -178.209
142  3  0  -177.478
378  5  0  -177.478
614  6  0  -177.477
850  5  0  -177.477
143  3  0  -176.911
379  5  0  -176.911
615  6  0  -176.911
851  5  0  -176.911
144  3  0  -176.435
380  5  0  -176.435
616  6  0  -176.436
852  5  0  -176.437
145  3  0  -175.68
381  5  0  -175.68
617  6  0  -175.68
853  5  0  -175.679
146  3  0  -175.05
382  5  0  -175.05
618  6  0  -175.049
854  5  0  -175.049
147  3  0  -174.529
383  5  0  -174.529
619  6  0  -174.529
855  5  0  -174.528
148  3  0  -174.14
384  5  0  -174.14
620  6  0  -174.141
856  5  0  -174.142
149  3  0  -173.302
385  5  0  -173.302
621  6  0  -173.301
857  5  0  -173.3
150  3  0  -172.872
386  5  0  -172.92
622  6  0  -173.004
858  5  0  -173.053
151  3  0  -172.498
387  5  0  -172.526
623  6  0  163.619
859  5  0  147.251
152  3  0  -171.64
388  5  0  -171.64
624  1  0  -171.64
860  5  0  -171.639
153  3  0  -171.269
389  5  0  -171.269
625  1  0  -171.269
861  5  0  -171.269
154  3  0  -170.922
390  5  0  -170.922
626  1  0  -170.922
862  5  0  -170.922
155  3  0  -170.638
391  5  0  -170.638
627  1  0  -170.638
863  5  0  -170.638
156  3  0  -170.325
392  5  0  -170.325
628  1  0  -170.325
864  5  0  -170.325
157  3  0  -169.971
393  5  0  -169.971
629  1  0  -169.971
865  5  0  -169.971
158  3  0  -169.835
394  5  0  -169.835
630  1  0  -169.835
866  5  0  -169.835
159  3  0  -169.648
395  5  0  -169.648
631  1  0  -169.648
867  5  0  -169.649
160  3  0  -169.187
396  5  0  -169.187
632  1  0  -169.187
868  5  0  -169.187
161  3  0  -168.771
397  5  0  -168.771
633  1  0  -168.771
869  5  0  -168.771
162  3  0  -168.636
398  5  0  -168.636
634  1  0  -168.636
870  5  0  -168.636
163  3  0  -168.547
399  5  0  -168.547
635  1  0  -168.547
871  5  0  -168.548
164  3  0  -168.253
400  5  0  -168.253
636  1  0  -168.253
872  5  0  -168.253
165  3  0  -168.241
401  5  0  -168.241
637  1  0  -168.241
873  5  0  -168.241
166  3  0  -167.949
402  5  0  -167.949
638  1  0  -167.949
874  5  0  -167.949
167  3  0  -167.626
403  5  0  -167.626
639  1  0  -167.626
875  5  0  -167.626
168  3  0  -167.794
404  5  0  -167.794
640  1  0  -167.795
876  5  0  -167.795
169  3  0  -167.299
405  5  0  -167.299
641  1  0  -167.299
877  5  0  -167.299
170  3  0  -167.374
406  5  0  -167.374
642  1  0  -167.374
878  5  0  -167.374
171  3  0  -167.441
407  5  0  -167.441
643  1  0  -167.441
879  5  0  -167.441
172  3  0  -167.19
408  5  0  -167.19
644  1  0  -167.19
880  5  0  -167.19
173  3  0  -166.883
409  5  0  -166.883
645  1  0  -166.883
881  5  0  -166.883
174  3  0  -167.14
410  5  0  -167.14
646  1  0  -167.14
882  5  0  -167.14
175  3  0  -166.994
411  5  0  -166.994
647  1  0  -166.994
883  5  0  -166.994
176  3  0  -166.781
412  5  0  -166.781
648  1  0  -166.781
884  5  0  -166.781
177  3  0  -166.726
413  5  0  -166.726
649  1  0  -166.726
885  5  0  -166.726
178  3  0  -166.471
414  5  0  -166.471
650  1  0  -166.471
886  5  0  -166.471
179  3  0  -166.633
415  5  0  -166.633
651  1  0  -166.633
887  5  0  -166.633
180  3  0  -166.588
416  5  0  -166.588
652  1  0  -166.588
888  5  0  -166.588
181  3  0  -166.373
417  5  0  -166.373
653  1  0  -166.373
889  5  0  -166.373
182  3  0  -166.156
418  5  0  -166.156
654  1  0  -166.156
890  5  0  -166.156
183  3  0  -166.022
419  5  0  -166.022
655  1  0  -166.022
891  5  0  -166.022
184  3  0  -166.196
420  5  0  -166.196
656  1  0  -166.196
892  5  0  -166.196
185  3  0  -166.206
421  5  0  -166.206
657  1  0  -166.206
893  5  0  -166.206
186  3  0  -165.943
422  5  0  -165.943
658  1  0  -165.943
894  5  0  -165.943
187  3  0  -165.982
423  5  0  -165.982
659  1  0  -165.982
895  5  0  -165.982
188  3  0  -166.045
424  5  0  -166.045
660  1  0  -166.045
896  5  0  -166.045
189  3  0  -165.998
425  5  0  -165.998
661  1  0  -177.33
897  5  0  172.157
190  3  0  -165.837
426  5  0  -165.837
662  4  0  -165.837
898  5  0  -165.837
191  3  0  -165.66
427  5  0  -165.66
663  4  0  -165.66
899  5  0  -165.66
192  3  0  -165.768
428  5  0  -165.768
664  4  0  -165.768
900  5  0  -165.768
193  3  0  -165.453
429  5  0  -165.453
665  4  0  -165.453
901  5  0  -165.453
194  3  0  -165.266
430  5  0  -165.266
666  4  0  -165.266
902  5  0  -165.266
195  3  0  -165.259
431  5  0  -165.259
667  4  0  -165.259
903  5  0  -165.259
196  3  0  -165.197
432  5  0  -165.198
668  4  0  -165.198
904  5  0  -165.198
197  3  0  -164.769
433  5  0  -164.769
669  4  0  -164.769
905  5  0  -164.769
198  3  0  -164.345
434  5  0  -164.433
670  4  0  -164.567
906  5  0  -164.706
199  3  0  -140.591
435  5  0  -140.492
671  4  0  -140.166
907  5  0  -137.814
200  2  0  -90.0314
436  1  0  -90.0314
672  1  0  89.9686
908  2  0  89.9686
201  2  0  -90.0314
437  1  0  -90.0314
673  1  0  -90.0314
909  2  0  -90.0314
202  2  0  -90.0314
438  1  0  -90.0314
674  1  0  -90.0314
910  2  0  -90.0314
203  2  0  -90.0314
439  1  0  -90.0314
675  1  0  -90.0314
911  2  0  -90.0314
204  2  0  -90.0314
440  1  0  -90.0314
676  1  0  -90.0314
912  2  0  -90.0314
205  2  0  -90.0314
441  1  0  -90.0314
677  1  0  -90.0314
913  2  0  -90.0314
206  2  0  -90.0314
442  1  0  -90.0314
678  1  0  -90.0314
914  2  0  -90.0314
207  2  0  -90.0314
443  1  0  -90.0314
679  1  0  -90.0314
915  2  0  -90.0314
208  2  0  -90.0314
444  1  0  -90.0314
680  1  0  -90.0314
916  2  0  -90.0314
209  2  0  -90.0314
445  1  0  -90.0314
681  1  0  -90.0314
917  2  0  -90.0314
210  2  0  -90.0314
446  1  0  -90.0314
682  1  0  -90.0314
918  2  0  -90.0314
211  2  0  -90.0314
447  1  0  -90.0314
683  1  0  -90.0314
919  2  0  -90.0314
212  2  0  -90.0314
448  1  0  -90.0314
684  1  0  -90.0314
920  2  0  -90.0314
213  2  0  -90.0314
449  1  0  -90.0314
685  1  0  -90.0314
921  2  0  -90.0314
214  2  0  -90.0314
450  1  0  -90.0314
686  1  0  -90.0314
922  2  0  -90.0314
215  2  0  -90.0314
451  1  0  -90.0314
687  1  0  -90.0314
923  2  0  -90.0314
216  2  0  -90.0314
452  1  0  -90.0314
688  1  0  -90.0314
924  2  0  -90.0314
217  2  0  -90.0314
453  1  0  -90.0314
689  1  0  -90.0314
925  2  0  89.9686
218  2  0  -90.0391
454  1  0  -90.0391
690  1  0  89.9609
926  2  0  89.9609
219  2  0  -90.0391
455  1  0  -90.0391
691  1  0  -90.0391
927  2  0  -90.0391
220  2  0  -90.0391
456  1  0  -90.0391
692  1  0  -90.0391
928  2  0  -90.0391
221  2  0  -90.0391
457  1  0  -90.0391
693  1  0  -90.0391
929  2  0  -90.0391
222  2  0  -90.0391
458  1  0  -90.0391
694  1  0  -90.0391
930  2  0  -90.0391
223  2  0  -90.0391
459  1  0  -90.0391
695  1  0  -90.0391
931  2  0  -90.0391
224  2  0  -90.0391
460  1  0  -90.0391
696  1  0  -90.0391
932  2  0  -90.0391
225  2  0  -90.0391
461  1  0  -90.0391
697  1  0  -90.0391
933  2  0  -90.0391
226  2  0  -90.0391
462  1  0  -90.0391
698  1  0  -90.0391
934  2  0  -90.0391
227  2  0  -90.0391
463  1  0  -90.0391
699  1  0  -90.0391
935  2  0  -90.0391
228  2  0  -90.0391
464  1  0  -90.0391
700  1  0  -90.0391
936  2  0  -90.0391
229  2  0  -90.0391
465  1  0  -90.0391
701  1  0  -90.0391
937  2  0  -90.0391
230  2  0  -90.0391
466  1  0  -90.0391
702  1  0  -90.0391
938  2  0  -90.0391
231  2  0  -90.0391
467  1  0  -90.0391
703  1  0  -90.0391
939  2  0  -90.0391
232  2  0  -90.0391
468  1  0  -90.0391
704  1  0  -90.0391
940  2  0  -90.0391
233  2  0  -90.0391
469  1  0  -90.0391
705  1  0  -90.0391
941  2  0  -90.0391
234  2  0  -90.0391
470  1  0  -90.0391
706  1  0  -90.0391
942  2  0  -90.0391
235  2  0  -90.0391
471  1  0  -90.0391
707  1  0  -90.0391
943  2  0  -90.0391
236  2  0  -90.0391
472  1  0  -90.0391
708  1  0  89.9609
944  2  0  89.9609
