1  -2.18000000e+00  -2.72845638e-02
2  -2.14446697e+00  -1.83717657e-02
3  -2.10855444e+00  -1.11547080e-02
4  -2.07233683e+00  -5.63798163e-03
5  -2.03592743e+00  -1.57914667e-03
6  -1.99935576e+00  5.83343062e-04
7  -1.96273823e+00  1.65608444e-03
8  -1.92610235e+00  1.57424317e-03
9  -1.88948376e+00  4.65667879e-04
10  -1.85290000e+00  -1.48582812e-03
11  -1.80329172e+00  -5.83304008e-03
12  -1.76827321e+00  -9.89012988e-03
13  -1.73334491e+00  -1.46618045e-02
14  -1.69852910e+00  -2.01935654e-02
15  -1.66384186e+00  -2.64820924e-02
16  -1.62925356e+00  -3.32965836e-02
17  -1.59479287e+00  -4.07284764e-02
18  -1.56045418e+00  -4.87055571e-02
19  -1.52625931e+00  -5.72783760e-02
20  -1.49221150e+00  -6.64161646e-02
21  -1.45823804e+00  -7.58292717e-02
22  -1.42439133e+00  -8.56846071e-02
23  -1.39065513e+00  -9.59152456e-02
24  -1.35698762e+00  -1.06369640e-01
25  -1.32341794e+00  -1.17134417e-01
26  -1.28991123e+00  -1.28093748e-01
27  -1.25650243e+00  -1.39347729e-01
28  -1.22313768e+00  -1.50731817e-01
29  -1.18982227e+00  -1.62258981e-01
30  -1.15657483e+00  -1.73981441e-01
31  -1.12340760e+00  -1.85928931e-01
32  -1.09023169e+00  -1.97852319e-01
33  -1.05706634e+00  -2.09805006e-01
34  -1.02392781e+00  -2.21831786e-01
35  -9.90854762e-01  -2.34037585e-01
36  -9.57783828e-01  -2.46249121e-01
37  -9.24708842e-01  -2.58449669e-01
38  -8.91630563e-01  -2.70641285e-01
39  -8.58567986e-01  -2.82875428e-01
40  -8.25477933e-01  -2.95034993e-01
41  -7.92383050e-01  -3.07181467e-01
42  -7.59290413e-01  -3.19334033e-01
43  -7.26166399e-01  -3.31400834e-01
44  -6.92993870e-01  -3.43333414e-01
45  -6.59786748e-01  -3.55169554e-01
46  -6.26550430e-01  -3.66923498e-01
47  -5.93270351e-01  -3.78552851e-01
48  -5.59955723e-01  -3.90082754e-01
49  -5.26597143e-01  -4.01484334e-01
50  -4.93140451e-01  -4.12595491e-01
51  -4.59582914e-01  -4.23397530e-01
52  -4.25968076e-01  -4.34020308e-01
53  -3.92293362e-01  -4.44451578e-01
54  -3.44000000e-01  -4.58766685e-01
55  -3.10382376e-01  -4.68327114e-01
56  -2.76629147e-01  -4.77394090e-01
57  -2.42780892e-01  -4.86099135e-01
58  -2.08826412e-01  -4.94375916e-01
59  -1.74668201e-01  -5.01776123e-01
60  -1.40400789e-01  -5.08649486e-01
61  -1.06005879e-01  -5.14837268e-01
62  -7.14860395e-02  -5.20294341e-01
63  -3.68580944e-02  -5.25026027e-01
64  -2.09883143e-03  -5.28677647e-01
65  3.27475592e-02  -5.31339611e-01
66  6.76532318e-02  -5.33014974e-01
67  1.02592668e-01  -5.33630850e-01
68  1.37534808e-01  -5.33106071e-01
69  1.72438071e-01  -5.31311850e-01
70  2.07236399e-01  -5.28055781e-01
71  2.41900000e-01  -5.23597159e-01
72  2.81618004e-01  -5.17073504e-01
73  3.16062149e-01  -5.10140740e-01
74  3.50238217e-01  -5.02002007e-01
75  3.84134496e-01  -4.92759103e-01
76  4.17751025e-01  -4.82542970e-01
77  4.51081181e-01  -4.71425904e-01
78  4.84125342e-01  -4.59483477e-01
79  5.16853078e-01  -4.46702559e-01
80  5.49197121e-01  -4.32977354e-01
81  5.81192747e-01  -4.18455841e-01
82  6.12849080e-01  -4.03212159e-01
83  6.44044191e-01  -3.87044380e-01
84  6.74820450e-01  -3.70091924e-01
85  7.05167484e-01  -3.52384466e-01
86  7.35048818e-01  -3.33900359e-01
87  7.69400000e-01  -3.11022849e-01
88  7.97706982e-01  -2.91120013e-01
89  8.25368746e-01  -2.70331760e-01
90  8.52364682e-01  -2.48687610e-01
91  8.78600887e-01  -2.26128185e-01
92  9.03949985e-01  -2.02576298e-01
93  9.28433869e-01  -1.78125232e-01
94  9.51678391e-01  -1.52498326e-01
95  9.73382995e-01  -1.25560423e-01
96  9.93178818e-01  -9.71977124e-02
97  1.00963993e+00  -6.67951213e-02
98  1.02126103e+00  -3.42469263e-02
99  1.02580000e+00  0.00000000e+00
100  1.02102087e+00  3.47861379e-02
101  1.00778879e+00  6.73204096e-02
102  9.88646248e-01  9.68103393e-02
103  9.66452348e-01  1.24095354e-01
104  9.41971734e-01  1.49357060e-01
105  9.15813731e-01  1.72889496e-01
106  8.88295136e-01  1.94816755e-01
107  8.59805194e-01  2.15466759e-01
108  8.30328656e-01  2.34686251e-01
109  8.00209151e-01  2.52877732e-01
110  7.69400000e-01  2.69878360e-01
111  7.34049401e-01  2.87695645e-01
112  7.03354753e-01  3.02043691e-01
113  6.72308935e-01  3.15617009e-01
114  6.40935897e-01  3.28415499e-01
115  6.09235914e-01  3.40382064e-01
116  5.77255174e-01  3.51578136e-01
117  5.45021464e-01  3.62023452e-01
118  5.12543155e-01  3.71681044e-01
119  4.79861357e-01  3.80626183e-01
120  4.47016051e-01  3.88951474e-01
121  4.13995155e-01  3.96546314e-01
122  3.80836227e-01  4.03517015e-01
123  3.47548659e-01  4.09839597e-01
124  3.14125966e-01  4.15397793e-01
125  2.80587494e-01  4.20223882e-01
126  2.41900000e-01  4.24976446e-01
127  2.07526172e-01  4.28277350e-01
128  1.73101745e-01  4.31003751e-01
129  1.38634062e-01  4.33110143e-01
130  1.04130369e-01  4.34462965e-01
131  6.96106517e-02  4.35376240e-01
132  3.50835150e-02  4.35903475e-01
133  5.51921537e-04  4.35925456e-01
134  -3.39747831e-02  4.35306351e-01
135  -6.84958740e-02  4.34432152e-01
136  -1.03006998e-01  4.33241038e-01
137  -1.37502177e-01  4.31664279e-01
138  -1.71976446e-01  4.29665939e-01
139  -2.06430003e-01  4.27335842e-01
140  -2.40853672e-01  4.24607187e-01
141  -2.75257834e-01  4.21638333e-01
142  -3.09643877e-01  4.18466654e-01
143  -3.44000000e-01  4.14983298e-01
144  -3.92616767e-01  4.09449142e-01
145  -4.26702850e-01  4.05327540e-01
146  -4.60767882e-01  4.01035965e-01
147  -4.94808896e-01  3.96558819e-01
148  -5.28814029e-01  3.91815188e-01
149  -5.62797724e-01  3.86920593e-01
150  -5.96753651e-01  3.81838552e-01
151  -6.30679948e-01  3.76561563e-01
152  -6.64573018e-01  3.71074324e-01
153  -6.98435092e-01  3.65398987e-01
154  -7.32286432e-01  3.59659874e-01
155  -7.66123952e-01  3.53840176e-01
156  -7.99919425e-01  3.47780758e-01
157  -8.33672486e-01  3.41490194e-01
158  -8.67408023e-01  3.35105555e-01
159  -9.01130003e-01  3.28650114e-01
160  -9.34818270e-01  3.22020497e-01
161  -9.68477021e-01  3.15242848e-01
162  -1.00212971e+00  3.08434941e-01
163  -1.03577411e+00  3.01586420e-01
164  -1.06939412e+00  2.94618947e-01
165  -1.10296950e+00  2.87439498e-01
166  -1.13653519e+00  2.80214863e-01
167  -1.17008727e+00  2.72927495e-01
168  -1.20361975e+00  2.65550276e-01
169  -1.23715134e+00  2.58168938e-01
170  -1.27064615e+00  2.50622928e-01
171  -1.30413640e+00  2.43056252e-01
172  -1.33761932e+00  2.35457360e-01
173  -1.37108176e+00  2.27768676e-01
174  -1.40453006e+00  2.20018710e-01
175  -1.43796683e+00  2.12219130e-01
176  -1.47137460e+00  2.04296449e-01
177  -1.50478163e+00  1.96370449e-01
178  -1.53817360e+00  1.88381553e-01
179  -1.57155413e+00  1.80344694e-01
180  -1.60495222e+00  1.72381469e-01
181  -1.63833656e+00  1.64361963e-01
182  -1.67166475e+00  1.56110948e-01
183  -1.70502881e+00  1.48006121e-01
184  -1.73839156e+00  1.39896203e-01
185  -1.77172184e+00  1.31653424e-01
186  -1.80505822e+00  1.23435318e-01
187  -1.85290000e+00  1.11612289e-01
188  -1.88569045e+00  1.03490584e-01
189  -1.91848424e+00  9.53824074e-02
190  -1.95128685e+00  8.73099904e-02
191  -1.98407299e+00  7.91710768e-02
192  -2.01683351e+00  7.09295742e-02
193  -2.04953477e+00  6.24558939e-02
194  -2.08220842e+00  5.38764893e-02
195  -2.11485585e+00  4.51978289e-02
196  -2.14745063e+00  3.63241309e-02
197  -3.09672281e-01  3.84359202e-01
198  -3.09700685e-01  3.50251749e-01
199  -3.09729089e-01  3.16144297e-01
200  -3.09757493e-01  2.82036844e-01
201  -3.09785896e-01  2.47929391e-01
202  -3.09814300e-01  2.13821939e-01
203  -3.09842704e-01  1.79714486e-01
204  -3.09871108e-01  1.45607033e-01
205  -3.09899512e-01  1.11499581e-01
206  -3.09927915e-01  7.73921281e-02
207  -3.09956319e-01  4.32846755e-02
208  -3.09984723e-01  9.17722285e-03
209  -3.10013127e-01  -2.49302298e-02
210  -3.10041531e-01  -5.90376824e-02
211  -3.10069934e-01  -9.31451351e-02
212  -3.10098338e-01  -1.27252588e-01
213  -3.10126742e-01  -1.61360040e-01
214  -3.10155146e-01  -1.95467493e-01
215  -3.10183550e-01  -2.29574946e-01
216  -3.10211953e-01  -2.63682398e-01
217  -3.10240357e-01  -2.97789851e-01
218  -3.10268761e-01  -3.31897304e-01
219  -3.10297165e-01  -3.66004756e-01
220  -3.10325569e-01  -4.00112209e-01
221  -3.10353972e-01  -4.34219661e-01
222  2.07515823e-01  3.94122595e-01
223  2.07505474e-01  3.59967840e-01
224  2.07495125e-01  3.25813086e-01
225  2.07484776e-01  2.91658331e-01
226  2.07474427e-01  2.57503576e-01
227  2.07464078e-01  2.23348822e-01
228  2.07453729e-01  1.89194067e-01
229  2.07443380e-01  1.55039312e-01
230  2.07433031e-01  1.20884558e-01
231  2.07422682e-01  8.67298031e-02
232  2.07412333e-01  5.25750485e-02
233  2.07401984e-01  1.84202938e-02
234  2.07391634e-01  -1.57344608e-02
235  2.07381285e-01  -4.98892155e-02
236  2.07370936e-01  -8.40439701e-02
237  2.07360587e-01  -1.18198725e-01
238  2.07350238e-01  -1.52353479e-01
239  2.07339889e-01  -1.86508234e-01
240  2.07329540e-01  -2.20662989e-01
241  2.07319191e-01  -2.54817743e-01
242  2.07308842e-01  -2.88972498e-01
243  2.07298493e-01  -3.23127253e-01
244  2.07288144e-01  -3.57282007e-01
245  2.07277795e-01  -3.91436762e-01
246  2.07267446e-01  -4.25591517e-01
247  2.07257097e-01  -4.59746271e-01
248  2.07246748e-01  -4.93901026e-01
2497  -2.17905301e+00  -2.65315392e-02
2498  -2.14457708e+00  -1.78840407e-02
2499  -2.10864137e+00  -1.06623221e-02
2500  -2.07240219e+00  -5.14227160e-03
2501  -2.03596990e+00  -1.08095355e-03
2502  -1.99937784e+00  1.08285530e-03
2503  -1.96274499e+00  2.15603870e-03
2504  -1.92609423e+00  2.07417716e-03
2505  -1.88946288e+00  9.65231581e-04
2506  -1.85286485e+00  -9.87064894e-04
2507  -1.80324112e+00  -5.33560707e-03
2508  -1.76821060e+00  -9.39406585e-03
2509  -1.73327184e+00  -1.41671730e-02
2510  -1.69844527e+00  -1.97006431e-02
2511  -1.66374894e+00  -2.59908032e-02
2512  -1.62915253e+00  -3.28068977e-02
2513  -1.59468359e+00  -4.02405641e-02
2514  -1.56033681e+00  -4.82195278e-02
2515  -1.52613371e+00  -5.67944087e-02
2516  -1.49207994e+00  -6.59337820e-02
2517  -1.45810139e+00  -7.53483065e-02
2518  -1.42424889e+00  -8.52053268e-02
2519  -1.39050844e+00  -9.54372475e-02
2520  -1.35683714e+00  -1.05892821e-01
2521  -1.32326388e+00  -1.16658742e-01
2522  -1.28975370e+00  -1.27619211e-01
2523  -1.25634189e+00  -1.38874202e-01
2524  -1.22297520e+00  -1.50258952e-01
2525  -1.18965739e+00  -1.61786947e-01
2526  -1.15640697e+00  -1.73510459e-01
2527  -1.12323832e+00  -1.85458459e-01
2528  -1.09006237e+00  -1.97381860e-01
2529  -1.05689629e+00  -2.09334812e-01
2530  -1.02375596e+00  -2.21362245e-01
2531  -9.90681607e-01  -2.33568525e-01
2532  -9.57610710e-01  -2.45780047e-01
2533  -9.24535865e-01  -2.57980543e-01
2534  -8.91457348e-01  -2.70172247e-01
2535  -8.58394998e-01  -2.82406306e-01
2536  -8.25305567e-01  -2.94565643e-01
2537  -7.92210733e-01  -3.06712098e-01
2538  -7.59118661e-01  -3.18864457e-01
2539  -7.25996207e-01  -3.30930691e-01
2540  -6.92825314e-01  -3.42862682e-01
2541  -6.59619459e-01  -3.54698370e-01
2542  -6.26384607e-01  -3.66451796e-01
2543  -5.93106117e-01  -3.78080594e-01
2544  -5.59793103e-01  -3.89609938e-01
2545  -5.26437492e-01  -4.01010508e-01
2546  -4.92985051e-01  -4.12120253e-01
2547  -4.59430979e-01  -4.22921173e-01
2548  -4.25818770e-01  -4.33543121e-01
2549  -3.92148336e-01  -4.43973072e-01
2550  -3.43860563e-01  -4.58286521e-01
2551  -3.09017258e-01  -4.68185796e-01
2552  -2.76502020e-01  -4.76910521e-01
2553  -2.42659415e-01  -4.85614116e-01
2554  -2.08714263e-01  -4.93888656e-01
2555  -1.74566099e-01  -5.01286659e-01
2556  -1.40307353e-01  -5.08158294e-01
2557  -1.05922572e-01  -5.14344257e-01
2558  -7.14131526e-02  -5.19799682e-01
2559  -3.67981209e-02  -5.24529637e-01
2560  -2.05366460e-03  -5.28179691e-01
2561  3.27785901e-02  -5.30840575e-01
2562  6.76696252e-02  -5.32515243e-01
2563  1.02593320e-01  -5.33130850e-01
2564  1.37518217e-01  -5.32606346e-01
2565  1.72401938e-01  -5.30813157e-01
2566  2.08601597e-01  -5.27401082e-01
2567  2.41827576e-01  -5.23102432e-01
2568  2.81528141e-01  -5.16581646e-01
2569  3.15954887e-01  -5.09652381e-01
2570  3.50114516e-01  -5.01517551e-01
2571  3.83996020e-01  -4.92278661e-01
2572  4.17599217e-01  -4.82066573e-01
2573  4.50917094e-01  -4.70953595e-01
2574  4.83949413e-01  -4.59015450e-01
2575  5.16664458e-01  -4.46239501e-01
2576  5.48996126e-01  -4.32519532e-01
2577  5.80980948e-01  -4.18002916e-01
2578  6.12625554e-01  -4.02764905e-01
2579  6.43808516e-01  -3.86603407e-01
2580  6.74573818e-01  -3.69656984e-01
2581  7.04909951e-01  -3.51955891e-01
2582  7.34778685e-01  -3.33479612e-01
2583  7.69117608e-01  -3.10610229e-01
2584  7.97412960e-01  -2.90715599e-01
2585  8.25062132e-01  -2.69936807e-01
2586  8.52045258e-01  -2.48302944e-01
2587  8.78267666e-01  -2.25755407e-01
2588  9.03603106e-01  -2.02216194e-01
2589  9.28071926e-01  -1.77780272e-01
2590  9.51298382e-01  -1.52173375e-01
2591  9.72983081e-01  -1.25260309e-01
2592  9.92753289e-01  -9.69351771e-02
2593  1.00918330e+00  -6.65914280e-02
2594  1.02077505e+00  -3.41293615e-02
2595  1.02529547e+00  -1.20147426e-06
2596  1.02053786e+00  3.46569187e-02
2597  1.00734553e+00  6.70890685e-02
2598  9.88242031e-01  9.65160454e-02
2599  9.66078523e-01  1.23763307e-01
2600  9.41624797e-01  1.48997011e-01
2601  9.15490590e-01  1.72507947e-01
2602  8.87992546e-01  1.94418711e-01
2603  8.59521845e-01  2.15054796e-01
2604  8.30062822e-01  2.34262775e-01
2605  7.99959071e-01  2.52444765e-01
2606  7.69166656e-01  2.69436149e-01
2607  7.33830991e-01  2.87245871e-01
2608  7.03148723e-01  3.01588113e-01
2609  6.72114341e-01  3.15156430e-01
2610  6.40753158e-01  3.27950089e-01
2611  6.09065003e-01  3.39912182e-01
2612  5.77095490e-01  3.51104321e-01
2613  5.44873131e-01  3.61545961e-01
2614  5.12405893e-01  3.71200254e-01
2615  4.79733928e-01  3.80142694e-01
2616  4.46898582e-01  3.88465469e-01
2617  4.13887682e-01  3.96058001e-01
2618  3.80738141e-01  4.03026730e-01
2619  3.47460991e-01  4.09347343e-01
2620  3.14049342e-01  4.14903699e-01
2621  2.80521401e-01  4.19728270e-01
2622  2.41845616e-01  4.24479412e-01
2623  2.08890984e-01  4.27655866e-01
2624  1.73066756e-01  4.30504977e-01
2625  1.38609016e-01  4.32610771e-01
2626  1.04113962e-01  4.33963234e-01
2627  6.96002226e-02  4.34876349e-01
2628  3.50795387e-02  4.35403491e-01
2629  5.56244664e-04  4.35425475e-01
2630  -3.39639721e-02  4.34806468e-01
2631  -6.84809216e-02  4.33932376e-01
2632  -1.02986959e-01  4.32741440e-01
2633  -1.37476294e-01  4.31164949e-01
2634  -1.71945109e-01  4.29166922e-01
2635  -2.06393379e-01  4.26837185e-01
2636  -2.40812424e-01  4.24108891e-01
2637  -2.75213378e-01  4.21140313e-01
2638  -3.08279185e-01  4.18096434e-01
2639  -3.43946505e-01  4.14486168e-01
2640  -3.92558480e-01  4.08952551e-01
2641  -4.26641591e-01  4.04831307e-01
2642  -4.60704034e-01  4.00540058e-01
2643  -4.94741756e-01  3.96063347e-01
2644  -5.28743850e-01  3.91320138e-01
2645  -5.62725080e-01  3.86425898e-01
2646  -5.96678223e-01  3.81344274e-01
2647  -6.30601570e-01  3.76067744e-01
2648  -6.64491739e-01  3.70580974e-01
2649  -6.98351980e-01  3.64905943e-01
2650  -7.32202268e-01  3.59167008e-01
2651  -7.66037456e-01  3.53347714e-01
2652  -7.99829500e-01  3.47288911e-01
2653  -8.33580193e-01  3.40998786e-01
2654  -8.67314530e-01  3.34614374e-01
2655  -9.01034726e-01  3.28159276e-01
2656  -9.34720647e-01  3.21530120e-01
2657  -9.68378100e-01  3.14752731e-01
2658  -1.00203027e+00  3.07944928e-01
2659  -1.03567351e+00  3.01096645e-01
2660  -1.06929111e+00  2.94129673e-01
2661  -1.10286462e+00  2.86950622e-01
2662  -1.13642952e+00  2.79726156e-01
2663  -1.16998049e+00  2.72439030e-01
2664  -1.20351229e+00  2.65061961e-01
2665  -1.23704265e+00  2.57680895e-01
2666  -1.27053611e+00  2.50135187e-01
2667  -1.30402597e+00  2.42568598e-01
2668  -1.33750801e+00  2.34969908e-01
2669  -1.37096935e+00  2.27281477e-01
2670  -1.40441684e+00  2.19531698e-01
2671  -1.43785235e+00  2.11732412e-01
2672  -1.47125920e+00  2.03809948e-01
2673  -1.50466575e+00  1.95884063e-01
2674  -1.53805691e+00  1.87895360e-01
2675  -1.57143763e+00  1.79858456e-01
2676  -1.60483584e+00  1.71895201e-01
2677  -1.63821809e+00  1.63876201e-01
2678  -1.67154566e+00  1.55625338e-01
2679  -1.70491074e+00  1.47520260e-01
2680  -1.73827249e+00  1.39410588e-01
2681  -1.77160198e+00  1.31168002e-01
2682  -1.80493840e+00  1.22949886e-01
2683  -1.85277992e+00  1.11126923e-01
2684  -1.88557034e+00  1.03005225e-01
2685  -1.91836449e+00  9.48969581e-02
2686  -1.95116688e+00  8.68245972e-02
2687  -1.98395177e+00  7.86859947e-02
2688  -2.01670981e+00  7.04451181e-02
2689  -2.04940857e+00  6.19720830e-02
2690  -2.08208070e+00  5.33930767e-02
2691  -2.11472595e+00  4.47149972e-02
2692  -2.14713553e+00  3.59359148e-02
2693  -3.08307281e-01  3.84358065e-01
2694  -3.08335685e-01  3.50250612e-01
2695  -3.08364089e-01  3.16143160e-01
2696  -3.08392493e-01  2.82035707e-01
2697  -3.08420896e-01  2.47928254e-01
2698  -3.08449300e-01  2.13820802e-01
2699  -3.08477704e-01  1.79713349e-01
2700  -3.08506108e-01  1.45605896e-01
2701  -3.08534512e-01  1.11498444e-01
2702  -3.08562915e-01  7.73909914e-02
2703  -3.08591319e-01  4.32835388e-02
2704  -3.08619723e-01  9.17608611e-03
2705  -3.08648127e-01  -2.49313665e-02
2706  -3.08676531e-01  -5.90388191e-02
2707  -3.08704934e-01  -9.31462718e-02
2708  -3.08733338e-01  -1.27253725e-01
2709  -3.08761742e-01  -1.61361177e-01
2710  -3.08790146e-01  -1.95468630e-01
2711  -3.08818550e-01  -2.29576083e-01
2712  -3.08846953e-01  -2.63683535e-01
2713  -3.08875357e-01  -2.97790988e-01
2714  -3.08903761e-01  -3.31898441e-01
2715  -3.08932165e-01  -3.66005893e-01
2716  -3.08960569e-01  -4.00113346e-01
2717  -3.08988972e-01  -4.34220798e-01
2718  2.08880823e-01  3.94122181e-01
2719  2.08870474e-01  3.59967426e-01
2720  2.08860125e-01  3.25812672e-01
2721  2.08849776e-01  2.91657917e-01
2722  2.08839427e-01  2.57503162e-01
2723  2.08829078e-01  2.23348408e-01
2724  2.08818729e-01  1.89193653e-01
2725  2.08808380e-01  1.55038898e-01
2726  2.08798031e-01  1.20884144e-01
2727  2.08787682e-01  8.67293895e-02
2728  2.08777333e-01  5.25746349e-02
2729  2.08766984e-01  1.84198802e-02
2730  2.08756634e-01  -1.57348744e-02
2731  2.08746285e-01  -4.98896291e-02
2732  2.08735936e-01  -8.40443837e-02
2733  2.08725587e-01  -1.18199139e-01
2734  2.08715238e-01  -1.52353893e-01
2735  2.08704889e-01  -1.86508648e-01
2736  2.08694540e-01  -2.20663403e-01
2737  2.08684191e-01  -2.54818157e-01
2738  2.08673842e-01  -2.88972912e-01
2739  2.08663493e-01  -3.23127667e-01
2740  2.08653144e-01  -3.57282421e-01
2741  2.08642795e-01  -3.91437176e-01
2742  2.08632446e-01  -4.25591931e-01
2743  2.08622097e-01  -4.59746685e-01
2744  2.08611748e-01  -4.93901440e-01
4993  -2.17457373e+00  -2.29697327e-02
4994  -2.14509790e+00  -1.55771012e-02
4995  -2.10905253e+00  -8.33333693e-03
4996  -2.07271133e+00  -2.79756314e-03
4997  -2.03617078e+00  1.27549993e-03
4998  -1.99948228e+00  3.44554816e-03
4999  -1.96277698e+00  4.52082233e-03
5000  -1.92605580e+00  4.43886495e-03
5001  -1.88936410e+00  3.32816789e-03
5002  -1.85269861e+00  1.37208516e-03
5003  -1.80300178e+00  -2.98274896e-03
5004  -1.76791443e+00  -7.04768301e-03
5005  -1.73292620e+00  -1.18275658e-02
5006  -1.69804875e+00  -1.73691204e-02
5007  -1.66330940e+00  -2.36670051e-02
5008  -1.62867464e+00  -3.04906836e-02
5009  -1.59416671e+00  -3.79327389e-02
5010  -1.55978165e+00  -4.59206094e-02
5011  -1.52553962e+00  -5.45052433e-02
5012  -1.49145768e+00  -6.36521125e-02
5013  -1.45745505e+00  -7.30733414e-02
5014  -1.42357512e+00  -8.29383311e-02
5015  -1.38981460e+00  -9.31763162e-02
5016  -1.35612538e+00  -1.03637467e-01
5017  -1.32253519e+00  -1.14408801e-01
5018  -1.28900860e+00  -1.25374653e-01
5019  -1.25558254e+00  -1.36634422e-01
5020  -1.22220669e+00  -1.48022299e-01
5021  -1.18887753e+00  -1.59554227e-01
5022  -1.15561301e+00  -1.71282713e-01
5023  -1.12243762e+00  -1.83233125e-01
5024  -1.08926150e+00  -1.95156589e-01
5025  -1.05609195e+00  -2.07110792e-01
5026  -1.02294313e+00  -2.19141315e-01
5027  -9.89862581e-01  -2.31349872e-01
5028  -9.56791861e-01  -2.43561329e-01
5029  -9.23717684e-01  -2.55761578e-01
5030  -8.90638040e-01  -2.67953698e-01
5031  -8.57576764e-01  -2.80187361e-01
5032  -8.24490274e-01  -2.92345615e-01
5033  -7.91395676e-01  -3.04491984e-01
5034  -7.58306275e-01  -3.16643364e-01
5035  -7.25191198e-01  -3.28706913e-01
5036  -6.92028043e-01  -3.40636118e-01
5037  -6.58828181e-01  -3.52469670e-01
5038  -6.25600264e-01  -3.64220646e-01
5039  -5.92329289e-01  -3.75846816e-01
5040  -5.59023913e-01  -3.87373519e-01
5041  -5.25682342e-01  -3.98769308e-01
5042  -4.92250012e-01  -4.09872378e-01
5043  -4.58712325e-01  -4.20668006e-01
5044  -4.25112553e-01  -4.31286025e-01
5045  -3.91462365e-01  -4.41709741e-01
5046  -3.43201028e-01  -4.56015346e-01
5047  -2.96518088e-01  -4.69187964e-01
5048  -2.75900708e-01  -4.74623242e-01
5049  -2.42084826e-01  -4.83319977e-01
5050  -2.08183797e-01  -4.91583915e-01
5051  -1.74083156e-01  -4.98971493e-01
5052  -1.39865402e-01  -5.05834955e-01
5053  -1.05528532e-01  -5.12012314e-01
5054  -7.10683976e-02  -5.17459945e-01
5055  -3.65144460e-02  -5.22181711e-01
5056  -1.84002547e-03  -5.25824360e-01
5057  3.29253662e-02  -5.28480134e-01
5058  6.77471658e-02  -5.30151514e-01
5059  1.02596404e-01  -5.30765852e-01
5060  1.37439739e-01  -5.30242649e-01
5061  1.72231029e-01  -5.28454341e-01
5062  2.21102740e-01  -5.23633115e-01
5063  2.41485010e-01  -5.20762374e-01
5064  2.81103087e-01  -5.14255156e-01
5065  3.15447538e-01  -5.07342441e-01
5066  3.49529409e-01  -4.99226072e-01
5067  3.83341026e-01  -4.90006172e-01
5068  4.16881163e-01  -4.79813215e-01
5069  4.50140960e-01  -4.68719576e-01
5070  4.83117268e-01  -4.56801684e-01
5071  5.15772284e-01  -4.44049239e-01
5072  5.48045419e-01  -4.30354034e-01
5073  5.79979139e-01  -4.15860580e-01
5074  6.11568279e-01  -4.00649392e-01
5075  6.42693771e-01  -3.84517605e-01
5076  6.73407247e-01  -3.67599720e-01
5077  7.03691819e-01  -3.49928730e-01
5078  7.33500957e-01  -3.31489477e-01
5079  7.67781896e-01  -3.08658539e-01
5080  7.96022234e-01  -2.88802720e-01
5081  8.23611848e-01  -2.68068679e-01
5082  8.50534382e-01  -2.46483471e-01
5083  8.76691531e-01  -2.23992164e-01
5084  9.01962366e-01  -2.00512904e-01
5085  9.26359937e-01  -1.76148611e-01
5086  9.49500941e-01  -1.50636355e-01
5087  9.71091486e-01  -1.23840768e-01
5088  9.90740535e-01  -9.56933850e-02
5089  1.00702345e+00  -6.56279589e-02
5090  1.01847635e+00  -3.35732800e-02
5091  1.02290903e+00  -6.88444750e-06
5092  1.01825320e+00  3.40457121e-02
5093  1.00524890e+00  6.59948254e-02
5094  9.86330086e-01  9.51240354e-02
5095  9.64310332e-01  1.22192726e-01
5096  9.39983787e-01  1.47293982e-01
5097  9.13962132e-01  1.70703219e-01
5098  8.86561294e-01  1.92535962e-01
5099  8.58181602e-01  2.13106214e-01
5100  8.28805428e-01  2.32259731e-01
5101  7.98776194e-01  2.50396833e-01
5102  7.68062941e-01  2.67344490e-01
5103  7.32797911e-01  2.85118438e-01
5104  7.02174202e-01  2.99433227e-01
5105  6.71193914e-01  3.12977889e-01
5106  6.39888802e-01  3.25748700e-01
5107  6.08256595e-01  3.37689638e-01
5108  5.76340185e-01  3.48863174e-01
5109  5.44171514e-01  3.59287431e-01
5110  5.11756643e-01  3.68926117e-01
5111  4.79131188e-01  3.77855790e-01
5112  4.46342952e-01  3.86166665e-01
5113  4.13379335e-01  3.93748281e-01
5114  3.80274193e-01  4.00707684e-01
5115  3.47046321e-01  4.07018980e-01
5116  3.13686911e-01  4.12566635e-01
5117  2.80208780e-01  4.17384023e-01
5118  2.41588378e-01  4.22128444e-01
5119  2.21389933e-01  4.24186794e-01
5120  1.72901258e-01  4.28145774e-01
5121  1.38490551e-01  4.30248740e-01
5122  1.04036359e-01  4.31599508e-01
5123  6.95508930e-02  4.32511863e-01
5124  3.50607306e-02  4.33038566e-01
5125  5.76693056e-04  4.33060563e-01
5126  -3.39128359e-02  4.32442021e-01
5127  -6.84101969e-02  4.31568433e-01
5128  -1.02892174e-01  4.30378340e-01
5129  -1.37353866e-01  4.28803120e-01
5130  -1.71796887e-01  4.26806571e-01
5131  -2.06220146e-01  4.24478538e-01
5132  -2.40617318e-01  4.21751953e-01
5133  -2.75003104e-01  4.18784680e-01
5134  -2.95780152e-01  4.16930428e-01
5135  -3.43693476e-01  4.12134743e-01
5136  -3.92282785e-01  4.06603675e-01
5137  -4.26351834e-01  4.02484124e-01
5138  -4.60402030e-01  3.98194420e-01
5139  -4.94424183e-01  3.93719766e-01
5140  -5.28411902e-01  3.88978549e-01
5141  -5.62381475e-01  3.84085992e-01
5142  -5.96321447e-01  3.79006340e-01
5143  -6.30230840e-01  3.73731982e-01
5144  -6.64107291e-01  3.68247431e-01
5145  -6.97958858e-01  3.62573845e-01
5146  -7.31804174e-01  3.56835754e-01
5147  -7.65628328e-01  3.51018371e-01
5148  -7.99404155e-01  3.44962475e-01
5149  -8.33143649e-01  3.38674425e-01
5150  -8.66872308e-01  3.32291086e-01
5151  -9.00584066e-01  3.25837610e-01
5152  -9.34258890e-01  3.19210636e-01
5153  -9.67910204e-01  3.12434478e-01
5154  -1.00155994e+00  3.05627169e-01
5155  -1.03519768e+00  2.98780008e-01
5156  -1.06880388e+00  2.91815406e-01
5157  -1.10236853e+00  2.84638237e-01
5158  -1.13592972e+00  2.77414572e-01
5159  -1.16947543e+00  2.70128588e-01
5160  -1.20300399e+00  2.62752229e-01
5161  -1.23652854e+00  2.55372450e-01
5162  -1.27001562e+00  2.47828173e-01
5163  -1.30350366e+00  2.40261996e-01
5164  -1.33698149e+00  2.32664262e-01
5165  -1.37043763e+00  2.24977024e-01
5166  -1.40388130e+00  2.17228130e-01
5167  -1.43731086e+00  2.09430235e-01
5168  -1.47071336e+00  2.01508800e-01
5169  -1.50411763e+00  1.93583457e-01
5170  -1.53750497e+00  1.85595667e-01
5171  -1.57088657e+00  1.77558551e-01
5172  -1.60428538e+00  1.69595153e-01
5173  -1.63765771e+00  1.61578549e-01
5174  -1.67098235e+00  1.53328404e-01
5175  -1.70435230e+00  1.45222139e-01
5176  -1.73770929e+00  1.37113626e-01
5177  -1.77103506e+00  1.28871957e-01
5178  -1.80437167e+00  1.20653794e-01
5179  -1.85221193e+00  1.08831142e-01
5180  -1.88500222e+00  1.00709476e-01
5181  -1.91779810e+00  9.26007826e-02
5182  -1.95059941e+00  8.45286876e-02
5183  -1.98337837e+00  7.63915562e-02
5184  -2.01612470e+00  6.81536406e-02
5185  -2.04881163e+00  5.96836576e-02
5186  -2.08147659e+00  5.11065350e-02
5187  -2.11411153e+00  4.24312030e-02
5188  -2.14564510e+00  3.40996528e-02
5189  -2.95807286e-01  3.84347656e-01
5190  -2.95835690e-01  3.50240203e-01
5191  -2.95864094e-01  3.16132751e-01
5192  -2.95892498e-01  2.82025298e-01
5193  -2.95920901e-01  2.47917845e-01
5194  -2.95949305e-01  2.13810393e-01
5195  -2.95977709e-01  1.79702940e-01
5196  -2.96006113e-01  1.45595487e-01
5197  -2.96034517e-01  1.11488035e-01
5198  -2.96062920e-01  7.73805818e-02
5199  -2.96091324e-01  4.32731290e-02
5200  -2.96119728e-01  9.16567636e-03
5201  -2.96148132e-01  -2.49417763e-02
5202  -2.96176536e-01  -5.90492287e-02
5203  -2.96204939e-01  -9.31566814e-02
5204  -2.96233343e-01  -1.27264134e-01
5205  -2.96261747e-01  -1.61371586e-01
5206  -2.96290151e-01  -1.95479039e-01
5207  -2.96318555e-01  -2.29586492e-01
5208  -2.96346958e-01  -2.63693944e-01
5209  -2.96375362e-01  -2.97801397e-01
5210  -2.96403766e-01  -3.31908850e-01
5211  -2.96432170e-01  -3.66016302e-01
5212  -2.96460574e-01  -4.00123755e-01
5213  -2.96488977e-01  -4.34231207e-01
5214  2.21380822e-01  3.94118394e-01
5215  2.21370473e-01  3.59963639e-01
5216  2.21360124e-01  3.25808885e-01
5217  2.21349775e-01  2.91654130e-01
5218  2.21339426e-01  2.57499375e-01
5219  2.21329077e-01  2.23344621e-01
5220  2.21318728e-01  1.89189866e-01
5221  2.21308379e-01  1.55035111e-01
5222  2.21298030e-01  1.20880357e-01
5223  2.21287681e-01  8.67256020e-02
5224  2.21277332e-01  5.25708474e-02
5225  2.21266983e-01  1.84160925e-02
5226  2.21256633e-01  -1.57386621e-02
5227  2.21246284e-01  -4.98934166e-02
5228  2.21235935e-01  -8.40481712e-02
5229  2.21225586e-01  -1.18202926e-01
5230  2.21215237e-01  -1.52357680e-01
5231  2.21204888e-01  -1.86512435e-01
5232  2.21194539e-01  -2.20667190e-01
5233  2.21184190e-01  -2.54821944e-01
5234  2.21173841e-01  -2.88976699e-01
5235  2.21163492e-01  -3.23131454e-01
5236  2.21153143e-01  -3.57286208e-01
5237  2.21142794e-01  -3.91440963e-01
5238  2.21132445e-01  -4.25595718e-01
5239  2.21122096e-01  -4.59750472e-01
5240  2.21111747e-01  -4.93905227e-01
7489  -2.17129524e+00  -2.03627615e-02
7490  -2.14547910e+00  -1.38885972e-02
7491  -2.10935346e+00  -6.62869702e-03
7492  -2.07293759e+00  -1.08141500e-03
7493  -2.03631780e+00  3.00024452e-03
7494  -1.99955872e+00  5.17485952e-03
7495  -1.96280040e+00  6.25166397e-03
7496  -1.92602767e+00  6.16963643e-03
7497  -1.88929180e+00  5.05765743e-03
7498  -1.85257694e+00  3.09880345e-03
7499  -1.79982954e+00  2.82023211e-02
7500  -1.76398905e+00  2.40515629e-02
7501  -1.72834512e+00  1.91818740e-02
7502  -1.69279324e+00  1.35331666e-02
7503  -1.65748380e+00  7.13289912e-03
7504  -1.62234065e+00  2.08703109e-04
7505  -1.58731588e+00  -7.34454062e-03
7506  -1.55242354e+00  -1.54504625e-02
7507  -1.51766543e+00  -2.41643646e-02
7508  -1.48321015e+00  -3.34105848e-02
7509  -1.44888835e+00  -4.29206742e-02
7510  -1.41464500e+00  -5.28912918e-02
7511  -1.38061835e+00  -6.32096563e-02
7512  -1.34669163e+00  -7.37447254e-02
7513  -1.31287703e+00  -8.45878076e-02
7514  -1.27913288e+00  -9.56249971e-02
7515  -1.24551806e+00  -1.06948096e-01
7516  -1.21202074e+00  -1.18377434e-01
7517  -1.17854113e+00  -1.29961482e-01
7518  -1.14508976e+00  -1.41755896e-01
7519  -1.11182510e+00  -1.53738276e-01
7520  -1.07864667e+00  -1.65662572e-01
7521  -1.04543114e+00  -1.77633362e-01
7522  -1.01216976e+00  -1.89704837e-01
7523  -9.79007118e-01  -2.01943569e-01
7524  -9.45938732e-01  -2.14154165e-01
7525  -9.12873411e-01  -2.26351147e-01
7526  -8.79778829e-01  -2.38548779e-01
7527  -8.46731795e-01  -2.50777186e-01
7528  -8.13684288e-01  -2.62921095e-01
7529  -7.80592803e-01  -2.75066321e-01
7530  -7.47538814e-01  -2.87204725e-01
7531  -7.14521517e-01  -2.99232694e-01
7532  -6.81460917e-01  -3.11124975e-01
7533  -6.48340487e-01  -3.22930205e-01
7534  -6.15204490e-01  -3.34648706e-01
7535  -5.82033115e-01  -3.46240051e-01
7536  -5.48828966e-01  -3.57731745e-01
7537  -5.15673496e-01  -3.69064179e-01
7538  -4.82507705e-01  -3.80078769e-01
7539  -4.49187197e-01  -3.90804255e-01
7540  -4.15752270e-01  -4.01370196e-01
7541  -3.82370418e-01  -4.11711271e-01
7542  -3.32904187e-01  -4.20557159e-01
7543  -2.83989066e-01  -4.34343782e-01
7544  -2.66512867e-01  -4.38913630e-01
7545  -2.33114204e-01  -4.47503279e-01
7546  -1.99902025e-01  -4.55601694e-01
7547  -1.66543326e-01  -4.62826523e-01
7548  -1.32965543e-01  -4.69562377e-01
7549  -9.93766756e-02  -4.75605411e-01
7550  -6.56859918e-02  -4.80931359e-01
7551  -3.20856396e-02  -4.85525285e-01
7552  1.49536450e-03  -4.89052318e-01
7553  3.52168731e-02  -4.91628310e-01
7554  6.89577499e-02  -4.93248365e-01
7555  1.02644547e-01  -4.93842884e-01
7556  1.36214532e-01  -4.93339982e-01
7557  1.69562746e-01  -4.91627880e-01
7558  2.33614418e-01  -4.85093492e-01
7559  2.36136785e-01  -4.84228767e-01
7560  2.75469370e-01  -4.83419577e-01
7561  3.08723075e-01  -4.76726214e-01
7562  3.41774336e-01  -4.68854530e-01
7563  3.74659665e-01  -4.59886316e-01
7564  4.07363990e-01  -4.49946927e-01
7565  4.39853992e-01  -4.39109612e-01
7566  4.72087920e-01  -4.27460158e-01
7567  5.03947302e-01  -4.15019228e-01
7568  5.35444631e-01  -4.01652260e-01
7569  5.66701043e-01  -3.87465794e-01
7570  5.97555014e-01  -3.72610132e-01
7571  6.27918812e-01  -3.56872130e-01
7572  6.57945376e-01  -3.40332482e-01
7573  6.87546551e-01  -3.23060495e-01
7574  7.16565792e-01  -3.05111989e-01
7575  7.66804256e-01  -3.07230050e-01
7576  7.95004328e-01  -2.87402638e-01
7577  8.22550350e-01  -2.66701352e-01
7578  8.49428536e-01  -2.45151756e-01
7579  8.75537920e-01  -2.22701605e-01
7580  9.00761470e-01  -1.99266225e-01
7581  9.25106891e-01  -1.74954359e-01
7582  9.48185350e-01  -1.49511374e-01
7583  9.69706983e-01  -1.22801772e-01
7584  9.89267352e-01  -9.47844877e-02
7585  1.00544261e+00  -6.49227729e-02
7586  1.01679388e+00  -3.31662706e-02
7587  1.02116235e+00  -1.10439514e-05
7588  1.01658101e+00  3.35983554e-02
7589  1.00371432e+00  6.51939227e-02
7590  9.84930688e-01  9.41051900e-02
7591  9.63016150e-01  1.21043181e-01
7592  9.38782692e-01  1.46047494e-01
7593  9.12843417e-01  1.69382296e-01
7594  8.85513727e-01  1.91157933e-01
7595  8.57200647e-01  2.11679999e-01
7596  8.27885111e-01  2.30793655e-01
7597  7.97910418e-01  2.48897903e-01
7598  7.67255105e-01  2.65813555e-01
7599  7.19105347e-01  2.56921179e-01
7600  6.89257782e-01  2.70872103e-01
7601  6.58994452e-01  2.84103249e-01
7602  6.28432524e-01  2.96571219e-01
7603  5.97541859e-01  3.08231767e-01
7604  5.66329273e-01  3.19158740e-01
7605  5.34872202e-01  3.29352593e-01
7606  5.03151411e-01  3.38784423e-01
7607  4.71142396e-01  3.47544886e-01
7608  4.38978563e-01  3.55698033e-01
7609  4.06641636e-01  3.63134964e-01
7610  3.74124969e-01  3.69970755e-01
7611  3.41550236e-01  3.76158572e-01
7612  3.08883207e-01  3.81590900e-01
7613  2.76065268e-01  3.86313087e-01
7614  2.38178915e-01  3.90968417e-01
7615  2.33878372e-01  3.86028276e-01
7616  1.70317454e-01  3.91313290e-01
7617  1.36641037e-01  3.93372091e-01
7618  1.02824793e-01  3.94696391e-01
7619  6.87807457e-02  3.95596896e-01
7620  3.47670938e-02  3.96116733e-01
7621  8.95938702e-04  3.96138943e-01
7622  -3.31144848e-02  3.95527653e-01
7623  -6.73060236e-02  3.94661947e-01
7624  -1.01412365e-01  3.93485006e-01
7625  -1.35442496e-01  3.91929626e-01
7626  -1.69482805e-01  3.89956158e-01
7627  -2.03515584e-01  3.87654724e-01
7628  -2.37571283e-01  3.84954812e-01
7629  -2.71720239e-01  3.82007911e-01
7630  -2.83310034e-01  3.81042052e-01
7631  -3.40339792e-01  3.80968663e-01
7632  -3.88628683e-01  3.75471389e-01
7633  -4.22511359e-01  3.71374279e-01
7634  -4.56399242e-01  3.67105042e-01
7635  -4.90215028e-01  3.62657655e-01
7636  -5.24012222e-01  3.57942852e-01
7637  -5.57827293e-01  3.53072590e-01
7638  -5.91592698e-01  3.48019074e-01
7639  -6.25317139e-01  3.42773506e-01
7640  -6.59011765e-01  3.37318362e-01
7641  -6.92748374e-01  3.31663935e-01
7642  -7.26527788e-01  3.25937025e-01
7643  -7.60205698e-01  3.20144972e-01
7644  -7.93766576e-01  3.14127601e-01
7645  -8.27357641e-01  3.07867058e-01
7646  -8.61011044e-01  3.01497949e-01
7647  -8.94610958e-01  2.95065972e-01
7648  -9.28138710e-01  2.88467911e-01
7649  -9.61708652e-01  2.81708065e-01
7650  -9.95326031e-01  2.74907303e-01
7651  -1.02889093e+00  2.68075015e-01
7652  -1.06234605e+00  2.61141833e-01
7653  -1.09579334e+00  2.53989606e-01
7654  -1.12930526e+00  2.46776552e-01
7655  -1.16278132e+00  2.39505712e-01
7656  -1.19626699e+00  2.32138759e-01
7657  -1.22971446e+00  2.24776045e-01
7658  -1.26311695e+00  2.17250728e-01
7659  -1.29658087e+00  2.09690005e-01
7660  -1.33000299e+00  2.02104937e-01
7661  -1.36339017e+00  1.94433529e-01
7662  -1.39678323e+00  1.86696359e-01
7663  -1.43013393e+00  1.78916904e-01
7664  -1.46347874e+00  1.71009096e-01
7665  -1.49685277e+00  1.63090940e-01
7666  -1.53018951e+00  1.55115251e-01
7667  -1.56358283e+00  1.47075326e-01
7668  -1.59698952e+00  1.39110040e-01
7669  -1.63023044e+00  1.31125186e-01
7670  -1.66351619e+00  1.22884550e-01
7671  -1.69695056e+00  1.14762559e-01
7672  -1.73024457e+00  1.06669421e-01
7673  -1.76352098e+00  9.84398968e-02
7674  -1.79686015e+00  9.02211018e-02
7675  -1.85179620e+00  1.07150805e-01
7676  -1.88458640e+00  9.90291619e-02
7677  -1.91738354e+00  9.09201570e-02
7678  -1.95018406e+00  8.28482565e-02
7679  -1.98295870e+00  7.47122019e-02
7680  -2.01569644e+00  6.64764535e-02
7681  -2.04837472e+00  5.80087043e-02
7682  -2.08103442e+00  4.94329605e-02
7683  -2.11366183e+00  4.07596395e-02
7684  -2.14455423e+00  3.27556488e-02
7685  -2.83307290e-01  3.84337246e-01
7686  -2.83335694e-01  3.50229793e-01
7687  -2.83364098e-01  3.16122341e-01
7688  -2.83392502e-01  2.82014888e-01
7689  -2.83420905e-01  2.47907435e-01
7690  -2.83449309e-01  2.13799983e-01
7691  -2.83477713e-01  1.79692530e-01
7692  -2.83506117e-01  1.45585077e-01
7693  -2.83534521e-01  1.11477625e-01
7694  -2.83562924e-01  7.73701723e-02
7695  -2.83591328e-01  4.32627193e-02
7696  -2.83619732e-01  9.15526662e-03
7697  -2.83648136e-01  -2.49521860e-02
7698  -2.83676540e-01  -5.90596382e-02
7699  -2.83704943e-01  -9.31670909e-02
7700  -2.83733347e-01  -1.27274544e-01
7701  -2.83761751e-01  -1.61381996e-01
7702  -2.83790155e-01  -1.95489449e-01
7703  -2.83818559e-01  -2.29596902e-01
7704  -2.83846962e-01  -2.63704354e-01
7705  -2.83875366e-01  -2.97811807e-01
7706  -2.83903770e-01  -3.31919260e-01
7707  -2.83932174e-01  -3.66026712e-01
7708  -2.83960578e-01  -4.00134165e-01
7709  -2.83988981e-01  -4.34241617e-01
7710  2.33880822e-01  3.94114606e-01
7711  2.33870473e-01  3.59959851e-01
7712  2.33860124e-01  3.25805097e-01
7713  2.33849775e-01  2.91650342e-01
7714  2.33839426e-01  2.57495587e-01
7715  2.33829077e-01  2.23340833e-01
7716  2.33818728e-01  1.89186078e-01
7717  2.33808379e-01  1.55031323e-01
7718  2.33798030e-01  1.20876569e-01
7719  2.33787681e-01  8.67218144e-02
7720  2.33777332e-01  5.25670598e-02
7721  2.33766983e-01  1.84123047e-02
7722  2.33756633e-01  -1.57424499e-02
7723  2.33746284e-01  -4.98972042e-02
7724  2.33735935e-01  -8.40519588e-02
7725  2.33725586e-01  -1.18206714e-01
7726  2.33715237e-01  -1.52361468e-01
7727  2.33704888e-01  -1.86516223e-01
7728  2.33694539e-01  -2.20670978e-01
7729  2.33684190e-01  -2.54825732e-01
7730  2.33673841e-01  -2.88980487e-01
7731  2.33663492e-01  -3.23135242e-01
7732  2.33653143e-01  -3.57289996e-01
7733  2.33642794e-01  -3.91444751e-01
7734  2.33632445e-01  -4.25599506e-01
7735  2.33622096e-01  -4.59754260e-01
7736  2.33611747e-01  -4.93909015e-01
9985  -2.16681597e+00  -1.68009551e-02
9986  -2.14599993e+00  -1.15816578e-02
9987  -2.10976463e+00  -4.29971182e-03
9988  -2.07324673e+00  1.26329345e-03
9989  -2.03651868e+00  5.35669800e-03
9990  -1.99966316e+00  7.53755238e-03
9991  -1.96283239e+00  8.61644761e-03
9992  -1.92598924e+00  8.53432422e-03
9993  -1.88919302e+00  7.42059374e-03
9994  -1.85241070e+00  5.45795351e-03
9995  -1.79959020e+00  3.05551792e-02
9996  -1.76369289e+00  2.63979457e-02
9997  -1.72799948e+00  2.15214811e-02
9998  -1.69239672e+00  1.58646893e-02
9999  -1.65704427e+00  9.45669717e-03
10000  -1.62186277e+00  2.52491728e-03
10001  -1.58679900e+00  -5.03671541e-03
10002  -1.55186838e+00  -1.31515441e-02
10003  -1.51707134e+00  -2.18751992e-02
10004  -1.48258789e+00  -3.11289153e-02
10005  -1.44824201e+00  -4.06457090e-02
10006  -1.41397124e+00  -5.06242960e-02
10007  -1.37992451e+00  -6.09487250e-02
10008  -1.34597987e+00  -7.14893712e-02
10009  -1.31214834e+00  -8.23378667e-02
10010  -1.27838778e+00  -9.33804385e-02
10011  -1.24475872e+00  -1.04708315e-01
10012  -1.21125223e+00  -1.16140781e-01
10013  -1.17776127e+00  -1.27728762e-01
10014  -1.14429580e+00  -1.39528151e-01
10015  -1.11102441e+00  -1.51512942e-01
10016  -1.07784580e+00  -1.63437300e-01
10017  -1.04462680e+00  -1.75409343e-01
10018  -1.01135693e+00  -1.87483907e-01
10019  -9.78188093e-01  -1.99724916e-01
10020  -9.45119883e-01  -2.11935446e-01
10021  -9.12055230e-01  -2.24132183e-01
10022  -8.78959521e-01  -2.36330230e-01
10023  -8.45913562e-01  -2.48558241e-01
10024  -8.12868995e-01  -2.60701067e-01
10025  -7.79777745e-01  -2.72846207e-01
10026  -7.46726429e-01  -2.84983632e-01
10027  -7.13716508e-01  -2.97008916e-01
10028  -6.80663647e-01  -3.08898412e-01
10029  -6.47549209e-01  -3.20701505e-01
10030  -6.14420148e-01  -3.32417556e-01
10031  -5.81256287e-01  -3.44006273e-01
10032  -5.48059775e-01  -3.55495326e-01
10033  -5.14918346e-01  -3.66822980e-01
10034  -4.81772665e-01  -3.77830894e-01
10035  -4.48468544e-01  -3.88551088e-01
10036  -4.15046053e-01  -3.99113100e-01
10037  -3.81684447e-01  -4.09447940e-01
10038  -3.32244651e-01  -4.18285984e-01
10039  -2.82622337e-01  -4.32267935e-01
10040  -2.65911555e-01  -4.36626350e-01
10041  -2.32539616e-01  -4.45209140e-01
10042  -1.99371559e-01  -4.53296953e-01
10043  -1.66060383e-01  -4.60511357e-01
10044  -1.32523592e-01  -4.67239038e-01
10045  -9.89826355e-02  -4.73273468e-01
10046  -6.53412368e-02  -4.78591622e-01
10047  -3.18019647e-02  -4.83177360e-01
10048  1.70900362e-03  -4.86696987e-01
10049  3.53636492e-02  -4.89267869e-01
10050  6.90352905e-02  -4.90884637e-01
10051  1.02647630e-01  -4.91477886e-01
10052  1.36136055e-01  -4.90976285e-01
10053  1.69391836e-01  -4.89269064e-01
10054  2.34980185e-01  -4.82562263e-01
10055  2.35794220e-01  -4.81888708e-01
10056  2.75044316e-01  -4.81093087e-01
10057  3.08215726e-01  -4.74416275e-01
10058  3.41189229e-01  -4.66563051e-01
10059  3.74004672e-01  -4.57613827e-01
10060  4.06645936e-01  -4.47693569e-01
10061  4.39077858e-01  -4.36875593e-01
10062  4.71255775e-01  -4.25246391e-01
10063  5.03055128e-01  -4.12828965e-01
10064  5.34493924e-01  -3.99486762e-01
10065  5.65699234e-01  -3.85323458e-01
10066  5.96497738e-01  -3.70494619e-01
10067  6.26804068e-01  -3.54786328e-01
10068  6.56778805e-01  -3.38275217e-01
10069  6.86328420e-01  -3.21033335e-01
10070  7.15288064e-01  -3.03121854e-01
10071  7.65468543e-01  -3.05278359e-01
10072  7.93613602e-01  -2.85489759e-01
10073  8.21100066e-01  -2.64833224e-01
10074  8.47917660e-01  -2.43332284e-01
10075  8.73961785e-01  -2.20938363e-01
10076  8.99120730e-01  -1.97562934e-01
10077  9.23394902e-01  -1.73322698e-01
10078  9.46387908e-01  -1.47974355e-01
10079  9.67815389e-01  -1.21382231e-01
10080  9.87254599e-01  -9.35426957e-02
10081  1.00328276e+00  -6.39593037e-02
10082  1.01449519e+00  -3.26101891e-02
10083  1.01877591e+00  -1.67269246e-05
10084  1.01429635e+00  3.29871487e-02
10085  1.00161769e+00  6.40996795e-02
10086  9.83018743e-01  9.27131800e-02
10087  9.61247959e-01  1.19472600e-01
10088  9.37141681e-01  1.44344465e-01
10089  9.11314959e-01  1.67577569e-01
10090  8.84082475e-01  1.89275184e-01
10091  8.55860404e-01  2.09731417e-01
10092  8.26627716e-01  2.28790611e-01
10093  7.96727540e-01  2.46849970e-01
10094  7.66151389e-01  2.63721896e-01
10095  7.18072267e-01  2.54793746e-01
10096  6.88283261e-01  2.68717217e-01
10097  6.58074025e-01  2.81924709e-01
10098  6.27568169e-01  2.94369829e-01
10099  5.96733451e-01  3.06009223e-01
10100  5.65573968e-01  3.16917594e-01
10101  5.34170586e-01  3.27094063e-01
10102  5.02502162e-01  3.36510286e-01
10103  4.70539656e-01  3.45257982e-01
10104  4.38422933e-01  3.53399229e-01
10105  4.06133289e-01  3.60825244e-01
10106  3.73661021e-01  3.67651709e-01
10107  3.41135566e-01  3.73830209e-01
10108  3.08520776e-01  3.79253836e-01
10109  2.75752648e-01  3.83968840e-01
10110  2.37921677e-01  3.88617448e-01
10111  2.35242616e-01  3.83534698e-01
10112  1.70151955e-01  3.88954088e-01
10113  1.36522572e-01  3.91010060e-01
10114  1.02747189e-01  3.92332664e-01
10115  6.87314160e-02  3.93232411e-01
10116  3.47482858e-02  3.93751808e-01
10117  9.16387094e-04  3.93774032e-01
10118  -3.30633486e-02  3.93163206e-01
10119  -6.72352988e-02  3.92298005e-01
10120  -1.01317580e-01  3.91121906e-01
10121  -1.35320068e-01  3.89567797e-01
10122  -1.69334583e-01  3.87595807e-01
10123  -2.03342351e-01  3.85296077e-01
10124  -2.37376178e-01  3.82597873e-01
10125  -2.71509964e-01  3.79652277e-01
10126  -2.81946903e-01  3.78797962e-01
10127  -3.40086763e-01  3.78617238e-01
10128  -3.88352987e-01  3.73122513e-01
10129  -4.22221602e-01  3.69027097e-01
10130  -4.56097239e-01  3.64759404e-01
10131  -4.89897454e-01  3.60314074e-01
10132  -5.23680274e-01  3.55601263e-01
10133  -5.57483688e-01  3.50732684e-01
10134  -5.91235922e-01  3.45681140e-01
10135  -6.24946409e-01  3.40437744e-01
10136  -6.58627317e-01  3.34984818e-01
10137  -6.92355253e-01  3.29331837e-01
10138  -7.26129694e-01  3.23605771e-01
10139  -7.59796570e-01  3.17815629e-01
10140  -7.93341231e-01  3.11801165e-01
10141  -8.26921097e-01  3.05542697e-01
10142  -8.60568822e-01  2.99174662e-01
10143  -8.94160298e-01  2.92744307e-01
10144  -9.27676953e-01  2.86148427e-01
10145  -9.61240756e-01  2.79389811e-01
10146  -9.94855694e-01  2.72589544e-01
10147  -1.02841509e+00  2.65758378e-01
10148  -1.06185881e+00  2.58827566e-01
10149  -1.09529725e+00  2.51677222e-01
10150  -1.12880545e+00  2.44464968e-01
10151  -1.16227626e+00  2.37195271e-01
10152  -1.19575870e+00  2.29829027e-01
10153  -1.22920035e+00  2.22467600e-01
10154  -1.26259646e+00  2.14943714e-01
10155  -1.29605855e+00  2.07383403e-01
10156  -1.32947648e+00  1.99799291e-01
10157  -1.36285846e+00  1.92129076e-01
10158  -1.39624769e+00  1.84392791e-01
10159  -1.42959245e+00  1.76614727e-01
10160  -1.46293290e+00  1.68707948e-01
10161  -1.49630465e+00  1.60790334e-01
10162  -1.52963757e+00  1.52815558e-01
10163  -1.56303177e+00  1.44775421e-01
10164  -1.59643906e+00  1.36809993e-01
10165  -1.62967007e+00  1.28827533e-01
10166  -1.66295288e+00  1.20587616e-01
10167  -1.69639211e+00  1.12464438e-01
10168  -1.72968137e+00  1.04372459e-01
10169  -1.76295405e+00  9.61438519e-02
10170  -1.79629342e+00  8.79250093e-02
10171  -1.85122821e+00  1.04855023e-01
10172  -1.88401828e+00  9.67334127e-02
10173  -1.91681715e+00  8.86239816e-02
10174  -1.94961659e+00  8.05523469e-02
10175  -1.98238531e+00  7.24177634e-02
10176  -2.01511133e+00  6.41849760e-02
10177  -2.04777778e+00  5.57202789e-02
10178  -2.08043031e+00  4.71464187e-02
10179  -2.11304741e+00  3.84758453e-02
10180  -2.14306380e+00  3.09193868e-02
10181  -2.81942291e-01  3.84336109e-01
10182  -2.81970695e-01  3.50228656e-01
10183  -2.81999099e-01  3.16121204e-01
10184  -2.82027503e-01  2.82013751e-01
10185  -2.82055906e-01  2.47906298e-01
10186  -2.82084310e-01  2.13798846e-01
10187  -2.82112714e-01  1.79691393e-01
10188  -2.82141118e-01  1.45583940e-01
10189  -2.82169522e-01  1.11476488e-01
10190  -2.82197925e-01  7.73690355e-02
10191  -2.82226329e-01  4.32615825e-02
10192  -2.82254733e-01  9.15412987e-03
10193  -2.82283137e-01  -2.49533228e-02
10194  -2.82311541e-01  -5.90607750e-02
10195  -2.82339944e-01  -9.31682277e-02
10196  -2.82368348e-01  -1.27275681e-01
10197  -2.82396752e-01  -1.61383133e-01
10198  -2.82425156e-01  -1.95490586e-01
10199  -2.82453560e-01  -2.29598039e-01
10200  -2.82481963e-01  -2.63705491e-01
10201  -2.82510367e-01  -2.97812944e-01
10202  -2.82538771e-01  -3.31920397e-01
10203  -2.82567175e-01  -3.66027849e-01
10204  -2.82595579e-01  -4.00135302e-01
10205  -2.82623982e-01  -4.34242754e-01
10206  2.35245822e-01  3.94114193e-01
10207  2.35235473e-01  3.59959438e-01
10208  2.35225124e-01  3.25804684e-01
10209  2.35214775e-01  2.91649929e-01
10210  2.35204426e-01  2.57495174e-01
10211  2.35194077e-01  2.23340420e-01
10212  2.35183728e-01  1.89185665e-01
10213  2.35173379e-01  1.55030910e-01
10214  2.35163030e-01  1.20876156e-01
10215  2.35152681e-01  8.67214008e-02
10216  2.35142332e-01  5.25666462e-02
10217  2.35131983e-01  1.84118911e-02
10218  2.35121633e-01  -1.57428635e-02
10219  2.35111284e-01  -4.98976178e-02
10220  2.35100935e-01  -8.40523724e-02
10221  2.35090586e-01  -1.18207127e-01
10222  2.35080237e-01  -1.52361881e-01
10223  2.35069888e-01  -1.86516636e-01
10224  2.35059539e-01  -2.20671391e-01
10225  2.35049190e-01  -2.54826145e-01
10226  2.35038841e-01  -2.88980900e-01
10227  2.35028492e-01  -3.23135655e-01
10228  2.35018143e-01  -3.57290409e-01
10229  2.35007794e-01  -3.91445164e-01
10230  2.34997445e-01  -4.25599919e-01
10231  2.34987096e-01  -4.59754673e-01
10232  2.34976747e-01  -4.93909428e-01
