1  2554  2553  1  2  0  0  0  0
279  5106  5105  2553  2554  0  0  0  0
557  7658  7657  5105  5106  0  0  0  0
835  10210  10209  7657  7658  0  0  0  0
2  2555  2554  2  3  0  0  0  0
280  5107  5106  2554  2555  0  0  0  0
558  7659  7658  5106  5107  0  0  0  0
836  10211  10210  7658  7659  0  0  0  0
3  2556  2555  3  4  0  0  0  0
281  5108  5107  2555  2556  0  0  0  0
559  7660  7659  5107  5108  0  0  0  0
837  10212  10211  7659  7660  0  0  0  0
4  2557  2556  4  5  0  0  0  0
282  5109  5108  2556  2557  0  0  0  0
560  7661  7660  5108  5109  0  0  0  0
838  10213  10212  7660  7661  0  0  0  0
5  2558  2557  5  6  0  0  0  0
283  5110  5109  2557  2558  0  0  0  0
561  7662  7661  5109  5110  0  0  0  0
839  10214  10213  7661  7662  0  0  0  0
6  2559  2558  6  7  0  0  0  0
284  5111  5110  2558  2559  0  0  0  0
562  7663  7662  5110  5111  0  0  0  0
840  10215  10214  7662  7663  0  0  0  0
7  2560  2559  7  8  0  0  0  0
285  5112  5111  2559  2560  0  0  0  0
563  7664  7663  5111  5112  0  0  0  0
841  10216  10215  7663  7664  0  0  0  0
8  2561  2560  8  9  0  0  0  0
286  5113  5112  2560  2561  0  0  0  0
564  7665  7664  5112  5113  0  0  0  0
842  10217  10216  7664  7665  0  0  0  0
9  2562  2561  9  10  0  0  0  0
287  5114  5113  2561  2562  0  0  0  0
565  7666  7665  5113  5114  0  0  0  0
843  10218  10217  7665  7666  0  0  0  0
10  2563  2562  10  11  0  0  0  0
288  5115  5114  2562  2563  0  0  0  0
566  7667  7666  5114  5115  0  0  0  0
844  10219  10218  7666  7667  0  0  0  0
11  2564  2563  11  12  0  0  0  0
289  5116  5115  2563  2564  0  0  0  0
567  7668  7667  5115  5116  0  0  0  0
845  10220  10219  7667  7668  0  0  0  0
12  2565  2564  12  13  0  0  0  0
290  5117  5116  2564  2565  0  0  0  0
568  7669  7668  5116  5117  0  0  0  0
846  10221  10220  7668  7669  0  0  0  0
13  2566  2565  13  14  0  0  0  0
291  5118  5117  2565  2566  0  0  0  0
569  7670  7669  5117  5118  0  0  0  0
847  10222  10221  7669  7670  0  0  0  0
14  2567  2566  14  15  0  0  0  0
292  5119  5118  2566  2567  0  0  0  0
570  7671  7670  5118  5119  0  0  0  0
848  10223  10222  7670  7671  0  0  0  0
15  2568  2567  15  16  0  0  0  0
293  5120  5119  2567  2568  0  0  0  0
571  7672  7671  5119  5120  0  0  0  0
849  10224  10223  7671  7672  0  0  0  0
16  2569  2568  16  17  0  0  0  0
294  5121  5120  2568  2569  0  0  0  0
572  7673  7672  5120  5121  0  0  0  0
850  10225  10224  7672  7673  0  0  0  0
17  2570  2569  17  18  0  0  0  0
295  5122  5121  2569  2570  0  0  0  0
573  7674  7673  5121  5122  0  0  0  0
851  10226  10225  7673  7674  0  0  0  0
18  2571  2570  18  19  0  0  0  0
296  5123  5122  2570  2571  0  0  0  0
574  7675  7674  5122  5123  0  0  0  0
852  10227  10226  7674  7675  0  0  0  0
19  2572  2571  19  20  0  0  0  0
297  5124  5123  2571  2572  0  0  0  0
575  7676  7675  5123  5124  0  0  0  0
853  10228  10227  7675  7676  0  0  0  0
20  2573  2572  20  21  0  0  0  0
298  5125  5124  2572  2573  0  0  0  0
576  7677  7676  5124  5125  0  0  0  0
854  10229  10228  7676  7677  0  0  0  0
21  2574  2573  21  22  0  0  0  0
299  5126  5125  2573  2574  0  0  0  0
577  7678  7677  5125  5126  0  0  0  0
855  10230  10229  7677  7678  0  0  0  0
22  2575  2574  22  23  0  0  0  0
300  5127  5126  2574  2575  0  0  0  0
578  7679  7678  5126  5127  0  0  0  0
856  10231  10230  7678  7679  0  0  0  0
23  2576  2575  23  24  0  0  0  0
301  5128  5127  2575  2576  0  0  0  0
579  7680  7679  5127  5128  0  0  0  0
857  10232  10231  7679  7680  0  0  0  0
24  2577  2576  24  25  0  0  0  0
302  5129  5128  2576  2577  0  0  0  0
580  7681  7680  5128  5129  0  0  0  0
858  10233  10232  7680  7681  0  0  0  0
25  2578  2577  25  26  0  0  0  0
303  5130  5129  2577  2578  0  0  0  0
581  7682  7681  5129  5130  0  0  0  0
859  10234  10233  7681  7682  0  0  0  0
26  2579  2578  26  27  0  0  0  0
304  5131  5130  2578  2579  0  0  0  0
582  7683  7682  5130  5131  0  0  0  0
860  10235  10234  7682  7683  0  0  0  0
27  2580  2579  27  28  0  0  0  0
305  5132  5131  2579  2580  0  0  0  0
583  7684  7683  5131  5132  0  0  0  0
861  10236  10235  7683  7684  0  0  0  0
28  2581  2580  28  29  0  0  0  0
306  5133  5132  2580  2581  0  0  0  0
584  7685  7684  5132  5133  0  0  0  0
862  10237  10236  7684  7685  0  0  0  0
29  2582  2581  29  30  0  0  0  0
307  5134  5133  2581  2582  0  0  0  0
585  7686  7685  5133  5134  0  0  0  0
863  10238  10237  7685  7686  0  0  0  0
30  2583  2582  30  31  0  0  0  0
308  5135  5134  2582  2583  0  0  0  0
586  7687  7686  5134  5135  0  0  0  0
864  10239  10238  7686  7687  0  0  0  0
31  2584  2583  31  32  0  0  0  0
309  5136  5135  2583  2584  0  0  0  0
587  7688  7687  5135  5136  0  0  0  0
865  10240  10239  7687  7688  0  0  0  0
32  2585  2584  32  33  0  0  0  0
310  5137  5136  2584  2585  0  0  0  0
588  7689  7688  5136  5137  0  0  0  0
866  10241  10240  7688  7689  0  0  0  0
33  2586  2585  33  34  0  0  0  0
311  5138  5137  2585  2586  0  0  0  0
589  7690  7689  5137  5138  0  0  0  0
867  10242  10241  7689  7690  0  0  0  0
34  2587  2586  34  35  0  0  0  0
312  5139  5138  2586  2587  0  0  0  0
590  7691  7690  5138  5139  0  0  0  0
868  10243  10242  7690  7691  0  0  0  0
35  2588  2587  35  36  0  0  0  0
313  5140  5139  2587  2588  0  0  0  0
591  7692  7691  5139  5140  0  0  0  0
869  10244  10243  7691  7692  0  0  0  0
36  2589  2588  36  37  0  0  0  0
314  5141  5140  2588  2589  0  0  0  0
592  7693  7692  5140  5141  0  0  0  0
870  10245  10244  7692  7693  0  0  0  0
37  2590  2589  37  38  0  0  0  0
315  5142  5141  2589  2590  0  0  0  0
593  7694  7693  5141  5142  0  0  0  0
871  10246  10245  7693  7694  0  0  0  0
38  2591  2590  38  39  0  0  0  0
316  5143  5142  2590  2591  0  0  0  0
594  7695  7694  5142  5143  0  0  0  0
872  10247  10246  7694  7695  0  0  0  0
39  2592  2591  39  40  0  0  0  0
317  5144  5143  2591  2592  0  0  0  0
595  7696  7695  5143  5144  0  0  0  0
873  10248  10247  7695  7696  0  0  0  0
40  2593  2592  40  41  0  0  0  0
318  5145  5144  2592  2593  0  0  0  0
596  7697  7696  5144  5145  0  0  0  0
874  10249  10248  7696  7697  0  0  0  0
41  2594  2593  41  42  0  0  0  0
319  5146  5145  2593  2594  0  0  0  0
597  7698  7697  5145  5146  0  0  0  0
875  10250  10249  7697  7698  0  0  0  0
42  2595  2594  42  43  0  0  0  0
320  5147  5146  2594  2595  0  0  0  0
598  7699  7698  5146  5147  0  0  0  0
876  10251  10250  7698  7699  0  0  0  0
43  2596  2595  43  44  0  0  0  0
321  5148  5147  2595  2596  0  0  0  0
599  7700  7699  5147  5148  0  0  0  0
877  10252  10251  7699  7700  0  0  0  0
44  2597  2596  44  45  0  0  0  0
322  5149  5148  2596  2597  0  0  0  0
600  7701  7700  5148  5149  0  0  0  0
878  10253  10252  7700  7701  0  0  0  0
45  2598  2597  45  46  0  0  0  0
323  5150  5149  2597  2598  0  0  0  0
601  7702  7701  5149  5150  0  0  0  0
879  10254  10253  7701  7702  0  0  0  0
46  2599  2598  46  47  0  0  0  0
324  5151  5150  2598  2599  0  0  0  0
602  7703  7702  5150  5151  0  0  0  0
880  10255  10254  7702  7703  0  0  0  0
47  2600  2599  47  48  0  0  0  0
325  5152  5151  2599  2600  0  0  0  0
603  7704  7703  5151  5152  0  0  0  0
881  10256  10255  7703  7704  0  0  0  0
48  2601  2600  48  49  0  0  0  0
326  5153  5152  2600  2601  0  0  0  0
604  7705  7704  5152  5153  0  0  0  0
882  10257  10256  7704  7705  0  0  0  0
49  2602  2601  49  50  0  0  0  0
327  5154  5153  2601  2602  0  0  0  0
605  7706  7705  5153  5154  0  0  0  0
883  10258  10257  7705  7706  0  0  0  0
50  2603  2602  50  51  0  0  0  0
328  5155  5154  2602  2603  0  0  0  0
606  7707  7706  5154  5155  0  0  0  0
884  10259  10258  7706  7707  0  0  0  0
51  2604  2603  51  52  0  0  0  0
329  5156  5155  2603  2604  0  0  0  0
607  7708  7707  5155  5156  0  0  0  0
885  10260  10259  7707  7708  0  0  0  0
52  2605  2604  52  53  0  0  0  0
330  5157  5156  2604  2605  0  0  0  0
608  7709  7708  5156  5157  0  0  0  0
886  10261  10260  7708  7709  0  0  0  0
53  2606  2605  53  54  0  0  0  0
331  5158  5157  2605  2606  0  0  0  0
609  7710  7709  5157  5158  0  0  0  0
887  10262  10261  7709  7710  0  0  0  0
54  2607  2606  54  55  0  0  0  0
332  5159  5158  2606  2607  0  0  0  0
610  7711  7710  5158  5159  0  0  0  0
888  10263  10262  7710  7711  0  0  0  0
55  2608  2607  55  56  0  0  0  0
333  5160  5159  2607  2608  0  0  0  0
611  7712  7711  5159  5160  0  0  0  0
889  10264  10263  7711  7712  0  0  0  0
56  2609  2608  56  57  0  0  0  0
334  5161  5160  2608  2609  0  0  0  0
612  7713  7712  5160  5161  0  0  0  0
890  10265  10264  7712  7713  0  0  0  0
57  2610  2609  57  58  0  0  0  0
335  5162  5161  2609  2610  0  0  0  0
613  7714  7713  5161  5162  0  0  0  0
891  10266  10265  7713  7714  0  0  0  0
58  2611  2610  58  59  0  0  0  0
336  5163  5162  2610  2611  0  0  0  0
614  7715  7714  5162  5163  0  0  0  0
892  10267  10266  7714  7715  0  0  0  0
59  2612  2611  59  60  0  0  0  0
337  5164  5163  2611  2612  0  0  0  0
615  7716  7715  5163  5164  0  0  0  0
893  10268  10267  7715  7716  0  0  0  0
60  2613  2612  60  61  0  0  0  0
338  5165  5164  2612  2613  0  0  0  0
616  7717  7716  5164  5165  0  0  0  0
894  10269  10268  7716  7717  0  0  0  0
61  2614  2613  61  62  0  0  0  0
339  5166  5165  2613  2614  0  0  0  0
617  7718  7717  5165  5166  0  0  0  0
895  10270  10269  7717  7718  0  0  0  0
62  2615  2614  62  63  0  0  0  0
340  5167  5166  2614  2615  0  0  0  0
618  7719  7718  5166  5167  0  0  0  0
896  10271  10270  7718  7719  0  0  0  0
63  2616  2615  63  64  0  0  0  0
341  5168  5167  2615  2616  0  0  0  0
619  7720  7719  5167  5168  0  0  0  0
897  10272  10271  7719  7720  0  0  0  0
64  2617  2616  64  65  0  0  0  0
342  5169  5168  2616  2617  0  0  0  0
620  7721  7720  5168  5169  0  0  0  0
898  10273  10272  7720  7721  0  0  0  0
65  2618  2617  65  66  0  0  0  0
343  5170  5169  2617  2618  0  0  0  0
621  7722  7721  5169  5170  0  0  0  0
899  10274  10273  7721  7722  0  0  0  0
66  2619  2618  66  67  0  0  0  0
344  5171  5170  2618  2619  0  0  0  0
622  7723  7722  5170  5171  0  0  0  0
900  10275  10274  7722  7723  0  0  0  0
67  2620  2619  67  68  0  0  0  0
345  5172  5171  2619  2620  0  0  0  0
623  7724  7723  5171  5172  0  0  0  0
901  10276  10275  7723  7724  0  0  0  0
68  2621  2620  68  69  0  0  0  0
346  5173  5172  2620  2621  0  0  0  0
624  7725  7724  5172  5173  0  0  0  0
902  10277  10276  7724  7725  0  0  0  0
69  2622  2621  69  70  0  0  0  0
347  5174  5173  2621  2622  0  0  0  0
625  7726  7725  5173  5174  0  0  0  0
903  10278  10277  7725  7726  0  0  0  0
70  2623  2622  70  71  0  0  0  0
348  5175  5174  2622  2623  0  0  0  0
626  7727  7726  5174  5175  0  0  0  0
904  10279  10278  7726  7727  0  0  0  0
71  2624  2623  71  72  0  0  0  0
349  5176  5175  2623  2624  0  0  0  0
627  7728  7727  5175  5176  0  0  0  0
905  10280  10279  7727  7728  0  0  0  0
72  2625  2624  72  73  0  0  0  0
350  5177  5176  2624  2625  0  0  0  0
628  7729  7728  5176  5177  0  0  0  0
906  10281  10280  7728  7729  0  0  0  0
73  2626  2625  73  74  0  0  0  0
351  5178  5177  2625  2626  0  0  0  0
629  7730  7729  5177  5178  0  0  0  0
907  10282  10281  7729  7730  0  0  0  0
74  2627  2626  74  75  0  0  0  0
352  5179  5178  2626  2627  0  0  0  0
630  7731  7730  5178  5179  0  0  0  0
908  10283  10282  7730  7731  0  0  0  0
75  2628  2627  75  76  0  0  0  0
353  5180  5179  2627  2628  0  0  0  0
631  7732  7731  5179  5180  0  0  0  0
909  10284  10283  7731  7732  0  0  0  0
76  2629  2628  76  77  0  0  0  0
354  5181  5180  2628  2629  0  0  0  0
632  7733  7732  5180  5181  0  0  0  0
910  10285  10284  7732  7733  0  0  0  0
77  2630  2629  77  78  0  0  0  0
355  5182  5181  2629  2630  0  0  0  0
633  7734  7733  5181  5182  0  0  0  0
911  10286  10285  7733  7734  0  0  0  0
78  2631  2630  78  79  0  0  0  0
356  5183  5182  2630  2631  0  0  0  0
634  7735  7734  5182  5183  0  0  0  0
912  10287  10286  7734  7735  0  0  0  0
79  2632  2631  79  80  0  0  0  0
357  5184  5183  2631  2632  0  0  0  0
635  7736  7735  5183  5184  0  0  0  0
913  10288  10287  7735  7736  0  0  0  0
80  2633  2632  80  81  0  0  0  0
358  5185  5184  2632  2633  0  0  0  0
636  7737  7736  5184  5185  0  0  0  0
914  10289  10288  7736  7737  0  0  0  0
81  2634  2633  81  82  0  0  0  0
359  5186  5185  2633  2634  0  0  0  0
637  7738  7737  5185  5186  0  0  0  0
915  10290  10289  7737  7738  0  0  0  0
82  2635  2634  82  83  0  0  0  0
360  5187  5186  2634  2635  0  0  0  0
638  7739  7738  5186  5187  0  0  0  0
916  10291  10290  7738  7739  0  0  0  0
83  2636  2635  83  84  0  0  0  0
361  5188  5187  2635  2636  0  0  0  0
639  7740  7739  5187  5188  0  0  0  0
917  10292  10291  7739  7740  0  0  0  0
84  2637  2636  84  85  0  0  0  0
362  5189  5188  2636  2637  0  0  0  0
640  7741  7740  5188  5189  0  0  0  0
918  10293  10292  7740  7741  0  0  0  0
85  2638  2637  85  86  0  0  0  0
363  5190  5189  2637  2638  0  0  0  0
641  7742  7741  5189  5190  0  0  0  0
919  10294  10293  7741  7742  0  0  0  0
86  2639  2638  86  87  0  0  0  0
364  5191  5190  2638  2639  0  0  0  0
642  7743  7742  5190  5191  0  0  0  0
920  10295  10294  7742  7743  0  0  0  0
87  2640  2639  87  88  0  0  0  0
365  5192  5191  2639  2640  0  0  0  0
643  7744  7743  5191  5192  0  0  0  0
921  10296  10295  7743  7744  0  0  0  0
88  2641  2640  88  89  0  0  0  0
366  5193  5192  2640  2641  0  0  0  0
644  7745  7744  5192  5193  0  0  0  0
922  10297  10296  7744  7745  0  0  0  0
89  2642  2641  89  90  0  0  0  0
367  5194  5193  2641  2642  0  0  0  0
645  7746  7745  5193  5194  0  0  0  0
923  10298  10297  7745  7746  0  0  0  0
90  2643  2642  90  91  0  0  0  0
368  5195  5194  2642  2643  0  0  0  0
646  7747  7746  5194  5195  0  0  0  0
924  10299  10298  7746  7747  0  0  0  0
91  2644  2643  91  92  0  0  0  0
369  5196  5195  2643  2644  0  0  0  0
647  7748  7747  5195  5196  0  0  0  0
925  10300  10299  7747  7748  0  0  0  0
92  2645  2644  92  93  0  0  0  0
370  5197  5196  2644  2645  0  0  0  0
648  7749  7748  5196  5197  0  0  0  0
926  10301  10300  7748  7749  0  0  0  0
93  2646  2645  93  94  0  0  0  0
371  5198  5197  2645  2646  0  0  0  0
649  7750  7749  5197  5198  0  0  0  0
927  10302  10301  7749  7750  0  0  0  0
94  2647  2646  94  95  0  0  0  0
372  5199  5198  2646  2647  0  0  0  0
650  7751  7750  5198  5199  0  0  0  0
928  10303  10302  7750  7751  0  0  0  0
95  2648  2647  95  96  0  0  0  0
373  5200  5199  2647  2648  0  0  0  0
651  7752  7751  5199  5200  0  0  0  0
929  10304  10303  7751  7752  0  0  0  0
96  2649  2648  96  97  0  0  0  0
374  5201  5200  2648  2649  0  0  0  0
652  7753  7752  5200  5201  0  0  0  0
930  10305  10304  7752  7753  0  0  0  0
97  2650  2649  97  98  0  0  0  0
375  5202  5201  2649  2650  0  0  0  0
653  7754  7753  5201  5202  0  0  0  0
931  10306  10305  7753  7754  0  0  0  0
98  2651  2650  98  99  0  0  0  0
376  5203  5202  2650  2651  0  0  0  0
654  7755  7754  5202  5203  0  0  0  0
932  10307  10306  7754  7755  0  0  0  0
99  2652  2651  99  100  0  0  0  0
377  5204  5203  2651  2652  0  0  0  0
655  7756  7755  5203  5204  0  0  0  0
933  10308  10307  7755  7756  0  0  0  0
100  2653  2652  100  101  0  0  0  0
378  5205  5204  2652  2653  0  0  0  0
656  7757  7756  5204  5205  0  0  0  0
934  10309  10308  7756  7757  0  0  0  0
101  2654  2653  101  102  0  0  0  0
379  5206  5205  2653  2654  0  0  0  0
657  7758  7757  5205  5206  0  0  0  0
935  10310  10309  7757  7758  0  0  0  0
102  2655  2654  102  103  0  0  0  0
380  5207  5206  2654  2655  0  0  0  0
658  7759  7758  5206  5207  0  0  0  0
936  10311  10310  7758  7759  0  0  0  0
103  2656  2655  103  104  0  0  0  0
381  5208  5207  2655  2656  0  0  0  0
659  7760  7759  5207  5208  0  0  0  0
937  10312  10311  7759  7760  0  0  0  0
104  2657  2656  104  105  0  0  0  0
382  5209  5208  2656  2657  0  0  0  0
660  7761  7760  5208  5209  0  0  0  0
938  10313  10312  7760  7761  0  0  0  0
105  2658  2657  105  106  0  0  0  0
383  5210  5209  2657  2658  0  0  0  0
661  7762  7761  5209  5210  0  0  0  0
939  10314  10313  7761  7762  0  0  0  0
106  2659  2658  106  107  0  0  0  0
384  5211  5210  2658  2659  0  0  0  0
662  7763  7762  5210  5211  0  0  0  0
940  10315  10314  7762  7763  0  0  0  0
107  2660  2659  107  108  0  0  0  0
385  5212  5211  2659  2660  0  0  0  0
663  7764  7763  5211  5212  0  0  0  0
941  10316  10315  7763  7764  0  0  0  0
108  2661  2660  108  109  0  0  0  0
386  5213  5212  2660  2661  0  0  0  0
664  7765  7764  5212  5213  0  0  0  0
942  10317  10316  7764  7765  0  0  0  0
109  2662  2661  109  110  0  0  0  0
387  5214  5213  2661  2662  0  0  0  0
665  7766  7765  5213  5214  0  0  0  0
943  10318  10317  7765  7766  0  0  0  0
110  2663  2662  110  111  0  0  0  0
388  5215  5214  2662  2663  0  0  0  0
666  7767  7766  5214  5215  0  0  0  0
944  10319  10318  7766  7767  0  0  0  0
111  2664  2663  111  112  0  0  0  0
389  5216  5215  2663  2664  0  0  0  0
667  7768  7767  5215  5216  0  0  0  0
945  10320  10319  7767  7768  0  0  0  0
112  2665  2664  112  113  0  0  0  0
390  5217  5216  2664  2665  0  0  0  0
668  7769  7768  5216  5217  0  0  0  0
946  10321  10320  7768  7769  0  0  0  0
113  2666  2665  113  114  0  0  0  0
391  5218  5217  2665  2666  0  0  0  0
669  7770  7769  5217  5218  0  0  0  0
947  10322  10321  7769  7770  0  0  0  0
114  2667  2666  114  115  0  0  0  0
392  5219  5218  2666  2667  0  0  0  0
670  7771  7770  5218  5219  0  0  0  0
948  10323  10322  7770  7771  0  0  0  0
115  2668  2667  115  116  0  0  0  0
393  5220  5219  2667  2668  0  0  0  0
671  7772  7771  5219  5220  0  0  0  0
949  10324  10323  7771  7772  0  0  0  0
116  2669  2668  116  117  0  0  0  0
394  5221  5220  2668  2669  0  0  0  0
672  7773  7772  5220  5221  0  0  0  0
950  10325  10324  7772  7773  0  0  0  0
117  2670  2669  117  118  0  0  0  0
395  5222  5221  2669  2670  0  0  0  0
673  7774  7773  5221  5222  0  0  0  0
951  10326  10325  7773  7774  0  0  0  0
118  2671  2670  118  119  0  0  0  0
396  5223  5222  2670  2671  0  0  0  0
674  7775  7774  5222  5223  0  0  0  0
952  10327  10326  7774  7775  0  0  0  0
119  2672  2671  119  120  0  0  0  0
397  5224  5223  2671  2672  0  0  0  0
675  7776  7775  5223  5224  0  0  0  0
953  10328  10327  7775  7776  0  0  0  0
120  2673  2672  120  121  0  0  0  0
398  5225  5224  2672  2673  0  0  0  0
676  7777  7776  5224  5225  0  0  0  0
954  10329  10328  7776  7777  0  0  0  0
121  2674  2673  121  122  0  0  0  0
399  5226  5225  2673  2674  0  0  0  0
677  7778  7777  5225  5226  0  0  0  0
955  10330  10329  7777  7778  0  0  0  0
122  2675  2674  122  123  0  0  0  0
400  5227  5226  2674  2675  0  0  0  0
678  7779  7778  5226  5227  0  0  0  0
956  10331  10330  7778  7779  0  0  0  0
123  2676  2675  123  124  0  0  0  0
401  5228  5227  2675  2676  0  0  0  0
679  7780  7779  5227  5228  0  0  0  0
957  10332  10331  7779  7780  0  0  0  0
124  2677  2676  124  125  0  0  0  0
402  5229  5228  2676  2677  0  0  0  0
680  7781  7780  5228  5229  0  0  0  0
958  10333  10332  7780  7781  0  0  0  0
125  2678  2677  125  126  0  0  0  0
403  5230  5229  2677  2678  0  0  0  0
681  7782  7781  5229  5230  0  0  0  0
959  10334  10333  7781  7782  0  0  0  0
126  2679  2678  126  127  0  0  0  0
404  5231  5230  2678  2679  0  0  0  0
682  7783  7782  5230  5231  0  0  0  0
960  10335  10334  7782  7783  0  0  0  0
127  2680  2679  127  128  0  0  0  0
405  5232  5231  2679  2680  0  0  0  0
683  7784  7783  5231  5232  0  0  0  0
961  10336  10335  7783  7784  0  0  0  0
128  2681  2680  128  129  0  0  0  0
406  5233  5232  2680  2681  0  0  0  0
684  7785  7784  5232  5233  0  0  0  0
962  10337  10336  7784  7785  0  0  0  0
129  2682  2681  129  130  0  0  0  0
407  5234  5233  2681  2682  0  0  0  0
685  7786  7785  5233  5234  0  0  0  0
963  10338  10337  7785  7786  0  0  0  0
130  2683  2682  130  131  0  0  0  0
408  5235  5234  2682  2683  0  0  0  0
686  7787  7786  5234  5235  0  0  0  0
964  10339  10338  7786  7787  0  0  0  0
131  2684  2683  131  132  0  0  0  0
409  5236  5235  2683  2684  0  0  0  0
687  7788  7787  5235  5236  0  0  0  0
965  10340  10339  7787  7788  0  0  0  0
132  2685  2684  132  133  0  0  0  0
410  5237  5236  2684  2685  0  0  0  0
688  7789  7788  5236  5237  0  0  0  0
966  10341  10340  7788  7789  0  0  0  0
133  2686  2685  133  134  0  0  0  0
411  5238  5237  2685  2686  0  0  0  0
689  7790  7789  5237  5238  0  0  0  0
967  10342  10341  7789  7790  0  0  0  0
134  2687  2686  134  135  0  0  0  0
412  5239  5238  2686  2687  0  0  0  0
690  7791  7790  5238  5239  0  0  0  0
968  10343  10342  7790  7791  0  0  0  0
135  2688  2687  135  136  0  0  0  0
413  5240  5239  2687  2688  0  0  0  0
691  7792  7791  5239  5240  0  0  0  0
969  10344  10343  7791  7792  0  0  0  0
136  2689  2688  136  137  0  0  0  0
414  5241  5240  2688  2689  0  0  0  0
692  7793  7792  5240  5241  0  0  0  0
970  10345  10344  7792  7793  0  0  0  0
137  2690  2689  137  138  0  0  0  0
415  5242  5241  2689  2690  0  0  0  0
693  7794  7793  5241  5242  0  0  0  0
971  10346  10345  7793  7794  0  0  0  0
138  2691  2690  138  139  0  0  0  0
416  5243  5242  2690  2691  0  0  0  0
694  7795  7794  5242  5243  0  0  0  0
972  10347  10346  7794  7795  0  0  0  0
139  2692  2691  139  140  0  0  0  0
417  5244  5243  2691  2692  0  0  0  0
695  7796  7795  5243  5244  0  0  0  0
973  10348  10347  7795  7796  0  0  0  0
140  2693  2692  140  141  0  0  0  0
418  5245  5244  2692  2693  0  0  0  0
696  7797  7796  5244  5245  0  0  0  0
974  10349  10348  7796  7797  0  0  0  0
141  2694  2693  141  142  0  0  0  0
419  5246  5245  2693  2694  0  0  0  0
697  7798  7797  5245  5246  0  0  0  0
975  10350  10349  7797  7798  0  0  0  0
142  2695  2694  142  143  0  0  0  0
420  5247  5246  2694  2695  0  0  0  0
698  7799  7798  5246  5247  0  0  0  0
976  10351  10350  7798  7799  0  0  0  0
143  2696  2695  143  144  0  0  0  0
421  5248  5247  2695  2696  0  0  0  0
699  7800  7799  5247  5248  0  0  0  0
977  10352  10351  7799  7800  0  0  0  0
144  2697  2696  144  145  0  0  0  0
422  5249  5248  2696  2697  0  0  0  0
700  7801  7800  5248  5249  0  0  0  0
978  10353  10352  7800  7801  0  0  0  0
145  2698  2697  145  146  0  0  0  0
423  5250  5249  2697  2698  0  0  0  0
701  7802  7801  5249  5250  0  0  0  0
979  10354  10353  7801  7802  0  0  0  0
146  2699  2698  146  147  0  0  0  0
424  5251  5250  2698  2699  0  0  0  0
702  7803  7802  5250  5251  0  0  0  0
980  10355  10354  7802  7803  0  0  0  0
147  2700  2699  147  148  0  0  0  0
425  5252  5251  2699  2700  0  0  0  0
703  7804  7803  5251  5252  0  0  0  0
981  10356  10355  7803  7804  0  0  0  0
148  2701  2700  148  149  0  0  0  0
426  5253  5252  2700  2701  0  0  0  0
704  7805  7804  5252  5253  0  0  0  0
982  10357  10356  7804  7805  0  0  0  0
149  2702  2701  149  150  0  0  0  0
427  5254  5253  2701  2702  0  0  0  0
705  7806  7805  5253  5254  0  0  0  0
983  10358  10357  7805  7806  0  0  0  0
150  2703  2702  150  151  0  0  0  0
428  5255  5254  2702  2703  0  0  0  0
706  7807  7806  5254  5255  0  0  0  0
984  10359  10358  7806  7807  0  0  0  0
151  2704  2703  151  152  0  0  0  0
429  5256  5255  2703  2704  0  0  0  0
707  7808  7807  5255  5256  0  0  0  0
985  10360  10359  7807  7808  0  0  0  0
152  2705  2704  152  153  0  0  0  0
430  5257  5256  2704  2705  0  0  0  0
708  7809  7808  5256  5257  0  0  0  0
986  10361  10360  7808  7809  0  0  0  0
153  2706  2705  153  154  0  0  0  0
431  5258  5257  2705  2706  0  0  0  0
709  7810  7809  5257  5258  0  0  0  0
987  10362  10361  7809  7810  0  0  0  0
154  2707  2706  154  155  0  0  0  0
432  5259  5258  2706  2707  0  0  0  0
710  7811  7810  5258  5259  0  0  0  0
988  10363  10362  7810  7811  0  0  0  0
155  2708  2707  155  156  0  0  0  0
433  5260  5259  2707  2708  0  0  0  0
711  7812  7811  5259  5260  0  0  0  0
989  10364  10363  7811  7812  0  0  0  0
156  2709  2708  156  157  0  0  0  0
434  5261  5260  2708  2709  0  0  0  0
712  7813  7812  5260  5261  0  0  0  0
990  10365  10364  7812  7813  0  0  0  0
157  2710  2709  157  158  0  0  0  0
435  5262  5261  2709  2710  0  0  0  0
713  7814  7813  5261  5262  0  0  0  0
991  10366  10365  7813  7814  0  0  0  0
158  2711  2710  158  159  0  0  0  0
436  5263  5262  2710  2711  0  0  0  0
714  7815  7814  5262  5263  0  0  0  0
992  10367  10366  7814  7815  0  0  0  0
159  2712  2711  159  160  0  0  0  0
437  5264  5263  2711  2712  0  0  0  0
715  7816  7815  5263  5264  0  0  0  0
993  10368  10367  7815  7816  0  0  0  0
160  2713  2712  160  161  0  0  0  0
438  5265  5264  2712  2713  0  0  0  0
716  7817  7816  5264  5265  0  0  0  0
994  10369  10368  7816  7817  0  0  0  0
161  2714  2713  161  162  0  0  0  0
439  5266  5265  2713  2714  0  0  0  0
717  7818  7817  5265  5266  0  0  0  0
995  10370  10369  7817  7818  0  0  0  0
162  2715  2714  162  163  0  0  0  0
440  5267  5266  2714  2715  0  0  0  0
718  7819  7818  5266  5267  0  0  0  0
996  10371  10370  7818  7819  0  0  0  0
163  2716  2715  163  164  0  0  0  0
441  5268  5267  2715  2716  0  0  0  0
719  7820  7819  5267  5268  0  0  0  0
997  10372  10371  7819  7820  0  0  0  0
164  2717  2716  164  165  0  0  0  0
442  5269  5268  2716  2717  0  0  0  0
720  7821  7820  5268  5269  0  0  0  0
998  10373  10372  7820  7821  0  0  0  0
165  2718  2717  165  166  0  0  0  0
443  5270  5269  2717  2718  0  0  0  0
721  7822  7821  5269  5270  0  0  0  0
999  10374  10373  7821  7822  0  0  0  0
166  2719  2718  166  167  0  0  0  0
444  5271  5270  2718  2719  0  0  0  0
722  7823  7822  5270  5271  0  0  0  0
1000  10375  10374  7822  7823  0  0  0  0
167  2720  2719  167  168  0  0  0  0
445  5272  5271  2719  2720  0  0  0  0
723  7824  7823  5271  5272  0  0  0  0
1001  10376  10375  7823  7824  0  0  0  0
168  2721  2720  168  169  0  0  0  0
446  5273  5272  2720  2721  0  0  0  0
724  7825  7824  5272  5273  0  0  0  0
1002  10377  10376  7824  7825  0  0  0  0
169  2722  2721  169  170  0  0  0  0
447  5274  5273  2721  2722  0  0  0  0
725  7826  7825  5273  5274  0  0  0  0
1003  10378  10377  7825  7826  0  0  0  0
170  2723  2722  170  171  0  0  0  0
448  5275  5274  2722  2723  0  0  0  0
726  7827  7826  5274  5275  0  0  0  0
1004  10379  10378  7826  7827  0  0  0  0
171  2724  2723  171  172  0  0  0  0
449  5276  5275  2723  2724  0  0  0  0
727  7828  7827  5275  5276  0  0  0  0
1005  10380  10379  7827  7828  0  0  0  0
172  2725  2724  172  173  0  0  0  0
450  5277  5276  2724  2725  0  0  0  0
728  7829  7828  5276  5277  0  0  0  0
1006  10381  10380  7828  7829  0  0  0  0
173  2726  2725  173  174  0  0  0  0
451  5278  5277  2725  2726  0  0  0  0
729  7830  7829  5277  5278  0  0  0  0
1007  10382  10381  7829  7830  0  0  0  0
174  2727  2726  174  175  0  0  0  0
452  5279  5278  2726  2727  0  0  0  0
730  7831  7830  5278  5279  0  0  0  0
1008  10383  10382  7830  7831  0  0  0  0
175  2728  2727  175  176  0  0  0  0
453  5280  5279  2727  2728  0  0  0  0
731  7832  7831  5279  5280  0  0  0  0
1009  10384  10383  7831  7832  0  0  0  0
176  2729  2728  176  177  0  0  0  0
454  5281  5280  2728  2729  0  0  0  0
732  7833  7832  5280  5281  0  0  0  0
1010  10385  10384  7832  7833  0  0  0  0
177  2730  2729  177  178  0  0  0  0
455  5282  5281  2729  2730  0  0  0  0
733  7834  7833  5281  5282  0  0  0  0
1011  10386  10385  7833  7834  0  0  0  0
178  2731  2730  178  179  0  0  0  0
456  5283  5282  2730  2731  0  0  0  0
734  7835  7834  5282  5283  0  0  0  0
1012  10387  10386  7834  7835  0  0  0  0
179  2732  2731  179  180  0  0  0  0
457  5284  5283  2731  2732  0  0  0  0
735  7836  7835  5283  5284  0  0  0  0
1013  10388  10387  7835  7836  0  0  0  0
180  2733  2732  180  181  0  0  0  0
458  5285  5284  2732  2733  0  0  0  0
736  7837  7836  5284  5285  0  0  0  0
1014  10389  10388  7836  7837  0  0  0  0
181  2734  2733  181  182  0  0  0  0
459  5286  5285  2733  2734  0  0  0  0
737  7838  7837  5285  5286  0  0  0  0
1015  10390  10389  7837  7838  0  0  0  0
182  2735  2734  182  183  0  0  0  0
460  5287  5286  2734  2735  0  0  0  0
738  7839  7838  5286  5287  0  0  0  0
1016  10391  10390  7838  7839  0  0  0  0
183  2736  2735  183  184  0  0  0  0
461  5288  5287  2735  2736  0  0  0  0
739  7840  7839  5287  5288  0  0  0  0
1017  10392  10391  7839  7840  0  0  0  0
184  2737  2736  184  185  0  0  0  0
462  5289  5288  2736  2737  0  0  0  0
740  7841  7840  5288  5289  0  0  0  0
1018  10393  10392  7840  7841  0  0  0  0
185  2738  2737  185  186  0  0  0  0
463  5290  5289  2737  2738  0  0  0  0
741  7842  7841  5289  5290  0  0  0  0
1019  10394  10393  7841  7842  0  0  0  0
186  2739  2738  186  187  0  0  0  0
464  5291  5290  2738  2739  0  0  0  0
742  7843  7842  5290  5291  0  0  0  0
1020  10395  10394  7842  7843  0  0  0  0
187  2740  2739  187  188  0  0  0  0
465  5292  5291  2739  2740  0  0  0  0
743  7844  7843  5291  5292  0  0  0  0
1021  10396  10395  7843  7844  0  0  0  0
188  2741  2740  188  189  0  0  0  0
466  5293  5292  2740  2741  0  0  0  0
744  7845  7844  5292  5293  0  0  0  0
1022  10397  10396  7844  7845  0  0  0  0
189  2742  2741  189  190  0  0  0  0
467  5294  5293  2741  2742  0  0  0  0
745  7846  7845  5293  5294  0  0  0  0
1023  10398  10397  7845  7846  0  0  0  0
190  2743  2742  190  191  0  0  0  0
468  5295  5294  2742  2743  0  0  0  0
746  7847  7846  5294  5295  0  0  0  0
1024  10399  10398  7846  7847  0  0  0  0
191  2744  2743  191  192  0  0  0  0
469  5296  5295  2743  2744  0  0  0  0
747  7848  7847  5295  5296  0  0  0  0
1025  10400  10399  7847  7848  0  0  0  0
192  2745  2744  192  193  0  0  0  0
470  5297  5296  2744  2745  0  0  0  0
748  7849  7848  5296  5297  0  0  0  0
1026  10401  10400  7848  7849  0  0  0  0
193  2746  2745  193  194  0  0  0  0
471  5298  5297  2745  2746  0  0  0  0
749  7850  7849  5297  5298  0  0  0  0
1027  10402  10401  7849  7850  0  0  0  0
194  2747  2746  194  195  0  0  0  0
472  5299  5298  2746  2747  0  0  0  0
750  7851  7850  5298  5299  0  0  0  0
1028  10403  10402  7850  7851  0  0  0  0
195  2748  2747  195  196  0  0  0  0
473  5300  5299  2747  2748  0  0  0  0
751  7852  7851  5299  5300  0  0  0  0
1029  10404  10403  7851  7852  0  0  0  0
196  2749  2748  196  197  0  0  0  0
474  5301  5300  2748  2749  0  0  0  0
752  7853  7852  5300  5301  0  0  0  0
1030  10405  10404  7852  7853  0  0  0  0
197  2750  2749  197  198  0  0  0  0
475  5302  5301  2749  2750  0  0  0  0
753  7854  7853  5301  5302  0  0  0  0
1031  10406  10405  7853  7854  0  0  0  0
198  2553  2750  198  1  0  0  0  0
476  5105  5302  2750  2553  0  0  0  0
754  7657  7854  5302  5105  0  0  0  0
1032  10209  10406  7854  7657  0  0  0  0
199  2751  2700  148  199  0  0  0  0
477  5303  5252  2700  2751  0  0  0  0
755  7855  7804  5252  5303  0  0  0  0
1033  10407  10356  7804  7855  0  0  0  0
200  2752  2751  199  200  0  0  0  0
478  5304  5303  2751  2752  0  0  0  0
756  7856  7855  5303  5304  0  0  0  0
1034  10408  10407  7855  7856  0  0  0  0
201  2753  2752  200  201  0  0  0  0
479  5305  5304  2752  2753  0  0  0  0
757  7857  7856  5304  5305  0  0  0  0
1035  10409  10408  7856  7857  0  0  0  0
202  2754  2753  201  202  0  0  0  0
480  5306  5305  2753  2754  0  0  0  0
758  7858  7857  5305  5306  0  0  0  0
1036  10410  10409  7857  7858  0  0  0  0
203  2755  2754  202  203  0  0  0  0
481  5307  5306  2754  2755  0  0  0  0
759  7859  7858  5306  5307  0  0  0  0
1037  10411  10410  7858  7859  0  0  0  0
204  2756  2755  203  204  0  0  0  0
482  5308  5307  2755  2756  0  0  0  0
760  7860  7859  5307  5308  0  0  0  0
1038  10412  10411  7859  7860  0  0  0  0
205  2757  2756  204  205  0  0  0  0
483  5309  5308  2756  2757  0  0  0  0
761  7861  7860  5308  5309  0  0  0  0
1039  10413  10412  7860  7861  0  0  0  0
206  2758  2757  205  206  0  0  0  0
484  5310  5309  2757  2758  0  0  0  0
762  7862  7861  5309  5310  0  0  0  0
1040  10414  10413  7861  7862  0  0  0  0
207  2759  2758  206  207  0  0  0  0
485  5311  5310  2758  2759  0  0  0  0
763  7863  7862  5310  5311  0  0  0  0
1041  10415  10414  7862  7863  0  0  0  0
208  2760  2759  207  208  0  0  0  0
486  5312  5311  2759  2760  0  0  0  0
764  7864  7863  5311  5312  0  0  0  0
1042  10416  10415  7863  7864  0  0  0  0
209  2761  2760  208  209  0  0  0  0
487  5313  5312  2760  2761  0  0  0  0
765  7865  7864  5312  5313  0  0  0  0
1043  10417  10416  7864  7865  0  0  0  0
210  2762  2761  209  210  0  0  0  0
488  5314  5313  2761  2762  0  0  0  0
766  7866  7865  5313  5314  0  0  0  0
1044  10418  10417  7865  7866  0  0  0  0
211  2763  2762  210  211  0  0  0  0
489  5315  5314  2762  2763  0  0  0  0
767  7867  7866  5314  5315  0  0  0  0
1045  10419  10418  7866  7867  0  0  0  0
212  2764  2763  211  212  0  0  0  0
490  5316  5315  2763  2764  0  0  0  0
768  7868  7867  5315  5316  0  0  0  0
1046  10420  10419  7867  7868  0  0  0  0
213  2765  2764  212  213  0  0  0  0
491  5317  5316  2764  2765  0  0  0  0
769  7869  7868  5316  5317  0  0  0  0
1047  10421  10420  7868  7869  0  0  0  0
214  2766  2765  213  214  0  0  0  0
492  5318  5317  2765  2766  0  0  0  0
770  7870  7869  5317  5318  0  0  0  0
1048  10422  10421  7869  7870  0  0  0  0
215  2767  2766  214  215  0  0  0  0
493  5319  5318  2766  2767  0  0  0  0
771  7871  7870  5318  5319  0  0  0  0
1049  10423  10422  7870  7871  0  0  0  0
216  2768  2767  215  216  0  0  0  0
494  5320  5319  2767  2768  0  0  0  0
772  7872  7871  5319  5320  0  0  0  0
1050  10424  10423  7871  7872  0  0  0  0
217  2769  2768  216  217  0  0  0  0
495  5321  5320  2768  2769  0  0  0  0
773  7873  7872  5320  5321  0  0  0  0
1051  10425  10424  7872  7873  0  0  0  0
218  2770  2769  217  218  0  0  0  0
496  5322  5321  2769  2770  0  0  0  0
774  7874  7873  5321  5322  0  0  0  0
1052  10426  10425  7873  7874  0  0  0  0
219  2771  2770  218  219  0  0  0  0
497  5323  5322  2770  2771  0  0  0  0
775  7875  7874  5322  5323  0  0  0  0
1053  10427  10426  7874  7875  0  0  0  0
220  2772  2771  219  220  0  0  0  0
498  5324  5323  2771  2772  0  0  0  0
776  7876  7875  5323  5324  0  0  0  0
1054  10428  10427  7875  7876  0  0  0  0
221  2773  2772  220  221  0  0  0  0
499  5325  5324  2772  2773  0  0  0  0
777  7877  7876  5324  5325  0  0  0  0
1055  10429  10428  7876  7877  0  0  0  0
222  2774  2773  221  222  0  0  0  0
500  5326  5325  2773  2774  0  0  0  0
778  7878  7877  5325  5326  0  0  0  0
1056  10430  10429  7877  7878  0  0  0  0
223  2775  2774  222  223  0  0  0  0
501  5327  5326  2774  2775  0  0  0  0
779  7879  7878  5326  5327  0  0  0  0
1057  10431  10430  7878  7879  0  0  0  0
224  2776  2775  223  224  0  0  0  0
502  5328  5327  2775  2776  0  0  0  0
780  7880  7879  5327  5328  0  0  0  0
1058  10432  10431  7879  7880  0  0  0  0
225  2777  2776  224  225  0  0  0  0
503  5329  5328  2776  2777  0  0  0  0
781  7881  7880  5328  5329  0  0  0  0
1059  10433  10432  7880  7881  0  0  0  0
226  2778  2777  225  226  0  0  0  0
504  5330  5329  2777  2778  0  0  0  0
782  7882  7881  5329  5330  0  0  0  0
1060  10434  10433  7881  7882  0  0  0  0
227  2779  2778  226  227  0  0  0  0
505  5331  5330  2778  2779  0  0  0  0
783  7883  7882  5330  5331  0  0  0  0
1061  10435  10434  7882  7883  0  0  0  0
228  2780  2779  227  228  0  0  0  0
506  5332  5331  2779  2780  0  0  0  0
784  7884  7883  5331  5332  0  0  0  0
1062  10436  10435  7883  7884  0  0  0  0
229  2781  2780  228  229  0  0  0  0
507  5333  5332  2780  2781  0  0  0  0
785  7885  7884  5332  5333  0  0  0  0
1063  10437  10436  7884  7885  0  0  0  0
230  2782  2781  229  230  0  0  0  0
508  5334  5333  2781  2782  0  0  0  0
786  7886  7885  5333  5334  0  0  0  0
1064  10438  10437  7885  7886  0  0  0  0
231  2783  2782  230  231  0  0  0  0
509  5335  5334  2782  2783  0  0  0  0
787  7887  7886  5334  5335  0  0  0  0
1065  10439  10438  7886  7887  0  0  0  0
232  2784  2783  231  232  0  0  0  0
510  5336  5335  2783  2784  0  0  0  0
788  7888  7887  5335  5336  0  0  0  0
1066  10440  10439  7887  7888  0  0  0  0
233  2785  2784  232  233  0  0  0  0
511  5337  5336  2784  2785  0  0  0  0
789  7889  7888  5336  5337  0  0  0  0
1067  10441  10440  7888  7889  0  0  0  0
234  2786  2785  233  234  0  0  0  0
512  5338  5337  2785  2786  0  0  0  0
790  7890  7889  5337  5338  0  0  0  0
1068  10442  10441  7889  7890  0  0  0  0
235  2787  2786  234  235  0  0  0  0
513  5339  5338  2786  2787  0  0  0  0
791  7891  7890  5338  5339  0  0  0  0
1069  10443  10442  7890  7891  0  0  0  0
236  2788  2787  235  236  0  0  0  0
514  5340  5339  2787  2788  0  0  0  0
792  7892  7891  5339  5340  0  0  0  0
1070  10444  10443  7891  7892  0  0  0  0
237  2789  2788  236  237  0  0  0  0
515  5341  5340  2788  2789  0  0  0  0
793  7893  7892  5340  5341  0  0  0  0
1071  10445  10444  7892  7893  0  0  0  0
238  2605  2789  237  53  0  0  0  0
516  5157  5341  2789  2605  0  0  0  0
794  7709  7893  5341  5157  0  0  0  0
1072  10261  10445  7893  7709  0  0  0  0
239  2790  2687  135  238  0  0  0  0
517  5342  5239  2687  2790  0  0  0  0
795  7894  7791  5239  5342  0  0  0  0
1073  10446  10343  7791  7894  0  0  0  0
240  2791  2790  238  239  0  0  0  0
518  5343  5342  2790  2791  0  0  0  0
796  7895  7894  5342  5343  0  0  0  0
1074  10447  10446  7894  7895  0  0  0  0
241  2792  2791  239  240  0  0  0  0
519  5344  5343  2791  2792  0  0  0  0
797  7896  7895  5343  5344  0  0  0  0
1075  10448  10447  7895  7896  0  0  0  0
242  2793  2792  240  241  0  0  0  0
520  5345  5344  2792  2793  0  0  0  0
798  7897  7896  5344  5345  0  0  0  0
1076  10449  10448  7896  7897  0  0  0  0
243  2794  2793  241  242  0  0  0  0
521  5346  5345  2793  2794  0  0  0  0
799  7898  7897  5345  5346  0  0  0  0
1077  10450  10449  7897  7898  0  0  0  0
244  2795  2794  242  243  0  0  0  0
522  5347  5346  2794  2795  0  0  0  0
800  7899  7898  5346  5347  0  0  0  0
1078  10451  10450  7898  7899  0  0  0  0
245  2796  2795  243  244  0  0  0  0
523  5348  5347  2795  2796  0  0  0  0
801  7900  7899  5347  5348  0  0  0  0
1079  10452  10451  7899  7900  0  0  0  0
246  2797  2796  244  245  0  0  0  0
524  5349  5348  2796  2797  0  0  0  0
802  7901  7900  5348  5349  0  0  0  0
1080  10453  10452  7900  7901  0  0  0  0
247  2798  2797  245  246  0  0  0  0
525  5350  5349  2797  2798  0  0  0  0
803  7902  7901  5349  5350  0  0  0  0
1081  10454  10453  7901  7902  0  0  0  0
248  2799  2798  246  247  0  0  0  0
526  5351  5350  2798  2799  0  0  0  0
804  7903  7902  5350  5351  0  0  0  0
1082  10455  10454  7902  7903  0  0  0  0
249  2800  2799  247  248  0  0  0  0
527  5352  5351  2799  2800  0  0  0  0
805  7904  7903  5351  5352  0  0  0  0
1083  10456  10455  7903  7904  0  0  0  0
250  2801  2800  248  249  0  0  0  0
528  5353  5352  2800  2801  0  0  0  0
806  7905  7904  5352  5353  0  0  0  0
1084  10457  10456  7904  7905  0  0  0  0
251  2802  2801  249  250  0  0  0  0
529  5354  5353  2801  2802  0  0  0  0
807  7906  7905  5353  5354  0  0  0  0
1085  10458  10457  7905  7906  0  0  0  0
252  2803  2802  250  251  0  0  0  0
530  5355  5354  2802  2803  0  0  0  0
808  7907  7906  5354  5355  0  0  0  0
1086  10459  10458  7906  7907  0  0  0  0
253  2804  2803  251  252  0  0  0  0
531  5356  5355  2803  2804  0  0  0  0
809  7908  7907  5355  5356  0  0  0  0
1087  10460  10459  7907  7908  0  0  0  0
254  2805  2804  252  253  0  0  0  0
532  5357  5356  2804  2805  0  0  0  0
810  7909  7908  5356  5357  0  0  0  0
1088  10461  10460  7908  7909  0  0  0  0
255  2806  2805  253  254  0  0  0  0
533  5358  5357  2805  2806  0  0  0  0
811  7910  7909  5357  5358  0  0  0  0
1089  10462  10461  7909  7910  0  0  0  0
256  2807  2806  254  255  0  0  0  0
534  5359  5358  2806  2807  0  0  0  0
812  7911  7910  5358  5359  0  0  0  0
1090  10463  10462  7910  7911  0  0  0  0
257  2808  2807  255  256  0  0  0  0
535  5360  5359  2807  2808  0  0  0  0
813  7912  7911  5359  5360  0  0  0  0
1091  10464  10463  7911  7912  0  0  0  0
258  2809  2808  256  257  0  0  0  0
536  5361  5360  2808  2809  0  0  0  0
814  7913  7912  5360  5361  0  0  0  0
1092  10465  10464  7912  7913  0  0  0  0
259  2810  2809  257  258  0  0  0  0
537  5362  5361  2809  2810  0  0  0  0
815  7914  7913  5361  5362  0  0  0  0
1093  10466  10465  7913  7914  0  0  0  0
260  2811  2810  258  259  0  0  0  0
538  5363  5362  2810  2811  0  0  0  0
816  7915  7914  5362  5363  0  0  0  0
1094  10467  10466  7914  7915  0  0  0  0
261  2812  2811  259  260  0  0  0  0
539  5364  5363  2811  2812  0  0  0  0
817  7916  7915  5363  5364  0  0  0  0
1095  10468  10467  7915  7916  0  0  0  0
262  2813  2812  260  261  0  0  0  0
540  5365  5364  2812  2813  0  0  0  0
818  7917  7916  5364  5365  0  0  0  0
1096  10469  10468  7916  7917  0  0  0  0
263  2814  2813  261  262  0  0  0  0
541  5366  5365  2813  2814  0  0  0  0
819  7918  7917  5365  5366  0  0  0  0
1097  10470  10469  7917  7918  0  0  0  0
264  2815  2814  262  263  0  0  0  0
542  5367  5366  2814  2815  0  0  0  0
820  7919  7918  5366  5367  0  0  0  0
1098  10471  10470  7918  7919  0  0  0  0
265  2816  2815  263  264  0  0  0  0
543  5368  5367  2815  2816  0  0  0  0
821  7920  7919  5367  5368  0  0  0  0
1099  10472  10471  7919  7920  0  0  0  0
266  2817  2816  264  265  0  0  0  0
544  5369  5368  2816  2817  0  0  0  0
822  7921  7920  5368  5369  0  0  0  0
1100  10473  10472  7920  7921  0  0  0  0
267  2818  2817  265  266  0  0  0  0
545  5370  5369  2817  2818  0  0  0  0
823  7922  7921  5369  5370  0  0  0  0
1101  10474  10473  7921  7922  0  0  0  0
268  2819  2818  266  267  0  0  0  0
546  5371  5370  2818  2819  0  0  0  0
824  7923  7922  5370  5371  0  0  0  0
1102  10475  10474  7922  7923  0  0  0  0
269  2820  2819  267  268  0  0  0  0
547  5372  5371  2819  2820  0  0  0  0
825  7924  7923  5371  5372  0  0  0  0
1103  10476  10475  7923  7924  0  0  0  0
270  2821  2820  268  269  0  0  0  0
548  5373  5372  2820  2821  0  0  0  0
826  7925  7924  5372  5373  0  0  0  0
1104  10477  10476  7924  7925  0  0  0  0
271  2822  2821  269  270  0  0  0  0
549  5374  5373  2821  2822  0  0  0  0
827  7926  7925  5373  5374  0  0  0  0
1105  10478  10477  7925  7926  0  0  0  0
272  2823  2822  270  271  0  0  0  0
550  5375  5374  2822  2823  0  0  0  0
828  7927  7926  5374  5375  0  0  0  0
1106  10479  10478  7926  7927  0  0  0  0
273  2824  2823  271  272  0  0  0  0
551  5376  5375  2823  2824  0  0  0  0
829  7928  7927  5375  5376  0  0  0  0
1107  10480  10479  7927  7928  0  0  0  0
274  2825  2824  272  273  0  0  0  0
552  5377  5376  2824  2825  0  0  0  0
830  7929  7928  5376  5377  0  0  0  0
1108  10481  10480  7928  7929  0  0  0  0
275  2826  2825  273  274  0  0  0  0
553  5378  5377  2825  2826  0  0  0  0
831  7930  7929  5377  5378  0  0  0  0
1109  10482  10481  7929  7930  0  0  0  0
276  2827  2826  274  275  0  0  0  0
554  5379  5378  2826  2827  0  0  0  0
832  7931  7930  5378  5379  0  0  0  0
1110  10483  10482  7930  7931  0  0  0  0
277  2828  2827  275  276  0  0  0  0
555  5380  5379  2827  2828  0  0  0  0
833  7932  7931  5379  5380  0  0  0  0
1111  10484  10483  7931  7932  0  0  0  0
278  2618  2828  276  66  0  0  0  0
556  5170  5380  2828  2618  0  0  0  0
834  7722  7932  5380  5170  0  0  0  0
1112  10274  10484  7932  7722  0  0  0  0
