1  3  0  -65.6968
279  5  0  -65.7995
557  1  0  -66.7364
835  5  0  -68.3885
2  3  0  -36.2003
280  5  0  -36.1135
558  1  0  -35.4134
836  5  0  -34.4772
3  3  0  -25.6909
281  5  0  -25.68
559  1  0  -25.6006
837  5  0  -25.5134
4  3  0  -21.8902
282  5  0  -21.8889
560  1  0  -21.8797
838  5  0  -21.8702
5  3  0  -20.1884
283  5  0  -20.1881
561  1  0  -20.1861
839  5  0  -20.184
6  3  0  -19.6953
284  5  0  -19.6953
562  1  0  -19.6951
840  5  0  -19.695
7  3  0  -19.5483
285  5  0  -19.5483
563  1  0  -19.5485
841  5  0  -19.5486
8  3  0  -19.1038
286  5  0  -19.1038
564  1  0  -19.1039
842  5  0  -19.104
9  3  0  -19.6563
287  5  0  -19.6563
565  1  0  -19.6561
843  5  0  -19.6559
10  3  0  -19.418
288  5  0  -19.4181
566  1  0  -19.4187
844  5  0  -19.4193
11  3  0  -20.3118
289  5  0  -20.3117
567  1  0  -20.3112
845  5  0  -20.3108
12  3  0  -20.7482
290  5  0  -20.7482
568  1  0  -20.7482
846  5  0  -20.7482
13  3  0  -21.1526
291  5  0  -21.1526
569  1  0  -21.1531
847  5  0  -21.1536
14  3  0  -22.1515
292  5  0  -22.1514
570  1  0  -22.1508
848  5  0  -22.1501
15  3  0  -22.5167
293  5  0  -22.5167
571  1  0  -22.5167
849  5  0  -22.5167
16  3  0  -22.8973
294  5  0  -22.8973
572  1  0  -22.8975
850  5  0  -22.8978
17  3  0  -23.5551
295  5  0  -23.5551
573  1  0  -23.5548
851  5  0  -23.5546
18  3  0  -23.9152
296  5  0  -23.9152
574  1  0  -23.9151
852  5  0  -23.9151
19  3  0  -24.2069
297  5  0  -24.2069
575  1  0  -24.207
853  5  0  -24.207
20  3  0  -24.5494
298  5  0  -24.5494
576  1  0  -24.5496
854  5  0  -24.5498
21  3  0  -25.137
299  5  0  -25.137
577  1  0  -25.1368
855  5  0  -25.1366
22  3  0  -25.4631
300  5  0  -25.4631
578  1  0  -25.4631
856  5  0  -25.463
23  3  0  -25.6421
301  5  0  -25.6421
579  1  0  -25.6421
857  5  0  -25.6421
24  3  0  -25.8061
302  5  0  -25.8061
580  1  0  -25.8061
858  5  0  -25.8061
25  3  0  -25.942
303  5  0  -25.942
581  1  0  -25.942
859  5  0  -25.942
26  3  0  -25.9877
304  5  0  -25.9877
582  1  0  -25.9878
860  5  0  -25.9878
27  3  0  -26.158
305  5  0  -26.158
583  1  0  -26.158
861  5  0  -26.1579
28  3  0  -26.2538
306  5  0  -26.2538
584  1  0  -26.2537
862  5  0  -26.2537
29  3  0  -26.2487
307  5  0  -26.2487
585  1  0  -26.2487
863  5  0  -26.2487
30  3  0  -26.1486
308  5  0  -26.1486
586  1  0  -26.1486
864  5  0  -26.1486
31  3  0  -25.9904
309  5  0  -25.9904
587  1  0  -25.9904
865  5  0  -25.9904
32  3  0  -25.809
310  5  0  -25.809
588  1  0  -25.809
866  5  0  -25.809
33  3  0  -25.7107
311  5  0  -25.7107
589  1  0  -25.7107
867  5  0  -25.7107
34  3  0  -25.5729
312  5  0  -25.5729
590  1  0  -25.573
868  5  0  -25.5731
35  3  0  -25.2756
313  5  0  -25.2756
591  1  0  -25.2757
869  5  0  -25.2757
36  3  0  -24.9381
314  5  0  -24.9381
592  1  0  -24.9383
870  5  0  -24.9384
37  3  0  -24.4153
315  5  0  -24.4153
593  1  0  -24.4153
871  5  0  -24.4153
38  3  0  -23.9223
316  5  0  -23.9223
594  1  0  -23.9223
872  5  0  -23.9223
39  3  0  -23.4225
317  5  0  -23.4226
595  1  0  -23.4227
873  5  0  -23.4228
40  3  0  -22.8076
318  5  0  -22.8076
596  1  0  -22.8077
874  5  0  -22.8077
41  3  0  -22.1128
319  5  0  -22.1128
597  1  0  -22.1129
875  5  0  -22.1129
42  3  0  -21.387
320  5  0  -21.387
598  1  0  -21.3872
876  5  0  -21.3873
43  3  0  -20.5645
321  5  0  -20.5646
599  1  0  -20.5654
877  5  0  -20.5661
44  3  0  -19.2843
322  5  0  -19.2842
600  1  0  -19.2837
878  5  0  -19.2831
45  3  0  -18.2921
323  5  0  -18.2921
601  1  0  -18.2922
879  5  0  -18.2923
46  3  0  -17.2414
324  5  0  -17.2415
602  1  0  -17.2416
880  5  0  -17.2417
47  3  0  -16.1154
325  5  0  -16.1154
603  1  0  -16.1156
881  5  0  -16.1157
48  3  0  -14.9049
326  5  0  -14.9049
604  1  0  -14.9051
882  5  0  -14.9052
49  3  0  -13.6178
327  5  0  -13.6179
605  1  0  -13.6179
883  5  0  -13.618
50  3  0  -12.3026
328  5  0  -12.3027
606  1  0  -12.303
884  5  0  -12.3033
51  3  0  -10.8474
329  5  0  -10.8475
607  1  0  -11.0539
885  5  0  -11.2633
52  3  0  -9.30134
330  5  0  -9.24958
608  6  0  -9.19371
886  5  0  -9.17491
53  3  0  -7.9171
331  5  0  -7.8533
609  6  0  -7.75311
887  5  0  -7.70828
54  3  0  -6.46506
332  5  0  -6.46503
610  6  0  -6.46486
888  5  0  -6.46468
55  3  0  -5.08583
333  5  0  -5.0859
611  6  0  -5.08642
889  5  0  -5.08695
56  3  0  -3.48117
334  5  0  -3.48113
612  6  0  -3.48084
890  5  0  -3.48055
57  3  0  -1.99703
335  5  0  -1.99698
613  6  0  -1.99668
891  5  0  -1.99637
58  3  0  -0.651194
336  5  0  -0.651176
614  6  0  -0.651052
892  5  0  -0.650926
59  3  0  0.633577
337  5  0  0.633582
615  6  0  0.633617
893  5  0  0.633652
60  3  0  1.90067
338  5  0  1.90066
616  6  0  1.90059
894  5  0  1.90052
61  3  0  3.20358
339  5  0  3.20349
617  6  0  3.20285
895  5  0  3.20221
62  3  0  4.79059
340  5  0  4.79076
618  6  0  4.79191
896  5  0  4.79309
63  3  0  5.80061
341  5  0  5.80053
619  6  0  5.79995
897  5  0  5.79937
64  3  0  7.13023
342  5  0  7.13021
620  6  0  7.13005
898  5  0  7.1299
65  3  0  8.54239
343  5  0  8.5988
621  6  0  8.69304
899  5  0  8.74296
66  3  0  9.82758
344  5  0  9.90006
622  6  0  10.1328
900  5  0  10.4121
67  3  0  10.949
345  5  0  10.9489
623  1  0  11.1958
901  5  0  11.4463
68  3  0  12.3595
346  5  0  12.3594
624  1  0  12.3592
902  5  0  12.3591
69  3  0  13.8489
347  5  0  13.8489
625  1  0  13.8492
903  5  0  13.8495
70  3  0  15.1993
348  5  0  15.1993
626  1  0  15.1997
904  5  0  15.2
71  3  0  16.3913
349  5  0  16.3913
627  1  0  16.3912
905  5  0  16.3912
72  3  0  17.5994
350  5  0  17.5993
628  1  0  17.5988
906  5  0  17.5982
73  3  0  19.0607
351  5  0  19.0606
629  1  0  19.0601
907  5  0  19.0595
74  3  0  20.7456
352  5  0  20.7457
630  1  0  20.7461
908  5  0  20.7466
75  3  0  22.2579
353  5  0  22.2579
631  1  0  22.2579
909  5  0  22.258
76  3  0  23.7436
354  5  0  23.7436
632  1  0  23.7433
910  5  0  23.7431
77  3  0  25.3364
355  5  0  25.3364
633  1  0  25.3363
911  5  0  25.3363
78  3  0  26.9512
356  5  0  26.951
634  1  0  26.9499
912  5  0  26.9488
79  3  0  28.9465
357  5  0  28.9465
635  1  0  28.9462
913  5  0  28.9459
80  3  0  31.0362
358  5  0  31.0363
636  1  0  31.0373
914  5  0  31.0383
81  3  0  32.8073
359  5  0  32.8072
637  1  0  32.8061
915  5  0  32.805
82  3  0  34.9331
360  5  0  34.933
638  1  0  34.9326
916  5  0  34.9321
83  3  0  37.181
361  5  0  37.181
639  1  0  37.1812
917  5  0  37.1814
84  3  0  39.3705
362  5  0  39.3703
640  1  0  39.369
918  5  0  39.3676
85  3  0  41.9176
363  5  0  41.9177
641  1  0  41.9186
919  5  0  41.9196
86  3  0  44.2309
364  5  0  44.2309
642  1  0  44.2312
920  5  0  44.2315
87  3  0  46.4697
365  5  0  46.4689
643  1  0  46.4633
921  5  0  46.4575
88  3  0  49.9272
366  5  0  49.9279
644  1  0  49.9331
922  5  0  49.9386
89  3  0  52.255
367  5  0  52.2547
645  1  0  52.2521
923  5  0  52.2493
90  3  0  55.2021
368  5  0  55.2018
646  1  0  55.1996
924  5  0  55.1974
91  3  0  58.5706
369  5  0  58.5704
647  1  0  58.5689
925  5  0  58.5673
92  3  0  62.2046
370  5  0  62.2047
648  1  0  62.2056
926  5  0  62.2065
93  3  0  65.6864
371  5  0  65.6865
649  1  0  65.6873
927  5  0  65.6882
94  3  0  69.0162
372  5  0  69.0155
650  1  0  69.0103
928  5  0  69.0048
95  3  0  73.1998
373  5  0  73.1998
651  1  0  73.1995
929  5  0  73.1992
96  3  0  77.4228
374  5  0  77.4233
652  1  0  77.4264
930  5  0  77.4297
97  3  0  81.159
375  5  0  81.1593
653  1  0  81.1611
931  5  0  81.163
98  3  0  84.5845
376  5  0  84.5855
654  1  0  84.5927
932  5  0  84.6001
99  3  0  86.2442
377  5  0  86.2445
655  1  0  86.2467
933  5  0  86.2491
100  3  0  93.7504
378  5  0  93.7503
656  1  0  93.749
934  5  0  93.7478
101  3  0  94.9575
379  5  0  94.957
657  1  0  94.9533
935  5  0  94.9495
102  3  0  97.4097
380  5  0  97.4097
658  1  0  97.4092
936  5  0  97.4087
103  3  0  99.9774
381  5  0  99.9758
659  1  0  99.9644
937  5  0  99.9524
104  3  0  104.503
382  5  0  104.503
660  1  0  104.51
938  5  0  104.516
105  3  0  108.083
383  5  0  108.083
661  1  0  108.085
939  5  0  108.087
106  3  0  111.339
384  5  0  111.339
662  1  0  111.339
940  5  0  111.339
107  3  0  114.543
385  5  0  114.542
663  1  0  114.54
941  5  0  114.538
108  3  0  118.124
386  5  0  118.125
664  1  0  118.128
942  5  0  118.132
109  3  0  121.023
387  5  0  121.023
665  1  0  121.022
943  5  0  121.022
110  3  0  124.006
388  5  0  124.006
666  1  0  124.006
944  5  0  124.006
111  3  0  127.026
389  5  0  127.026
667  1  0  127.026
945  5  0  127.026
112  3  0  130.074
390  5  0  130.074
668  1  0  130.076
946  5  0  130.077
113  3  0  132.87
391  5  0  132.87
669  1  0  132.87
947  5  0  132.87
114  3  0  135.674
392  5  0  135.674
670  1  0  135.675
948  5  0  135.675
115  3  0  138.319
393  5  0  138.319
671  1  0  138.32
949  5  0  138.321
116  3  0  140.748
394  5  0  140.748
672  1  0  140.748
950  5  0  140.748
117  3  0  143.252
395  5  0  143.252
673  1  0  143.251
951  5  0  143.251
118  3  0  145.867
396  5  0  145.867
674  1  0  145.868
952  5  0  145.869
119  3  0  148.245
397  5  0  148.245
675  1  0  148.246
953  5  0  148.248
120  3  0  150.29
398  5  0  150.29
676  1  0  150.289
954  5  0  150.288
121  3  0  152.551
399  5  0  152.551
677  1  0  152.551
955  5  0  152.552
122  3  0  154.716
400  5  0  154.716
678  1  0  154.717
956  5  0  154.718
123  3  0  156.563
401  5  0  156.563
679  1  0  156.563
957  5  0  156.563
124  3  0  158.502
402  5  0  158.502
680  1  0  158.501
958  5  0  158.501
125  3  0  160.496
403  5  0  160.496
681  1  0  160.497
959  5  0  160.498
126  3  0  162.261
404  5  0  162.261
682  1  0  162.261
960  5  0  162.262
127  3  0  163.888
405  5  0  163.888
683  1  0  163.888
961  5  0  163.888
128  3  0  165.514
406  5  0  165.514
684  1  0  165.514
962  5  0  165.514
129  3  0  167.151
407  5  0  167.151
685  1  0  167.152
963  5  0  167.152
130  3  0  168.724
408  5  0  168.724
686  1  0  168.724
964  5  0  168.725
131  3  0  170.087
409  5  0  170.087
687  1  0  170.087
965  5  0  170.088
132  3  0  171.284
410  5  0  171.284
688  1  0  171.284
966  5  0  171.283
133  3  0  172.663
411  5  0  172.663
689  1  0  172.412
967  5  0  172.157
134  3  0  174.04
412  5  0  173.977
690  6  0  173.8
968  5  0  173.616
135  3  0  175.206
413  5  0  175.157
691  6  0  175.079
969  5  0  175.039
136  3  0  176.54
414  5  0  176.54
692  6  0  176.54
970  5  0  176.541
137  3  0  177.644
415  5  0  177.644
693  6  0  177.644
971  5  0  177.644
138  3  0  178.779
416  5  0  178.779
694  6  0  178.779
972  5  0  178.779
139  3  0  179.904
417  5  0  179.904
695  6  0  179.904
973  5  0  179.904
140  3  0  -178.988
418  5  0  -178.988
696  6  0  -178.988
974  5  0  -178.988
141  3  0  -177.959
419  5  0  -177.959
697  6  0  -177.958
975  5  0  -177.958
142  3  0  -177.036
420  5  0  -177.036
698  6  0  -177.036
976  5  0  -177.035
143  3  0  -176.215
421  5  0  -176.215
699  6  0  -176.215
977  5  0  -176.215
144  3  0  -175.454
422  5  0  -175.454
700  6  0  -175.454
978  5  0  -175.455
145  3  0  -174.331
423  5  0  -174.331
701  6  0  -174.331
979  5  0  -174.331
146  3  0  -173.402
424  5  0  -173.402
702  6  0  -173.401
980  5  0  -173.401
147  3  0  -172.658
425  5  0  -172.69
703  6  0  -172.741
981  5  0  -172.766
148  3  0  -171.982
426  5  0  -172.007
704  6  0  -172.036
982  5  0  -172.046
149  3  0  -170.977
427  5  0  -170.977
705  1  0  -170.775
983  5  0  -170.571
150  3  0  -169.912
428  5  0  -169.912
706  1  0  -169.911
984  5  0  -169.911
151  3  0  -169.193
429  5  0  -169.193
707  1  0  -169.193
985  5  0  -169.192
152  3  0  -168.522
430  5  0  -168.522
708  1  0  -168.522
986  5  0  -168.522
153  3  0  -167.894
431  5  0  -167.894
709  1  0  -167.894
987  5  0  -167.894
154  3  0  -167.153
432  5  0  -167.153
710  1  0  -167.152
988  5  0  -167.152
155  3  0  -166.596
433  5  0  -166.596
711  1  0  -166.596
989  5  0  -166.596
156  3  0  -166.102
434  5  0  -166.102
712  1  0  -166.102
990  5  0  -166.102
157  3  0  -165.524
435  5  0  -165.524
713  1  0  -165.524
991  5  0  -165.524
158  3  0  -164.811
436  5  0  -164.81
714  1  0  -164.81
992  5  0  -164.81
159  3  0  -164.327
437  5  0  -164.327
715  1  0  -164.327
993  5  0  -164.327
160  3  0  -163.832
438  5  0  -163.832
716  1  0  -163.832
994  5  0  -163.832
161  3  0  -163.394
439  5  0  -163.394
717  1  0  -163.394
995  5  0  -163.394
162  3  0  -163.036
440  5  0  -163.036
718  1  0  -163.036
996  5  0  -163.036
163  3  0  -162.703
441  5  0  -162.703
719  1  0  -162.703
997  5  0  -162.703
164  3  0  -162.352
442  5  0  -162.352
720  1  0  -162.352
998  5  0  -162.351
165  3  0  -162.077
443  5  0  -162.077
721  1  0  -162.077
999  5  0  -162.077
166  3  0  -161.627
444  5  0  -161.627
722  1  0  -161.627
1000  5  0  -161.627
167  3  0  -161.189
445  5  0  -161.189
723  1  0  -161.189
1001  5  0  -161.189
168  3  0  -160.935
446  5  0  -160.935
724  1  0  -160.935
1002  5  0  -160.935
169  3  0  -160.574
447  5  0  -160.574
725  1  0  -160.574
1003  5  0  -160.574
170  3  0  -160.287
448  5  0  -160.287
726  1  0  -160.287
1004  5  0  -160.287
171  3  0  -159.917
449  5  0  -159.917
727  1  0  -159.917
1005  5  0  -159.917
172  3  0  -159.624
450  5  0  -159.624
728  1  0  -159.624
1006  5  0  -159.624
173  3  0  -159.3
451  5  0  -159.3
729  1  0  -159.3
1007  5  0  -159.3
174  3  0  -158.972
452  5  0  -158.972
730  1  0  -158.971
1008  5  0  -158.971
175  3  0  -158.732
453  5  0  -158.732
731  1  0  -158.732
1009  5  0  -158.732
176  3  0  -158.544
454  5  0  -158.544
732  1  0  -158.544
1010  5  0  -158.544
177  3  0  -158.227
455  5  0  -158.227
733  1  0  -158.227
1011  5  0  -158.227
178  3  0  -157.828
456  5  0  -157.828
734  1  0  -157.828
1012  5  0  -157.828
179  3  0  -157.455
457  5  0  -157.455
735  1  0  -157.455
1013  5  0  -157.455
180  3  0  -157.104
458  5  0  -157.104
736  1  0  -157.104
1014  5  0  -157.104
181  3  0  -156.862
459  5  0  -156.862
737  1  0  -156.862
1015  5  0  -156.862
182  3  0  -156.473
460  5  0  -156.473
738  1  0  -156.473
1016  5  0  -156.473
183  3  0  -156.136
461  5  0  -156.136
739  1  0  -156.136
1017  5  0  -156.136
184  3  0  -155.757
462  5  0  -155.757
740  1  0  -155.757
1018  5  0  -155.757
185  3  0  -155.329
463  5  0  -155.329
741  1  0  -155.329
1019  5  0  -155.329
186  3  0  -154.815
464  5  0  -154.815
742  1  0  -154.815
1020  5  0  -154.816
187  3  0  -154.184
465  5  0  -154.184
743  1  0  -154.184
1021  5  0  -154.184
188  3  0  -153.436
466  5  0  -153.436
744  1  0  -153.436
1022  5  0  -153.436
189  3  0  -152.852
467  5  0  -152.852
745  1  0  -152.852
1023  5  0  -152.852
190  3  0  -152.146
468  5  0  -152.146
746  1  0  -152.147
1024  5  0  -152.147
191  3  0  -150.936
469  5  0  -150.936
747  1  0  -150.936
1025  5  0  -150.937
192  3  0  -149.575
470  5  0  -149.575
748  1  0  -149.576
1026  5  0  -149.577
193  3  0  -147.84
471  5  0  -147.841
749  1  0  -147.842
1027  5  0  -147.844
194  3  0  -145.579
472  5  0  -145.58
750  1  0  -145.583
1028  5  0  -145.586
195  3  0  -142.603
473  5  0  -142.605
751  1  0  -142.619
1029  5  0  -142.633
196  3  0  -137.485
474  5  0  -137.49
752  1  0  -137.526
1030  5  0  -137.565
197  3  0  -129.07
475  5  0  -129.148
753  1  0  -129.766
1031  5  0  -130.56
198  3  0  -101.357
476  5  0  -101.305
754  1  0  -100.89
1032  5  0  -100.343
199  2  0  -90.002
477  1  0  -90.002
755  1  0  -90.002
1033  2  0  -90.002
200  2  0  -90.002
478  1  0  -90.002
756  1  0  -90.002
1034  2  0  -90.002
201  2  0  -90.002
479  1  0  -90.002
757  1  0  -90.002
1035  2  0  -90.002
202  2  0  -90.002
480  1  0  -90.002
758  1  0  -90.002
1036  2  0  -90.002
203  2  0  -90.002
481  1  0  -90.002
759  1  0  -90.002
1037  2  0  -90.002
204  2  0  -90.002
482  1  0  -90.002
760  1  0  -90.002
1038  2  0  -90.002
205  2  0  -90.002
483  1  0  -90.002
761  1  0  -90.002
1039  2  0  -90.002
206  2  0  -90.002
484  1  0  -90.002
762  1  0  -90.002
1040  2  0  -90.002
207  2  0  -90.002
485  1  0  -90.002
763  1  0  -90.002
1041  2  0  -90.002
208  2  0  -90.002
486  1  0  -90.002
764  1  0  -90.002
1042  2  0  -90.002
209  2  0  -90.002
487  1  0  -90.002
765  1  0  -90.002
1043  2  0  -90.002
210  2  0  -90.002
488  1  0  -90.002
766  1  0  -90.002
1044  2  0  -90.002
211  2  0  -90.002
489  1  0  -90.002
767  1  0  -90.002
1045  2  0  -90.002
212  2  0  -90.002
490  1  0  -90.002
768  1  0  -90.002
1046  2  0  -90.002
213  2  0  -90.002
491  1  0  -90.002
769  1  0  -90.002
1047  2  0  -90.002
214  2  0  -90.002
492  1  0  -90.002
770  1  0  -90.002
1048  2  0  -90.002
215  2  0  -90.002
493  1  0  -90.002
771  1  0  -90.002
1049  2  0  -90.002
216  2  0  -90.002
494  1  0  -90.002
772  1  0  -90.002
1050  2  0  -90.002
217  2  0  -90.002
495  1  0  -90.002
773  1  0  -90.002
1051  2  0  -90.002
218  2  0  -90.002
496  1  0  -90.002
774  1  0  -90.002
1052  2  0  -90.002
219  2  0  -90.002
497  1  0  -90.002
775  1  0  -90.002
1053  2  0  -90.002
220  2  0  -90.002
498  1  0  -90.002
776  1  0  -90.002
1054  2  0  -90.002
221  2  0  -90.002
499  1  0  -90.002
777  1  0  -90.002
1055  2  0  -90.002
222  2  0  -90.002
500  1  0  -90.002
778  1  0  -90.002
1056  2  0  -90.002
223  2  0  -90.002
501  1  0  -90.002
779  1  0  -90.002
1057  2  0  -90.002
224  2  0  -90.002
502  1  0  -90.002
780  1  0  -90.002
1058  2  0  -90.002
225  2  0  -90.002
503  1  0  -90.002
781  1  0  -90.002
1059  2  0  -90.002
226  2  0  -90.002
504  1  0  -90.002
782  1  0  -90.002
1060  2  0  -90.002
227  2  0  -90.002
505  1  0  -90.002
783  1  0  -90.002
1061  2  0  -90.002
228  2  0  -90.002
506  1  0  -90.002
784  1  0  -90.002
1062  2  0  -90.002
229  2  0  -90.002
507  1  0  -90.002
785  1  0  -90.002
1063  2  0  -90.002
230  2  0  -90.002
508  1  0  -90.002
786  1  0  -90.002
1064  2  0  -90.002
231  2  0  -90.002
509  1  0  -90.002
787  1  0  -90.002
1065  2  0  -90.002
232  2  0  -90.002
510  1  0  -90.002
788  1  0  -90.002
1066  2  0  -90.002
233  2  0  -90.002
511  1  0  -90.002
789  1  0  -90.002
1067  2  0  -90.002
234  2  0  -90.002
512  1  0  -90.002
790  1  0  -90.002
1068  2  0  -90.002
235  2  0  -90.002
513  1  0  -90.002
791  1  0  -90.002
1069  2  0  -90.002
236  2  0  -90.002
514  1  0  -90.002
792  1  0  -90.002
1070  2  0  -90.002
237  2  0  -90.002
515  1  0  -90.002
793  1  0  -90.002
1071  2  0  -90.002
238  2  0  -90.002
516  1  0  -90.002
794  1  0  -90.002
1072  2  0  -90.002
239  2  0  -89.9898
517  1  0  -89.9898
795  1  0  -89.9898
1073  2  0  -89.9898
240  2  0  -89.9898
518  1  0  -89.9898
796  1  0  -89.9898
1074  2  0  -89.9898
241  2  0  -89.9898
519  1  0  -89.9898
797  1  0  -89.9898
1075  2  0  -89.9898
242  2  0  -89.9898
520  1  0  -89.9898
798  1  0  -89.9898
1076  2  0  -89.9898
243  2  0  -89.9898
521  1  0  -89.9898
799  1  0  -89.9898
1077  2  0  -89.9898
244  2  0  -89.9898
522  1  0  -89.9898
800  1  0  -89.9898
1078  2  0  -89.9898
245  2  0  -89.9898
523  1  0  -89.9898
801  1  0  -89.9898
1079  2  0  -89.9898
246  2  0  -89.9898
524  1  0  -89.9898
802  1  0  -89.9898
1080  2  0  -89.9898
247  2  0  -89.9898
525  1  0  -89.9898
803  1  0  -89.9898
1081  2  0  -89.9898
248  2  0  -89.9898
526  1  0  -89.9898
804  1  0  -89.9898
1082  2  0  -89.9898
249  2  0  -89.9898
527  1  0  -89.9898
805  1  0  -89.9898
1083  2  0  -89.9898
250  2  0  -89.9898
528  1  0  -89.9898
806  1  0  -89.9898
1084  2  0  -89.9898
251  2  0  -89.9898
529  1  0  -89.9898
807  1  0  -89.9898
1085  2  0  -89.9898
252  2  0  -89.9898
530  1  0  -89.9898
808  1  0  -89.9898
1086  2  0  -89.9898
253  2  0  -89.9898
531  1  0  -89.9898
809  1  0  -89.9898
1087  2  0  -89.9898
254  2  0  -89.9898
532  1  0  -89.9898
810  1  0  -89.9898
1088  2  0  -89.9898
255  2  0  -89.9898
533  1  0  -89.9898
811  1  0  -89.9898
1089  2  0  -89.9898
256  2  0  -89.9898
534  1  0  -89.9898
812  1  0  -89.9898
1090  2  0  -89.9898
257  2  0  -89.9898
535  1  0  -89.9898
813  1  0  -89.9898
1091  2  0  -89.9898
258  2  0  -89.9898
536  1  0  -89.9898
814  1  0  -89.9898
1092  2  0  -89.9898
259  2  0  -89.9898
537  1  0  -89.9898
815  1  0  -89.9898
1093  2  0  -89.9898
260  2  0  -89.9898
538  1  0  -89.9898
816  1  0  -89.9898
1094  2  0  -89.9898
261  2  0  -89.9898
539  1  0  -89.9898
817  1  0  -89.9898
1095  2  0  -89.9898
262  2  0  -89.9898
540  1  0  -89.9898
818  1  0  -89.9898
1096  2  0  -89.9898
263  2  0  -89.9898
541  1  0  -89.9898
819  1  0  -89.9898
1097  2  0  -89.9898
264  2  0  -89.9898
542  1  0  -89.9898
820  1  0  -89.9898
1098  2  0  -89.9898
265  2  0  -89.9898
543  1  0  -89.9898
821  1  0  -89.9898
1099  2  0  -89.9898
266  2  0  -89.9898
544  1  0  -89.9898
822  1  0  -89.9898
1100  2  0  -89.9898
267  2  0  -89.9898
545  1  0  -89.9898
823  1  0  -89.9898
1101  2  0  -89.9898
268  2  0  -89.9898
546  1  0  -89.9898
824  1  0  -89.9898
1102  2  0  -89.9898
269  2  0  -89.9898
547  1  0  -89.9898
825  1  0  -89.9898
1103  2  0  -89.9898
270  2  0  -89.9898
548  1  0  -89.9898
826  1  0  -89.9898
1104  2  0  -89.9898
271  2  0  -89.9898
549  1  0  -89.9898
827  1  0  -89.9898
1105  2  0  -89.9898
272  2  0  -89.9898
550  1  0  -89.9898
828  1  0  -89.9898
1106  2  0  -89.9898
273  2  0  -89.9898
551  1  0  -89.9898
829  1  0  -89.9898
1107  2  0  -89.9898
274  2  0  -89.9898
552  1  0  -89.9898
830  1  0  -89.9898
1108  2  0  -89.9898
275  2  0  -89.9898
553  1  0  -89.9898
831  1  0  -89.9898
1109  2  0  -89.9898
276  2  0  -89.9898
554  1  0  -89.9898
832  1  0  -89.9898
1110  2  0  -89.9898
277  2  0  -89.9898
555  1  0  -89.9898
833  1  0  -89.9898
1111  2  0  -89.9898
278  2  0  -89.9898
556  1  0  -89.9898
834  1  0  -89.9898
1112  2  0  -89.9898
