1  -1.77530000e+00  -1.10671812e-02
2  -1.74898842e+00  -5.78128882e-03
3  -1.72260081e+00  -8.89098410e-04
4  -1.69613013e+00  3.52985649e-03
5  -1.66957853e+00  7.43494817e-03
6  -1.64298467e+00  1.10389565e-02
7  -1.61629605e+00  1.38524889e-02
8  -1.58955380e+00  1.61006270e-02
9  -1.56275764e+00  1.75679400e-02
10  -1.53593484e+00  1.84285219e-02
11  -1.50910000e+00  1.86080698e-02
12  -1.47012324e+00  1.76417958e-02
13  -1.44242471e+00  1.62895948e-02
14  -1.41477219e+00  1.41719956e-02
15  -1.38715042e+00  1.16791897e-02
16  -1.35962479e+00  8.30072610e-03
17  -1.33214033e+00  4.58681262e-03
18  -1.30476917e+00  1.25167295e-04
19  -1.27747908e+00  -4.81661695e-03
20  -1.25028554e+00  -1.02610432e-02
21  -1.22320538e+00  -1.62435977e-02
22  -1.19621846e+00  -2.26365042e-02
23  -1.16932022e+00  -2.93924385e-02
24  -1.14255013e+00  -3.66413384e-02
25  -1.11584012e+00  -4.41087720e-02
26  -1.08926861e+00  -5.20543216e-02
27  -1.06275904e+00  -6.02044689e-02
28  -1.03631413e+00  -6.85610245e-02
29  -1.00994798e+00  -7.71641177e-02
30  -9.83621812e-01  -8.58889122e-02
31  -9.57356160e-01  -9.47939344e-02
32  -9.31132038e-01  -1.03820567e-01
33  -9.04943572e-01  -1.12950330e-01
34  -8.78782804e-01  -1.22159207e-01
35  -8.52642267e-01  -1.31425348e-01
36  -8.26514960e-01  -1.40728718e-01
37  -8.00395924e-01  -1.50055306e-01
38  -7.74234855e-01  -1.59263330e-01
39  -7.48065371e-01  -1.68447404e-01
40  -7.21878388e-01  -1.77581343e-01
41  -6.95655444e-01  -1.86611637e-01
42  -6.69401263e-01  -1.95550672e-01
43  -6.43095789e-01  -2.04336740e-01
44  -6.16735731e-01  -2.12958455e-01
45  -5.90328034e-01  -2.21433287e-01
46  -5.63879776e-01  -2.29780429e-01
47  -5.37382274e-01  -2.37969153e-01
48  -5.10801416e-01  -2.45884160e-01
49  -4.84185374e-01  -2.53679897e-01
50  -4.57486612e-01  -2.61183748e-01
51  -4.30693604e-01  -2.68347758e-01
52  -4.03857405e-01  -2.75348225e-01
53  -3.76935281e-01  -2.82006745e-01
54  -3.38700000e-01  -2.91015664e-01
55  -3.10925443e-01  -2.97204279e-01
56  -2.83070210e-01  -3.03022907e-01
57  -2.55103266e-01  -3.08279819e-01
58  -2.27086150e-01  -3.13259863e-01
59  -1.99010638e-01  -3.17894930e-01
60  -1.70870469e-01  -3.22125128e-01
61  -1.42664481e-01  -3.25894342e-01
62  -1.14410887e-01  -3.29284535e-01
63  -8.61080710e-02  -3.32225205e-01
64  -5.77604995e-02  -3.34702495e-01
65  -2.93772139e-02  -3.36743425e-01
66  -9.58952654e-04  -3.38221945e-01
67  2.74829369e-02  -3.39103770e-01
68  5.59358093e-02  -3.39488240e-01
69  8.43910288e-02  -3.39383687e-01
70  1.12838957e-01  -3.38745443e-01
71  1.41267179e-01  -3.37481694e-01
72  1.69663917e-01  -3.35634954e-01
73  1.98006798e-01  -3.33100366e-01
74  2.26300000e-01  -3.30062492e-01
75  2.57288703e-01  -3.26022849e-01
76  2.84340701e-01  -3.21809953e-01
77  3.11304219e-01  -3.17060459e-01
78  3.38168974e-01  -3.11783064e-01
79  3.64920396e-01  -3.05955721e-01
80  3.91549342e-01  -2.99593201e-01
81  4.18031674e-01  -2.92642366e-01
82  4.44379304e-01  -2.85198855e-01
83  4.70534406e-01  -2.77103377e-01
84  4.96509734e-01  -2.68451060e-01
85  5.22251982e-01  -2.59126151e-01
86  5.47771877e-01  -2.49211382e-01
87  5.73028304e-01  -2.38641599e-01
88  5.98030265e-01  -2.27485334e-01
89  6.26600000e-01  -2.13850244e-01
90  6.51680889e-01  -2.00660489e-01
91  6.76370381e-01  -1.86759025e-01
92  7.00464782e-01  -1.71845753e-01
93  7.23827641e-01  -1.55813052e-01
94  7.46323664e-01  -1.38587541e-01
95  7.67689179e-01  -1.19977955e-01
96  7.87586814e-01  -9.98161919e-02
97  8.05760624e-01  -7.80891763e-02
98  8.21063406e-01  -5.42820506e-02
99  8.31546048e-01  -2.80157428e-02
100  8.35500000e-01  0.00000000e+00
101  8.31549558e-01  2.65843580e-02
102  8.19548832e-01  5.05899530e-02
103  8.03006718e-01  7.18247214e-02
104  7.84196676e-01  9.10965505e-02
105  7.63837470e-01  1.08722725e-01
106  7.42484879e-01  1.25139986e-01
107  7.20410593e-01  1.40574483e-01
108  6.97634970e-01  1.54953890e-01
109  6.74333601e-01  1.68466200e-01
110  6.50639428e-01  1.81279011e-01
111  6.26600000e-01  1.93432268e-01
112  5.97851558e-01  2.06765393e-01
113  5.72678474e-01  2.17674041e-01
114  5.47253046e-01  2.27985278e-01
115  5.21644505e-01  2.37833084e-01
116  4.95844966e-01  2.47169120e-01
117  4.69833364e-01  2.55895770e-01
118  4.43696566e-01  2.64242541e-01
119  4.17409071e-01  2.72100848e-01
120  3.90974023e-01  2.79447029e-01
121  3.64405157e-01  2.86292589e-01
122  3.37722207e-01  2.92678884e-01
123  3.10959989e-01  2.98726370e-01
124  2.84117526e-01  3.04404263e-01
125  2.57179054e-01  3.09605270e-01
126  2.26300000e-01  3.14932616e-01
127  1.99629611e-01  3.19120797e-01
128  1.72885915e-01  3.22818411e-01
129  1.46098230e-01  3.26181987e-01
130  1.19264617e-01  3.29149252e-01
131  9.23899674e-02  3.31715652e-01
132  6.54802747e-02  3.33889931e-01
133  3.85403669e-02  3.35660574e-01
134  1.15743854e-02  3.36974219e-01
135  -1.54070982e-02  3.37892266e-01
136  -4.23986524e-02  3.38438988e-01
137  -6.93957904e-02  3.38621984e-01
138  -9.63926694e-02  3.38364720e-01
139  -1.23378972e-01  3.37597918e-01
140  -1.50356751e-01  3.36560183e-01
141  -1.77325557e-01  3.35308415e-01
142  -2.04271573e-01  3.33632134e-01
143  -2.31198180e-01  3.31673216e-01
144  -2.58107580e-01  3.29491927e-01
145  -2.84999382e-01  3.27099042e-01
146  -3.11859165e-01  3.24369629e-01
147  -3.38700000e-01  3.21462193e-01
148  -3.77040970e-01  3.17000857e-01
149  -4.04103342e-01  3.13598701e-01
150  -4.31131679e-01  3.09931813e-01
151  -4.58145169e-01  3.06157083e-01
152  -4.85131749e-01  3.02196295e-01
153  -5.12095416e-01  2.98080929e-01
154  -5.39043540e-01  2.93864736e-01
155  -5.65954199e-01  2.89416411e-01
156  -5.92845703e-01  2.84853300e-01
157  -6.19722251e-01  2.80202630e-01
158  -6.46570403e-01  2.75390760e-01
159  -6.73398458e-01  2.70468512e-01
160  -7.00213348e-01  2.65474616e-01
161  -7.27017511e-01  2.60423545e-01
162  -7.53780089e-01  2.55157049e-01
163  -7.80526479e-01  2.49808499e-01
164  -8.07256011e-01  2.44376851e-01
165  -8.33952263e-01  2.38783309e-01
166  -8.60639014e-01  2.33144610e-01
167  -8.87314115e-01  2.27451161e-01
168  -9.13976231e-01  2.21697141e-01
169  -9.40622400e-01  2.15869684e-01
170  -9.67250154e-01  2.09958741e-01
171  -9.93867638e-01  2.04001661e-01
172  -1.02047625e+00  1.98005085e-01
173  -1.04707431e+00  1.91961859e-01
174  -1.07366175e+00  1.85872064e-01
175  -1.10024082e+00  1.79745852e-01
176  -1.12680878e+00  1.73571675e-01
177  -1.15336713e+00  1.67356253e-01
178  -1.17991663e+00  1.61103147e-01
179  -1.20645318e+00  1.54795280e-01
180  -1.23298305e+00  1.48459365e-01
181  -1.25950143e+00  1.42075574e-01
182  -1.28601006e+00  1.35651424e-01
183  -1.31251638e+00  1.29217690e-01
184  -1.33900667e+00  1.22718506e-01
185  -1.36548522e+00  1.16171430e-01
186  -1.39196833e+00  1.09642853e-01
187  -1.41844986e+00  1.03107870e-01
188  -1.44492431e+00  9.65442464e-02
189  -1.47138852e+00  8.99394889e-02
190  -1.50910000e+00  8.04911786e-02
191  -1.53579237e+00  7.38269200e-02
192  -1.56248622e+00  6.71686244e-02
193  -1.58914299e+00  6.03637875e-02
194  -1.61582323e+00  5.36511753e-02
195  -1.64247297e+00  4.68187845e-02
196  -1.66910243e+00  3.99074470e-02
197  -1.69572425e+00  3.29667634e-02
198  -1.72229679e+00  2.58400032e-02
199  -1.74880272e+00  1.84691534e-02
200  -3.11816723e-01  2.96116269e-01
201  -3.11774281e-01  2.67862910e-01
202  -3.11731839e-01  2.39609550e-01
203  -3.11689397e-01  2.11356191e-01
204  -3.11646955e-01  1.83102831e-01
205  -3.11604513e-01  1.54849472e-01
206  -3.11562072e-01  1.26596112e-01
207  -3.11519630e-01  9.83427530e-02
208  -3.11477188e-01  7.00893935e-02
209  -3.11434746e-01  4.18360341e-02
210  -3.11392304e-01  1.35826746e-02
211  -3.11349862e-01  -1.46706848e-02
212  -3.11307420e-01  -4.29240443e-02
213  -3.11264978e-01  -7.11774038e-02
214  -3.11222536e-01  -9.94307632e-02
215  -3.11180095e-01  -1.27684123e-01
216  -3.11137653e-01  -1.55937482e-01
217  -3.11095211e-01  -1.84190842e-01
218  -3.11052769e-01  -2.12444201e-01
219  -3.11010327e-01  -2.40697560e-01
220  -3.10967885e-01  -2.68950920e-01
221  1.99559054e-01  2.90763355e-01
222  1.99488497e-01  2.62405913e-01
223  1.99417940e-01  2.34048472e-01
224  1.99347383e-01  2.05691030e-01
225  1.99276826e-01  1.77333588e-01
226  1.99206269e-01  1.48976146e-01
227  1.99135712e-01  1.20618704e-01
228  1.99065155e-01  9.22612622e-02
229  1.98994598e-01  6.39038203e-02
230  1.98924040e-01  3.55463784e-02
231  1.98853483e-01  7.18893655e-03
232  1.98782926e-01  -2.11685053e-02
233  1.98712369e-01  -4.95259472e-02
234  1.98641812e-01  -7.78833891e-02
235  1.98571255e-01  -1.06240831e-01
236  1.98500698e-01  -1.34598273e-01
237  1.98430141e-01  -1.62955715e-01
238  1.98359584e-01  -1.91313157e-01
239  1.98289027e-01  -2.19670598e-01
240  1.98218470e-01  -2.48028040e-01
241  1.98147913e-01  -2.76385482e-01
242  1.98077356e-01  -3.04742924e-01
2485  -1.77392251e+00  -1.02804590e-02
2486  -1.74908324e+00  -5.29036112e-03
2487  -1.72268755e+00  -3.96679884e-04
2488  -1.69620768e+00  4.02380651e-03
2489  -1.66964848e+00  7.93003073e-03
2490  -1.64304446e+00  1.15353688e-02
2491  -1.61634321e+00  1.43502603e-02
2492  -1.58958842e+00  1.65994273e-02
2493  -1.56277933e+00  1.80674694e-02
2494  -1.53594453e+00  1.89284280e-02
2495  -1.50909548e+00  1.91080493e-02
2496  -1.47010485e+00  1.81414576e-02
2497  -1.44239343e+00  1.67886153e-02
2498  -1.41473063e+00  1.46702653e-02
2499  -1.38709749e+00  1.21763798e-02
2500  -1.35956085e+00  8.79662157e-03
2501  -1.33206662e+00  5.08135035e-03
2502  -1.30468440e+00  6.17928922e-04
2503  -1.27738545e+00  -4.32546156e-03
2504  -1.25018253e+00  -9.77177001e-03
2505  -1.22309382e+00  -1.57562023e-02
2506  -1.19609993e+00  -2.21507567e-02
2507  -1.16919397e+00  -2.89086395e-02
2508  -1.14241747e+00  -3.61592572e-02
2509  -1.11570118e+00  -4.36284643e-02
2510  -1.08912352e+00  -5.15758357e-02
2511  -1.06261024e+00  -5.97271223e-02
2512  -1.03616125e+00  -6.80849700e-02
2513  -1.00979178e+00  -7.66891411e-02
2514  -9.83462893e-01  -8.54148395e-02
2515  -9.57194521e-01  -9.43207824e-02
2516  -9.30968373e-01  -1.03348112e-01
2517  -9.04778265e-01  -1.12478447e-01
2518  -8.78616268e-01  -1.21687756e-01
2519  -8.52474879e-01  -1.30954199e-01
2520  -8.26347027e-01  -1.40257763e-01
2521  -8.00228850e-01  -1.49584046e-01
2522  -7.74069066e-01  -1.58791616e-01
2523  -7.47900250e-01  -1.67975456e-01
2524  -7.21714653e-01  -1.77108912e-01
2525  -6.95493466e-01  -1.86138601e-01
2526  -6.69241485e-01  -1.95076888e-01
2527  -6.42938871e-01  -2.03862001e-01
2528  -6.16581620e-01  -2.12482798e-01
2529  -5.90176398e-01  -2.20956835e-01
2530  -5.63730718e-01  -2.29303164e-01
2531  -5.37237110e-01  -2.37490689e-01
2532  -5.10659797e-01  -2.45404635e-01
2533  -4.84047457e-01  -2.53199294e-01
2534  -4.57354389e-01  -2.60701548e-01
2535  -4.30565923e-01  -2.67864335e-01
2536  -4.03734277e-01  -2.74863623e-01
2537  -3.76817922e-01  -2.81520713e-01
2538  -3.38588293e-01  -2.90528302e-01
2539  -3.09425723e-01  -2.97016467e-01
2540  -2.82972903e-01  -3.02532467e-01
2541  -2.55013330e-01  -3.07787974e-01
2542  -2.27001675e-01  -3.12767051e-01
2543  -1.98932750e-01  -3.17401034e-01
2544  -1.70800189e-01  -3.21630092e-01
2545  -1.42601582e-01  -3.25398314e-01
2546  -1.14355265e-01  -3.28787638e-01
2547  -8.60604689e-02  -3.31727476e-01
2548  -5.77208036e-02  -3.34204073e-01
2549  -2.93462930e-02  -3.36244382e-01
2550  -9.38214914e-04  -3.37722375e-01
2551  2.74940625e-02  -3.38603894e-01
2552  5.59382686e-02  -3.38988246e-01
2553  8.43845025e-02  -3.38883730e-01
2554  1.12822246e-01  -3.38245722e-01
2555  1.41239851e-01  -3.36982441e-01
2556  1.69625422e-01  -3.35136438e-01
2557  1.99508420e-01  -3.32450206e-01
2558  2.26240991e-01  -3.29565986e-01
2559  2.57217912e-01  -3.25527886e-01
2560  2.84258859e-01  -3.21316697e-01
2561  3.11212656e-01  -3.16568914e-01
2562  3.38067568e-01  -3.11293455e-01
2563  3.64809082e-01  -3.05468269e-01
2564  3.91427769e-01  -2.99108206e-01
2565  4.17900233e-01  -2.92159952e-01
2566  4.44237406e-01  -2.84719413e-01
2567  4.70381471e-01  -2.76627340e-01
2568  4.96345567e-01  -2.67978779e-01
2569  5.22076289e-01  -2.58658036e-01
2570  5.47584813e-01  -2.48747694e-01
2571  5.72829905e-01  -2.38182646e-01
2572  5.97820696e-01  -2.27031373e-01
2573  6.26375916e-01  -2.13403269e-01
2574  6.51441845e-01  -2.00221333e-01
2575  6.76116096e-01  -1.86328515e-01
2576  7.00191675e-01  -1.71426930e-01
2577  7.23534096e-01  -1.55408291e-01
2578  7.46007318e-01  -1.38200339e-01
2579  7.67346797e-01  -1.19613572e-01
2580  7.87216803e-01  -9.94799006e-02
2581  8.05357772e-01  -7.77930173e-02
2582  8.20618875e-01  -5.40531577e-02
2583  8.31062848e-01  -2.78872195e-02
2584  8.35000003e-01  -1.82837227e-06
2585  8.31066700e-01  2.64320515e-02
2586  8.19125922e-01  5.03232193e-02
2587  8.02630006e-01  7.14959541e-02
2588  7.83853832e-01  9.07326026e-02
2589  7.63521320e-01  1.08335363e-01
2590  7.42189165e-01  1.24736807e-01
2591  7.20133796e-01  1.40158090e-01
2592  6.97376048e-01  1.54526152e-01
2593  6.74089245e-01  1.68029977e-01
2594  6.50407696e-01  1.80835953e-01
2595  6.26381990e-01  1.92982299e-01
2596  5.97646953e-01  2.06309173e-01
2597  5.72485102e-01  2.17212948e-01
2598  5.47069352e-01  2.27520244e-01
2599  5.21469696e-01  2.37364638e-01
2600  4.95680369e-01  2.46696989e-01
2601  4.69677790e-01  2.55420589e-01
2602  4.43548903e-01  2.63764843e-01
2603  4.17270524e-01  2.71620427e-01
2604  3.90844704e-01  2.78964042e-01
2605  3.64284585e-01  2.85807344e-01
2606  3.37608910e-01  2.92191889e-01
2607  3.10853146e-01  2.98237919e-01
2608  2.84018393e-01  3.03914189e-01
2609  2.57089154e-01  3.09113418e-01
2610  2.26218711e-01  3.14439268e-01
2611  2.01127808e-01  3.18394191e-01
2612  1.72820528e-01  3.22322705e-01
2613  1.46039604e-01  3.25685436e-01
2614  1.19213372e-01  3.28651885e-01
2615  9.23460664e-02  3.31217583e-01
2616  6.54437435e-02  3.33391267e-01
2617  3.85118055e-02  3.35161390e-01
2618  1.15537192e-02  3.36474646e-01
2619  -1.54206627e-02  3.37392450e-01
2620  -4.24054099e-02  3.37939034e-01
2621  -6.93951027e-02  3.38121984e-01
2622  -9.63831860e-02  3.37864810e-01
2623  -1.23362262e-01  3.37098197e-01
2624  -1.50335550e-01  3.36060633e-01
2625  -1.77298443e-01  3.34809151e-01
2626  -2.04237911e-01  3.33133268e-01
2627  -2.31159841e-01  3.31174688e-01
2628  -2.58065223e-01  3.28993724e-01
2629  -2.84951949e-01  3.26601297e-01
2630  -3.10358645e-01  3.24024389e-01
2631  -3.38644182e-01  3.20965318e-01
2632  -3.76980891e-01  3.16504480e-01
2633  -4.04038549e-01  3.13102917e-01
2634  -4.31063472e-01  3.09436487e-01
2635  -4.58074268e-01  3.05662136e-01
2636  -4.85057726e-01  3.01701805e-01
2637  -5.12019052e-01  2.97586795e-01
2638  -5.38964124e-01  2.93371083e-01
2639  -5.65871604e-01  2.88923280e-01
2640  -5.92761253e-01  2.84360483e-01
2641  -6.19635521e-01  2.79710210e-01
2642  -6.46481184e-01  2.74898784e-01
2643  -6.73307571e-01  2.69976842e-01
2644  -7.00121280e-01  2.64983166e-01
2645  -7.26922943e-01  2.59932569e-01
2646  -7.53682796e-01  2.54666606e-01
2647  -7.80427672e-01  2.49318359e-01
2648  -8.07154958e-01  2.43887169e-01
2649  -8.33849313e-01  2.38294022e-01
2650  -8.60535148e-01  2.32655517e-01
2651  -8.87209192e-01  2.26962294e-01
2652  -9.13870080e-01  2.21208539e-01
2653  -9.40514811e-01  2.15381397e-01
2654  -9.67141377e-01  2.09470717e-01
2655  -9.93758076e-01  2.03513813e-01
2656  -1.02036590e+00  1.97517415e-01
2657  -1.04696310e+00  1.91474383e-01
2658  -1.07354978e+00  1.85384762e-01
2659  -1.10012808e+00  1.79258728e-01
2660  -1.12669522e+00  1.73084741e-01
2661  -1.15325285e+00  1.66869488e-01
2662  -1.17980150e+00  1.60616582e-01
2663  -1.20633729e+00  1.54308895e-01
2664  -1.23286647e+00  1.47973147e-01
2665  -1.25938404e+00  1.41589550e-01
2666  -1.28589221e+00  1.35165511e-01
2667  -1.31239784e+00  1.28731944e-01
2668  -1.33888709e+00  1.22233015e-01
2669  -1.36536537e+00  1.15686006e-01
2670  -1.39184859e+00  1.09157401e-01
2671  -1.41832980e+00  1.02622497e-01
2672  -1.44480361e+00  9.60590325e-02
2673  -1.47126723e+00  8.94544242e-02
2674  -1.50897868e+00  8.00061194e-02
2675  -1.53567131e+00  7.33417975e-02
2676  -1.56236388e+00  6.66838226e-02
2677  -1.58902016e+00  5.98791105e-02
2678  -1.61570015e+00  5.31665618e-02
2679  -1.64234808e+00  4.63346332e-02
2680  -1.66897656e+00  3.94235506e-02
2681  -1.69559642e+00  3.24833806e-02
2682  -1.72216505e+00  2.53576713e-02
2683  -1.74853908e+00  1.80443101e-02
2684  -3.10316725e-01  2.96118522e-01
2685  -3.10274283e-01  2.67865163e-01
2686  -3.10231841e-01  2.39611803e-01
2687  -3.10189399e-01  2.11358444e-01
2688  -3.10146957e-01  1.83105084e-01
2689  -3.10104515e-01  1.54851725e-01
2690  -3.10062074e-01  1.26598365e-01
2691  -3.10019632e-01  9.83450063e-02
2692  -3.09977190e-01  7.00916468e-02
2693  -3.09934748e-01  4.18382874e-02
2694  -3.09892306e-01  1.35849279e-02
2695  -3.09849864e-01  -1.46684315e-02
2696  -3.09807422e-01  -4.29217910e-02
2697  -3.09764980e-01  -7.11751505e-02
2698  -3.09722538e-01  -9.94285099e-02
2699  -3.09680097e-01  -1.27681870e-01
2700  -3.09637655e-01  -1.55935229e-01
2701  -3.09595213e-01  -1.84188589e-01
2702  -3.09552771e-01  -2.12441948e-01
2703  -3.09510329e-01  -2.40695307e-01
2704  -3.09467887e-01  -2.68948667e-01
2705  2.01059049e-01  2.90759623e-01
2706  2.00988492e-01  2.62402181e-01
2707  2.00917935e-01  2.34044740e-01
2708  2.00847378e-01  2.05687298e-01
2709  2.00776821e-01  1.77329856e-01
2710  2.00706264e-01  1.48972414e-01
2711  2.00635707e-01  1.20614972e-01
2712  2.00565150e-01  9.22575300e-02
2713  2.00494593e-01  6.39000881e-02
2714  2.00424035e-01  3.55426462e-02
2715  2.00353478e-01  7.18520437e-03
2716  2.00282921e-01  -2.11722375e-02
2717  2.00212364e-01  -4.95296794e-02
2718  2.00141807e-01  -7.78871213e-02
2719  2.00071250e-01  -1.06244563e-01
2720  2.00000693e-01  -1.34602005e-01
2721  1.99930136e-01  -1.62959447e-01
2722  1.99859579e-01  -1.91316889e-01
2723  1.99789022e-01  -2.19674330e-01
2724  1.99718465e-01  -2.48031772e-01
2725  1.99647908e-01  -2.76389214e-01
2726  1.99577351e-01  -3.04746656e-01
4969  -1.76703506e+00  -6.34684810e-03
4970  -1.74955731e+00  -2.83572259e-03
4971  -1.72312126e+00  2.06541275e-03
4972  -1.69659541e+00  6.49355661e-03
4973  -1.66999824e+00  1.04054435e-02
4974  -1.64334341e+00  1.40174304e-02
4975  -1.61657898e+00  1.68391173e-02
4976  -1.58976149e+00  1.90934289e-02
4977  -1.56288776e+00  2.05651166e-02
4978  -1.53599298e+00  2.14279584e-02
4979  -1.50907286e+00  2.16079470e-02
4980  -1.47001292e+00  2.06397666e-02
4981  -1.44223702e+00  1.92837177e-02
4982  -1.41452283e+00  1.71616140e-02
4983  -1.38683282e+00  1.46623305e-02
4984  -1.35924118e+00  1.12760989e-02
4985  -1.33169810e+00  7.55403902e-03
4986  -1.30426055e+00  3.08173706e-03
4987  -1.27691731e+00  -1.86968463e-03
4988  -1.24966746e+00  -7.32540409e-03
4989  -1.22253602e+00  -1.33192252e-02
4990  -1.19550728e+00  -1.97220194e-02
4991  -1.16856273e+00  -2.64896448e-02
4992  -1.14175419e+00  -3.37488509e-02
4993  -1.11500648e+00  -4.12269259e-02
4994  -1.08839807e+00  -4.91834064e-02
4995  -1.06186626e+00  -5.73403896e-02
4996  -1.03539685e+00  -6.57046973e-02
4997  -1.00901080e+00  -7.43142583e-02
4998  -9.82668301e-01  -8.30444761e-02
4999  -9.56386326e-01  -9.19550224e-02
5000  -9.30150051e-01  -1.00985836e-01
5001  -9.03951730e-01  -1.10119032e-01
5002  -8.77783587e-01  -1.19330503e-01
5003  -8.51637940e-01  -1.28598455e-01
5004  -8.25507364e-01  -1.37902988e-01
5005  -7.99393482e-01  -1.47227743e-01
5006  -7.73240123e-01  -1.56433046e-01
5007  -7.47074645e-01  -1.65615715e-01
5008  -7.20895978e-01  -1.74746758e-01
5009  -6.94683576e-01  -1.83773421e-01
5010  -6.68442596e-01  -1.92707969e-01
5011  -6.42154283e-01  -2.01488308e-01
5012  -6.15811065e-01  -2.10104512e-01
5013  -5.89418218e-01  -2.18574575e-01
5014  -5.62985428e-01  -2.26916840e-01
5015  -5.36511292e-01  -2.35098371e-01
5016  -5.09951702e-01  -2.43007011e-01
5017  -4.83357872e-01  -2.50796281e-01
5018  -4.56693273e-01  -2.58290547e-01
5019  -4.29927518e-01  -2.65447221e-01
5020  -4.03118635e-01  -2.72440611e-01
5021  -3.76231127e-01  -2.79090555e-01
5022  -3.38029757e-01  -2.88091493e-01
5023  -2.98132891e-01  -2.96896364e-01
5024  -2.82486368e-01  -3.00080267e-01
5025  -2.54563649e-01  -3.05328749e-01
5026  -2.26579298e-01  -3.10302989e-01
5027  -1.98543310e-01  -3.14931553e-01
5028  -1.70448790e-01  -3.19154911e-01
5029  -1.42287086e-01  -3.22918175e-01
5030  -1.14077155e-01  -3.26303156e-01
5031  -8.58224584e-02  -3.29238832e-01
5032  -5.75223241e-02  -3.31711965e-01
5033  -2.91916882e-02  -3.33749167e-01
5034  -8.34526216e-04  -3.35224526e-01
5035  2.75496907e-02  -3.36104513e-01
5036  5.59505654e-02  -3.36488276e-01
5037  8.43518709e-02  -3.36383943e-01
5038  1.12738691e-01  -3.35747119e-01
5039  1.41103210e-01  -3.34486178e-01
5040  1.69432950e-01  -3.32643858e-01
5041  2.10810473e-01  -3.28826117e-01
5042  2.25945944e-01  -3.27083458e-01
5043  2.56863955e-01  -3.23053070e-01
5044  2.83849647e-01  -3.18850415e-01
5045  3.10754842e-01  -3.14111190e-01
5046  3.37560541e-01  -3.08845410e-01
5047  3.64252513e-01  -3.03031010e-01
5048  3.90819903e-01  -2.96683232e-01
5049  4.17243027e-01  -2.89747882e-01
5050  4.43527915e-01  -2.82322201e-01
5051  4.69616796e-01  -2.74247157e-01
5052  4.95524735e-01  -2.65617374e-01
5053  5.21197825e-01  -2.56317459e-01
5054  5.46649490e-01  -2.46429252e-01
5055  5.71837907e-01  -2.35887882e-01
5056  5.96772853e-01  -2.24761566e-01
5057  6.25255494e-01  -2.11168397e-01
5058  6.50246626e-01  -1.98025552e-01
5059  6.74844670e-01  -1.84175963e-01
5060  6.98826141e-01  -1.69332815e-01
5061  7.22066371e-01  -1.53384487e-01
5062  7.44425589e-01  -1.36264330e-01
5063  7.65634889e-01  -1.17791658e-01
5064  7.85366748e-01  -9.77984441e-02
5065  8.03343511e-01  -7.63122224e-02
5066  8.18396219e-01  -5.29086930e-02
5067  8.28646851e-01  -2.72446033e-02
5068  8.32500020e-01  -1.09702336e-05
5069  8.28652413e-01  2.56705188e-02
5070  8.17011370e-01  4.89895507e-02
5071  8.00746445e-01  6.98521177e-02
5072  7.82139613e-01  8.89128629e-02
5073  7.61940568e-01  1.06398555e-01
5074  7.40710592e-01  1.22720915e-01
5075  7.18749812e-01  1.38076122e-01
5076  6.96081439e-01  1.52387464e-01
5077  6.72867467e-01  1.65848863e-01
5078  6.49249035e-01  1.78620664e-01
5079  6.25291943e-01  1.90732456e-01
5080  5.96623926e-01  2.04028073e-01
5081  5.71518239e-01  2.14907481e-01
5082  5.46150882e-01  2.25195075e-01
5083  5.20595651e-01  2.35022407e-01
5084  4.94857384e-01  2.44336333e-01
5085  4.68899917e-01  2.53044687e-01
5086  4.42810587e-01  2.61376352e-01
5087  4.16577788e-01  2.69218320e-01
5088  3.90198107e-01  2.76549106e-01
5089  3.63681724e-01  2.83381121e-01
5090  3.37042424e-01  2.89756916e-01
5091  3.10318932e-01  2.95795663e-01
5092  2.83522728e-01  3.01463818e-01
5093  2.56639657e-01  3.06654160e-01
5094  2.25812268e-01  3.11972529e-01
5095  2.12410410e-01  3.14201382e-01
5096  1.72493591e-01  3.19844175e-01
5097  1.45746476e-01  3.23202680e-01
5098  1.18957149e-01  3.26165050e-01
5099  9.21265613e-02  3.28727238e-01
5100  6.52610874e-02  3.30897949e-01
5101  3.83689987e-02  3.32665473e-01
5102  1.14503882e-02  3.33976783e-01
5103  -1.54884849e-02  3.34893370e-01
5104  -4.24391973e-02  3.35439262e-01
5105  -6.93916641e-02  3.35621987e-01
5106  -9.63357689e-02  3.35365260e-01
5107  -1.23278709e-01  3.34599594e-01
5108  -1.50229545e-01  3.33562881e-01
5109  -1.77162870e-01  3.32312829e-01
5110  -2.04069599e-01  3.30638941e-01
5111  -2.30968147e-01  3.28682048e-01
5112  -2.57853437e-01  3.26502711e-01
5113  -2.84714784e-01  3.24112572e-01
5114  -2.99063637e-01  3.22696269e-01
5115  -3.38365091e-01  3.18480946e-01
5116  -3.76680496e-01  3.14022593e-01
5117  -4.03714582e-01  3.10623997e-01
5118  -4.30722437e-01  3.06959857e-01
5119  -4.57719761e-01  3.03187398e-01
5120  -4.84687609e-01  2.99229354e-01
5121  -5.11637233e-01  2.95116124e-01
5122  -5.38567042e-01  2.90902819e-01
5123  -5.65458626e-01  2.86457626e-01
5124  -5.92339004e-01  2.81896400e-01
5125  -6.19201870e-01  2.77248107e-01
5126  -6.46035088e-01  2.72438907e-01
5127  -6.72853133e-01  2.67518492e-01
5128  -6.99660940e-01  2.62525914e-01
5129  -7.26450106e-01  2.57477692e-01
5130  -7.53196328e-01  2.52214393e-01
5131  -7.79933636e-01  2.46867659e-01
5132  -8.06649693e-01  2.41438760e-01
5133  -8.33334563e-01  2.35847590e-01
5134  -8.60015819e-01  2.30210052e-01
5135  -8.86684578e-01  2.24517957e-01
5136  -9.13339324e-01  2.18765529e-01
5137  -9.39976863e-01  2.12939960e-01
5138  -9.66597489e-01  2.07030597e-01
5139  -9.93210264e-01  2.01074570e-01
5140  -1.01981414e+00  1.95079062e-01
5141  -1.04640707e+00  1.89037001e-01
5142  -1.07298995e+00  1.82948251e-01
5143  -1.09956438e+00  1.76823109e-01
5144  -1.12612743e+00  1.70650072e-01
5145  -1.15268144e+00  1.64435665e-01
5146  -1.17922586e+00  1.58183758e-01
5147  -1.20575785e+00  1.51876972e-01
5148  -1.23228355e+00  1.45542055e-01
5149  -1.25879708e+00  1.39159432e-01
5150  -1.28530296e+00  1.32735946e-01
5151  -1.31180515e+00  1.26303217e-01
5152  -1.33828921e+00  1.19805561e-01
5153  -1.36476614e+00  1.13258883e-01
5154  -1.39124992e+00  1.06730142e-01
5155  -1.41772952e+00  1.00195635e-01
5156  -1.44420013e+00  9.36329632e-02
5157  -1.47066076e+00  8.70291008e-02
5158  -1.50837210e+00  7.75808234e-02
5159  -1.53506599e+00  7.09161849e-02
5160  -1.56175218e+00  6.42598138e-02
5161  -1.58840599e+00  5.74557254e-02
5162  -1.61508472e+00  5.07434945e-02
5163  -1.64172363e+00  4.39138768e-02
5164  -1.66834719e+00  3.70040683e-02
5165  -1.69495726e+00  3.00664669e-02
5166  -1.72150634e+00  2.29460118e-02
5167  -1.74722086e+00  1.59200938e-02
5168  -2.99023737e-01  2.96135487e-01
5169  -2.98981295e-01  2.67882128e-01
5170  -2.98938853e-01  2.39628768e-01
5171  -2.98896411e-01  2.11375409e-01
5172  -2.98853969e-01  1.83122049e-01
5173  -2.98811527e-01  1.54868689e-01
5174  -2.98769086e-01  1.26615329e-01
5175  -2.98726644e-01  9.83619705e-02
5176  -2.98684202e-01  7.01086110e-02
5177  -2.98641760e-01  4.18552516e-02
5178  -2.98599318e-01  1.36018921e-02
5179  -2.98556876e-01  -1.46514673e-02
5180  -2.98514434e-01  -4.29048268e-02
5181  -2.98471992e-01  -7.11581863e-02
5182  -2.98429550e-01  -9.94115459e-02
5183  -2.98387109e-01  -1.27664906e-01
5184  -2.98344667e-01  -1.55918264e-01
5185  -2.98302225e-01  -1.84171624e-01
5186  -2.98259783e-01  -2.12424983e-01
5187  -2.98217341e-01  -2.40678342e-01
5188  -2.98174899e-01  -2.68931702e-01
5189  2.12352014e-01  2.90731524e-01
5190  2.12281457e-01  2.62374082e-01
5191  2.12210900e-01  2.34016641e-01
5192  2.12140343e-01  2.05659199e-01
5193  2.12069786e-01  1.77301757e-01
5194  2.11999229e-01  1.48944315e-01
5195  2.11928672e-01  1.20586873e-01
5196  2.11858115e-01  9.22294317e-02
5197  2.11787558e-01  6.38719895e-02
5198  2.11717000e-01  3.55145476e-02
5199  2.11646443e-01  7.15710600e-03
5200  2.11575886e-01  -2.12003358e-02
5201  2.11505329e-01  -4.95577777e-02
5202  2.11434772e-01  -7.79152196e-02
5203  2.11364215e-01  -1.06272662e-01
5204  2.11293658e-01  -1.34630104e-01
5205  2.11223101e-01  -1.62987546e-01
5206  2.11152544e-01  -1.91344988e-01
5207  2.11081987e-01  -2.19702429e-01
5208  2.11011430e-01  -2.48059871e-01
5209  2.10940873e-01  -2.76417313e-01
5210  2.10870316e-01  -3.04774755e-01
7453  -1.76152511e+00  -3.19995936e-03
7454  -1.74993658e+00  -8.72011775e-04
7455  -1.72346822e+00  4.03508685e-03
7456  -1.69690559e+00  8.46935669e-03
7457  -1.67027805e+00  1.23857737e-02
7458  -1.64358257e+00  1.60030797e-02
7459  -1.61676760e+00  1.88302029e-02
7460  -1.58989996e+00  2.10886302e-02
7461  -1.56297451e+00  2.25632344e-02
7462  -1.53603174e+00  2.34275828e-02
7463  -1.50905476e+00  2.36078652e-02
7464  -1.46904284e+00  4.70009234e-02
7465  -1.44058665e+00  4.56110402e-02
7466  -1.41233018e+00  4.34493288e-02
7467  -1.38404015e+00  4.08930877e-02
7468  -1.35586810e+00  3.74385519e-02
7469  -1.32780957e+00  3.36448607e-02
7470  -1.29978825e+00  2.90788550e-02
7471  -1.27197763e+00  2.40426913e-02
7472  -1.24423268e+00  1.84876706e-02
7473  -1.21665032e+00  1.23947824e-02
7474  -1.18925387e+00  5.90504549e-03
7475  -1.16190214e+00  -9.65379435e-04
7476  -1.13475552e+00  -8.31520868e-03
7477  -1.10767624e+00  -1.58868535e-02
7478  -1.08074338e+00  -2.39394487e-02
7479  -1.05401608e+00  -3.21565402e-02
7480  -1.02733125e+00  -4.05890118e-02
7481  -1.00077020e+00  -4.92554444e-02
7482  -9.74284077e-01  -5.80333499e-02
7483  -9.47858572e-01  -6.69924694e-02
7484  -9.21515436e-01  -7.60600447e-02
7485  -8.95230465e-01  -8.52234262e-02
7486  -8.68997472e-01  -9.44577104e-02
7487  -8.42806889e-01  -1.03741581e-01
7488  -8.16647568e-01  -1.13056345e-01
7489  -7.90579009e-01  -1.22364986e-01
7490  -7.64493447e-01  -1.31546357e-01
7491  -7.38363191e-01  -1.40716675e-01
7492  -7.12257643e-01  -1.49822256e-01
7493  -6.86137940e-01  -1.58816984e-01
7494  -6.60013039e-01  -1.67712085e-01
7495  -6.33875624e-01  -1.76442042e-01
7496  -6.07680472e-01  -1.85009789e-01
7497  -5.81418208e-01  -1.93437919e-01
7498  -5.55121428e-01  -2.01737302e-01
7499  -5.28852745e-01  -2.09855584e-01
7500  -5.02480167e-01  -2.17708240e-01
7501  -4.76081645e-01  -2.25440647e-01
7502  -4.49717446e-01  -2.32850628e-01
7503  -4.23191324e-01  -2.39942804e-01
7504  -3.96622629e-01  -2.46873962e-01
7505  -3.70039498e-01  -2.53448492e-01
7506  -3.29540006e-01  -2.51051999e-01
7507  -2.86894632e-01  -2.60446960e-01
7508  -2.75091036e-01  -2.62806831e-01
7509  -2.47728497e-01  -2.67948531e-01
7510  -2.20159174e-01  -2.72849258e-01
7511  -1.92623827e-01  -2.77395441e-01
7512  -1.65107522e-01  -2.81532168e-01
7513  -1.37506744e-01  -2.85220053e-01
7514  -1.09849884e-01  -2.88539017e-01
7515  -8.22046994e-02  -2.91411437e-01
7516  -5.45054352e-02  -2.93831912e-01
7517  -2.68416965e-02  -2.95821901e-01
7518  7.41541999e-04  -2.97257225e-01
7519  2.83952390e-02  -2.98113921e-01
7520  5.61374755e-02  -2.98488736e-01
7521  8.38558702e-02  -2.98387180e-01
7522  1.11468653e-01  -2.97768349e-01
7523  1.39026276e-01  -2.96542979e-01
7524  1.66507363e-01  -2.94756645e-01
7525  2.22201303e-01  -2.89521875e-01
7526  2.21461230e-01  -2.89349026e-01
7527  2.53129148e-01  -2.96939800e-01
7528  2.79531812e-01  -2.92827196e-01
7529  3.05924173e-01  -2.88178272e-01
7530  3.32210589e-01  -2.83014621e-01
7531  3.58379820e-01  -2.77314029e-01
7532  3.84405949e-01  -2.71095875e-01
7533  4.10308450e-01  -2.64296688e-01
7534  4.36041647e-01  -2.57027786e-01
7535  4.61548250e-01  -2.49132416e-01
7536  4.86863634e-01  -2.40700774e-01
7537  5.11928619e-01  -2.31620628e-01
7538  5.36780345e-01  -2.21965981e-01
7539  5.61370750e-01  -2.11674451e-01
7540  5.85716426e-01  -2.00811470e-01
7541  6.24359157e-01  -2.09380499e-01
7542  6.49290451e-01  -1.96268928e-01
7543  6.73827530e-01  -1.82453922e-01
7544  6.97733714e-01  -1.67657523e-01
7545  7.20892192e-01  -1.51765443e-01
7546  7.43160206e-01  -1.34715522e-01
7547  7.64265363e-01  -1.16334127e-01
7548  7.83886704e-01  -9.64532789e-02
7549  8.01732103e-01  -7.51275864e-02
7550  8.16618094e-01  -5.19931213e-02
7551  8.26714053e-01  -2.67305102e-02
7552  8.30500033e-01  -1.82837227e-05
7553  8.26720982e-01  2.50612927e-02
7554  8.15319729e-01  4.79226159e-02
7555  7.99239596e-01  6.85370485e-02
7556  7.80768238e-01  8.74570712e-02
7557  7.60675967e-01  1.04849109e-01
7558  7.39527735e-01  1.21108200e-01
7559  7.17642624e-01  1.36410549e-01
7560  6.95045751e-01  1.50676514e-01
7561  6.71890045e-01  1.64103972e-01
7562  6.48322106e-01  1.76848433e-01
7563  6.24419904e-01  1.88932581e-01
7564  5.85829362e-01  1.79958818e-01
7565  5.61316296e-01  1.90581117e-01
7566  5.36459550e-01  2.00660819e-01
7567  5.11373075e-01  2.10308125e-01
7568  4.86173579e-01  2.19427636e-01
7569  4.60692118e-01  2.27975110e-01
7570  4.35020175e-01  2.36173949e-01
7571  4.09268315e-01  2.43872250e-01
7572  3.83375482e-01  2.51067673e-01
7573  3.57320578e-01  2.57780585e-01
7574  3.31065092e-01  2.64064055e-01
7575  3.04682120e-01  2.70025952e-01
7576  2.78292669e-01  2.75608488e-01
7577  2.51896737e-01  2.80705049e-01
7578  2.21523645e-01  2.85944479e-01
7579  2.23603760e-01  2.74136954e-01
7580  1.67524153e-01  2.82170514e-01
7581  1.41290927e-01  2.85464794e-01
7582  1.15062555e-01  2.88365154e-01
7583  8.87900847e-02  2.90873996e-01
7584  6.24847144e-02  2.92999509e-01
7585  3.61983352e-02  2.94727520e-01
7586  9.87975671e-03  2.96009256e-01
7587  -1.65193836e-02  2.96907356e-01
7588  -4.29527664e-02  2.97442733e-01
7589  -6.93393977e-02  2.97622023e-01
7590  -9.56150290e-02  2.97372095e-01
7591  -1.22008717e-01  2.96620822e-01
7592  -1.48618269e-01  2.95597057e-01
7593  -1.75102174e-01  2.94368745e-01
7594  -2.01511264e-01  2.92725158e-01
7595  -2.28054396e-01  2.90793923e-01
7596  -2.54634295e-01  2.88639310e-01
7597  -2.81109877e-01  2.86283950e-01
7598  -2.87715017e-01  2.85678737e-01
7599  -3.35420233e-01  2.92266838e-01
7600  -3.73510851e-01  2.87834714e-01
7601  -4.00296215e-01  2.84467422e-01
7602  -4.27123977e-01  2.80827450e-01
7603  -4.53979150e-01  2.77074959e-01
7604  -4.80782284e-01  2.73141041e-01
7605  -5.07608433e-01  2.69046594e-01
7606  -5.34377199e-01  2.64858687e-01
7607  -5.61101053e-01  2.60441032e-01
7608  -5.87883598e-01  2.55896381e-01
7609  -6.14626164e-01  2.51268990e-01
7610  -6.41328061e-01  2.46483261e-01
7611  -6.68058092e-01  2.41578961e-01
7612  -6.94803612e-01  2.36597975e-01
7613  -7.21460913e-01  2.31574804e-01
7614  -7.48063321e-01  2.26339620e-01
7615  -7.74720766e-01  2.21008858e-01
7616  -8.01318340e-01  2.15604126e-01
7617  -8.27903123e-01  2.10033813e-01
7618  -8.54536065e-01  2.04406488e-01
7619  -8.81149058e-01  1.98726299e-01
7620  -9.07739005e-01  1.92987863e-01
7621  -9.34300659e-01  1.87178897e-01
7622  -9.60858609e-01  1.81283424e-01
7623  -9.87429977e-01  1.75336662e-01
7624  -1.01399219e+00  1.69350545e-01
7625  -1.04054005e+00  1.63318725e-01
7626  -1.06708280e+00  1.57239162e-01
7627  -1.09361642e+00  1.51123430e-01
7628  -1.12013634e+00  1.44960415e-01
7629  -1.14665219e+00  1.38754939e-01
7630  -1.17315190e+00  1.32513568e-01
7631  -1.19964385e+00  1.26216289e-01
7632  -1.22613283e+00  1.19890148e-01
7633  -1.25260369e+00  1.13517793e-01
7634  -1.27908543e+00  1.07100152e-01
7635  -1.30555133e+00  1.00676252e-01
7636  -1.33198058e+00  9.41920321e-02
7637  -1.35844331e+00  8.76488575e-02
7638  -1.38493293e+00  8.11186735e-02
7639  -1.41139559e+00  7.45883526e-02
7640  -1.43783246e+00  6.80340503e-02
7641  -1.46426152e+00  6.14380584e-02
7642  -1.50788684e+00  7.56405865e-02
7643  -1.53458174e+00  6.89756948e-02
7644  -1.56126281e+00  6.23206067e-02
7645  -1.58791465e+00  5.55170173e-02
7646  -1.61459239e+00  4.88050406e-02
7647  -1.64122407e+00  4.19772716e-02
7648  -1.66784369e+00  3.50684825e-02
7649  -1.69444593e+00  2.81329358e-02
7650  -1.72097937e+00  2.10166842e-02
7651  -1.74616628e+00  1.42207207e-02
7652  -2.87730750e-01  2.96152451e-01
7653  -2.87688308e-01  2.67899092e-01
7654  -2.87645866e-01  2.39645732e-01
7655  -2.87603424e-01  2.11392373e-01
7656  -2.87560982e-01  1.83139013e-01
7657  -2.87518540e-01  1.54885653e-01
7658  -2.87476099e-01  1.26632293e-01
7659  -2.87433657e-01  9.83789348e-02
7660  -2.87391215e-01  7.01255753e-02
7661  -2.87348773e-01  4.18722159e-02
7662  -2.87306331e-01  1.36188564e-02
7663  -2.87263889e-01  -1.46345030e-02
7664  -2.87221447e-01  -4.28878625e-02
7665  -2.87179005e-01  -7.11412220e-02
7666  -2.87136563e-01  -9.93945818e-02
7667  -2.87094122e-01  -1.27647942e-01
7668  -2.87051680e-01  -1.55901300e-01
7669  -2.87009238e-01  -1.84154660e-01
7670  -2.86966796e-01  -2.12408019e-01
7671  -2.86924354e-01  -2.40661378e-01
7672  -2.86881912e-01  -2.68914738e-01
7673  2.23644979e-01  2.90703426e-01
7674  2.23574422e-01  2.62345984e-01
7675  2.23503865e-01  2.33988543e-01
7676  2.23433308e-01  2.05631101e-01
7677  2.23362751e-01  1.77273659e-01
7678  2.23292194e-01  1.48916217e-01
7679  2.23221637e-01  1.20558775e-01
7680  2.23151080e-01  9.22013333e-02
7681  2.23080523e-01  6.38438910e-02
7682  2.23009965e-01  3.54864491e-02
7683  2.22939408e-01  7.12900764e-03
7684  2.22868851e-01  -2.12284342e-02
7685  2.22798294e-01  -4.95858761e-02
7686  2.22727737e-01  -7.79433180e-02
7687  2.22657180e-01  -1.06300760e-01
7688  2.22586623e-01  -1.34658202e-01
7689  2.22516066e-01  -1.63015644e-01
7690  2.22445509e-01  -1.91373086e-01
7691  2.22374952e-01  -2.19730527e-01
7692  2.22304395e-01  -2.48087969e-01
7693  2.22233838e-01  -2.76445411e-01
7694  2.22163281e-01  -3.04802853e-01
9937  -1.75463766e+00  7.33651558e-04
9938  -1.75041065e+00  1.58262675e-03
9939  -1.72390192e+00  6.49717948e-03
9940  -1.69729332e+00  1.09391068e-02
9941  -1.67062781e+00  1.48611865e-02
9942  -1.64388152e+00  1.84851413e-02
9943  -1.61700338e+00  2.13190599e-02
9944  -1.59007303e+00  2.35826318e-02
9945  -1.56308295e+00  2.50608816e-02
9946  -1.53608019e+00  2.59271132e-02
9947  -1.50903214e+00  2.61077628e-02
9948  -1.46895090e+00  4.94992324e-02
9949  -1.44043024e+00  4.81061426e-02
9950  -1.41212238e+00  4.59406775e-02
9951  -1.38377548e+00  4.33790384e-02
9952  -1.35554842e+00  3.99180292e-02
9953  -1.32744105e+00  3.61175494e-02
9954  -1.29936439e+00  3.15426631e-02
9955  -1.27150948e+00  2.64984682e-02
9956  -1.24371761e+00  2.09340365e-02
9957  -1.21609252e+00  1.48317595e-02
9958  -1.18866121e+00  8.33378283e-03
9959  -1.16127090e+00  1.45361535e-03
9960  -1.13409223e+00  -5.90480246e-03
9961  -1.10698153e+00  -1.34853151e-02
9962  -1.08001793e+00  -2.15470193e-02
9963  -1.05327210e+00  -2.97698074e-02
9964  -1.02656685e+00  -3.82087391e-02
9965  -9.99989222e-01  -4.68805615e-02
9966  -9.73489485e-01  -5.56629865e-02
9967  -9.47050376e-01  -6.46267095e-02
9968  -9.20697113e-01  -7.36977687e-02
9969  -8.94403930e-01  -8.28640110e-02
9970  -8.68164791e-01  -9.21004572e-02
9971  -8.41969949e-01  -1.01385836e-01
9972  -8.15807904e-01  -1.10701570e-01
9973  -7.89743641e-01  -1.20008684e-01
9974  -7.63664503e-01  -1.29187787e-01
9975  -7.37537586e-01  -1.38356934e-01
9976  -7.11438968e-01  -1.47460102e-01
9977  -6.85328049e-01  -1.56451803e-01
9978  -6.59214151e-01  -1.65343167e-01
9979  -6.33091036e-01  -1.74068348e-01
9980  -6.06909917e-01  -1.82631503e-01
9981  -5.80660028e-01  -1.91055659e-01
9982  -5.54376138e-01  -1.99350978e-01
9983  -5.28126927e-01  -2.07463265e-01
9984  -5.01772072e-01  -2.15310616e-01
9985  -4.75392060e-01  -2.23037634e-01
9986  -4.49056330e-01  -2.30439627e-01
9987  -4.22552919e-01  -2.37525690e-01
9988  -3.96006987e-01  -2.44450950e-01
9989  -3.69452702e-01  -2.51018333e-01
9990  -3.28981470e-01  -2.48615190e-01
9991  -2.85397987e-01  -2.58212428e-01
9992  -2.74604501e-01  -2.60354631e-01
9993  -2.47278816e-01  -2.65489306e-01
9994  -2.19736798e-01  -2.70385197e-01
9995  -1.92234387e-01  -2.74925960e-01
9996  -1.64756122e-01  -2.79056987e-01
9997  -1.37192248e-01  -2.82739914e-01
9998  -1.09571774e-01  -2.86054534e-01
9999  -8.19666890e-02  -2.88922792e-01
10000  -5.43069557e-02  -2.91339803e-01
10001  -2.66870918e-02  -2.93326686e-01
10002  8.45230698e-04  -2.94759376e-01
10003  2.84508672e-02  -2.95614540e-01
10004  5.61497722e-02  -2.95988766e-01
10005  8.38232386e-02  -2.95887393e-01
10006  1.11385098e-01  -2.95269745e-01
10007  1.38889635e-01  -2.94046716e-01
10008  1.66314891e-01  -2.92264065e-01
10009  2.23707927e-01  -2.86861565e-01
10010  2.21166183e-01  -2.86866498e-01
10011  2.52775191e-01  -2.94464984e-01
10012  2.79122601e-01  -2.90360914e-01
10013  3.05466359e-01  -2.85720548e-01
10014  3.31703561e-01  -2.80566577e-01
10015  3.57823251e-01  -2.74876770e-01
10016  3.83798083e-01  -2.68670901e-01
10017  4.09651244e-01  -2.61884618e-01
10018  4.35332156e-01  -2.54630575e-01
10019  4.60783575e-01  -2.46752233e-01
10020  4.86042801e-01  -2.38339369e-01
10021  5.11050154e-01  -2.29280051e-01
10022  5.35845023e-01  -2.19647539e-01
10023  5.60378753e-01  -2.09379687e-01
10024  5.84668583e-01  -1.98541663e-01
10025  6.23238736e-01  -2.07145626e-01
10026  6.48095233e-01  -1.94073148e-01
10027  6.72556105e-01  -1.80301371e-01
10028  6.96368180e-01  -1.65563408e-01
10029  7.19424467e-01  -1.49741639e-01
10030  7.41578477e-01  -1.32779512e-01
10031  7.62553455e-01  -1.14512213e-01
10032  7.82036649e-01  -9.47718224e-02
10033  7.99717842e-01  -7.36467915e-02
10034  8.14395437e-01  -5.08486566e-02
10035  8.24298055e-01  -2.60878940e-02
10036  8.28000050e-01  -2.74255841e-05
10037  8.24306694e-01  2.42997600e-02
10038  8.13205177e-01  4.65889473e-02
10039  7.97356035e-01  6.68932120e-02
10040  7.79054018e-01  8.56373316e-02
10041  7.59095216e-01  1.02912301e-01
10042  7.38049162e-01  1.19092307e-01
10043  7.16258640e-01  1.34328581e-01
10044  6.93751141e-01  1.48537826e-01
10045  6.70668267e-01  1.61922858e-01
10046  6.47163445e-01  1.74633144e-01
10047  6.23329856e-01  1.86682738e-01
10048  5.84806336e-01  1.77677718e-01
10049  5.60349433e-01  1.88275650e-01
10050  5.35541079e-01  1.98335649e-01
10051  5.10499030e-01  2.07965894e-01
10052  4.85350595e-01  2.17066980e-01
10053  4.59914246e-01  2.25599207e-01
10054  4.34281859e-01  2.33785457e-01
10055  4.08575579e-01  2.41470143e-01
10056  3.82728886e-01  2.48652738e-01
10057  3.56717717e-01  2.55354362e-01
10058  3.30498607e-01  2.61629081e-01
10059  3.04147906e-01  2.67583696e-01
10060  2.77797004e-01  2.73158117e-01
10061  2.51447239e-01  2.78245791e-01
10062  2.21117202e-01  2.83477740e-01
10063  2.25096928e-01  2.71389411e-01
10064  1.67197217e-01  2.79691984e-01
10065  1.40997799e-01  2.82982038e-01
10066  1.14806332e-01  2.85878318e-01
10067  8.85705797e-02  2.88383651e-01
10068  6.23020583e-02  2.90506190e-01
10069  3.60555284e-02  2.92231602e-01
10070  9.77642569e-03  2.93511392e-01
10071  -1.65872059e-02  2.94408276e-01
10072  -4.29865538e-02  2.94942961e-01
10073  -6.93359591e-02  2.95122025e-01
10074  -9.55676119e-02  2.94872545e-01
10075  -1.21925164e-01  2.94122219e-01
10076  -1.48512264e-01  2.93099306e-01
10077  -1.74966602e-01  2.91872424e-01
10078  -2.01342953e-01  2.90230830e-01
10079  -2.27862702e-01  2.88301283e-01
10080  -2.54422509e-01  2.86148297e-01
10081  -2.80872712e-01  2.83795225e-01
10082  -2.86211476e-01  2.83322826e-01
10083  -3.35141142e-01  2.89782465e-01
10084  -3.73210456e-01  2.85352827e-01
10085  -3.99972248e-01  2.81988502e-01
10086  -4.26782942e-01  2.78350820e-01
10087  -4.53624643e-01  2.74600222e-01
10088  -4.80412168e-01  2.70668590e-01
10089  -5.07226614e-01  2.66575923e-01
10090  -5.33980118e-01  2.62390423e-01
10091  -5.60688075e-01  2.57975378e-01
10092  -5.87461349e-01  2.53432298e-01
10093  -6.14192514e-01  2.48806887e-01
10094  -6.40881965e-01  2.44023383e-01
10095  -6.67603655e-01  2.39120611e-01
10096  -6.94343272e-01  2.34140723e-01
10097  -7.20988076e-01  2.29119926e-01
10098  -7.47576854e-01  2.23887407e-01
10099  -7.74226730e-01  2.18558158e-01
10100  -8.00813075e-01  2.13155717e-01
10101  -8.27388372e-01  2.07587380e-01
10102  -8.54016736e-01  2.01961023e-01
10103  -8.80624444e-01  1.96281962e-01
10104  -9.07208249e-01  1.90544853e-01
10105  -9.33762712e-01  1.84737461e-01
10106  -9.60314722e-01  1.78843304e-01
10107  -9.86882166e-01  1.72897420e-01
10108  -1.01344044e+00  1.66912193e-01
10109  -1.03998402e+00  1.60881343e-01
10110  -1.06652297e+00  1.54802651e-01
10111  -1.09305272e+00  1.48687811e-01
10112  -1.11956855e+00  1.42525746e-01
10113  -1.14608078e+00  1.36321116e-01
10114  -1.17257625e+00  1.30080743e-01
10115  -1.19906442e+00  1.23784366e-01
10116  -1.22554991e+00  1.17459056e-01
10117  -1.25201673e+00  1.11087674e-01
10118  -1.27849618e+00  1.04670587e-01
10119  -1.30495864e+00  9.82475237e-02
10120  -1.33138270e+00  9.17645777e-02
10121  -1.35784408e+00  8.52217351e-02
10122  -1.38433426e+00  7.86914143e-02
10123  -1.41079531e+00  7.21614901e-02
10124  -1.43722898e+00  6.56079810e-02
10125  -1.46365505e+00  5.90127350e-02
10126  -1.50728026e+00  7.32152905e-02
10127  -1.53397643e+00  6.65500821e-02
10128  -1.56065111e+00  5.98965978e-02
10129  -1.58730048e+00  5.30936322e-02
10130  -1.61397696e+00  4.63819732e-02
10131  -1.64059962e+00  3.95565152e-02
10132  -1.66721432e+00  3.26490003e-02
10133  -1.69380676e+00  2.57160220e-02
10134  -1.72032066e+00  1.86050246e-02
10135  -1.74484806e+00  1.20965043e-02
10136  -2.86230752e-01  2.96154704e-01
10137  -2.86188310e-01  2.67901345e-01
10138  -2.86145868e-01  2.39647985e-01
10139  -2.86103426e-01  2.11394626e-01
10140  -2.86060984e-01  1.83141266e-01
10141  -2.86018542e-01  1.54887907e-01
10142  -2.85976101e-01  1.26634547e-01
10143  -2.85933659e-01  9.83811881e-02
10144  -2.85891217e-01  7.01278286e-02
10145  -2.85848775e-01  4.18744692e-02
10146  -2.85806333e-01  1.36211097e-02
10147  -2.85763891e-01  -1.46322497e-02
10148  -2.85721449e-01  -4.28856092e-02
10149  -2.85679007e-01  -7.11389687e-02
10150  -2.85636565e-01  -9.93923286e-02
10151  -2.85594124e-01  -1.27645688e-01
10152  -2.85551682e-01  -1.55899047e-01
10153  -2.85509240e-01  -1.84152407e-01
10154  -2.85466798e-01  -2.12405766e-01
10155  -2.85424356e-01  -2.40659125e-01
10156  -2.85381914e-01  -2.68912485e-01
10157  2.25144975e-01  2.90699694e-01
10158  2.25074418e-01  2.62342252e-01
10159  2.25003861e-01  2.33984811e-01
10160  2.24933304e-01  2.05627369e-01
10161  2.24862747e-01  1.77269927e-01
10162  2.24792190e-01  1.48912485e-01
10163  2.24721633e-01  1.20555043e-01
10164  2.24651076e-01  9.21976011e-02
10165  2.24580519e-01  6.38401588e-02
10166  2.24509961e-01  3.54827169e-02
10167  2.24439404e-01  7.12527545e-03
10168  2.24368847e-01  -2.12321664e-02
10169  2.24298290e-01  -4.95896083e-02
10170  2.24227733e-01  -7.79470502e-02
10171  2.24157176e-01  -1.06304492e-01
10172  2.24086619e-01  -1.34661934e-01
10173  2.24016062e-01  -1.63019376e-01
10174  2.23945505e-01  -1.91376818e-01
10175  2.23874948e-01  -2.19734259e-01
10176  2.23804391e-01  -2.48091701e-01
10177  2.23733834e-01  -2.76449143e-01
10178  2.23663277e-01  -3.04806586e-01
