1  -2.30210000e+00  -1.47257418e-02
2  -2.28522738e+00  -5.20687767e-02
3  -2.25161052e+00  -7.66817848e-02
4  -2.21395897e+00  -9.47958685e-02
5  -2.17516913e+00  -1.10381696e-01
6  -2.13593269e+00  -1.24808939e-01
7  -2.09657276e+00  -1.38898221e-01
8  -2.05717662e+00  -1.52886524e-01
9  -2.01767340e+00  -1.66568674e-01
10  -1.97830359e+00  -1.80631227e-01
11  -1.93887560e+00  -1.94529962e-01
12  -1.89966969e+00  -2.09041829e-01
13  -1.86057500e+00  -2.23852099e-01
14  -1.80775769e+00  -2.44288297e-01
15  -1.76966848e+00  -2.59794703e-01
16  -1.73167828e+00  -2.75543767e-01
17  -1.69379364e+00  -2.91544822e-01
18  -1.65609529e+00  -3.07979721e-01
19  -1.61850077e+00  -3.24651302e-01
20  -1.58099167e+00  -3.41514056e-01
21  -1.54358408e+00  -3.58600680e-01
22  -1.50635394e+00  -3.76070032e-01
23  -1.46922353e+00  -3.93751082e-01
24  -1.43214854e+00  -4.11548047e-01
25  -1.39512460e+00  -4.29451022e-01
26  -1.35814321e+00  -4.47441769e-01
27  -1.32117619e+00  -4.65462028e-01
28  -1.28426291e+00  -4.83592062e-01
29  -1.24737996e+00  -5.01783758e-01
30  -1.21049538e+00  -5.19972109e-01
31  -1.17357909e+00  -5.38096017e-01
32  -1.13661287e+00  -5.56117913e-01
33  -1.09958978e+00  -5.74022665e-01
34  -1.06253604e+00  -5.91863893e-01
35  -1.02543958e+00  -6.09615858e-01
36  -9.88251418e-01  -6.27175145e-01
37  -9.50960450e-01  -6.44514997e-01
38  -9.13513298e-01  -6.61513332e-01
39  -8.75920967e-01  -6.78189031e-01
40  -8.38184409e-01  -6.94536390e-01
41  -8.00274718e-01  -7.10477814e-01
42  -7.62175156e-01  -7.25957674e-01
43  -7.23882553e-01  -7.40953452e-01
44  -6.85378291e-01  -7.55398903e-01
45  -6.46560149e-01  -7.68979853e-01
46  -6.07513623e-01  -7.81886181e-01
47  -5.68239318e-01  -7.94073375e-01
48  -5.28730657e-01  -8.05487209e-01
49  -4.88988882e-01  -8.16064309e-01
50  -4.49020727e-01  -8.25746379e-01
51  -4.08842190e-01  -8.34506968e-01
52  -3.54000000e-01  -8.45014272e-01
53  -3.12584512e-01  -8.51801322e-01
54  -2.71017231e-01  -8.57585769e-01
55  -2.29313522e-01  -8.62309890e-01
56  -1.87506876e-01  -8.66030604e-01
57  -1.45613197e-01  -8.68577308e-01
58  -1.03669939e-01  -8.70037854e-01
59  -6.17038875e-02  -8.70513127e-01
60  -1.97376850e-02  -8.70047329e-01
61  2.22087362e-02  -8.68653652e-01
62  6.41127707e-02  -8.66306055e-01
63  1.05937738e-01  -8.62800336e-01
64  1.47694553e-01  -8.58557007e-01
65  1.89340638e-01  -8.53346170e-01
66  2.30845498e-01  -8.47115942e-01
67  2.72200000e-01  -8.39956794e-01
68  3.17913425e-01  -8.31111853e-01
69  3.58465053e-01  -8.22224200e-01
70  3.98771583e-01  -8.12285771e-01
71  4.38834371e-01  -8.01400228e-01
72  4.78662075e-01  -7.89683826e-01
73  5.18233929e-01  -7.77130351e-01
74  5.57470934e-01  -7.63572246e-01
75  5.96293444e-01  -7.48866218e-01
76  6.34714693e-01  -7.33140835e-01
77  6.72715093e-01  -7.16424729e-01
78  7.10235671e-01  -6.98659210e-01
79  7.47241368e-01  -6.79843309e-01
80  7.88575000e-01  -6.56981961e-01
81  8.24130271e-01  -6.35587626e-01
82  8.59007711e-01  -6.13104312e-01
83  8.93027700e-01  -5.89342440e-01
84  9.26089319e-01  -5.64264588e-01
85  9.58166120e-01  -5.37944016e-01
86  9.89039917e-01  -5.10225435e-01
87  1.01877261e+00  -4.81280448e-01
88  1.04735118e+00  -4.51196754e-01
89  1.07406499e+00  -4.19442639e-01
90  1.09946274e+00  -3.86634982e-01
91  1.12314212e+00  -3.52562146e-01
92  1.14477743e+00  -3.17158687e-01
93  1.16412432e+00  -2.80456931e-01
94  1.18120708e+00  -2.42646771e-01
95  1.19606575e+00  -2.03905715e-01
96  1.20805546e+00  -1.64194312e-01
97  1.21708998e+00  -1.23700557e-01
98  1.22346709e+00  -8.27010043e-02
99  1.22738163e+00  -4.14096680e-02
100  1.23010000e+00  0.00000000e+00
101  1.22743805e+00  4.06086163e-02
102  1.22392234e+00  8.11389283e-02
103  1.21867439e+00  1.21492184e-01
104  1.21162575e+00  1.61558537e-01
105  1.20143786e+00  2.00945249e-01
106  1.18880851e+00  2.39623705e-01
107  1.17400342e+00  2.77521491e-01
108  1.15710197e+00  3.14534989e-01
109  1.13792120e+00  3.50421096e-01
110  1.11695181e+00  3.85288573e-01
111  1.09419509e+00  4.19018568e-01
112  1.06969192e+00  4.51504721e-01
113  1.04349592e+00  4.82641866e-01
114  1.01581487e+00  5.12461247e-01
115  9.86707480e-01  5.40891995e-01
116  9.56318406e-01  5.67949356e-01
117  9.24807998e-01  5.93696013e-01
118  8.92201606e-01  6.18042863e-01
119  8.58518495e-01  6.40876494e-01
120  8.23917669e-01  6.62292341e-01
121  7.88575000e-01  6.82459679e-01
122  7.47283499e-01  7.03908072e-01
123  7.10310172e-01  7.21373070e-01
124  6.72793200e-01  7.37637254e-01
125  6.34748269e-01  7.52623049e-01
126  5.96204974e-01  7.66275879e-01
127  5.57257825e-01  7.78735866e-01
128  5.17972689e-01  7.90085086e-01
129  4.78381638e-01  8.00314928e-01
130  4.38515238e-01  8.09409364e-01
131  3.98413352e-01  8.17406887e-01
132  3.58131473e-01  8.24447980e-01
133  3.17711138e-01  8.30646083e-01
134  2.72200000e-01  8.36507780e-01
135  2.30544043e-01  8.40852648e-01
136  1.88808510e-01  8.44349403e-01
137  1.47002075e-01  8.46878352e-01
138  1.05153850e-01  8.48601410e-01
139  6.32798688e-02  8.49494485e-01
140  2.13970952e-02  8.49566121e-01
141  -2.04783510e-02  8.48828179e-01
142  -6.23336856e-02  8.47337604e-01
143  -1.04160021e-01  8.45172901e-01
144  -1.45951619e-01  8.42409141e-01
145  -1.87703178e-01  8.39090466e-01
146  -2.29382079e-01  8.34953462e-01
147  -2.70987841e-01  8.30141861e-01
148  -3.12526980e-01  8.24787910e-01
149  -3.54000000e-01  8.18943700e-01
150  -4.10078869e-01  8.10040042e-01
151  -4.51565435e-01  8.02659786e-01
152  -4.92956370e-01  7.94758897e-01
153  -5.34252489e-01  7.86374346e-01
154  -5.75454082e-01  7.77537371e-01
155  -6.16537224e-01  7.68168509e-01
156  -6.57527860e-01  7.58400608e-01
157  -6.98432573e-01  7.48279554e-01
158  -7.39233433e-01  7.37746323e-01
159  -7.79900083e-01  7.26705890e-01
160  -8.20472013e-01  7.15322776e-01
161  -8.60943942e-01  7.03589766e-01
162  -9.01325030e-01  6.91547042e-01
163  -9.41630309e-01  6.79252559e-01
164  -9.81863564e-01  6.66724139e-01
165  -1.02201908e+00  6.53948873e-01
166  -1.06211293e+00  6.40981508e-01
167  -1.10210324e+00  6.27699780e-01
168  -1.14199139e+00  6.14112699e-01
169  -1.18181875e+00  6.00348442e-01
170  -1.22155878e+00  5.86333856e-01
171  -1.26122792e+00  5.72119915e-01
172  -1.30080439e+00  5.57650293e-01
173  -1.34030654e+00  5.42978843e-01
174  -1.37972494e+00  5.28084126e-01
175  -1.41905734e+00  5.12963492e-01
176  -1.45832614e+00  4.97678244e-01
177  -1.49754460e+00  4.82264380e-01
178  -1.53667711e+00  4.66633701e-01
179  -1.57569992e+00  4.50731191e-01
180  -1.61461854e+00  4.34575129e-01
181  -1.65343738e+00  4.18180741e-01
182  -1.69218654e+00  4.01622536e-01
183  -1.73082246e+00  3.84801709e-01
184  -1.76935861e+00  3.67753537e-01
185  -1.80778107e+00  3.50450865e-01
186  -1.86057500e+00  3.26200784e-01
187  -1.89911179e+00  3.08079372e-01
188  -1.93744664e+00  2.89534547e-01
189  -1.97553591e+00  2.70490766e-01
190  -2.01342928e+00  2.51059428e-01
191  -2.05107980e+00  2.31163052e-01
192  -2.08830159e+00  2.10476343e-01
193  -2.12502074e+00  1.88911848e-01
194  -2.16107050e+00  1.66245609e-01
195  -2.19619680e+00  1.42175396e-01
196  -2.23002303e+00  1.16316290e-01
197  -2.26139729e+00  8.75509982e-02
198  -2.28817871e+00  5.45505795e-02
199  -3.12528418e-01  7.82873179e-01
200  -3.12529857e-01  7.40958449e-01
201  -3.12531295e-01  6.99043718e-01
202  -3.12532733e-01  6.57128987e-01
203  -3.12534171e-01  6.15214256e-01
204  -3.12535610e-01  5.73299525e-01
205  -3.12537048e-01  5.31384795e-01
206  -3.12538486e-01  4.89470064e-01
207  -3.12539925e-01  4.47555333e-01
208  -3.12541363e-01  4.05640602e-01
209  -3.12542801e-01  3.63725871e-01
210  -3.12544240e-01  3.21811141e-01
211  -3.12545678e-01  2.79896410e-01
212  -3.12547116e-01  2.37981679e-01
213  -3.12548554e-01  1.96066948e-01
214  -3.12549993e-01  1.54152217e-01
215  -3.12551431e-01  1.12237487e-01
216  -3.12552869e-01  7.03227559e-02
217  -3.12554308e-01  2.84080251e-02
218  -3.12555746e-01  -1.35067057e-02
219  -3.12557184e-01  -5.54214365e-02
220  -3.12558623e-01  -9.73361673e-02
221  -3.12560061e-01  -1.39250898e-01
222  -3.12561499e-01  -1.81165629e-01
223  -3.12562937e-01  -2.23080360e-01
224  -3.12564376e-01  -2.64995090e-01
225  -3.12565814e-01  -3.06909821e-01
226  -3.12567252e-01  -3.48824552e-01
227  -3.12568691e-01  -3.90739283e-01
228  -3.12570129e-01  -4.32654014e-01
229  -3.12571567e-01  -4.74568744e-01
230  -3.12573005e-01  -5.16483475e-01
231  -3.12574444e-01  -5.58398206e-01
232  -3.12575882e-01  -6.00312937e-01
233  -3.12577320e-01  -6.42227668e-01
234  -3.12578759e-01  -6.84142398e-01
235  -3.12580197e-01  -7.26057129e-01
236  -3.12581635e-01  -7.67971860e-01
237  -3.12583074e-01  -8.09886591e-01
238  2.30551579e-01  7.98653433e-01
239  2.30559115e-01  7.56454218e-01
240  2.30566652e-01  7.14255003e-01
241  2.30574188e-01  6.72055789e-01
242  2.30581725e-01  6.29856574e-01
243  2.30589261e-01  5.87657359e-01
244  2.30596797e-01  5.45458144e-01
245  2.30604334e-01  5.03258930e-01
246  2.30611870e-01  4.61059715e-01
247  2.30619407e-01  4.18860500e-01
248  2.30626943e-01  3.76661286e-01
249  2.30634479e-01  3.34462071e-01
250  2.30642016e-01  2.92262856e-01
251  2.30649552e-01  2.50063641e-01
252  2.30657088e-01  2.07864427e-01
253  2.30664625e-01  1.65665212e-01
254  2.30672161e-01  1.23465997e-01
255  2.30679698e-01  8.12667823e-02
256  2.30687234e-01  3.90675676e-02
257  2.30694770e-01  -3.13164717e-03
258  2.30702307e-01  -4.53308619e-02
259  2.30709843e-01  -8.75300767e-02
260  2.30717380e-01  -1.29729291e-01
261  2.30724916e-01  -1.71928506e-01
262  2.30732452e-01  -2.14127721e-01
263  2.30739989e-01  -2.56326936e-01
264  2.30747525e-01  -2.98526150e-01
265  2.30755061e-01  -3.40725365e-01
266  2.30762598e-01  -3.82924580e-01
267  2.30770134e-01  -4.25123795e-01
268  2.30777671e-01  -4.67323009e-01
269  2.30785207e-01  -5.09522224e-01
270  2.30792743e-01  -5.51721439e-01
271  2.30800280e-01  -5.93920654e-01
272  2.30807816e-01  -6.36119868e-01
273  2.30815353e-01  -6.78319083e-01
274  2.30822889e-01  -7.20518298e-01
275  2.30830425e-01  -7.62717513e-01
276  2.30837962e-01  -8.04916727e-01
10209  -2.26651368e+00  -1.06861834e-02
10210  -2.25875173e+00  -3.05891852e-02
10211  -2.23407625e+00  -4.74434207e-02
10212  -2.20020567e+00  -6.36000433e-02
10213  -2.16292940e+00  -7.85615510e-02
10214  -2.12430468e+00  -9.27601926e-02
10215  -2.08512398e+00  -1.06785015e-01
10216  -2.04589376e+00  -1.20714646e-01
10217  -2.00636023e+00  -1.34407441e-01
10218  -1.96690227e+00  -1.48501138e-01
10219  -1.92729068e+00  -1.62465616e-01
10220  -1.88771335e+00  -1.77114120e-01
10221  -1.84838472e+00  -1.92012976e-01
10222  -1.79517841e+00  -2.12600850e-01
10223  -1.75671287e+00  -2.28259250e-01
10224  -1.71851771e+00  -2.44093297e-01
10225  -1.68034861e+00  -2.60214904e-01
10226  -1.64237250e+00  -2.76770466e-01
10227  -1.60460068e+00  -2.93520608e-01
10228  -1.56691951e+00  -3.10460765e-01
10229  -1.52926030e+00  -3.27662643e-01
10230  -1.49178392e+00  -3.45247198e-01
10231  -1.45451781e+00  -3.62992761e-01
10232  -1.41735083e+00  -3.80833872e-01
10233  -1.38024658e+00  -3.98775669e-01
10234  -1.34321659e+00  -4.16790037e-01
10235  -1.30619182e+00  -4.34838488e-01
10236  -1.26920749e+00  -4.53003390e-01
10237  -1.23230037e+00  -4.71206992e-01
10238  -1.19544388e+00  -4.89381506e-01
10239  -1.15859658e+00  -5.07471565e-01
10240  -1.12172120e+00  -5.25449187e-01
10241  -1.08477301e+00  -5.43317684e-01
10242  -1.04778257e+00  -5.61128445e-01
10243  -1.01080293e+00  -5.78824605e-01
10244  -9.73785596e-01  -5.96303270e-01
10245  -9.36726943e-01  -6.13535328e-01
10246  -8.99555053e-01  -6.30408669e-01
10247  -8.62232659e-01  -6.46964636e-01
10248  -8.24800421e-01  -6.63180346e-01
10249  -7.87250109e-01  -6.78970796e-01
10250  -7.49542366e-01  -6.94291521e-01
10251  -7.11678560e-01  -7.09119583e-01
10252  -6.73760506e-01  -7.23346450e-01
10253  -6.35580584e-01  -7.36703208e-01
10254  -5.97111311e-01  -7.49418897e-01
10255  -5.58455635e-01  -7.61414346e-01
10256  -5.19614752e-01  -7.72635528e-01
10257  -4.80590775e-01  -7.83021845e-01
10258  -4.41375355e-01  -7.92521675e-01
10259  -4.02002492e-01  -8.01107100e-01
10260  -3.48104887e-01  -8.11839986e-01
10261  -2.97598421e-01  -8.19993185e-01
10262  -2.66798588e-01  -8.24156909e-01
10263  -2.25923558e-01  -8.28786856e-01
10264  -1.84990943e-01  -8.32430668e-01
10265  -1.44004535e-01  -8.34921731e-01
10266  -1.02892812e-01  -8.36352817e-01
10267  -6.17000836e-02  -8.36819127e-01
10268  -2.04841458e-02  -8.36361599e-01
10269  2.07068585e-02  -8.34993141e-01
10270  6.17630402e-02  -8.32694087e-01
10271  1.02827235e-01  -8.29250218e-01
10272  1.43899457e-01  -8.25077418e-01
10273  1.84747816e-01  -8.19966661e-01
10274  2.45823971e-01  -8.10564475e-01
10275  2.66125639e-01  -8.06814860e-01
10276  3.11025250e-01  -7.97721949e-01
10277  3.50734010e-01  -7.89019326e-01
10278  3.90220354e-01  -7.79282602e-01
10279  4.29553340e-01  -7.68594815e-01
10280  4.68696126e-01  -7.57079953e-01
10281  5.07511193e-01  -7.44767477e-01
10282  5.45863845e-01  -7.31515919e-01
10283  5.83796796e-01  -7.17146091e-01
10284  6.21392652e-01  -7.01758422e-01
10285  6.58554945e-01  -6.85411460e-01
10286  6.95213195e-01  -6.68054343e-01
10287  7.31262429e-01  -6.49726766e-01
10288  7.71532915e-01  -6.27454008e-01
10289  8.06103227e-01  -6.06650482e-01
10290  8.40007222e-01  -5.84796820e-01
10291  8.72960894e-01  -5.61780583e-01
10292  9.04970511e-01  -5.37500272e-01
10293  9.35959374e-01  -5.12075249e-01
10294  9.65756260e-01  -4.85321541e-01
10295  9.94518273e-01  -4.57320903e-01
10296  1.02193630e+00  -4.28471957e-01
10297  1.04753568e+00  -3.98029363e-01
10298  1.07197616e+00  -3.66465191e-01
10299  1.09458621e+00  -3.33937089e-01
10300  1.11513739e+00  -3.00312306e-01
10301  1.13349597e+00  -2.65482394e-01
10302  1.14974321e+00  -2.29518260e-01
10303  1.16380931e+00  -1.92866932e-01
10304  1.17507669e+00  -1.55549450e-01
10305  1.18359077e+00  -1.17365301e-01
10306  1.18963760e+00  -7.84703432e-02
10307  1.19339777e+00  -3.86839100e-02
10308  1.19593372e+00  1.60610791e-06
10309  1.19344344e+00  3.80203163e-02
10310  1.19002770e+00  7.74665709e-02
10311  1.18497310e+00  1.16338967e-01
10312  1.17830775e+00  1.54330561e-01
10313  1.16871400e+00  1.91380642e-01
10314  1.15671311e+00  2.28125095e-01
10315  1.14260687e+00  2.64232795e-01
10316  1.12654688e+00  2.99411523e-01
10317  1.10826971e+00  3.33594881e-01
10318  1.08820275e+00  3.66963069e-01
10319  1.06644506e+00  3.99212802e-01
10320  1.04302903e+00  4.30258002e-01
10321  1.01795084e+00  4.60063529e-01
10322  9.91403129e-01  4.88662097e-01
10323  9.63454591e-01  5.15959370e-01
10324  9.34192058e-01  5.42011789e-01
10325  9.03818245e-01  5.66830367e-01
10326  8.72432418e-01  5.90266761e-01
10327  8.39978020e-01  6.12265597e-01
10328  8.06495076e-01  6.32987292e-01
10329  7.72265624e-01  6.52520793e-01
10330  7.32142242e-01  6.73361796e-01
10331  6.96247339e-01  6.90315553e-01
10332  6.59763742e-01  7.06132240e-01
10333  6.22807383e-01  7.20689557e-01
10334  5.85317801e-01  7.33967953e-01
10335  5.47331489e-01  7.46119911e-01
10336  5.08976087e-01  7.57200533e-01
10337  4.70324972e-01  7.67187556e-01
10338  4.31389338e-01  7.76069385e-01
10339  3.92143826e-01  7.83895312e-01
10340  3.52612291e-01  7.90804685e-01
10341  3.12949512e-01  7.96887239e-01
10342  2.68299927e-01  8.03040257e-01
10343  2.45535339e-01  8.05600320e-01
10344  1.86384526e-01  8.10742708e-01
10345  1.45291678e-01  8.13227792e-01
10346  1.04101502e-01  8.14923848e-01
10347  6.28918094e-02  8.15802720e-01
10348  2.16651297e-02  8.15873187e-01
10349  -1.95818934e-02  8.15146107e-01
10350  -6.08633100e-02  8.13675702e-01
10351  -1.02177530e-01  8.11537275e-01
10352  -1.43504974e-01  8.08804088e-01
10353  -1.84704101e-01  8.05530204e-01
10354  -2.25782509e-01  8.01452287e-01
10355  -2.66898757e-01  7.96696906e-01
10356  -2.97543077e-01  7.92810016e-01
10357  -3.49007310e-01  7.85621655e-01
10358  -4.04420013e-01  7.76419959e-01
10359  -4.45383495e-01  7.69131943e-01
10360  -4.86368225e-01  7.61308501e-01
10361  -5.27285700e-01  7.53000756e-01
10362  -5.68088983e-01  7.44249416e-01
10363  -6.08795575e-01  7.34966107e-01
10364  -6.49481971e-01  7.25270617e-01
10365  -6.90077066e-01  7.15226292e-01
10366  -7.30505986e-01  7.04789316e-01
10367  -7.70828914e-01  6.93841828e-01
10368  -8.11120631e-01  6.82537348e-01
10369  -8.51325746e-01  6.70881618e-01
10370  -8.91479761e-01  6.58906525e-01
10371  -9.31588589e-01  6.46671944e-01
10372  -9.71627349e-01  6.34204106e-01
10373  -1.01160531e+00  6.21485263e-01
10374  -1.05149416e+00  6.08584374e-01
10375  -1.09123378e+00  5.95385890e-01
10376  -1.13092685e+00  5.81865085e-01
10377  -1.17058125e+00  5.68160692e-01
10378  -1.21013939e+00  5.54210184e-01
10379  -1.24962441e+00  5.40062290e-01
10380  -1.28901582e+00  5.25660259e-01
10381  -1.32834599e+00  5.11052712e-01
10382  -1.36758268e+00  4.96226661e-01
10383  -1.40675714e+00  4.81166672e-01
10384  -1.44590734e+00  4.65927559e-01
10385  -1.48498602e+00  4.50568724e-01
10386  -1.52392081e+00  4.35017098e-01
10387  -1.56273111e+00  4.19201164e-01
10388  -1.60145077e+00  4.03127672e-01
10389  -1.64010695e+00  3.86801889e-01
10390  -1.67868355e+00  3.70317554e-01
10391  -1.71712129e+00  3.53582957e-01
10392  -1.75546249e+00  3.36621072e-01
10393  -1.79366614e+00  3.19416988e-01
10394  -1.84620563e+00  2.95283899e-01
10395  -1.88443426e+00  2.77307586e-01
10396  -1.92239977e+00  2.58941666e-01
10397  -1.96013432e+00  2.40074919e-01
10398  -1.99768624e+00  2.20818905e-01
10399  -2.03483344e+00  2.01189921e-01
10400  -2.07138695e+00  1.80875200e-01
10401  -2.10731271e+00  1.59778391e-01
10402  -2.14235755e+00  1.37747223e-01
10403  -2.17620137e+00  1.14561716e-01
10404  -2.20812836e+00  9.01828588e-02
10405  -2.23657412e+00  6.41812990e-02
10406  -2.25733341e+00  4.00281834e-02
10407  -2.97543418e-01  7.82872665e-01
10408  -2.97544857e-01  7.40957935e-01
10409  -2.97546295e-01  6.99043204e-01
10410  -2.97547733e-01  6.57128473e-01
10411  -2.97549171e-01  6.15213742e-01
10412  -2.97550610e-01  5.73299011e-01
10413  -2.97552048e-01  5.31384281e-01
10414  -2.97553486e-01  4.89469550e-01
10415  -2.97554925e-01  4.47554819e-01
10416  -2.97556363e-01  4.05640088e-01
10417  -2.97557801e-01  3.63725357e-01
10418  -2.97559240e-01  3.21810627e-01
10419  -2.97560678e-01  2.79895896e-01
10420  -2.97562116e-01  2.37981165e-01
10421  -2.97563554e-01  1.96066434e-01
10422  -2.97564993e-01  1.54151703e-01
10423  -2.97566431e-01  1.12236973e-01
10424  -2.97567869e-01  7.03222416e-02
10425  -2.97569308e-01  2.84075108e-02
10426  -2.97570746e-01  -1.35072198e-02
10427  -2.97572184e-01  -5.54219508e-02
10428  -2.97573623e-01  -9.73366816e-02
10429  -2.97575061e-01  -1.39251412e-01
10430  -2.97576499e-01  -1.81166143e-01
10431  -2.97577937e-01  -2.23080874e-01
10432  -2.97579376e-01  -2.64995604e-01
10433  -2.97580814e-01  -3.06910335e-01
10434  -2.97582252e-01  -3.48825066e-01
10435  -2.97583691e-01  -3.90739797e-01
10436  -2.97585129e-01  -4.32654528e-01
10437  -2.97586567e-01  -4.74569258e-01
10438  -2.97588005e-01  -5.16483989e-01
10439  -2.97589444e-01  -5.58398720e-01
10440  -2.97590882e-01  -6.00313451e-01
10441  -2.97592320e-01  -6.42228182e-01
10442  -2.97593759e-01  -6.84142912e-01
10443  -2.97595197e-01  -7.26057643e-01
10444  -2.97596635e-01  -7.67972374e-01
10445  -2.97598074e-01  -8.09887105e-01
10446  2.45536579e-01  7.98656109e-01
10447  2.45544115e-01  7.56456894e-01
10448  2.45551652e-01  7.14257679e-01
10449  2.45559188e-01  6.72058465e-01
10450  2.45566725e-01  6.29859250e-01
10451  2.45574261e-01  5.87660035e-01
10452  2.45581797e-01  5.45460820e-01
10453  2.45589334e-01  5.03261606e-01
10454  2.45596870e-01  4.61062391e-01
10455  2.45604407e-01  4.18863176e-01
10456  2.45611943e-01  3.76663962e-01
10457  2.45619479e-01  3.34464747e-01
10458  2.45627016e-01  2.92265532e-01
10459  2.45634552e-01  2.50066317e-01
10460  2.45642088e-01  2.07867103e-01
10461  2.45649625e-01  1.65667888e-01
10462  2.45657161e-01  1.23468673e-01
10463  2.45664698e-01  8.12694585e-02
10464  2.45672234e-01  3.90702436e-02
10465  2.45679770e-01  -3.12897095e-03
10466  2.45687307e-01  -4.53281857e-02
10467  2.45694843e-01  -8.75274005e-02
10468  2.45702380e-01  -1.29726615e-01
10469  2.45709916e-01  -1.71925830e-01
10470  2.45717452e-01  -2.14125045e-01
10471  2.45724989e-01  -2.56324260e-01
10472  2.45732525e-01  -2.98523474e-01
10473  2.45740061e-01  -3.40722689e-01
10474  2.45747598e-01  -3.82921904e-01
10475  2.45755134e-01  -4.25121119e-01
10476  2.45762671e-01  -4.67320333e-01
10477  2.45770207e-01  -5.09519548e-01
10478  2.45777743e-01  -5.51718763e-01
10479  2.45785280e-01  -5.93917978e-01
10480  2.45792816e-01  -6.36117192e-01
10481  2.45800353e-01  -6.78316407e-01
10482  2.45807889e-01  -7.20515622e-01
10483  2.45815425e-01  -7.62714837e-01
10484  2.45822962e-01  -8.04914051e-01
2553  -2.30157810e+00  -1.46664986e-02
2554  -2.28483909e+00  -5.17537620e-02
2555  -2.25135337e+00  -7.62529818e-02
2556  -2.21375727e+00  -9.43383578e-02
2557  -2.17498962e+00  -1.09915029e-01
2558  -2.13576216e+00  -1.24338920e-01
2559  -2.09640485e+00  -1.38427256e-01
2560  -2.05701115e+00  -1.52414699e-01
2561  -2.01750748e+00  -1.66097005e-01
2562  -1.97813638e+00  -1.80160015e-01
2563  -1.93870570e+00  -1.94059714e-01
2564  -1.89949434e+00  -2.08573585e-01
2565  -1.86039622e+00  -2.23385154e-01
2566  -1.80757321e+00  -2.43823576e-01
2567  -1.76947848e+00  -2.59332211e-01
2568  -1.73148527e+00  -2.75082522e-01
2569  -1.69359646e+00  -2.91085345e-01
2570  -1.65589403e+00  -3.07522013e-01
2571  -1.61829691e+00  -3.24194746e-01
2572  -1.58078529e+00  -3.41058636e-01
2573  -1.54337401e+00  -3.58146950e-01
2574  -1.50614026e+00  -3.75617992e-01
2575  -1.46900786e+00  -3.93299988e-01
2576  -1.43193152e+00  -4.11097600e-01
2577  -1.39490640e+00  -4.29001144e-01
2578  -1.35792430e+00  -4.46992238e-01
2579  -1.32095643e+00  -4.65012910e-01
2580  -1.28404211e+00  -4.83143456e-01
2581  -1.24715881e+00  -5.01335326e-01
2582  -1.21027464e+00  -5.19523474e-01
2583  -1.17335936e+00  -5.37646886e-01
2584  -1.13639447e+00  -5.55668133e-01
2585  -1.09937248e+00  -5.73572353e-01
2586  -1.06231967e+00  -5.91413134e-01
2587  -1.02522492e+00  -6.09164281e-01
2588  -9.88039266e-01  -6.26722385e-01
2589  -9.50751705e-01  -6.44060656e-01
2590  -9.13308590e-01  -6.61057158e-01
2591  -8.75720217e-01  -6.77731101e-01
2592  -8.37988123e-01  -6.94076530e-01
2593  -8.00083702e-01  -7.10015739e-01
2594  -7.61989886e-01  -7.25493266e-01
2595  -7.23703572e-01  -7.40486584e-01
2596  -6.85207907e-01  -7.54928829e-01
2597  -6.46399125e-01  -7.68506491e-01
2598  -6.07361065e-01  -7.81410023e-01
2599  -5.68095833e-01  -7.93594405e-01
2600  -5.28596965e-01  -8.05005414e-01
2601  -4.88865717e-01  -8.15579716e-01
2602  -4.48908602e-01  -8.25259113e-01
2603  -4.08741881e-01  -8.34017133e-01
2604  -3.53912520e-01  -8.44521984e-01
2605  -3.11584500e-01  -8.51447114e-01
2606  -2.70954629e-01  -8.57089704e-01
2607  -2.29263217e-01  -8.61812427e-01
2608  -1.87469541e-01  -8.65532000e-01
2609  -1.45589325e-01  -8.68077878e-01
2610  -1.03658407e-01  -8.69537987e-01
2611  -6.17038311e-02  -8.70013127e-01
2612  -1.97487621e-02  -8.69547452e-01
2613  2.21864492e-02  -8.68154149e-01
2614  6.40779020e-02  -8.65807272e-01
2615  1.05891580e-01  -8.62302471e-01
2616  1.47638236e-01  -8.58060189e-01
2617  1.89272483e-01  -8.52850837e-01
2618  2.31845379e-01  -8.46447884e-01
2619  2.72109860e-01  -8.39464986e-01
2620  3.17812405e-01  -8.30622164e-01
2621  3.58351671e-01  -8.21737225e-01
2622  3.98646173e-01  -8.11801754e-01
2623  4.38698258e-01  -8.00919111e-01
2624  4.78515917e-01  -7.89205665e-01
2625  5.18076672e-01  -7.76655725e-01
2626  5.57300707e-01  -7.63102115e-01
2627  5.96110171e-01  -7.48401018e-01
2628  6.34519315e-01  -7.32680588e-01
2629  6.72507424e-01  -7.15969896e-01
2630  7.10015355e-01  -6.98210366e-01
2631  7.47007025e-01  -6.79401627e-01
2632  7.88325065e-01  -6.56548911e-01
2633  8.23865891e-01  -6.35163241e-01
2634  8.58729054e-01  -6.12689161e-01
2635  8.92733405e-01  -5.88938224e-01
2636  9.25779595e-01  -5.63872069e-01
2637  9.57840441e-01  -5.37564631e-01
2638  9.88698444e-01  -5.09860200e-01
2639  1.01841690e+00  -4.80929063e-01
2640  1.04697845e+00  -4.50863477e-01
2641  1.07367592e+00  -4.19128597e-01
2642  1.09905963e+00  -3.86339177e-01
2643  1.12272333e+00  -3.52288995e-01
2644  1.14434274e+00  -3.16911622e-01
2645  1.16367513e+00  -2.80237318e-01
2646  1.18074564e+00  -2.42454231e-01
2647  1.19559268e+00  -2.03743823e-01
2648  1.20757180e+00  -1.64067528e-01
2649  1.21659869e+00  -1.23607646e-01
2650  1.22297095e+00  -8.26389584e-02
2651  1.22688323e+00  -4.13696927e-02
2652  1.22959893e+00  2.35548046e-08
2653  1.22693949e+00  4.05706569e-02
2654  1.22342525e+00  8.10850704e-02
2655  1.21818013e+00  1.21416608e-01
2656  1.21113712e+00  1.61452533e-01
2657  1.20095794e+00  2.00804977e-01
2658  1.18833781e+00  2.39455069e-01
2659  1.17354297e+00  2.77326602e-01
2660  1.15665386e+00  3.14313192e-01
2661  1.13748634e+00  3.50174327e-01
2662  1.11653018e+00  3.85019815e-01
2663  1.09378811e+00  4.18728101e-01
2664  1.06930089e+00  4.51193122e-01
2665  1.04312128e+00  4.82310737e-01
2666  1.01545685e+00  5.12112214e-01
2667  9.86366459e-01  5.40526339e-01
2668  9.55993906e-01  5.67568962e-01
2669  9.24500167e-01  5.93302008e-01
2670  8.91911676e-01  6.17635505e-01
2671  8.58246585e-01  6.40456893e-01
2672  8.23662153e-01  6.61862560e-01
2673  7.88335810e-01  6.82020602e-01
2674  7.47061441e-01  7.03460087e-01
2675  7.10103930e-01  7.20917588e-01
2676  6.72602113e-01  7.37175209e-01
2677  6.34573147e-01  7.52154720e-01
2678  5.96045305e-01  7.65802058e-01
2679  5.57112248e-01  7.78257528e-01
2680  5.17840747e-01  7.89602809e-01
2681  4.78263481e-01  7.99829090e-01
2682  4.38410731e-01  8.08920408e-01
2683  3.98321405e-01  8.16915414e-01
2684  3.58050530e-01  8.23954575e-01
2685  3.17641305e-01  8.30150984e-01
2686  2.72142125e-01  8.36011141e-01
2687  2.31544149e-01  8.40256398e-01
2688  1.88772539e-01  8.43850699e-01
2689  1.46976694e-01  8.46378997e-01
2690  1.05138234e-01  8.48101654e-01
2691  6.32741102e-02  8.48994518e-01
2692  2.14010727e-02  8.49066137e-01
2693  -2.04650481e-02  8.48328356e-01
2694  -6.23118661e-02  8.46838080e-01
2695  -1.04130602e-01  8.44673767e-01
2696  -1.45915312e-01  8.41910461e-01
2697  -1.87658673e-01  8.38592451e-01
2698  -2.29328663e-01  8.34456323e-01
2699  -2.70927161e-01  8.29645557e-01
2700  -3.11526993e-01  8.24418277e-01
2701  -3.53925911e-01  8.18449220e-01
2702  -4.09995878e-01  8.09546978e-01
2703  -4.51474772e-01  8.02168074e-01
2704  -4.92859750e-01  7.94268321e-01
2705  -5.34150316e-01  7.85884897e-01
2706  -5.75346067e-01  7.77049178e-01
2707  -6.16423687e-01  7.67681570e-01
2708  -6.57409861e-01  7.57914731e-01
2709  -6.98310033e-01  7.47794803e-01
2710  -7.39105438e-01  7.37262983e-01
2711  -7.79767047e-01  7.26223913e-01
2712  -8.20334868e-01  7.14841953e-01
2713  -8.60802884e-01  7.03110076e-01
2714  -9.01180642e-01  6.91068344e-01
2715  -9.41483039e-01  6.78774739e-01
2716  -9.81713442e-01  6.66247208e-01
2717  -1.02186635e+00  6.53472769e-01
2718  -1.06195720e+00  6.40506379e-01
2719  -1.10194383e+00  6.27225872e-01
2720  -1.14182912e+00  6.13639763e-01
2721  -1.18165394e+00  5.99876384e-01
2722  -1.22139131e+00  5.85862738e-01
2723  -1.26105775e+00  5.71649765e-01
2724  -1.30063150e+00  5.57181135e-01
2725  -1.34013113e+00  5.42510622e-01
2726  -1.37954686e+00  5.27616912e-01
2727  -1.41887695e+00  5.12497167e-01
2728  -1.45814401e+00  4.97212596e-01
2729  -1.49736042e+00  4.81799539e-01
2730  -1.53649003e+00  4.66170019e-01
2731  -1.57550972e+00  4.50268779e-01
2732  -1.61442542e+00  4.34113928e-01
2733  -1.65324188e+00  4.17720546e-01
2734  -1.69198851e+00  4.01163424e-01
2735  -1.73062152e+00  3.84343862e-01
2736  -1.76915481e+00  3.67296956e-01
2737  -1.80757406e+00  3.49995729e-01
2738  -1.86036426e+00  3.25747364e-01
2739  -1.89889653e+00  3.07628080e-01
2740  -1.93722597e+00  2.89085879e-01
2741  -1.97531003e+00  2.70044694e-01
2742  -2.01319840e+00  2.50615928e-01
2743  -2.05084153e+00  2.30723473e-01
2744  -2.08805352e+00  2.10042220e-01
2745  -2.12476104e+00  1.88484584e-01
2746  -2.16079606e+00  1.65827658e-01
2747  -2.19590355e+00  1.41770420e-01
2748  -2.22970193e+00  1.15933023e-01
2749  -2.26103324e+00  8.72082636e-02
2750  -2.28772634e+00  5.43375974e-02
2751  -3.11528418e-01  7.82873145e-01
2752  -3.11529857e-01  7.40958415e-01
2753  -3.11531295e-01  6.99043684e-01
2754  -3.11532733e-01  6.57128953e-01
2755  -3.11534171e-01  6.15214222e-01
2756  -3.11535610e-01  5.73299491e-01
2757  -3.11537048e-01  5.31384761e-01
2758  -3.11538486e-01  4.89470030e-01
2759  -3.11539925e-01  4.47555299e-01
2760  -3.11541363e-01  4.05640568e-01
2761  -3.11542801e-01  3.63725837e-01
2762  -3.11544240e-01  3.21811107e-01
2763  -3.11545678e-01  2.79896376e-01
2764  -3.11547116e-01  2.37981645e-01
2765  -3.11548554e-01  1.96066914e-01
2766  -3.11549993e-01  1.54152183e-01
2767  -3.11551431e-01  1.12237453e-01
2768  -3.11552869e-01  7.03227216e-02
2769  -3.11554308e-01  2.84079908e-02
2770  -3.11555746e-01  -1.35067400e-02
2771  -3.11557184e-01  -5.54214708e-02
2772  -3.11558623e-01  -9.73362016e-02
2773  -3.11560061e-01  -1.39250932e-01
2774  -3.11561499e-01  -1.81165663e-01
2775  -3.11562937e-01  -2.23080394e-01
2776  -3.11564376e-01  -2.64995124e-01
2777  -3.11565814e-01  -3.06909855e-01
2778  -3.11567252e-01  -3.48824586e-01
2779  -3.11568691e-01  -3.90739317e-01
2780  -3.11570129e-01  -4.32654048e-01
2781  -3.11571567e-01  -4.74568778e-01
2782  -3.11573005e-01  -5.16483509e-01
2783  -3.11574444e-01  -5.58398240e-01
2784  -3.11575882e-01  -6.00312971e-01
2785  -3.11577320e-01  -6.42227702e-01
2786  -3.11578759e-01  -6.84142432e-01
2787  -3.11580197e-01  -7.26057163e-01
2788  -3.11581635e-01  -7.67971894e-01
2789  -3.11583074e-01  -8.09886625e-01
2790  2.31551579e-01  7.98653612e-01
2791  2.31559115e-01  7.56454397e-01
2792  2.31566652e-01  7.14255182e-01
2793  2.31574188e-01  6.72055968e-01
2794  2.31581725e-01  6.29856753e-01
2795  2.31589261e-01  5.87657538e-01
2796  2.31596797e-01  5.45458323e-01
2797  2.31604334e-01  5.03259109e-01
2798  2.31611870e-01  4.61059894e-01
2799  2.31619407e-01  4.18860679e-01
2800  2.31626943e-01  3.76661465e-01
2801  2.31634479e-01  3.34462250e-01
2802  2.31642016e-01  2.92263035e-01
2803  2.31649552e-01  2.50063820e-01
2804  2.31657088e-01  2.07864606e-01
2805  2.31664625e-01  1.65665391e-01
2806  2.31672161e-01  1.23466176e-01
2807  2.31679698e-01  8.12669609e-02
2808  2.31687234e-01  3.90677462e-02
2809  2.31694770e-01  -3.13146858e-03
2810  2.31702307e-01  -4.53306833e-02
2811  2.31709843e-01  -8.75298981e-02
2812  2.31717380e-01  -1.29729112e-01
2813  2.31724916e-01  -1.71928327e-01
2814  2.31732452e-01  -2.14127542e-01
2815  2.31739989e-01  -2.56326757e-01
2816  2.31747525e-01  -2.98525971e-01
2817  2.31755061e-01  -3.40725186e-01
2818  2.31762598e-01  -3.82924401e-01
2819  2.31770134e-01  -4.25123616e-01
2820  2.31777671e-01  -4.67322830e-01
2821  2.31785207e-01  -5.09522045e-01
2822  2.31792743e-01  -5.51721260e-01
2823  2.31800280e-01  -5.93920475e-01
2824  2.31807816e-01  -6.36119689e-01
2825  2.31815353e-01  -6.78318904e-01
2826  2.31822889e-01  -7.20518119e-01
2827  2.31830425e-01  -7.62717334e-01
2828  2.31837962e-01  -8.04916548e-01
5105  -2.29760957e+00  -1.42160131e-02
5106  -2.28188657e+00  -4.93583903e-02
5107  -2.24939797e+00  -7.29923634e-02
5108  -2.21222352e+00  -9.08594464e-02
5109  -2.17362467e+00  -1.06366495e-01
5110  -2.13446542e+00  -1.20764892e-01
5111  -2.09512810e+00  -1.34846040e-01
5112  -2.05575290e+00  -1.48826939e-01
5113  -2.01624586e+00  -1.62510433e-01
5114  -1.97686492e+00  -1.76576915e-01
5115  -1.93741377e+00  -1.90483946e-01
5116  -1.89816099e+00  -2.05013055e-01
5117  -1.85903678e+00  -2.19834503e-01
5118  -1.80617038e+00  -2.40289840e-01
5119  -1.76803369e+00  -2.55815425e-01
5120  -1.73001762e+00  -2.71575213e-01
5121  -1.69209709e+00  -2.87591480e-01
5122  -1.65436369e+00  -3.04041604e-01
5123  -1.61674680e+00  -3.20723098e-01
5124  -1.57921598e+00  -3.37595619e-01
5125  -1.54177664e+00  -3.54696787e-01
5126  -1.50451543e+00  -3.72180676e-01
5127  -1.46736790e+00  -3.89869866e-01
5128  -1.43028130e+00  -4.07672402e-01
5129  -1.39324723e+00  -4.25580275e-01
5130  -1.35625971e+00  -4.43574003e-01
5131  -1.31928540e+00  -4.61597819e-01
5132  -1.28236315e+00  -4.79732253e-01
5133  -1.24547715e+00  -4.97925451e-01
5134  -1.20859612e+00  -5.16112056e-01
5135  -1.17168853e+00  -5.34231693e-01
5136  -1.13473378e+00  -5.52248002e-01
5137  -1.09772014e+00  -5.70148180e-01
5138  -1.06067438e+00  -5.87985563e-01
5139  -1.02359267e+00  -6.05730487e-01
5140  -9.86426059e-01  -6.23279600e-01
5141  -9.49164405e-01  -6.40605850e-01
5142  -9.11751987e-01  -6.57588413e-01
5143  -8.74193718e-01  -6.74249004e-01
5144  -8.36495560e-01  -6.90579751e-01
5145  -7.98631217e-01  -7.06502124e-01
5146  -7.60581097e-01  -7.21961904e-01
5147  -7.22342601e-01  -7.36936519e-01
5148  -6.83912309e-01  -7.51354388e-01
5149  -6.45174701e-01  -7.64907048e-01
5150  -6.06201015e-01  -7.77789321e-01
5151  -5.67004771e-01  -7.89952320e-01
5152  -5.27580373e-01  -8.01341844e-01
5153  -4.87929173e-01  -8.11894870e-01
5154  -4.48056001e-01  -8.21553944e-01
5155  -4.07979128e-01  -8.30292430e-01
5156  -3.53247321e-01  -8.40778628e-01
5157  -3.05091902e-01  -8.48585330e-01
5158  -2.70478601e-01  -8.53317622e-01
5159  -2.28880696e-01  -8.58029719e-01
5160  -1.87185645e-01  -8.61740614e-01
5161  -1.45407805e-01  -8.64280214e-01
5162  -1.03570717e-01  -8.65736998e-01
5163  -6.17034018e-02  -8.66211127e-01
5164  -1.98329920e-02  -8.65746385e-01
5165  2.20169787e-02  -8.64355928e-01
5166  6.38127606e-02  -8.62014529e-01
5167  1.05540594e-01  -8.58516707e-01
5168  1.47210001e-01  -8.54282383e-01
5169  1.88754233e-01  -8.49084324e-01
5170  2.38337004e-01  -8.41547573e-01
5171  2.71424435e-01  -8.35725281e-01
5172  3.17044246e-01  -8.26898573e-01
5173  3.57489517e-01  -8.18034268e-01
5174  3.97692553e-01  -8.08121291e-01
5175  4.37663251e-01  -7.97260701e-01
5176  4.77404529e-01  -7.85569730e-01
5177  5.16880888e-01  -7.73046666e-01
5178  5.56006302e-01  -7.59527242e-01
5179  5.94716564e-01  -7.44863637e-01
5180  6.33033661e-01  -7.29180868e-01
5181  6.70928305e-01  -7.12511343e-01
5182  7.08340071e-01  -6.94797358e-01
5183  7.45225077e-01  -6.76043075e-01
5184  7.86424557e-01  -6.53255998e-01
5185  8.21855542e-01  -6.31936214e-01
5186  8.56610148e-01  -6.09532352e-01
5187  8.90495585e-01  -5.85864567e-01
5188  9.23424458e-01  -5.60887353e-01
5189  9.55363978e-01  -5.34679785e-01
5190  9.86101886e-01  -5.07082956e-01
5191  1.01571209e+00  -4.78257131e-01
5192  1.04414422e+00  -4.48329242e-01
5193  1.07071741e+00  -4.16740621e-01
5194  1.09599437e+00  -3.84089872e-01
5195  1.11953881e+00  -3.50211957e-01
5196  1.14103732e+00  -3.15032939e-01
5197  1.16025950e+00  -2.78567380e-01
5198  1.17723684e+00  -2.40990160e-01
5199  1.19199549e+00  -2.02512794e-01
5200  1.20389406e+00  -1.63103466e-01
5201  1.21286291e+00  -1.22901147e-01
5202  1.21919834e+00  -8.21671615e-02
5203  1.22309340e+00  -4.10657202e-02
5204  1.22578875e+00  2.02665539e-07
5205  1.22314847e+00  4.02820136e-02
5206  1.21964537e+00  8.06755346e-02
5207  1.21442182e+00  1.20841929e-01
5208  1.20742154e+00  1.60646480e-01
5209  1.19730862e+00  1.99738346e-01
5210  1.18475858e+00  2.38172761e-01
5211  1.17004167e+00  2.75844667e-01
5212  1.15324640e+00  3.12626646e-01
5213  1.13417965e+00  3.48297893e-01
5214  1.11332413e+00  3.82976183e-01
5215  1.09069347e+00  4.16519392e-01
5216  1.06632748e+00  4.48823719e-01
5217  1.04027253e+00  4.79792835e-01
5218  1.01273449e+00  5.09458169e-01
5219  9.83773331e-01  5.37745890e-01
5220  9.53526409e-01  5.64676443e-01
5221  9.22159422e-01  5.90305991e-01
5222  8.89707046e-01  6.14537956e-01
5223  8.56178979e-01  6.37266249e-01
5224  8.21719212e-01  6.58594505e-01
5225  7.86517014e-01  6.78681863e-01
5226  7.45372911e-01  7.00053613e-01
5227  7.08535664e-01  7.17454100e-01
5228  6.71149088e-01  7.33661817e-01
5229  6.33241517e-01  7.48593545e-01
5230  5.94831184e-01  7.62199127e-01
5231  5.56005278e-01  7.74620246e-01
5232  5.16837459e-01  7.85935573e-01
5233  4.77365014e-01  7.96134775e-01
5234  4.37616062e-01  8.05202383e-01
5235  3.97622236e-01  8.13178254e-01
5236  3.57435039e-01  8.20202726e-01
5237  3.17110296e-01  8.26386248e-01
5238  2.71702044e-01  8.32234696e-01
5239  2.38037441e-01  8.35827037e-01
5240  1.88499019e-01  8.40058550e-01
5241  1.46783694e-01  8.42581898e-01
5242  1.05019488e-01  8.44301509e-01
5243  6.32303220e-02  8.45192770e-01
5244  2.14313174e-02  8.45264257e-01
5245  -2.03638926e-02  8.44527702e-01
5246  -6.21459502e-02  8.43039702e-01
5247  -1.03906899e-01  8.40878354e-01
5248  -1.45639235e-01  8.38118498e-01
5249  -1.87320260e-01  8.34805541e-01
5250  -2.28922491e-01  8.30676082e-01
5251  -2.70465753e-01  8.25871659e-01
5252  -3.05034594e-01  8.21457650e-01
5253  -3.53362541e-01  8.14689191e-01
5254  -4.09364810e-01  8.05797717e-01
5255  -4.50785371e-01  7.98429100e-01
5256  -4.92125050e-01  7.90537984e-01
5257  -5.33373390e-01  7.82163124e-01
5258  -5.74524722e-01  7.73336955e-01
5259  -6.15560350e-01  7.63978888e-01
5260  -6.56512595e-01  7.54220125e-01
5261  -6.97378240e-01  7.44108753e-01
5262  -7.38132167e-01  7.33587667e-01
5263  -7.78755444e-01  7.22558963e-01
5264  -8.19292016e-01  7.11185771e-01
5265  -8.59730277e-01  6.99462513e-01
5266  -9.00082712e-01  6.87428323e-01
5267  -9.40363202e-01  6.75141398e-01
5268  -9.80571915e-01  6.62620623e-01
5269  -1.02070503e+00  6.49852476e-01
5270  -1.06077301e+00  6.36893500e-01
5271  -1.10073169e+00  6.23622276e-01
5272  -1.14059522e+00  6.10043558e-01
5273  -1.18040075e+00  5.96286855e-01
5274  -1.22011783e+00  5.82280354e-01
5275  -1.25976374e+00  5.68074747e-01
5276  -1.29931686e+00  5.53613654e-01
5277  -1.33879731e+00  5.38950268e-01
5278  -1.37819278e+00  5.24064215e-01
5279  -1.41750525e+00  5.08951234e-01
5280  -1.45675908e+00  4.93671807e-01
5281  -1.49595990e+00  4.78264887e-01
5282  -1.53506747e+00  4.62644183e-01
5283  -1.57406346e+00  4.46752598e-01
5284  -1.61295697e+00  4.30606955e-01
5285  -1.65175529e+00  4.14221224e-01
5286  -1.69048268e+00  3.97672340e-01
5287  -1.72909359e+00  3.80862394e-01
5288  -1.76760514e+00  3.63825110e-01
5289  -1.80599999e+00  3.46534878e-01
5290  -1.85876181e+00  3.22299560e-01
5291  -1.89725972e+00  3.04196457e-01
5292  -1.93554796e+00  2.85674207e-01
5293  -1.97359247e+00  2.66652765e-01
5294  -2.01144276e+00  2.47243550e-01
5295  -2.04902977e+00  2.27380915e-01
5296  -2.08616723e+00  2.06741145e-01
5297  -2.12278627e+00  1.85235664e-01
5298  -2.15870922e+00  1.62649561e-01
5299  -2.19367369e+00  1.38690984e-01
5300  -2.22726027e+00  1.13018662e-01
5301  -2.25826500e+00  8.46021100e-02
5302  -2.28428652e+00  5.27180817e-02
5303  -3.05035918e-01  7.82872922e-01
5304  -3.05037357e-01  7.40958192e-01
5305  -3.05038795e-01  6.99043461e-01
5306  -3.05040233e-01  6.57128730e-01
5307  -3.05041671e-01  6.15213999e-01
5308  -3.05043110e-01  5.73299268e-01
5309  -3.05044548e-01  5.31384538e-01
5310  -3.05045986e-01  4.89469807e-01
5311  -3.05047425e-01  4.47555076e-01
5312  -3.05048863e-01  4.05640345e-01
5313  -3.05050301e-01  3.63725614e-01
5314  -3.05051740e-01  3.21810884e-01
5315  -3.05053178e-01  2.79896153e-01
5316  -3.05054616e-01  2.37981422e-01
5317  -3.05056054e-01  1.96066691e-01
5318  -3.05057493e-01  1.54151960e-01
5319  -3.05058931e-01  1.12237230e-01
5320  -3.05060369e-01  7.03224988e-02
5321  -3.05061808e-01  2.84077680e-02
5322  -3.05063246e-01  -1.35069628e-02
5323  -3.05064684e-01  -5.54216936e-02
5324  -3.05066123e-01  -9.73364244e-02
5325  -3.05067561e-01  -1.39251155e-01
5326  -3.05068999e-01  -1.81165886e-01
5327  -3.05070437e-01  -2.23080617e-01
5328  -3.05071876e-01  -2.64995347e-01
5329  -3.05073314e-01  -3.06910078e-01
5330  -3.05074752e-01  -3.48824809e-01
5331  -3.05076191e-01  -3.90739540e-01
5332  -3.05077629e-01  -4.32654271e-01
5333  -3.05079067e-01  -4.74569001e-01
5334  -3.05080505e-01  -5.16483732e-01
5335  -3.05081944e-01  -5.58398463e-01
5336  -3.05083382e-01  -6.00313194e-01
5337  -3.05084820e-01  -6.42227925e-01
5338  -3.05086259e-01  -6.84142655e-01
5339  -3.05087697e-01  -7.26057386e-01
5340  -3.05089135e-01  -7.67972117e-01
5341  -3.05090574e-01  -8.09886848e-01
5342  2.38044079e-01  7.98654771e-01
5343  2.38051615e-01  7.56455556e-01
5344  2.38059152e-01  7.14256341e-01
5345  2.38066688e-01  6.72057127e-01
5346  2.38074225e-01  6.29857912e-01
5347  2.38081761e-01  5.87658697e-01
5348  2.38089297e-01  5.45459482e-01
5349  2.38096834e-01  5.03260268e-01
5350  2.38104370e-01  4.61061053e-01
5351  2.38111907e-01  4.18861838e-01
5352  2.38119443e-01  3.76662624e-01
5353  2.38126979e-01  3.34463409e-01
5354  2.38134516e-01  2.92264194e-01
5355  2.38142052e-01  2.50064979e-01
5356  2.38149588e-01  2.07865765e-01
5357  2.38157125e-01  1.65666550e-01
5358  2.38164661e-01  1.23467335e-01
5359  2.38172198e-01  8.12681204e-02
5360  2.38179734e-01  3.90689056e-02
5361  2.38187270e-01  -3.13030906e-03
5362  2.38194807e-01  -4.53295238e-02
5363  2.38202343e-01  -8.75287386e-02
5364  2.38209880e-01  -1.29727953e-01
5365  2.38217416e-01  -1.71927168e-01
5366  2.38224952e-01  -2.14126383e-01
5367  2.38232489e-01  -2.56325598e-01
5368  2.38240025e-01  -2.98524812e-01
5369  2.38247561e-01  -3.40724027e-01
5370  2.38255098e-01  -3.82923242e-01
5371  2.38262634e-01  -4.25122457e-01
5372  2.38270171e-01  -4.67321671e-01
5373  2.38277707e-01  -5.09520886e-01
5374  2.38285243e-01  -5.51720101e-01
5375  2.38292780e-01  -5.93919316e-01
5376  2.38300316e-01  -6.36118530e-01
5377  2.38307853e-01  -6.78317745e-01
5378  2.38315389e-01  -7.20516960e-01
5379  2.38322925e-01  -7.62716175e-01
5380  2.38330462e-01  -8.04915389e-01
7657  -2.27048221e+00  -1.11366689e-02
7658  -2.26170426e+00  -3.29845568e-02
7659  -2.23603164e+00  -5.07040390e-02
7660  -2.20173942e+00  -6.70789547e-02
7661  -2.16429436e+00  -8.21100857e-02
7662  -2.12560142e+00  -9.63342205e-02
7663  -2.08640073e+00  -1.10366232e-01
7664  -2.04715201e+00  -1.24302405e-01
7665  -2.00762186e+00  -1.37994013e-01
7666  -1.96817373e+00  -1.52084237e-01
7667  -1.92858261e+00  -1.66041384e-01
7668  -1.88904670e+00  -1.80674650e-01
7669  -1.84974416e+00  -1.95563627e-01
7670  -1.79658123e+00  -2.16134587e-01
7671  -1.75815766e+00  -2.31776037e-01
7672  -1.71998536e+00  -2.47600606e-01
7673  -1.68184798e+00  -2.63708770e-01
7674  -1.64390284e+00  -2.80250875e-01
7675  -1.60615080e+00  -2.96992256e-01
7676  -1.56848881e+00  -3.13923781e-01
7677  -1.53085767e+00  -3.31112807e-01
7678  -1.49340874e+00  -3.48684514e-01
7679  -1.45615777e+00  -3.66422883e-01
7680  -1.41900105e+00  -3.84259071e-01
7681  -1.38190576e+00  -4.02196539e-01
7682  -1.34488119e+00  -4.20208272e-01
7683  -1.30786285e+00  -4.38253579e-01
7684  -1.27088644e+00  -4.56414592e-01
7685  -1.23398202e+00  -4.74616867e-01
7686  -1.19712240e+00  -4.92792924e-01
7687  -1.16026741e+00  -5.10886758e-01
7688  -1.12338189e+00  -5.28869317e-01
7689  -1.08642535e+00  -5.46741857e-01
7690  -1.04942785e+00  -5.64556016e-01
7691  -1.01243519e+00  -5.82258399e-01
7692  -9.75398803e-01  -5.99746055e-01
7693  -9.38314242e-01  -6.16990134e-01
7694  -9.01111655e-01  -6.33877415e-01
7695  -8.63759158e-01  -6.50446733e-01
7696  -8.26292983e-01  -6.66677125e-01
7697  -7.88702594e-01  -6.82484411e-01
7698  -7.50951155e-01  -6.97822883e-01
7699  -7.13039531e-01  -7.12669648e-01
7700  -6.75056104e-01  -7.26920892e-01
7701  -6.36805009e-01  -7.40302651e-01
7702  -5.98271361e-01  -7.53039599e-01
7703  -5.59546697e-01  -7.65056431e-01
7704  -5.20631344e-01  -7.76299098e-01
7705  -4.81527320e-01  -7.86706690e-01
7706  -4.42227956e-01  -7.96226844e-01
7707  -4.02765245e-01  -8.04831803e-01
7708  -3.48770086e-01  -8.15583342e-01
7709  -2.98598547e-01  -8.23687052e-01
7710  -2.67274616e-01  -8.27928991e-01
7711  -2.26306079e-01  -8.32569565e-01
7712  -1.85274838e-01  -8.36222054e-01
7713  -1.44186055e-01  -8.38719396e-01
7714  -1.02980503e-01  -8.40153806e-01
7715  -6.17005129e-02  -8.40621127e-01
7716  -2.03999158e-02  -8.40162665e-01
7717  2.08763290e-02  -8.38791362e-01
7718  6.20281816e-02  -8.36486830e-01
7719  1.03178221e-01  -8.33035983e-01
7720  1.44327692e-01  -8.28855224e-01
7721  1.85266065e-01  -8.23733174e-01
7722  2.44824687e-01  -8.14577269e-01
7723  2.66811064e-01  -8.10554566e-01
7724  3.11793409e-01  -8.01445541e-01
7725  3.51596165e-01  -7.92722284e-01
7726  3.91173974e-01  -7.82963066e-01
7727  4.30588346e-01  -7.72253225e-01
7728  4.69807513e-01  -7.60715888e-01
7729  5.08706976e-01  -7.48376536e-01
7730  5.47158250e-01  -7.35090792e-01
7731  5.85190403e-01  -7.20683472e-01
7732  6.22878306e-01  -7.05258141e-01
7733  6.60134064e-01  -6.88870013e-01
7734  6.96888479e-01  -6.71467352e-01
7735  7.33044376e-01  -6.53085318e-01
7736  7.73433423e-01  -6.30746921e-01
7737  8.08113575e-01  -6.09877508e-01
7738  8.42126128e-01  -5.87953629e-01
7739  8.75198714e-01  -5.64854240e-01
7740  9.07325648e-01  -5.40484989e-01
7741  9.38435837e-01  -5.14960095e-01
7742  9.68352818e-01  -4.88098785e-01
7743  9.97223080e-01  -4.59992835e-01
7744  1.02477053e+00  -4.31006192e-01
7745  1.05049419e+00  -4.00417340e-01
7746  1.07504142e+00  -3.68714496e-01
7747  1.09777072e+00  -3.36014127e-01
7748  1.11844280e+00  -3.02190989e-01
7749  1.13691160e+00  -2.67152332e-01
7750  1.15325202e+00  -2.30982332e-01
7751  1.16740650e+00  -1.94097961e-01
7752  1.17875444e+00  -1.56513512e-01
7753  1.18732655e+00  -1.18071799e-01
7754  1.19341022e+00  -7.89421401e-02
7755  1.19718760e+00  -3.89878825e-02
7756  1.19974390e+00  1.42699717e-06
7757  1.19723447e+00  3.83089596e-02
7758  1.19380758e+00  7.78761067e-02
7759  1.18873142e+00  1.16913646e-01
7760  1.18202332e+00  1.55136614e-01
7761  1.17236332e+00  1.92447272e-01
7762  1.16029234e+00  2.29407402e-01
7763  1.14610817e+00  2.65714731e-01
7764  1.12995434e+00  3.01098069e-01
7765  1.11157640e+00  3.35471315e-01
7766  1.09140880e+00  3.69006701e-01
7767  1.06953970e+00  4.01421511e-01
7768  1.04600244e+00  4.32627404e-01
7769  1.02079959e+00  4.62581431e-01
7770  9.94125489e-01  4.91316142e-01
7771  9.66047718e-01  5.18739819e-01
7772  9.36659555e-01  5.44904308e-01
7773  9.06158991e-01  5.69826384e-01
7774  8.74637048e-01  5.93364310e-01
7775  8.42045626e-01  6.15456241e-01
7776  8.08438017e-01  6.36255347e-01
7777  7.74084421e-01  6.55859532e-01
7778  7.33830772e-01  6.76768271e-01
7779  6.97815605e-01  6.93779040e-01
7780  6.61216768e-01  7.09645632e-01
7781  6.24139013e-01  7.24250732e-01
7782  5.86531922e-01  7.37570884e-01
7783  5.48438459e-01  7.49757194e-01
7784  5.09979375e-01  7.60867769e-01
7785  4.71223439e-01  7.70881871e-01
7786  4.32184007e-01  7.79787409e-01
7787  3.92842994e-01  7.87632472e-01
7788  3.53227782e-01  7.94556535e-01
7789  3.13480521e-01  8.00651974e-01
7790  2.68740008e-01  8.06816702e-01
7791  2.44534640e-01  8.09513192e-01
7792  1.86658046e-01  8.14534857e-01
7793  1.45484678e-01  8.17024890e-01
7794  1.04220248e-01  8.18723993e-01
7795  6.29355977e-02  8.19604468e-01
7796  2.16348849e-02  8.19675067e-01
7797  -1.96830488e-02  8.18946761e-01
7798  -6.10292258e-02  8.17474080e-01
7799  -1.02401232e-01  8.15332688e-01
7800  -1.43781051e-01  8.12596052e-01
7801  -1.85042514e-01  8.09317113e-01
7802  -2.26188681e-01  8.05232529e-01
7803  -2.67360165e-01  8.00470804e-01
7804  -2.98542950e-01  7.96511573e-01
7805  -3.49570681e-01  7.89381684e-01
7806  -4.05051080e-01  7.80169220e-01
7807  -4.46072895e-01  7.72870917e-01
7808  -4.87102925e-01  7.65038839e-01
7809  -5.28062626e-01  7.56722529e-01
7810  -5.68910327e-01  7.47961638e-01
7811  -6.09658912e-01  7.38668789e-01
7812  -6.50379236e-01  7.28965224e-01
7813  -6.91008860e-01  7.18912342e-01
7814  -7.31479258e-01  7.08464632e-01
7815  -7.71840518e-01  6.97506779e-01
7816  -8.12163483e-01  6.86193529e-01
7817  -8.52398352e-01  6.74529181e-01
7818  -8.92577690e-01  6.62546547e-01
7819  -9.32708426e-01  6.50305285e-01
7820  -9.72768877e-01  6.37830691e-01
7821  -1.01276663e+00  6.25105556e-01
7822  -1.05267835e+00  6.12197253e-01
7823  -1.09244593e+00  5.98989486e-01
7824  -1.13216075e+00  5.85461290e-01
7825  -1.17183444e+00  5.71750221e-01
7826  -1.21141287e+00  5.57792568e-01
7827  -1.25091842e+00  5.43637308e-01
7828  -1.29033046e+00  5.29227740e-01
7829  -1.32967981e+00  5.14613066e-01
7830  -1.36893676e+00  4.99779357e-01
7831  -1.40812884e+00  4.84712605e-01
7832  -1.44729226e+00  4.69468348e-01
7833  -1.48638653e+00  4.54103375e-01
7834  -1.52534338e+00  4.38542934e-01
7835  -1.56417737e+00  4.22717345e-01
7836  -1.60291922e+00  4.06634645e-01
7837  -1.64159354e+00  3.90301211e-01
7838  -1.68018938e+00  3.73808638e-01
7839  -1.71864922e+00  3.57064425e-01
7840  -1.75701216e+00  3.40092918e-01
7841  -1.79524022e+00  3.22877840e-01
7842  -1.84780808e+00  2.98731704e-01
7843  -1.88607108e+00  2.80739209e-01
7844  -1.92407777e+00  2.62353338e-01
7845  -1.96185188e+00  2.43466848e-01
7846  -1.99944188e+00  2.24191283e-01
7847  -2.03664521e+00  2.04532480e-01
7848  -2.07327325e+00  1.84176275e-01
7849  -2.10928748e+00  1.63027310e-01
7850  -2.14444439e+00  1.40925320e-01
7851  -2.17843123e+00  1.17641152e-01
7852  -2.21057002e+00  9.30972197e-02
7853  -2.23934236e+00  6.67874526e-02
7854  -2.26077323e+00  4.16476991e-02
7855  -2.98543418e-01  7.82872699e-01
7856  -2.98544857e-01  7.40957969e-01
7857  -2.98546295e-01  6.99043238e-01
7858  -2.98547733e-01  6.57128507e-01
7859  -2.98549171e-01  6.15213776e-01
7860  -2.98550610e-01  5.73299045e-01
7861  -2.98552048e-01  5.31384315e-01
7862  -2.98553486e-01  4.89469584e-01
7863  -2.98554925e-01  4.47554853e-01
7864  -2.98556363e-01  4.05640122e-01
7865  -2.98557801e-01  3.63725391e-01
7866  -2.98559240e-01  3.21810661e-01
7867  -2.98560678e-01  2.79895930e-01
7868  -2.98562116e-01  2.37981199e-01
7869  -2.98563554e-01  1.96066468e-01
7870  -2.98564993e-01  1.54151737e-01
7871  -2.98566431e-01  1.12237007e-01
7872  -2.98567869e-01  7.03222759e-02
7873  -2.98569308e-01  2.84075451e-02
7874  -2.98570746e-01  -1.35071855e-02
7875  -2.98572184e-01  -5.54219165e-02
7876  -2.98573623e-01  -9.73366473e-02
7877  -2.98575061e-01  -1.39251378e-01
7878  -2.98576499e-01  -1.81166109e-01
7879  -2.98577937e-01  -2.23080840e-01
7880  -2.98579376e-01  -2.64995570e-01
7881  -2.98580814e-01  -3.06910301e-01
7882  -2.98582252e-01  -3.48825032e-01
7883  -2.98583691e-01  -3.90739763e-01
7884  -2.98585129e-01  -4.32654494e-01
7885  -2.98586567e-01  -4.74569224e-01
7886  -2.98588005e-01  -5.16483955e-01
7887  -2.98589444e-01  -5.58398686e-01
7888  -2.98590882e-01  -6.00313417e-01
7889  -2.98592320e-01  -6.42228148e-01
7890  -2.98593759e-01  -6.84142878e-01
7891  -2.98595197e-01  -7.26057609e-01
7892  -2.98596635e-01  -7.67972340e-01
7893  -2.98598074e-01  -8.09887071e-01
7894  2.44536579e-01  7.98655930e-01
7895  2.44544115e-01  7.56456716e-01
7896  2.44551652e-01  7.14257501e-01
7897  2.44559188e-01  6.72058287e-01
7898  2.44566725e-01  6.29859072e-01
7899  2.44574261e-01  5.87659856e-01
7900  2.44581797e-01  5.45460642e-01
7901  2.44589334e-01  5.03261428e-01
7902  2.44596870e-01  4.61062213e-01
7903  2.44604407e-01  4.18862998e-01
7904  2.44611943e-01  3.76663783e-01
7905  2.44619479e-01  3.34464569e-01
7906  2.44627016e-01  2.92265354e-01
7907  2.44634552e-01  2.50066138e-01
7908  2.44642088e-01  2.07866925e-01
7909  2.44649625e-01  1.65667710e-01
7910  2.44657161e-01  1.23468495e-01
7911  2.44664698e-01  8.12692799e-02
7912  2.44672234e-01  3.90700651e-02
7913  2.44679770e-01  -3.12914954e-03
7914  2.44687307e-01  -4.53283643e-02
7915  2.44694843e-01  -8.75275791e-02
7916  2.44702380e-01  -1.29726793e-01
7917  2.44709916e-01  -1.71926009e-01
7918  2.44717452e-01  -2.14125223e-01
7919  2.44724989e-01  -2.56324438e-01
7920  2.44732525e-01  -2.98523653e-01
7921  2.44740061e-01  -3.40722867e-01
7922  2.44747598e-01  -3.82922082e-01
7923  2.44755134e-01  -4.25121297e-01
7924  2.44762671e-01  -4.67320511e-01
7925  2.44770207e-01  -5.09519727e-01
7926  2.44777743e-01  -5.51718941e-01
7927  2.44785280e-01  -5.93918156e-01
7928  2.44792816e-01  -6.36117370e-01
7929  2.44800353e-01  -6.78316585e-01
7930  2.44807889e-01  -7.20515801e-01
7931  2.44815425e-01  -7.62715015e-01
7932  2.44822962e-01  -8.04914229e-01
