1  2456  2455  1  2  0  0  0  0
230  4910  4909  2455  2456  0  0  0  0
459  7364  7363  4909  4910  0  0  0  0
688  9818  9817  7363  7364  0  0  0  0
2  2457  2456  2  3  0  0  0  0
231  4911  4910  2456  2457  0  0  0  0
460  7365  7364  4910  4911  0  0  0  0
689  9819  9818  7364  7365  0  0  0  0
3  2458  2457  3  4  0  0  0  0
232  4912  4911  2457  2458  0  0  0  0
461  7366  7365  4911  4912  0  0  0  0
690  9820  9819  7365  7366  0  0  0  0
4  2459  2458  4  5  0  0  0  0
233  4913  4912  2458  2459  0  0  0  0
462  7367  7366  4912  4913  0  0  0  0
691  9821  9820  7366  7367  0  0  0  0
5  2460  2459  5  6  0  0  0  0
234  4914  4913  2459  2460  0  0  0  0
463  7368  7367  4913  4914  0  0  0  0
692  9822  9821  7367  7368  0  0  0  0
6  2461  2460  6  7  0  0  0  0
235  4915  4914  2460  2461  0  0  0  0
464  7369  7368  4914  4915  0  0  0  0
693  9823  9822  7368  7369  0  0  0  0
7  2462  2461  7  8  0  0  0  0
236  4916  4915  2461  2462  0  0  0  0
465  7370  7369  4915  4916  0  0  0  0
694  9824  9823  7369  7370  0  0  0  0
8  2463  2462  8  9  0  0  0  0
237  4917  4916  2462  2463  0  0  0  0
466  7371  7370  4916  4917  0  0  0  0
695  9825  9824  7370  7371  0  0  0  0
9  2464  2463  9  10  0  0  0  0
238  4918  4917  2463  2464  0  0  0  0
467  7372  7371  4917  4918  0  0  0  0
696  9826  9825  7371  7372  0  0  0  0
10  2465  2464  10  11  0  0  0  0
239  4919  4918  2464  2465  0  0  0  0
468  7373  7372  4918  4919  0  0  0  0
697  9827  9826  7372  7373  0  0  0  0
11  2466  2465  11  12  0  0  0  0
240  4920  4919  2465  2466  0  0  0  0
469  7374  7373  4919  4920  0  0  0  0
698  9828  9827  7373  7374  0  0  0  0
12  2467  2466  12  13  0  0  0  0
241  4921  4920  2466  2467  0  0  0  0
470  7375  7374  4920  4921  0  0  0  0
699  9829  9828  7374  7375  0  0  0  0
13  2468  2467  13  14  0  0  0  0
242  4922  4921  2467  2468  0  0  0  0
471  7376  7375  4921  4922  0  0  0  0
700  9830  9829  7375  7376  0  0  0  0
14  2469  2468  14  15  0  0  0  0
243  4923  4922  2468  2469  0  0  0  0
472  7377  7376  4922  4923  0  0  0  0
701  9831  9830  7376  7377  0  0  0  0
15  2470  2469  15  16  0  0  0  0
244  4924  4923  2469  2470  0  0  0  0
473  7378  7377  4923  4924  0  0  0  0
702  9832  9831  7377  7378  0  0  0  0
16  2471  2470  16  17  0  0  0  0
245  4925  4924  2470  2471  0  0  0  0
474  7379  7378  4924  4925  0  0  0  0
703  9833  9832  7378  7379  0  0  0  0
17  2472  2471  17  18  0  0  0  0
246  4926  4925  2471  2472  0  0  0  0
475  7380  7379  4925  4926  0  0  0  0
704  9834  9833  7379  7380  0  0  0  0
18  2473  2472  18  19  0  0  0  0
247  4927  4926  2472  2473  0  0  0  0
476  7381  7380  4926  4927  0  0  0  0
705  9835  9834  7380  7381  0  0  0  0
19  2474  2473  19  20  0  0  0  0
248  4928  4927  2473  2474  0  0  0  0
477  7382  7381  4927  4928  0  0  0  0
706  9836  9835  7381  7382  0  0  0  0
20  2475  2474  20  21  0  0  0  0
249  4929  4928  2474  2475  0  0  0  0
478  7383  7382  4928  4929  0  0  0  0
707  9837  9836  7382  7383  0  0  0  0
21  2476  2475  21  22  0  0  0  0
250  4930  4929  2475  2476  0  0  0  0
479  7384  7383  4929  4930  0  0  0  0
708  9838  9837  7383  7384  0  0  0  0
22  2477  2476  22  23  0  0  0  0
251  4931  4930  2476  2477  0  0  0  0
480  7385  7384  4930  4931  0  0  0  0
709  9839  9838  7384  7385  0  0  0  0
23  2478  2477  23  24  0  0  0  0
252  4932  4931  2477  2478  0  0  0  0
481  7386  7385  4931  4932  0  0  0  0
710  9840  9839  7385  7386  0  0  0  0
24  2479  2478  24  25  0  0  0  0
253  4933  4932  2478  2479  0  0  0  0
482  7387  7386  4932  4933  0  0  0  0
711  9841  9840  7386  7387  0  0  0  0
25  2480  2479  25  26  0  0  0  0
254  4934  4933  2479  2480  0  0  0  0
483  7388  7387  4933  4934  0  0  0  0
712  9842  9841  7387  7388  0  0  0  0
26  2481  2480  26  27  0  0  0  0
255  4935  4934  2480  2481  0  0  0  0
484  7389  7388  4934  4935  0  0  0  0
713  9843  9842  7388  7389  0  0  0  0
27  2482  2481  27  28  0  0  0  0
256  4936  4935  2481  2482  0  0  0  0
485  7390  7389  4935  4936  0  0  0  0
714  9844  9843  7389  7390  0  0  0  0
28  2483  2482  28  29  0  0  0  0
257  4937  4936  2482  2483  0  0  0  0
486  7391  7390  4936  4937  0  0  0  0
715  9845  9844  7390  7391  0  0  0  0
29  2484  2483  29  30  0  0  0  0
258  4938  4937  2483  2484  0  0  0  0
487  7392  7391  4937  4938  0  0  0  0
716  9846  9845  7391  7392  0  0  0  0
30  2485  2484  30  31  0  0  0  0
259  4939  4938  2484  2485  0  0  0  0
488  7393  7392  4938  4939  0  0  0  0
717  9847  9846  7392  7393  0  0  0  0
31  2486  2485  31  32  0  0  0  0
260  4940  4939  2485  2486  0  0  0  0
489  7394  7393  4939  4940  0  0  0  0
718  9848  9847  7393  7394  0  0  0  0
32  2487  2486  32  33  0  0  0  0
261  4941  4940  2486  2487  0  0  0  0
490  7395  7394  4940  4941  0  0  0  0
719  9849  9848  7394  7395  0  0  0  0
33  2488  2487  33  34  0  0  0  0
262  4942  4941  2487  2488  0  0  0  0
491  7396  7395  4941  4942  0  0  0  0
720  9850  9849  7395  7396  0  0  0  0
34  2489  2488  34  35  0  0  0  0
263  4943  4942  2488  2489  0  0  0  0
492  7397  7396  4942  4943  0  0  0  0
721  9851  9850  7396  7397  0  0  0  0
35  2490  2489  35  36  0  0  0  0
264  4944  4943  2489  2490  0  0  0  0
493  7398  7397  4943  4944  0  0  0  0
722  9852  9851  7397  7398  0  0  0  0
36  2491  2490  36  37  0  0  0  0
265  4945  4944  2490  2491  0  0  0  0
494  7399  7398  4944  4945  0  0  0  0
723  9853  9852  7398  7399  0  0  0  0
37  2492  2491  37  38  0  0  0  0
266  4946  4945  2491  2492  0  0  0  0
495  7400  7399  4945  4946  0  0  0  0
724  9854  9853  7399  7400  0  0  0  0
38  2493  2492  38  39  0  0  0  0
267  4947  4946  2492  2493  0  0  0  0
496  7401  7400  4946  4947  0  0  0  0
725  9855  9854  7400  7401  0  0  0  0
39  2494  2493  39  40  0  0  0  0
268  4948  4947  2493  2494  0  0  0  0
497  7402  7401  4947  4948  0  0  0  0
726  9856  9855  7401  7402  0  0  0  0
40  2495  2494  40  41  0  0  0  0
269  4949  4948  2494  2495  0  0  0  0
498  7403  7402  4948  4949  0  0  0  0
727  9857  9856  7402  7403  0  0  0  0
41  2496  2495  41  42  0  0  0  0
270  4950  4949  2495  2496  0  0  0  0
499  7404  7403  4949  4950  0  0  0  0
728  9858  9857  7403  7404  0  0  0  0
42  2497  2496  42  43  0  0  0  0
271  4951  4950  2496  2497  0  0  0  0
500  7405  7404  4950  4951  0  0  0  0
729  9859  9858  7404  7405  0  0  0  0
43  2498  2497  43  44  0  0  0  0
272  4952  4951  2497  2498  0  0  0  0
501  7406  7405  4951  4952  0  0  0  0
730  9860  9859  7405  7406  0  0  0  0
44  2499  2498  44  45  0  0  0  0
273  4953  4952  2498  2499  0  0  0  0
502  7407  7406  4952  4953  0  0  0  0
731  9861  9860  7406  7407  0  0  0  0
45  2500  2499  45  46  0  0  0  0
274  4954  4953  2499  2500  0  0  0  0
503  7408  7407  4953  4954  0  0  0  0
732  9862  9861  7407  7408  0  0  0  0
46  2501  2500  46  47  0  0  0  0
275  4955  4954  2500  2501  0  0  0  0
504  7409  7408  4954  4955  0  0  0  0
733  9863  9862  7408  7409  0  0  0  0
47  2502  2501  47  48  0  0  0  0
276  4956  4955  2501  2502  0  0  0  0
505  7410  7409  4955  4956  0  0  0  0
734  9864  9863  7409  7410  0  0  0  0
48  2503  2502  48  49  0  0  0  0
277  4957  4956  2502  2503  0  0  0  0
506  7411  7410  4956  4957  0  0  0  0
735  9865  9864  7410  7411  0  0  0  0
49  2504  2503  49  50  0  0  0  0
278  4958  4957  2503  2504  0  0  0  0
507  7412  7411  4957  4958  0  0  0  0
736  9866  9865  7411  7412  0  0  0  0
50  2505  2504  50  51  0  0  0  0
279  4959  4958  2504  2505  0  0  0  0
508  7413  7412  4958  4959  0  0  0  0
737  9867  9866  7412  7413  0  0  0  0
51  2506  2505  51  52  0  0  0  0
280  4960  4959  2505  2506  0  0  0  0
509  7414  7413  4959  4960  0  0  0  0
738  9868  9867  7413  7414  0  0  0  0
52  2507  2506  52  53  0  0  0  0
281  4961  4960  2506  2507  0  0  0  0
510  7415  7414  4960  4961  0  0  0  0
739  9869  9868  7414  7415  0  0  0  0
53  2508  2507  53  54  0  0  0  0
282  4962  4961  2507  2508  0  0  0  0
511  7416  7415  4961  4962  0  0  0  0
740  9870  9869  7415  7416  0  0  0  0
54  2509  2508  54  55  0  0  0  0
283  4963  4962  2508  2509  0  0  0  0
512  7417  7416  4962  4963  0  0  0  0
741  9871  9870  7416  7417  0  0  0  0
55  2510  2509  55  56  0  0  0  0
284  4964  4963  2509  2510  0  0  0  0
513  7418  7417  4963  4964  0  0  0  0
742  9872  9871  7417  7418  0  0  0  0
56  2511  2510  56  57  0  0  0  0
285  4965  4964  2510  2511  0  0  0  0
514  7419  7418  4964  4965  0  0  0  0
743  9873  9872  7418  7419  0  0  0  0
57  2512  2511  57  58  0  0  0  0
286  4966  4965  2511  2512  0  0  0  0
515  7420  7419  4965  4966  0  0  0  0
744  9874  9873  7419  7420  0  0  0  0
58  2513  2512  58  59  0  0  0  0
287  4967  4966  2512  2513  0  0  0  0
516  7421  7420  4966  4967  0  0  0  0
745  9875  9874  7420  7421  0  0  0  0
59  2514  2513  59  60  0  0  0  0
288  4968  4967  2513  2514  0  0  0  0
517  7422  7421  4967  4968  0  0  0  0
746  9876  9875  7421  7422  0  0  0  0
60  2515  2514  60  61  0  0  0  0
289  4969  4968  2514  2515  0  0  0  0
518  7423  7422  4968  4969  0  0  0  0
747  9877  9876  7422  7423  0  0  0  0
61  2516  2515  61  62  0  0  0  0
290  4970  4969  2515  2516  0  0  0  0
519  7424  7423  4969  4970  0  0  0  0
748  9878  9877  7423  7424  0  0  0  0
62  2517  2516  62  63  0  0  0  0
291  4971  4970  2516  2517  0  0  0  0
520  7425  7424  4970  4971  0  0  0  0
749  9879  9878  7424  7425  0  0  0  0
63  2518  2517  63  64  0  0  0  0
292  4972  4971  2517  2518  0  0  0  0
521  7426  7425  4971  4972  0  0  0  0
750  9880  9879  7425  7426  0  0  0  0
64  2519  2518  64  65  0  0  0  0
293  4973  4972  2518  2519  0  0  0  0
522  7427  7426  4972  4973  0  0  0  0
751  9881  9880  7426  7427  0  0  0  0
65  2520  2519  65  66  0  0  0  0
294  4974  4973  2519  2520  0  0  0  0
523  7428  7427  4973  4974  0  0  0  0
752  9882  9881  7427  7428  0  0  0  0
66  2521  2520  66  67  0  0  0  0
295  4975  4974  2520  2521  0  0  0  0
524  7429  7428  4974  4975  0  0  0  0
753  9883  9882  7428  7429  0  0  0  0
67  2522  2521  67  68  0  0  0  0
296  4976  4975  2521  2522  0  0  0  0
525  7430  7429  4975  4976  0  0  0  0
754  9884  9883  7429  7430  0  0  0  0
68  2523  2522  68  69  0  0  0  0
297  4977  4976  2522  2523  0  0  0  0
526  7431  7430  4976  4977  0  0  0  0
755  9885  9884  7430  7431  0  0  0  0
69  2524  2523  69  70  0  0  0  0
298  4978  4977  2523  2524  0  0  0  0
527  7432  7431  4977  4978  0  0  0  0
756  9886  9885  7431  7432  0  0  0  0
70  2525  2524  70  71  0  0  0  0
299  4979  4978  2524  2525  0  0  0  0
528  7433  7432  4978  4979  0  0  0  0
757  9887  9886  7432  7433  0  0  0  0
71  2526  2525  71  72  0  0  0  0
300  4980  4979  2525  2526  0  0  0  0
529  7434  7433  4979  4980  0  0  0  0
758  9888  9887  7433  7434  0  0  0  0
72  2527  2526  72  73  0  0  0  0
301  4981  4980  2526  2527  0  0  0  0
530  7435  7434  4980  4981  0  0  0  0
759  9889  9888  7434  7435  0  0  0  0
73  2528  2527  73  74  0  0  0  0
302  4982  4981  2527  2528  0  0  0  0
531  7436  7435  4981  4982  0  0  0  0
760  9890  9889  7435  7436  0  0  0  0
74  2529  2528  74  75  0  0  0  0
303  4983  4982  2528  2529  0  0  0  0
532  7437  7436  4982  4983  0  0  0  0
761  9891  9890  7436  7437  0  0  0  0
75  2530  2529  75  76  0  0  0  0
304  4984  4983  2529  2530  0  0  0  0
533  7438  7437  4983  4984  0  0  0  0
762  9892  9891  7437  7438  0  0  0  0
76  2531  2530  76  77  0  0  0  0
305  4985  4984  2530  2531  0  0  0  0
534  7439  7438  4984  4985  0  0  0  0
763  9893  9892  7438  7439  0  0  0  0
77  2532  2531  77  78  0  0  0  0
306  4986  4985  2531  2532  0  0  0  0
535  7440  7439  4985  4986  0  0  0  0
764  9894  9893  7439  7440  0  0  0  0
78  2533  2532  78  79  0  0  0  0
307  4987  4986  2532  2533  0  0  0  0
536  7441  7440  4986  4987  0  0  0  0
765  9895  9894  7440  7441  0  0  0  0
79  2534  2533  79  80  0  0  0  0
308  4988  4987  2533  2534  0  0  0  0
537  7442  7441  4987  4988  0  0  0  0
766  9896  9895  7441  7442  0  0  0  0
80  2535  2534  80  81  0  0  0  0
309  4989  4988  2534  2535  0  0  0  0
538  7443  7442  4988  4989  0  0  0  0
767  9897  9896  7442  7443  0  0  0  0
81  2536  2535  81  82  0  0  0  0
310  4990  4989  2535  2536  0  0  0  0
539  7444  7443  4989  4990  0  0  0  0
768  9898  9897  7443  7444  0  0  0  0
82  2537  2536  82  83  0  0  0  0
311  4991  4990  2536  2537  0  0  0  0
540  7445  7444  4990  4991  0  0  0  0
769  9899  9898  7444  7445  0  0  0  0
83  2538  2537  83  84  0  0  0  0
312  4992  4991  2537  2538  0  0  0  0
541  7446  7445  4991  4992  0  0  0  0
770  9900  9899  7445  7446  0  0  0  0
84  2539  2538  84  85  0  0  0  0
313  4993  4992  2538  2539  0  0  0  0
542  7447  7446  4992  4993  0  0  0  0
771  9901  9900  7446  7447  0  0  0  0
85  2540  2539  85  86  0  0  0  0
314  4994  4993  2539  2540  0  0  0  0
543  7448  7447  4993  4994  0  0  0  0
772  9902  9901  7447  7448  0  0  0  0
86  2541  2540  86  87  0  0  0  0
315  4995  4994  2540  2541  0  0  0  0
544  7449  7448  4994  4995  0  0  0  0
773  9903  9902  7448  7449  0  0  0  0
87  2542  2541  87  88  0  0  0  0
316  4996  4995  2541  2542  0  0  0  0
545  7450  7449  4995  4996  0  0  0  0
774  9904  9903  7449  7450  0  0  0  0
88  2543  2542  88  89  0  0  0  0
317  4997  4996  2542  2543  0  0  0  0
546  7451  7450  4996  4997  0  0  0  0
775  9905  9904  7450  7451  0  0  0  0
89  2544  2543  89  90  0  0  0  0
318  4998  4997  2543  2544  0  0  0  0
547  7452  7451  4997  4998  0  0  0  0
776  9906  9905  7451  7452  0  0  0  0
90  2545  2544  90  91  0  0  0  0
319  4999  4998  2544  2545  0  0  0  0
548  7453  7452  4998  4999  0  0  0  0
777  9907  9906  7452  7453  0  0  0  0
91  2546  2545  91  92  0  0  0  0
320  5000  4999  2545  2546  0  0  0  0
549  7454  7453  4999  5000  0  0  0  0
778  9908  9907  7453  7454  0  0  0  0
92  2547  2546  92  93  0  0  0  0
321  5001  5000  2546  2547  0  0  0  0
550  7455  7454  5000  5001  0  0  0  0
779  9909  9908  7454  7455  0  0  0  0
93  2548  2547  93  94  0  0  0  0
322  5002  5001  2547  2548  0  0  0  0
551  7456  7455  5001  5002  0  0  0  0
780  9910  9909  7455  7456  0  0  0  0
94  2549  2548  94  95  0  0  0  0
323  5003  5002  2548  2549  0  0  0  0
552  7457  7456  5002  5003  0  0  0  0
781  9911  9910  7456  7457  0  0  0  0
95  2550  2549  95  96  0  0  0  0
324  5004  5003  2549  2550  0  0  0  0
553  7458  7457  5003  5004  0  0  0  0
782  9912  9911  7457  7458  0  0  0  0
96  2551  2550  96  97  0  0  0  0
325  5005  5004  2550  2551  0  0  0  0
554  7459  7458  5004  5005  0  0  0  0
783  9913  9912  7458  7459  0  0  0  0
97  2552  2551  97  98  0  0  0  0
326  5006  5005  2551  2552  0  0  0  0
555  7460  7459  5005  5006  0  0  0  0
784  9914  9913  7459  7460  0  0  0  0
98  2553  2552  98  99  0  0  0  0
327  5007  5006  2552  2553  0  0  0  0
556  7461  7460  5006  5007  0  0  0  0
785  9915  9914  7460  7461  0  0  0  0
99  2554  2553  99  100  0  0  0  0
328  5008  5007  2553  2554  0  0  0  0
557  7462  7461  5007  5008  0  0  0  0
786  9916  9915  7461  7462  0  0  0  0
100  2555  2554  100  101  0  0  0  0
329  5009  5008  2554  2555  0  0  0  0
558  7463  7462  5008  5009  0  0  0  0
787  9917  9916  7462  7463  0  0  0  0
101  2556  2555  101  102  0  0  0  0
330  5010  5009  2555  2556  0  0  0  0
559  7464  7463  5009  5010  0  0  0  0
788  9918  9917  7463  7464  0  0  0  0
102  2557  2556  102  103  0  0  0  0
331  5011  5010  2556  2557  0  0  0  0
560  7465  7464  5010  5011  0  0  0  0
789  9919  9918  7464  7465  0  0  0  0
103  2558  2557  103  104  0  0  0  0
332  5012  5011  2557  2558  0  0  0  0
561  7466  7465  5011  5012  0  0  0  0
790  9920  9919  7465  7466  0  0  0  0
104  2559  2558  104  105  0  0  0  0
333  5013  5012  2558  2559  0  0  0  0
562  7467  7466  5012  5013  0  0  0  0
791  9921  9920  7466  7467  0  0  0  0
105  2560  2559  105  106  0  0  0  0
334  5014  5013  2559  2560  0  0  0  0
563  7468  7467  5013  5014  0  0  0  0
792  9922  9921  7467  7468  0  0  0  0
106  2561  2560  106  107  0  0  0  0
335  5015  5014  2560  2561  0  0  0  0
564  7469  7468  5014  5015  0  0  0  0
793  9923  9922  7468  7469  0  0  0  0
107  2562  2561  107  108  0  0  0  0
336  5016  5015  2561  2562  0  0  0  0
565  7470  7469  5015  5016  0  0  0  0
794  9924  9923  7469  7470  0  0  0  0
108  2563  2562  108  109  0  0  0  0
337  5017  5016  2562  2563  0  0  0  0
566  7471  7470  5016  5017  0  0  0  0
795  9925  9924  7470  7471  0  0  0  0
109  2564  2563  109  110  0  0  0  0
338  5018  5017  2563  2564  0  0  0  0
567  7472  7471  5017  5018  0  0  0  0
796  9926  9925  7471  7472  0  0  0  0
110  2565  2564  110  111  0  0  0  0
339  5019  5018  2564  2565  0  0  0  0
568  7473  7472  5018  5019  0  0  0  0
797  9927  9926  7472  7473  0  0  0  0
111  2566  2565  111  112  0  0  0  0
340  5020  5019  2565  2566  0  0  0  0
569  7474  7473  5019  5020  0  0  0  0
798  9928  9927  7473  7474  0  0  0  0
112  2567  2566  112  113  0  0  0  0
341  5021  5020  2566  2567  0  0  0  0
570  7475  7474  5020  5021  0  0  0  0
799  9929  9928  7474  7475  0  0  0  0
113  2568  2567  113  114  0  0  0  0
342  5022  5021  2567  2568  0  0  0  0
571  7476  7475  5021  5022  0  0  0  0
800  9930  9929  7475  7476  0  0  0  0
114  2569  2568  114  115  0  0  0  0
343  5023  5022  2568  2569  0  0  0  0
572  7477  7476  5022  5023  0  0  0  0
801  9931  9930  7476  7477  0  0  0  0
115  2570  2569  115  116  0  0  0  0
344  5024  5023  2569  2570  0  0  0  0
573  7478  7477  5023  5024  0  0  0  0
802  9932  9931  7477  7478  0  0  0  0
116  2571  2570  116  117  0  0  0  0
345  5025  5024  2570  2571  0  0  0  0
574  7479  7478  5024  5025  0  0  0  0
803  9933  9932  7478  7479  0  0  0  0
117  2572  2571  117  118  0  0  0  0
346  5026  5025  2571  2572  0  0  0  0
575  7480  7479  5025  5026  0  0  0  0
804  9934  9933  7479  7480  0  0  0  0
118  2573  2572  118  119  0  0  0  0
347  5027  5026  2572  2573  0  0  0  0
576  7481  7480  5026  5027  0  0  0  0
805  9935  9934  7480  7481  0  0  0  0
119  2574  2573  119  120  0  0  0  0
348  5028  5027  2573  2574  0  0  0  0
577  7482  7481  5027  5028  0  0  0  0
806  9936  9935  7481  7482  0  0  0  0
120  2575  2574  120  121  0  0  0  0
349  5029  5028  2574  2575  0  0  0  0
578  7483  7482  5028  5029  0  0  0  0
807  9937  9936  7482  7483  0  0  0  0
121  2576  2575  121  122  0  0  0  0
350  5030  5029  2575  2576  0  0  0  0
579  7484  7483  5029  5030  0  0  0  0
808  9938  9937  7483  7484  0  0  0  0
122  2577  2576  122  123  0  0  0  0
351  5031  5030  2576  2577  0  0  0  0
580  7485  7484  5030  5031  0  0  0  0
809  9939  9938  7484  7485  0  0  0  0
123  2578  2577  123  124  0  0  0  0
352  5032  5031  2577  2578  0  0  0  0
581  7486  7485  5031  5032  0  0  0  0
810  9940  9939  7485  7486  0  0  0  0
124  2579  2578  124  125  0  0  0  0
353  5033  5032  2578  2579  0  0  0  0
582  7487  7486  5032  5033  0  0  0  0
811  9941  9940  7486  7487  0  0  0  0
125  2580  2579  125  126  0  0  0  0
354  5034  5033  2579  2580  0  0  0  0
583  7488  7487  5033  5034  0  0  0  0
812  9942  9941  7487  7488  0  0  0  0
126  2581  2580  126  127  0  0  0  0
355  5035  5034  2580  2581  0  0  0  0
584  7489  7488  5034  5035  0  0  0  0
813  9943  9942  7488  7489  0  0  0  0
127  2582  2581  127  128  0  0  0  0
356  5036  5035  2581  2582  0  0  0  0
585  7490  7489  5035  5036  0  0  0  0
814  9944  9943  7489  7490  0  0  0  0
128  2583  2582  128  129  0  0  0  0
357  5037  5036  2582  2583  0  0  0  0
586  7491  7490  5036  5037  0  0  0  0
815  9945  9944  7490  7491  0  0  0  0
129  2584  2583  129  130  0  0  0  0
358  5038  5037  2583  2584  0  0  0  0
587  7492  7491  5037  5038  0  0  0  0
816  9946  9945  7491  7492  0  0  0  0
130  2585  2584  130  131  0  0  0  0
359  5039  5038  2584  2585  0  0  0  0
588  7493  7492  5038  5039  0  0  0  0
817  9947  9946  7492  7493  0  0  0  0
131  2586  2585  131  132  0  0  0  0
360  5040  5039  2585  2586  0  0  0  0
589  7494  7493  5039  5040  0  0  0  0
818  9948  9947  7493  7494  0  0  0  0
132  2587  2586  132  133  0  0  0  0
361  5041  5040  2586  2587  0  0  0  0
590  7495  7494  5040  5041  0  0  0  0
819  9949  9948  7494  7495  0  0  0  0
133  2588  2587  133  134  0  0  0  0
362  5042  5041  2587  2588  0  0  0  0
591  7496  7495  5041  5042  0  0  0  0
820  9950  9949  7495  7496  0  0  0  0
134  2589  2588  134  135  0  0  0  0
363  5043  5042  2588  2589  0  0  0  0
592  7497  7496  5042  5043  0  0  0  0
821  9951  9950  7496  7497  0  0  0  0
135  2590  2589  135  136  0  0  0  0
364  5044  5043  2589  2590  0  0  0  0
593  7498  7497  5043  5044  0  0  0  0
822  9952  9951  7497  7498  0  0  0  0
136  2591  2590  136  137  0  0  0  0
365  5045  5044  2590  2591  0  0  0  0
594  7499  7498  5044  5045  0  0  0  0
823  9953  9952  7498  7499  0  0  0  0
137  2592  2591  137  138  0  0  0  0
366  5046  5045  2591  2592  0  0  0  0
595  7500  7499  5045  5046  0  0  0  0
824  9954  9953  7499  7500  0  0  0  0
138  2593  2592  138  139  0  0  0  0
367  5047  5046  2592  2593  0  0  0  0
596  7501  7500  5046  5047  0  0  0  0
825  9955  9954  7500  7501  0  0  0  0
139  2594  2593  139  140  0  0  0  0
368  5048  5047  2593  2594  0  0  0  0
597  7502  7501  5047  5048  0  0  0  0
826  9956  9955  7501  7502  0  0  0  0
140  2595  2594  140  141  0  0  0  0
369  5049  5048  2594  2595  0  0  0  0
598  7503  7502  5048  5049  0  0  0  0
827  9957  9956  7502  7503  0  0  0  0
141  2596  2595  141  142  0  0  0  0
370  5050  5049  2595  2596  0  0  0  0
599  7504  7503  5049  5050  0  0  0  0
828  9958  9957  7503  7504  0  0  0  0
142  2597  2596  142  143  0  0  0  0
371  5051  5050  2596  2597  0  0  0  0
600  7505  7504  5050  5051  0  0  0  0
829  9959  9958  7504  7505  0  0  0  0
143  2598  2597  143  144  0  0  0  0
372  5052  5051  2597  2598  0  0  0  0
601  7506  7505  5051  5052  0  0  0  0
830  9960  9959  7505  7506  0  0  0  0
144  2599  2598  144  145  0  0  0  0
373  5053  5052  2598  2599  0  0  0  0
602  7507  7506  5052  5053  0  0  0  0
831  9961  9960  7506  7507  0  0  0  0
145  2600  2599  145  146  0  0  0  0
374  5054  5053  2599  2600  0  0  0  0
603  7508  7507  5053  5054  0  0  0  0
832  9962  9961  7507  7508  0  0  0  0
146  2601  2600  146  147  0  0  0  0
375  5055  5054  2600  2601  0  0  0  0
604  7509  7508  5054  5055  0  0  0  0
833  9963  9962  7508  7509  0  0  0  0
147  2602  2601  147  148  0  0  0  0
376  5056  5055  2601  2602  0  0  0  0
605  7510  7509  5055  5056  0  0  0  0
834  9964  9963  7509  7510  0  0  0  0
148  2603  2602  148  149  0  0  0  0
377  5057  5056  2602  2603  0  0  0  0
606  7511  7510  5056  5057  0  0  0  0
835  9965  9964  7510  7511  0  0  0  0
149  2604  2603  149  150  0  0  0  0
378  5058  5057  2603  2604  0  0  0  0
607  7512  7511  5057  5058  0  0  0  0
836  9966  9965  7511  7512  0  0  0  0
150  2605  2604  150  151  0  0  0  0
379  5059  5058  2604  2605  0  0  0  0
608  7513  7512  5058  5059  0  0  0  0
837  9967  9966  7512  7513  0  0  0  0
151  2606  2605  151  152  0  0  0  0
380  5060  5059  2605  2606  0  0  0  0
609  7514  7513  5059  5060  0  0  0  0
838  9968  9967  7513  7514  0  0  0  0
152  2607  2606  152  153  0  0  0  0
381  5061  5060  2606  2607  0  0  0  0
610  7515  7514  5060  5061  0  0  0  0
839  9969  9968  7514  7515  0  0  0  0
153  2608  2607  153  154  0  0  0  0
382  5062  5061  2607  2608  0  0  0  0
611  7516  7515  5061  5062  0  0  0  0
840  9970  9969  7515  7516  0  0  0  0
154  2609  2608  154  155  0  0  0  0
383  5063  5062  2608  2609  0  0  0  0
612  7517  7516  5062  5063  0  0  0  0
841  9971  9970  7516  7517  0  0  0  0
155  2610  2609  155  156  0  0  0  0
384  5064  5063  2609  2610  0  0  0  0
613  7518  7517  5063  5064  0  0  0  0
842  9972  9971  7517  7518  0  0  0  0
156  2611  2610  156  157  0  0  0  0
385  5065  5064  2610  2611  0  0  0  0
614  7519  7518  5064  5065  0  0  0  0
843  9973  9972  7518  7519  0  0  0  0
157  2612  2611  157  158  0  0  0  0
386  5066  5065  2611  2612  0  0  0  0
615  7520  7519  5065  5066  0  0  0  0
844  9974  9973  7519  7520  0  0  0  0
158  2613  2612  158  159  0  0  0  0
387  5067  5066  2612  2613  0  0  0  0
616  7521  7520  5066  5067  0  0  0  0
845  9975  9974  7520  7521  0  0  0  0
159  2614  2613  159  160  0  0  0  0
388  5068  5067  2613  2614  0  0  0  0
617  7522  7521  5067  5068  0  0  0  0
846  9976  9975  7521  7522  0  0  0  0
160  2615  2614  160  161  0  0  0  0
389  5069  5068  2614  2615  0  0  0  0
618  7523  7522  5068  5069  0  0  0  0
847  9977  9976  7522  7523  0  0  0  0
161  2616  2615  161  162  0  0  0  0
390  5070  5069  2615  2616  0  0  0  0
619  7524  7523  5069  5070  0  0  0  0
848  9978  9977  7523  7524  0  0  0  0
162  2617  2616  162  163  0  0  0  0
391  5071  5070  2616  2617  0  0  0  0
620  7525  7524  5070  5071  0  0  0  0
849  9979  9978  7524  7525  0  0  0  0
163  2618  2617  163  164  0  0  0  0
392  5072  5071  2617  2618  0  0  0  0
621  7526  7525  5071  5072  0  0  0  0
850  9980  9979  7525  7526  0  0  0  0
164  2619  2618  164  165  0  0  0  0
393  5073  5072  2618  2619  0  0  0  0
622  7527  7526  5072  5073  0  0  0  0
851  9981  9980  7526  7527  0  0  0  0
165  2620  2619  165  166  0  0  0  0
394  5074  5073  2619  2620  0  0  0  0
623  7528  7527  5073  5074  0  0  0  0
852  9982  9981  7527  7528  0  0  0  0
166  2621  2620  166  167  0  0  0  0
395  5075  5074  2620  2621  0  0  0  0
624  7529  7528  5074  5075  0  0  0  0
853  9983  9982  7528  7529  0  0  0  0
167  2622  2621  167  168  0  0  0  0
396  5076  5075  2621  2622  0  0  0  0
625  7530  7529  5075  5076  0  0  0  0
854  9984  9983  7529  7530  0  0  0  0
168  2623  2622  168  169  0  0  0  0
397  5077  5076  2622  2623  0  0  0  0
626  7531  7530  5076  5077  0  0  0  0
855  9985  9984  7530  7531  0  0  0  0
169  2624  2623  169  170  0  0  0  0
398  5078  5077  2623  2624  0  0  0  0
627  7532  7531  5077  5078  0  0  0  0
856  9986  9985  7531  7532  0  0  0  0
170  2625  2624  170  171  0  0  0  0
399  5079  5078  2624  2625  0  0  0  0
628  7533  7532  5078  5079  0  0  0  0
857  9987  9986  7532  7533  0  0  0  0
171  2626  2625  171  172  0  0  0  0
400  5080  5079  2625  2626  0  0  0  0
629  7534  7533  5079  5080  0  0  0  0
858  9988  9987  7533  7534  0  0  0  0
172  2627  2626  172  173  0  0  0  0
401  5081  5080  2626  2627  0  0  0  0
630  7535  7534  5080  5081  0  0  0  0
859  9989  9988  7534  7535  0  0  0  0
173  2628  2627  173  174  0  0  0  0
402  5082  5081  2627  2628  0  0  0  0
631  7536  7535  5081  5082  0  0  0  0
860  9990  9989  7535  7536  0  0  0  0
174  2629  2628  174  175  0  0  0  0
403  5083  5082  2628  2629  0  0  0  0
632  7537  7536  5082  5083  0  0  0  0
861  9991  9990  7536  7537  0  0  0  0
175  2630  2629  175  176  0  0  0  0
404  5084  5083  2629  2630  0  0  0  0
633  7538  7537  5083  5084  0  0  0  0
862  9992  9991  7537  7538  0  0  0  0
176  2631  2630  176  177  0  0  0  0
405  5085  5084  2630  2631  0  0  0  0
634  7539  7538  5084  5085  0  0  0  0
863  9993  9992  7538  7539  0  0  0  0
177  2632  2631  177  178  0  0  0  0
406  5086  5085  2631  2632  0  0  0  0
635  7540  7539  5085  5086  0  0  0  0
864  9994  9993  7539  7540  0  0  0  0
178  2633  2632  178  179  0  0  0  0
407  5087  5086  2632  2633  0  0  0  0
636  7541  7540  5086  5087  0  0  0  0
865  9995  9994  7540  7541  0  0  0  0
179  2634  2633  179  180  0  0  0  0
408  5088  5087  2633  2634  0  0  0  0
637  7542  7541  5087  5088  0  0  0  0
866  9996  9995  7541  7542  0  0  0  0
180  2635  2634  180  181  0  0  0  0
409  5089  5088  2634  2635  0  0  0  0
638  7543  7542  5088  5089  0  0  0  0
867  9997  9996  7542  7543  0  0  0  0
181  2636  2635  181  182  0  0  0  0
410  5090  5089  2635  2636  0  0  0  0
639  7544  7543  5089  5090  0  0  0  0
868  9998  9997  7543  7544  0  0  0  0
182  2637  2636  182  183  0  0  0  0
411  5091  5090  2636  2637  0  0  0  0
640  7545  7544  5090  5091  0  0  0  0
869  9999  9998  7544  7545  0  0  0  0
183  2638  2637  183  184  0  0  0  0
412  5092  5091  2637  2638  0  0  0  0
641  7546  7545  5091  5092  0  0  0  0
870  10000  9999  7545  7546  0  0  0  0
184  2639  2638  184  185  0  0  0  0
413  5093  5092  2638  2639  0  0  0  0
642  7547  7546  5092  5093  0  0  0  0
871  10001  10000  7546  7547  0  0  0  0
185  2640  2639  185  186  0  0  0  0
414  5094  5093  2639  2640  0  0  0  0
643  7548  7547  5093  5094  0  0  0  0
872  10002  10001  7547  7548  0  0  0  0
186  2641  2640  186  187  0  0  0  0
415  5095  5094  2640  2641  0  0  0  0
644  7549  7548  5094  5095  0  0  0  0
873  10003  10002  7548  7549  0  0  0  0
187  2642  2641  187  188  0  0  0  0
416  5096  5095  2641  2642  0  0  0  0
645  7550  7549  5095  5096  0  0  0  0
874  10004  10003  7549  7550  0  0  0  0
188  2643  2642  188  189  0  0  0  0
417  5097  5096  2642  2643  0  0  0  0
646  7551  7550  5096  5097  0  0  0  0
875  10005  10004  7550  7551  0  0  0  0
189  2644  2643  189  190  0  0  0  0
418  5098  5097  2643  2644  0  0  0  0
647  7552  7551  5097  5098  0  0  0  0
876  10006  10005  7551  7552  0  0  0  0
190  2645  2644  190  191  0  0  0  0
419  5099  5098  2644  2645  0  0  0  0
648  7553  7552  5098  5099  0  0  0  0
877  10007  10006  7552  7553  0  0  0  0
191  2646  2645  191  192  0  0  0  0
420  5100  5099  2645  2646  0  0  0  0
649  7554  7553  5099  5100  0  0  0  0
878  10008  10007  7553  7554  0  0  0  0
192  2647  2646  192  193  0  0  0  0
421  5101  5100  2646  2647  0  0  0  0
650  7555  7554  5100  5101  0  0  0  0
879  10009  10008  7554  7555  0  0  0  0
193  2648  2647  193  194  0  0  0  0
422  5102  5101  2647  2648  0  0  0  0
651  7556  7555  5101  5102  0  0  0  0
880  10010  10009  7555  7556  0  0  0  0
194  2649  2648  194  195  0  0  0  0
423  5103  5102  2648  2649  0  0  0  0
652  7557  7556  5102  5103  0  0  0  0
881  10011  10010  7556  7557  0  0  0  0
195  2650  2649  195  196  0  0  0  0
424  5104  5103  2649  2650  0  0  0  0
653  7558  7557  5103  5104  0  0  0  0
882  10012  10011  7557  7558  0  0  0  0
196  2651  2650  196  197  0  0  0  0
425  5105  5104  2650  2651  0  0  0  0
654  7559  7558  5104  5105  0  0  0  0
883  10013  10012  7558  7559  0  0  0  0
197  2455  2651  197  1  0  0  0  0
426  4909  5105  2651  2455  0  0  0  0
655  7363  7559  5105  4909  0  0  0  0
884  9817  10013  7559  7363  0  0  0  0
198  2652  2602  148  198  0  0  0  0
427  5106  5056  2602  2652  0  0  0  0
656  7560  7510  5056  5106  0  0  0  0
885  10014  9964  7510  7560  0  0  0  0
199  2653  2652  198  199  0  0  0  0
428  5107  5106  2652  2653  0  0  0  0
657  7561  7560  5106  5107  0  0  0  0
886  10015  10014  7560  7561  0  0  0  0
200  2654  2653  199  200  0  0  0  0
429  5108  5107  2653  2654  0  0  0  0
658  7562  7561  5107  5108  0  0  0  0
887  10016  10015  7561  7562  0  0  0  0
201  2655  2654  200  201  0  0  0  0
430  5109  5108  2654  2655  0  0  0  0
659  7563  7562  5108  5109  0  0  0  0
888  10017  10016  7562  7563  0  0  0  0
202  2656  2655  201  202  0  0  0  0
431  5110  5109  2655  2656  0  0  0  0
660  7564  7563  5109  5110  0  0  0  0
889  10018  10017  7563  7564  0  0  0  0
203  2657  2656  202  203  0  0  0  0
432  5111  5110  2656  2657  0  0  0  0
661  7565  7564  5110  5111  0  0  0  0
890  10019  10018  7564  7565  0  0  0  0
204  2658  2657  203  204  0  0  0  0
433  5112  5111  2657  2658  0  0  0  0
662  7566  7565  5111  5112  0  0  0  0
891  10020  10019  7565  7566  0  0  0  0
205  2659  2658  204  205  0  0  0  0
434  5113  5112  2658  2659  0  0  0  0
663  7567  7566  5112  5113  0  0  0  0
892  10021  10020  7566  7567  0  0  0  0
206  2660  2659  205  206  0  0  0  0
435  5114  5113  2659  2660  0  0  0  0
664  7568  7567  5113  5114  0  0  0  0
893  10022  10021  7567  7568  0  0  0  0
207  2661  2660  206  207  0  0  0  0
436  5115  5114  2660  2661  0  0  0  0
665  7569  7568  5114  5115  0  0  0  0
894  10023  10022  7568  7569  0  0  0  0
208  2662  2661  207  208  0  0  0  0
437  5116  5115  2661  2662  0  0  0  0
666  7570  7569  5115  5116  0  0  0  0
895  10024  10023  7569  7570  0  0  0  0
209  2663  2662  208  209  0  0  0  0
438  5117  5116  2662  2663  0  0  0  0
667  7571  7570  5116  5117  0  0  0  0
896  10025  10024  7570  7571  0  0  0  0
210  2664  2663  209  210  0  0  0  0
439  5118  5117  2663  2664  0  0  0  0
668  7572  7571  5117  5118  0  0  0  0
897  10026  10025  7571  7572  0  0  0  0
211  2665  2664  210  211  0  0  0  0
440  5119  5118  2664  2665  0  0  0  0
669  7573  7572  5118  5119  0  0  0  0
898  10027  10026  7572  7573  0  0  0  0
212  2666  2665  211  212  0  0  0  0
441  5120  5119  2665  2666  0  0  0  0
670  7574  7573  5119  5120  0  0  0  0
899  10028  10027  7573  7574  0  0  0  0
213  2505  2666  212  51  0  0  0  0
442  4959  5120  2666  2505  0  0  0  0
671  7413  7574  5120  4959  0  0  0  0
900  9867  10028  7574  7413  0  0  0  0
214  2667  2576  122  213  0  0  0  0
443  5121  5030  2576  2667  0  0  0  0
672  7575  7484  5030  5121  0  0  0  0
901  10029  9938  7484  7575  0  0  0  0
215  2668  2667  213  214  0  0  0  0
444  5122  5121  2667  2668  0  0  0  0
673  7576  7575  5121  5122  0  0  0  0
902  10030  10029  7575  7576  0  0  0  0
216  2669  2668  214  215  0  0  0  0
445  5123  5122  2668  2669  0  0  0  0
674  7577  7576  5122  5123  0  0  0  0
903  10031  10030  7576  7577  0  0  0  0
217  2670  2669  215  216  0  0  0  0
446  5124  5123  2669  2670  0  0  0  0
675  7578  7577  5123  5124  0  0  0  0
904  10032  10031  7577  7578  0  0  0  0
218  2671  2670  216  217  0  0  0  0
447  5125  5124  2670  2671  0  0  0  0
676  7579  7578  5124  5125  0  0  0  0
905  10033  10032  7578  7579  0  0  0  0
219  2672  2671  217  218  0  0  0  0
448  5126  5125  2671  2672  0  0  0  0
677  7580  7579  5125  5126  0  0  0  0
906  10034  10033  7579  7580  0  0  0  0
220  2673  2672  218  219  0  0  0  0
449  5127  5126  2672  2673  0  0  0  0
678  7581  7580  5126  5127  0  0  0  0
907  10035  10034  7580  7581  0  0  0  0
221  2674  2673  219  220  0  0  0  0
450  5128  5127  2673  2674  0  0  0  0
679  7582  7581  5127  5128  0  0  0  0
908  10036  10035  7581  7582  0  0  0  0
222  2675  2674  220  221  0  0  0  0
451  5129  5128  2674  2675  0  0  0  0
680  7583  7582  5128  5129  0  0  0  0
909  10037  10036  7582  7583  0  0  0  0
223  2676  2675  221  222  0  0  0  0
452  5130  5129  2675  2676  0  0  0  0
681  7584  7583  5129  5130  0  0  0  0
910  10038  10037  7583  7584  0  0  0  0
224  2677  2676  222  223  0  0  0  0
453  5131  5130  2676  2677  0  0  0  0
682  7585  7584  5130  5131  0  0  0  0
911  10039  10038  7584  7585  0  0  0  0
225  2678  2677  223  224  0  0  0  0
454  5132  5131  2677  2678  0  0  0  0
683  7586  7585  5131  5132  0  0  0  0
912  10040  10039  7585  7586  0  0  0  0
226  2679  2678  224  225  0  0  0  0
455  5133  5132  2678  2679  0  0  0  0
684  7587  7586  5132  5133  0  0  0  0
913  10041  10040  7586  7587  0  0  0  0
227  2680  2679  225  226  0  0  0  0
456  5134  5133  2679  2680  0  0  0  0
685  7588  7587  5133  5134  0  0  0  0
914  10042  10041  7587  7588  0  0  0  0
228  2681  2680  226  227  0  0  0  0
457  5135  5134  2680  2681  0  0  0  0
686  7589  7588  5134  5135  0  0  0  0
915  10043  10042  7588  7589  0  0  0  0
229  2531  2681  227  77  0  0  0  0
458  4985  5135  2681  2531  0  0  0  0
687  7439  7589  5135  4985  0  0  0  0
916  9893  10043  7589  7439  0  0  0  0
